/*--------------------------------*- C++ -*----------------------------------*\
| =========                 |                                                 |
| \\      /  F ield         | OpenFOAM: The Open Source CFD Toolbox           |
|  \\    /   O peration     | Version:  v2012                                 |
|   \\  /    A nd           | Website:  www.openfoam.com                      |
|    \\/     M anipulation  |                                                 |
\*---------------------------------------------------------------------------*/
FoamFile
{
    version     2.0;
    format      ascii;
    class       volScalarField;
    location    "51";
    object      p;
}
// * * * * * * * * * * * * * * * * * * * * * * * * * * * * * * * * * * * * * //

dimensions      [0 2 -2 0 0 0 0];


internalField   nonuniform List<scalar> 
8800
(
0.855142
0.80709
0.768712
0.740068
0.719439
0.70468
0.694069
0.686555
0.681704
0.679625
0.680892
0.685096
0.691766
0.701105
0.713861
0.73145
0.755895
0.789508
0.831955
0.88908
0.687676
0.694881
0.703318
0.706732
0.704813
0.699284
0.692564
0.686391
0.681621
0.67875
0.678459
0.68097
0.685483
0.691482
0.698394
0.705015
0.709148
0.708636
0.702574
0.693597
0.664388
0.670564
0.67476
0.678117
0.680612
0.681402
0.680284
0.678125
0.676073
0.675147
0.676103
0.678497
0.681329
0.683547
0.684081
0.682552
0.679705
0.676068
0.671534
0.66775
0.659259
0.661959
0.664676
0.666982
0.668622
0.669939
0.670836
0.671025
0.670744
0.670689
0.671429
0.67258
0.673368
0.673305
0.672509
0.671314
0.669565
0.667065
0.66464
0.663109
0.654074
0.655495
0.657291
0.65934
0.661085
0.662381
0.663394
0.66425
0.664907
0.665483
0.666114
0.66656
0.666585
0.666229
0.665531
0.664326
0.662628
0.660747
0.659424
0.658601
0.649076
0.649989
0.651221
0.652796
0.65444
0.655953
0.65721
0.658268
0.659242
0.660139
0.660806
0.661095
0.661023
0.660582
0.659706
0.658486
0.657132
0.655863
0.65504
0.654496
0.64422
0.644884
0.645838
0.64713
0.648535
0.649995
0.651426
0.652727
0.653906
0.654996
0.655796
0.656143
0.656046
0.655523
0.654692
0.653722
0.6527
0.651772
0.651185
0.650785
0.639481
0.639994
0.640769
0.641888
0.643153
0.644518
0.645955
0.647412
0.648816
0.650124
0.651104
0.651551
0.6515
0.651085
0.650457
0.649715
0.648931
0.648238
0.647803
0.64749
0.634797
0.635205
0.635853
0.636848
0.638039
0.639351
0.640779
0.642316
0.643912
0.645478
0.646686
0.647305
0.64743
0.647226
0.646816
0.646279
0.645691
0.645187
0.644861
0.644607
0.630086
0.630418
0.630978
0.631892
0.633034
0.634327
0.635785
0.637411
0.639185
0.641027
0.642535
0.643428
0.643814
0.643851
0.643659
0.643334
0.642931
0.642582
0.64234
0.642128
0.625263
0.625539
0.626038
0.626905
0.628026
0.629341
0.630866
0.632622
0.634612
0.636769
0.638656
0.639908
0.640608
0.640916
0.640961
0.640846
0.640627
0.640413
0.640237
0.640054
0.620244
0.620475
0.620935
0.621785
0.622926
0.624304
0.625939
0.627878
0.630145
0.632695
0.635047
0.636731
0.637797
0.638415
0.638721
0.638824
0.638784
0.638692
0.638571
0.63841
0.61494
0.615137
0.615577
0.61644
0.617641
0.619128
0.620927
0.623118
0.625743
0.62879
0.631707
0.633901
0.635391
0.636359
0.636955
0.637283
0.637437
0.63746
0.637385
0.637238
0.609257
0.609425
0.609862
0.610767
0.612071
0.613716
0.615748
0.618268
0.621353
0.62502
0.628623
0.631423
0.63341
0.634779
0.635704
0.636303
0.636644
0.636774
0.636737
0.636601
0.603081
0.603225
0.603675
0.604651
0.606104
0.607968
0.610306
0.61325
0.616914
0.621345
0.625781
0.629308
0.631884
0.633723
0.635019
0.63591
0.636464
0.636706
0.636707
0.636576
0.596282
0.596401
0.596878
0.597957
0.59961
0.601761
0.604492
0.607971
0.612354
0.617719
0.623167
0.627571
0.63085
0.633245
0.634978
0.6362
0.636992
0.637351
0.637386
0.637258
0.588691
0.588786
0.589304
0.590521
0.592431
0.594948
0.598184
0.602344
0.607623
0.614135
0.620806
0.626259
0.630368
0.633416
0.635671
0.637283
0.638336
0.638818
0.638885
0.638756
0.580081
0.580181
0.580751
0.582124
0.584362
0.587354
0.591236
0.596255
0.602656
0.610581
0.618727
0.625421
0.630507
0.634322
0.637195
0.639259
0.640613
0.641225
0.641325
0.64119
0.57016
0.570241
0.5709
0.572495
0.575161
0.578766
0.583465
0.589566
0.597362
0.607017
0.616937
0.625105
0.631347
0.636067
0.639655
0.642255
0.643947
0.644701
0.644831
0.644688
0.558563
0.558626
0.559383
0.561293
0.56451
0.568897
0.57464
0.582109
0.591643
0.603413
0.615463
0.625373
0.63297
0.638757
0.643173
0.6464
0.648473
0.649376
0.649533
0.649379
0.54476
0.544811
0.545712
0.54803
0.551974
0.557393
0.564502
0.573738
0.585463
0.599814
0.614395
0.626336
0.63549
0.642504
0.647889
0.651827
0.654314
0.655369
0.655548
0.655378
0.527991
0.528031
0.529145
0.532042
0.536982
0.543799
0.552732
0.564274
0.578773
0.596277
0.613821
0.628089
0.639016
0.647425
0.653899
0.658642
0.661569
0.662767
0.662959
0.66277
0.507133
0.507171
0.508623
0.512384
0.518758
0.527544
0.538977
0.553559
0.571542
0.592827
0.613814
0.630718
0.643639
0.653613
0.661286
0.666916
0.670288
0.671609
0.671799
0.671588
0.480452
0.480508
0.482542
0.487702
0.49629
0.507974
0.522934
0.541573
0.56394
0.589722
0.614601
0.634383
0.649458
0.661134
0.670121
0.676672
0.680451
0.681848
0.682015
0.681779
0.444933
0.44509
0.448321
0.456069
0.46841
0.484535
0.504536
0.528508
0.55624
0.587205
0.616369
0.639227
0.656566
0.67002
0.680401
0.68784
0.691928
0.693322
0.693435
0.693175
0.39483
0.395802
0.402246
0.415315
0.434181
0.457161
0.484098
0.51479
0.548835
0.585571
0.619288
0.645326
0.664966
0.680217
0.691989
0.7002
0.70443
0.705714
0.705745
0.705462
0.321436
0.328662
0.343536
0.36648
0.395095
0.427254
0.462677
0.501129
0.542215
0.585258
0.623894
0.653379
0.675558
0.692821
0.706069
0.715
0.719317
0.720492
0.720472
0.720224
0.242652
0.259302
0.283414
0.316999
0.355815
0.397312
0.441307
0.487738
0.5363
0.586399
0.630977
0.664877
0.690341
0.710098
0.72525
0.734873
0.739063
0.740033
0.74004
0.739898
0.176379
0.19618
0.22805
0.270684
0.318536
0.368842
0.421176
0.475457
0.531368
0.588328
0.638575
0.676591
0.705098
0.727117
0.743603
0.753551
0.757565
0.758457
0.758548
0.758474
0.12206
0.143721
0.181058
0.230126
0.28508
0.34281
0.402538
0.464037
0.526862
0.590357
0.64598
0.687852
0.719102
0.743068
0.760805
0.771321
0.775714
0.776684
0.776773
0.77674
0.0768841
0.0997883
0.140909
0.195076
0.255728
0.319579
0.385635
0.453539
0.522694
0.592301
0.653001
0.698496
0.732344
0.758196
0.777256
0.788637
0.793396
0.794383
0.794517
0.794519
0.0384317
0.0620605
0.106041
0.164271
0.229721
0.298785
0.370329
0.443919
0.518823
0.594093
0.659548
0.708451
0.744737
0.772437
0.792685
0.804895
0.810084
0.811228
0.811398
0.811421
0.00469943
0.0288194
0.0750975
0.136651
0.206165
0.279766
0.356176
0.434884
0.51505
0.595582
0.665492
0.717577
0.756123
0.785409
0.806723
0.819634
0.82523
0.826634
0.826867
0.826899
-0.0257798
-0.00122984
0.0469318
0.111331
0.184347
0.26192
0.342698
0.426074
0.511116
0.596591
0.67071
0.725778
0.766374
0.797018
0.819265
0.832725
0.838651
0.840284
0.840553
0.84058
-0.053951
-0.0290062
0.0207973
0.0876143
0.163718
0.244812
0.329519
0.417174
0.506774
0.596945
0.67511
0.733023
0.77551
0.807417
0.830383
0.844222
0.850401
0.852197
0.852483
0.852493
-0.0805858
-0.0552068
-0.00386389
0.0650143
0.143878
0.228111
0.316367
0.407956
0.501833
0.596515
0.678647
0.739347
0.783649
0.816728
0.840254
0.854337
0.860676
0.862559
0.862827
0.862808
-0.106043
-0.0802109
-0.0277306
0.0432326
0.124537
0.211585
0.303057
0.398269
0.49617
0.59522
0.681289
0.74479
0.790913
0.825075
0.849098
0.86329
0.869667
0.871553
0.871824
0.871774
-0.130725
-0.104298
-0.0507835
0.0220356
0.105506
0.19508
0.289474
0.388019
0.489699
0.592978
0.683004
0.749404
0.797423
0.832671
0.85708
0.871314
0.877675
0.879559
0.879806
0.879736
-0.154761
-0.127893
-0.073173
0.001266
0.0866759
0.178516
0.275551
0.377156
0.48237
0.589741
0.683771
0.753237
0.803305
0.839668
0.864409
0.878624
0.884919
0.886732
0.886914
0.886808
-0.178273
-0.150833
-0.0950538
-0.0191557
0.0679997
0.161865
0.261272
0.36566
0.474163
0.585468
0.683549
0.756312
0.808644
0.846189
0.871232
0.88536
0.891472
0.893151
0.89326
0.893114
-0.201355
-0.173302
-0.116501
-0.0392516
0.0494585
0.145133
0.246659
0.35356
0.465084
0.580129
0.682292
0.758614
0.813504
0.852367
0.877685
0.891596
0.897394
0.89886
0.898887
0.898716
-0.224022
-0.195274
-0.137511
-0.0590143
0.0310894
0.128353
0.231763
0.340904
0.455167
0.573709
0.679946
0.76009
0.817898
0.858343
0.883966
0.897474
0.902755
0.903925
0.903869
0.903683
-0.246111
-0.216708
-0.158018
-0.0784135
0.0129299
0.111594
0.216646
0.327768
0.444474
0.566237
0.676452
0.760642
0.82178
0.864259
0.890377
0.90326
0.907677
0.908395
0.908244
0.90806
-0.26759
-0.237568
-0.178007
-0.0973945
-0.00496082
0.0949179
0.201403
0.314233
0.433088
0.557747
0.671766
0.76014
0.825037
0.870174
0.897294
0.90946
0.912483
0.912356
0.912044
0.911904
-0.288528
-0.257812
-0.197447
-0.115921
-0.0225179
0.0784103
0.186123
0.300405
0.421102
0.548307
0.665847
0.758442
0.827466
0.875966
0.905024
0.916942
0.918115
0.916242
0.91537
0.915455
-0.308745
-0.277421
-0.216277
-0.133927
-0.0396808
0.0621566
0.170904
0.286396
0.408636
0.538021
0.658685
0.755387
0.828793
0.881251
0.913456
0.926653
0.926639
0.922174
0.919127
0.91845
-0.328331
-0.29639
-0.234508
-0.151441
-0.0564824
0.0461143
0.155691
0.272148
0.39562
0.526815
0.650141
0.750703
0.828712
0.885466
0.921822
0.938713
0.940297
0.934406
0.925174
0.915867
-0.34721
-0.314701
-0.252267
-0.16866
-0.0732143
0.0299481
0.140066
0.257174
0.381511
0.514049
0.639558
0.743588
0.826634
0.8878
0.928202
0.950468
0.954693
0.943908
0.924
0.917272
-0.365202
-0.332361
-0.269373
-0.185378
-0.089571
0.0139868
0.124251
0.241803
0.366621
0.499987
0.627033
0.733558
0.821863
0.88714
0.928203
0.950382
0.957915
0.934133
0.868186
0.83917
-0.381832
-0.350608
-0.285436
-0.201051
-0.104768
-0.00124961
0.108552
0.22629
0.351199
0.484782
0.612566
0.720285
0.813247
0.882836
0.917295
0.933395
0.924972
0.872058
0.804002
0.762761
-0.432476
-0.36767
-0.300106
-0.216554
-0.120108
-0.0170298
0.0929959
0.210413
0.334934
0.468024
0.595613
0.7033
0.797051
0.873065
0.886346
0.885001
0.838835
0.771129
0.695698
0.654084
-0.399191
-0.382142
-0.322081
-0.238053
-0.143048
-0.0401356
0.0690003
0.185726
0.309201
0.44074
0.56625
0.67189
0.756729
0.837817
0.827599
0.717849
0.617295
0.54645
0.475022
0.50743
-0.431129
-0.400564
-0.339151
-0.255933
-0.160824
-0.058107
0.0512305
0.16731
0.289726
0.419491
0.542225
0.64381
0.719701
0.763079
0.717037
0.572224
0.449584
0.361499
0.265844
0.316718
-0.455396
-0.4224
-0.359179
-0.275778
-0.180608
-0.0779537
0.0313004
0.14656
0.267591
0.394981
0.513974
0.609487
0.676088
0.684484
0.581332
0.414793
0.268648
0.154283
0.0286593
0.0641874
-0.479212
-0.444796
-0.380229
-0.295965
-0.200653
-0.0981159
0.0106538
0.124963
0.244413
0.369046
0.483405
0.571532
0.622674
0.600384
0.445298
0.255779
0.0748225
-0.0857592
-0.267439
-0.276584
-0.502538
-0.467635
-0.402126
-0.317111
-0.221579
-0.119221
-0.0110637
0.102175
0.219794
0.341299
0.450343
0.531121
0.563179
0.505059
0.316056
0.110656
-0.0959682
-0.271038
-0.514248
-0.774629
-0.526207
-0.491243
-0.425176
-0.339637
-0.243863
-0.141623
-0.0340031
0.0781415
0.193836
0.311985
0.415421
0.487976
0.499445
0.390952
0.202967
-0.00456697
-0.20459
-0.365665
-0.441076
-0.547173
-0.551191
-0.516099
-0.449717
-0.363887
-0.268013
-0.165977
-0.0589814
0.0519063
0.165364
0.279647
0.377081
0.438863
0.426053
0.283472
0.101614
-0.08942
-0.25355
-0.342794
-0.365427
-0.381623
-0.577764
-0.542519
-0.475919
-0.389956
-0.294164
-0.192496
-0.0863579
0.0229781
0.133782
0.243546
0.334515
0.382251
0.351942
0.183178
0.00931923
-0.157104
-0.282339
-0.319897
-0.331699
-0.332896
-0.606144
-0.570671
-0.50384
-0.417837
-0.322262
-0.221183
-0.11615
-0.00869157
0.099021
0.203661
0.287288
0.320643
0.269548
0.0908294
-0.0741501
-0.221535
-0.295634
-0.312986
-0.313871
-0.31362
-0.636395
-0.600615
-0.533498
-0.447527
-0.352321
-0.252023
-0.148359
-0.0431166
0.0610899
0.160045
0.235321
0.256629
0.170629
0.00632911
-0.150375
-0.269759
-0.306496
-0.303806
-0.30306
-0.302443
-0.668222
-0.632186
-0.564793
-0.478936
-0.38425
-0.284958
-0.182951
-0.0802698
0.0200279
0.11278
0.179452
0.183777
0.0801673
-0.0725442
-0.210535
-0.282212
-0.29318
-0.296275
-0.296848
-0.296498
-0.701072
-0.664899
-0.59748
-0.511831
-0.417856
-0.319825
-0.219765
-0.120018
-0.0239731
0.0621931
0.12011
0.109211
-0.00293591
-0.139825
-0.251938
-0.290049
-0.293237
-0.293522
-0.29336
-0.293103
-0.73447
-0.698177
-0.631112
-0.545805
-0.452792
-0.356293
-0.258509
-0.162068
-0.0706277
0.00898319
0.0560947
0.0363446
-0.0812129
-0.194445
-0.280394
-0.288925
-0.289416
-0.29019
-0.290569
-0.290549
-0.767537
-0.731324
-0.664735
-0.580282
-0.488501
-0.393878
-0.298714
-0.205917
-0.119482
-0.0461682
-0.00954858
-0.0339298
-0.154615
-0.237996
-0.280031
-0.294816
-0.292753
-0.290705
-0.290034
-0.289911
-0.798656
-0.76322
-0.697408
-0.614298
-0.524201
-0.431862
-0.339704
-0.250824
-0.169727
-0.102635
-0.070414
-0.112099
-0.2243
-0.290332
-0.283338
-0.2969
-0.298632
-0.295728
-0.294091
-0.293202
-0.826229
-0.791896
-0.728046
-0.64664
-0.558827
-0.46929
-0.380587
-0.295862
-0.220119
-0.159404
-0.129159
-0.185199
-0.295961
-0.364143
-0.356953
-0.338536
-0.319529
-0.3085
-0.304629
-0.303143
-0.848129
-0.815532
-0.754523
-0.675915
-0.591099
-0.504972
-0.420237
-0.339937
-0.269282
-0.214874
-0.188804
-0.242403
-0.354599
-0.485818
-0.495237
-0.410688
-0.359815
-0.337328
-0.32946
-0.325746
-0.862119
-0.832245
-0.774894
-0.700224
-0.61948
-0.537584
-0.457376
-0.381797
-0.315894
-0.266703
-0.242397
-0.278078
-0.356104
-0.504856
-0.471464
-0.42543
-0.407907
-0.395455
-0.384667
-0.381364
-0.865514
-0.839694
-0.78726
-0.717718
-0.64224
-0.565689
-0.490649
-0.420164
-0.358656
-0.312758
-0.281296
-0.277517
-0.246674
-0.327422
-0.337904
-0.356389
-0.374812
-0.378431
-0.37962
-0.380385
-0.856239
-0.835332
-0.789423
-0.726772
-0.657901
-0.587783
-0.518751
-0.45368
-0.396387
-0.353169
-0.308994
-0.254258
-0.0946974
0.146732
-0.0482701
-0.263903
-0.351275
-0.373446
-0.380889
-0.383284
-0.831927
-0.816152
-0.779548
-0.726169
-0.665474
-0.602789
-0.540446
-0.481115
-0.42865
-0.388363
-0.337144
-0.297171
-0.177488
-0.0694103
-0.217138
-0.362126
-0.430793
-0.457245
-0.468354
-0.472803
-0.795129
-0.784893
-0.758291
-0.71601
-0.664865
-0.61038
-0.555039
-0.501352
-0.454313
-0.419216
-0.401177
-0.493604
-0.731426
-0.939698
-0.894445
-0.767768
-0.710285
-0.689077
-0.68023
-0.67845
-0.752394
-0.746584
-0.730368
-0.698964
-0.657825
-0.611173
-0.562223
-0.513688
-0.469834
-0.442
-0.432286
-0.633495
-0.92219
-1.12902
-1.01284
-0.963257
-0.910117
-0.851786
-0.79329
-0.794608
-0.713226
-0.709818
-0.701842
-0.680382
-0.647192
-0.606818
-0.562803
-0.516685
-0.473179
-0.440082
-0.4342
-0.519243
-0.725613
-1.07067
-1.39147
-1.51031
-1.47256
-1.29397
-1.11849
-1.02605
-0.684642
-0.682571
-0.678643
-0.664694
-0.637384
-0.600474
-0.558245
-0.511676
-0.462838
-0.417641
-0.404681
-0.424647
-0.464252
-0.476624
-0.421632
-0.360427
-0.348319
-0.295874
-0.225897
-0.191591
-0.662571
-0.661831
-0.660696
-0.653404
-0.631163
-0.595634
-0.551763
-0.501559
-0.446283
-0.39026
-0.343237
-0.307345
-0.160574
0.0936722
0.318889
0.482152
0.581697
0.655474
0.700238
0.718389
-0.649019
-0.648636
-0.648148
-0.644961
-0.627907
-0.592565
-0.544617
-0.488314
-0.424408
-0.348379
-0.266463
-0.160645
0.0479683
0.383041
0.715412
0.999291
1.19523
1.30853
1.36849
1.38944
-0.640229
-0.640045
-0.639642
-0.639004
-0.626717
-0.591356
-0.539126
-0.475348
-0.39847
-0.307389
-0.207056
-0.0891863
0.177356
0.548649
0.935386
1.28162
1.53099
1.67527
1.74493
1.76809
-0.634
-0.634017
-0.633739
-0.633412
-0.625128
-0.593006
-0.538113
-0.46609
-0.378662
-0.278901
-0.168826
-0.072247
0.1725
0.549039
0.932808
1.2828
1.54944
1.70512
1.77709
1.79871
-0.633427
-0.631776
-0.626739
-0.621926
-0.621381
-0.600262
-0.544123
-0.463917
-0.367768
-0.262934
-0.155861
-0.0564318
0.112824
0.449807
0.800232
1.10253
1.33709
1.47636
1.53885
1.55629
-0.659963
-0.655246
-0.644906
-0.639033
-0.642949
-0.627723
-0.560164
-0.465887
-0.360452
-0.249887
-0.145715
-0.04755
0.0850364
0.36993
0.641666
0.86634
1.04143
1.1476
1.19587
1.20861
-0.728546
-0.728745
-0.735743
-0.744466
-0.743158
-0.694101
-0.585321
-0.465982
-0.350681
-0.237544
-0.137814
-0.0450609
0.05615
0.24653
0.460378
0.631431
0.761681
0.837255
0.869709
0.877476
-0.801407
-0.815655
-0.843787
-0.858063
-0.839345
-0.743428
-0.593296
-0.454177
-0.333917
-0.224694
-0.133062
-0.0518452
0.0227557
0.1538
0.31042
0.43468
0.531708
0.588186
0.612781
0.616601
-0.758053
-0.773578
-0.800441
-0.814139
-0.788038
-0.685673
-0.542591
-0.412876
-0.303232
-0.207226
-0.128541
-0.060898
-0.00229006
0.0877296
0.201518
0.290977
0.357554
0.394722
0.408779
0.410547
-0.541087
-0.555071
-0.575937
-0.588426
-0.569746
-0.502489
-0.417305
-0.332582
-0.254274
-0.180822
-0.117703
-0.0673347
-0.0200552
0.0334791
0.10931
0.173662
0.222852
0.249679
0.260805
0.261131
-0.259478
-0.266225
-0.278688
-0.293569
-0.298567
-0.288285
-0.265077
-0.23201
-0.192885
-0.147813
-0.104415
-0.0698669
-0.0385253
-0.00172572
0.047332
0.0900582
0.120955
0.138444
0.144053
0.143477
-0.0443901
-0.0472639
-0.0562621
-0.0745505
-0.100793
-0.124838
-0.139497
-0.142964
-0.134459
-0.115304
-0.092329
-0.0709339
-0.0515772
-0.0332196
-0.00240018
0.0268995
0.0467182
0.0558845
0.0582755
0.057137
0.065652
0.0637704
0.0560201
0.0371899
0.00642037
-0.0283998
-0.0584953
-0.079065
-0.0884027
-0.086804
-0.0788026
-0.0701625
-0.0629585
-0.0528834
-0.0367709
-0.0204666
-0.00950944
-0.00486346
-0.00368633
-0.00479066
0.101951
0.100494
0.0942187
0.0784627
0.0519657
0.0202301
-0.0107923
-0.0367028
-0.054678
-0.0645182
-0.0689847
-0.0718661
-0.0731981
-0.0675035
-0.0566387
-0.0487048
-0.0451668
-0.0450182
-0.0458321
-0.0468142
0.102635
0.101544
0.0969505
0.0853859
0.0655749
0.040488
0.0137434
-0.0111954
-0.0320193
-0.048278
-0.0612621
-0.0734671
-0.0824293
-0.0794463
-0.0722762
-0.068496
-0.0679455
-0.069391
-0.0704318
-0.0711798
0.0901994
0.0894534
0.0863132
0.0783366
0.0643556
0.0457845
0.0245955
0.00324193
-0.0166162
-0.0348042
-0.0524707
-0.0706122
-0.0836553
-0.0808912
-0.0758541
-0.0751344
-0.0767278
-0.0791981
-0.0804166
-0.0809544
0.074812
0.0743396
0.0722911
0.0670033
0.0574851
0.0443055
0.0284426
0.011377
-0.00588382
-0.0231764
-0.041156
-0.0606863
-0.0736401
-0.0701505
-0.0674747
-0.0683705
-0.0722306
-0.0755047
-0.0768252
-0.0772128
0.060313
0.0600391
0.0587703
0.0553877
0.0490939
0.0400401
0.0287043
0.0159482
0.00243366
-0.0114573
-0.026304
-0.0417724
-0.050515
-0.0469726
-0.047649
-0.0515512
-0.056519
-0.059877
-0.0610538
-0.0613593
0.0477935
0.0476393
0.0469197
0.0448777
0.0409237
0.0350123
0.0273706
0.0185594
0.00917603
-0.000148273
-0.0084877
-0.0159833
-0.0189392
-0.0171072
-0.0201545
-0.026122
-0.0317947
-0.0349751
-0.036002
-0.0363128
0.0373583
0.0372839
0.0369156
0.0358011
0.0335214
0.0299563
0.0252461
0.019833
0.0144294
0.0103557
0.00973567
0.0122392
0.0178393
0.0176925
0.0102842
0.00255142
-0.00286611
-0.0053203
-0.00613606
-0.00654933
0.0285524
0.0285335
0.0283943
0.0279472
0.0268862
0.0250587
0.0225877
0.019893
0.0178734
0.0185519
0.0250163
0.0373423
0.0495564
0.047334
0.0370452
0.0288902
0.0246416
0.0231638
0.0224272
0.0218155
0.0211745
0.0211808
0.0211841
0.0211532
0.0208881
0.0202595
0.0193521
0.0186155
0.0190296
0.0230008
0.0340532
0.0513166
0.0661186
0.0621327
0.0524186
0.0465484
0.0445388
0.0436446
0.0431073
0.0423972
0.0148838
0.0148896
0.0149667
0.0151613
0.0153767
0.0154646
0.0155054
0.0159065
0.0176671
0.0231025
0.0353308
0.0527783
0.0658003
0.0614646
0.0550635
0.0523472
0.0526633
0.0535215
0.0527282
0.051815
0.00952135
0.00951789
0.0095971
0.00985773
0.0102416
0.0106415
0.0111014
0.0119393
0.0139525
0.0189977
0.0294255
0.043122
0.0513474
0.0471679
0.0446776
0.0450327
0.0475244
0.048693
0.0480811
0.0472493
0.00491918
0.00489729
0.00494487
0.00514509
0.00547559
0.00585678
0.00629295
0.00698905
0.00837508
0.0116822
0.0180066
0.0262869
0.0296714
0.0263613
0.0261576
0.0290279
0.0318772
0.0334449
0.0326811
0.0317857
0.000976944
0.000968836
0.000959472
0.000947847
0.00101158
0.00112857
0.00121694
0.0013205
0.00151122
0.00197501
0.00286456
0.00428913
0.00602348
0.00681115
0.00655534
0.00719152
0.00697367
0.00488426
0.00481285
0.00528193
-0.0802596
0.106965
0.30698
0.47503
0.609267
0.715233
0.803413
0.877561
0.907935
0.891736
0.244174
0.367146
0.495893
0.60711
0.700816
0.778517
0.841085
0.884933
0.907688
0.920548
0.463299
0.546704
0.634299
0.712223
0.779095
0.834974
0.879242
0.91184
0.935791
0.953685
0.622832
0.682141
0.743535
0.800466
0.849796
0.891597
0.925955
0.953725
0.976298
0.994573
0.747828
0.790329
0.837322
0.880449
0.918958
0.952594
0.981428
1.00574
1.02556
1.04351
0.851513
0.884531
0.922956
0.95833
0.99077
1.01996
1.04555
1.06725
1.0843
1.1019
0.943975
0.97283
1.00683
1.03899
1.06888
1.09605
1.11988
1.13972
1.15434
1.17178
1.0325
1.0619
1.09584
1.12796
1.15755
1.18414
1.20706
1.22549
1.23814
1.2556
1.12778
1.16134
1.19773
1.23143
1.26144
1.28758
1.30947
1.32655
1.33799
1.35578
1.24263
1.28118
1.31938
1.35357
1.38281
1.40746
1.42773
1.44342
1.45474
1.47308
1.38731
1.42678
1.46232
1.4927
1.51825
1.54029
1.55929
1.5748
1.58744
1.60557
1.56202
1.59406
1.61984
1.64217
1.6622
1.68093
1.69855
1.7151
1.73083
1.74903
1.74961
1.76716
1.78268
1.79926
1.81541
1.82995
1.84297
1.85694
1.87402
1.8937
1.93119
1.94216
1.9543
1.96509
1.97434
1.98389
1.99477
2.00635
2.0163
2.03147
2.1422
2.14422
2.12906
2.11383
2.10744
2.1131
2.13171
2.16212
2.19425
2.225
2.44811
2.31107
2.23477
2.19266
2.17522
2.17926
2.20661
2.26275
2.36621
2.58149
0.751435
0.748059
0.742131
0.732324
0.71938
0.706955
0.69664
0.688692
0.683033
0.679747
0.679372
0.682108
0.687226
0.694477
0.703914
0.715603
0.728734
0.740725
0.748182
0.752902
0.669449
0.675334
0.682237
0.687474
0.690319
0.689987
0.687079
0.683153
0.679582
0.677287
0.677119
0.679312
0.682996
0.687349
0.691295
0.693295
0.692181
0.68809
0.682196
0.675152
0.661793
0.66414
0.667489
0.670393
0.672606
0.674402
0.675357
0.675095
0.674057
0.67315
0.673304
0.674718
0.676526
0.677799
0.67784
0.676665
0.674854
0.672509
0.669353
0.666388
0.656651
0.657737
0.659601
0.661979
0.663935
0.66532
0.666409
0.667259
0.667717
0.66795
0.668424
0.669193
0.669725
0.669683
0.669153
0.668275
0.666866
0.664805
0.662691
0.661277
0.651556
0.652211
0.653318
0.655033
0.656833
0.658441
0.659698
0.660714
0.661621
0.662426
0.663137
0.663637
0.663766
0.663549
0.662978
0.66194
0.660495
0.658917
0.65759
0.656806
0.646633
0.647088
0.647869
0.649159
0.650646
0.652169
0.653624
0.654895
0.65601
0.65705
0.657938
0.658462
0.658572
0.658282
0.657571
0.656554
0.655402
0.654256
0.65334
0.652819
0.641841
0.642182
0.642789
0.643849
0.645129
0.646495
0.647929
0.64936
0.650704
0.65195
0.65302
0.65367
0.653815
0.653509
0.652876
0.65207
0.651201
0.650326
0.649649
0.649267
0.63714
0.637405
0.637894
0.638794
0.63995
0.641232
0.642611
0.644082
0.645596
0.647076
0.648373
0.649191
0.649444
0.649279
0.648848
0.648261
0.647591
0.646937
0.646439
0.646147
0.632453
0.632664
0.633071
0.63386
0.634935
0.636166
0.63753
0.639039
0.640679
0.64239
0.643961
0.64502
0.645495
0.645558
0.64535
0.644974
0.644502
0.644034
0.643673
0.643444
0.627698
0.627868
0.628215
0.628931
0.629958
0.631165
0.632553
0.634139
0.635925
0.637877
0.639773
0.641168
0.641948
0.642283
0.642313
0.642154
0.641883
0.641581
0.641333
0.641151
0.622787
0.622925
0.623231
0.623902
0.62491
0.626139
0.627589
0.629294
0.631276
0.633521
0.635814
0.63763
0.638777
0.639426
0.639725
0.639794
0.639721
0.639577
0.639424
0.639277
0.617637
0.617749
0.618027
0.618677
0.619702
0.620997
0.622553
0.62443
0.626677
0.629296
0.632079
0.634401
0.635978
0.636988
0.637588
0.637902
0.63803
0.638045
0.637975
0.637856
0.612157
0.612245
0.612507
0.613162
0.614241
0.615643
0.617359
0.619476
0.622068
0.625165
0.628554
0.631482
0.633565
0.634988
0.635925
0.636526
0.636874
0.637034
0.637036
0.636939
0.606242
0.60631
0.606565
0.607248
0.608417
0.609974
0.611915
0.614351
0.617382
0.621082
0.625214
0.62887
0.631553
0.633461
0.634783
0.635699
0.636288
0.636605
0.636676
0.636596
0.599771
0.599818
0.600075
0.600808
0.602107
0.603876
0.606113
0.608957
0.612544
0.616986
0.622023
0.626561
0.629963
0.632447
0.634218
0.635486
0.636354
0.636838
0.636978
0.636913
0.592596
0.592626
0.592887
0.593693
0.595168
0.597211
0.599828
0.603191
0.607478
0.612836
0.618977
0.624577
0.628837
0.632
0.634306
0.635987
0.637172
0.637837
0.638044
0.637991
0.584535
0.584552
0.584814
0.585718
0.587421
0.589806
0.592912
0.596938
0.602104
0.608597
0.616081
0.622958
0.628233
0.632193
0.635128
0.63731
0.63885
0.639713
0.63999
0.639947
0.575283
0.57527
0.575594
0.576632
0.578617
0.581453
0.585189
0.590054
0.596325
0.604228
0.613349
0.621742
0.628217
0.633114
0.636787
0.639556
0.641508
0.642591
0.64294
0.642904
0.564566
0.564527
0.564895
0.566125
0.568476
0.571892
0.576427
0.582353
0.590003
0.59964
0.610743
0.620952
0.628846
0.634856
0.6394
0.642848
0.645276
0.646601
0.647023
0.646992
0.551914
0.551849
0.552294
0.55377
0.556601
0.560775
0.566344
0.573637
0.583038
0.594824
0.608321
0.620676
0.630221
0.63752
0.643084
0.647316
0.650285
0.651871
0.652366
0.652335
0.536694
0.5366
0.537166
0.53899
0.542463
0.547648
0.554593
0.563676
0.575321
0.58978
0.606149
0.62101
0.63245
0.641219
0.647963
0.653084
0.656654
0.658512
0.659072
0.659035
0.517978
0.517859
0.518621
0.52095
0.525327
0.531922
0.540748
0.552221
0.566758
0.584523
0.604301
0.622037
0.635635
0.646063
0.654118
0.660249
0.664466
0.666592
0.667202
0.667153
0.494373
0.494238
0.495329
0.498441
0.504178
0.512831
0.52432
0.539043
0.557311
0.579119
0.602885
0.623881
0.639866
0.652134
0.661622
0.668867
0.673753
0.676119
0.676752
0.676682
0.463581
0.46347
0.465163
0.469631
0.477643
0.489501
0.504915
0.524119
0.547196
0.573899
0.602216
0.626764
0.645291
0.65951
0.670551
0.678959
0.684464
0.686997
0.687612
0.687509
0.421487
0.421542
0.424558
0.431856
0.444099
0.461203
0.482418
0.507647
0.536685
0.569074
0.602428
0.630785
0.651975
0.668214
0.680848
0.690423
0.696409
0.698973
0.699512
0.69937
0.360406
0.361586
0.368961
0.382648
0.402618
0.428063
0.457436
0.490334
0.526434
0.565191
0.603893
0.636119
0.659962
0.678179
0.692337
0.702903
0.709186
0.711566
0.711933
0.711756
0.287477
0.289508
0.303746
0.327329
0.358053
0.393352
0.431642
0.472739
0.516444
0.562264
0.607232
0.644332
0.671714
0.692575
0.708667
0.720458
0.727022
0.729339
0.729693
0.72961
0.212342
0.21867
0.23986
0.273539
0.314614
0.359516
0.406702
0.456065
0.50748
0.560499
0.61194
0.654106
0.68515
0.70885
0.727133
0.739922
0.74642
0.748427
0.748687
0.748662
0.151009
0.159458
0.185181
0.225898
0.275054
0.328138
0.383374
0.440499
0.499293
0.559249
0.616884
0.663822
0.698237
0.724391
0.744343
0.757981
0.764528
0.766424
0.766853
0.766904
0.100976
0.110039
0.1393
0.185232
0.240492
0.300153
0.362189
0.426161
0.491687
0.55814
0.621638
0.673079
0.710636
0.739063
0.760596
0.775175
0.78212
0.784484
0.785022
0.785107
0.0590169
0.0683569
0.100065
0.150009
0.210269
0.275393
0.343179
0.413123
0.484695
0.557127
0.626117
0.681796
0.722308
0.752925
0.776079
0.791671
0.799346
0.80206
0.802681
0.802781
0.0227478
0.0322088
0.065768
0.118927
0.183326
0.253119
0.325917
0.401144
0.47817
0.556095
0.630205
0.689854
0.73314
0.765771
0.790396
0.806954
0.815345
0.818303
0.819017
0.819118
-0.00948233
3.42743e-05
0.0350246
0.0909055
0.158776
0.232594
0.309826
0.389808
0.471822
0.554843
0.633757
0.697133
0.742988
0.777402
0.803256
0.820643
0.829666
0.832923
0.833659
0.833746
-0.0389198
-0.0293377
0.0068261
0.0650576
0.135916
0.213257
0.294433
0.378731
0.465346
0.553153
0.636628
0.703548
0.751781
0.787819
0.814695
0.832734
0.842195
0.845684
0.846482
0.846564
-0.0664059
-0.0567572
-0.0195301
0.0407036
0.114223
0.194689
0.279389
0.367611
0.458495
0.550829
0.638709
0.709067
0.75958
0.797118
0.824929
0.84343
0.853142
0.856801
0.857636
0.857696
-0.0924948
-0.0827511
-0.0445177
0.0173864
0.0933288
0.176572
0.264447
0.356247
0.451097
0.547741
0.639925
0.713697
0.766465
0.80544
0.834087
0.852913
0.862726
0.866463
0.867298
0.867326
-0.117654
-0.107714
-0.0686363
-0.00510973
0.0729743
0.158696
0.249437
0.344505
0.443046
0.543798
0.640215
0.717444
0.772518
0.812939
0.842319
0.861372
0.871217
0.874932
0.875751
0.875745
-0.142118
-0.131945
-0.0920984
-0.0269697
0.0529935
0.14093
0.234256
0.332307
0.434268
0.538932
0.639532
0.720315
0.777833
0.819777
0.849852
0.869047
0.87887
0.882528
0.883296
0.883268
-0.165984
-0.155586
-0.114879
-0.0483626
0.0332925
0.123216
0.218861
0.319616
0.424732
0.533097
0.637829
0.722314
0.782485
0.826071
0.856829
0.876113
0.885851
0.889382
0.890063
0.890003
-0.189372
-0.178665
-0.137175
-0.0693484
0.013833
0.10553
0.203247
0.306438
0.414441
0.526281
0.63506
0.723415
0.786517
0.831926
0.863391
0.882691
0.892227
0.895547
0.896104
0.895997
-0.212267
-0.201265
-0.158998
-0.0899504
-0.00538336
0.0878916
0.18745
0.292814
0.403427
0.51848
0.631187
0.723565
0.789928
0.837432
0.869696
0.888912
0.898059
0.901044
0.901448
0.901304
-0.234708
-0.223371
-0.180285
-0.110141
-0.0243293
0.0703386
0.171519
0.278811
0.391747
0.509725
0.626182
0.722692
0.792656
0.842654
0.875963
0.895016
0.903498
0.905949
0.906162
0.905988
-0.2565
-0.24491
-0.201023
-0.129873
-0.0429504
0.0529462
0.155526
0.264502
0.379481
0.500079
0.620033
0.720709
0.794591
0.84759
0.882434
0.901393
0.908831
0.910372
0.910279
0.910086
-0.277777
-0.265829
-0.221189
-0.149121
-0.0612103
0.0357577
0.139565
0.249975
0.366721
0.489628
0.612756
0.717516
0.79557
0.852123
0.889265
0.908612
0.914734
0.914677
0.913877
0.913663
-0.298376
-0.286097
-0.240751
-0.167832
-0.0790267
0.0188615
0.123723
0.235352
0.353578
0.478445
0.604395
0.713017
0.795395
0.855986
0.896338
0.917241
0.92254
0.920183
0.917542
0.91657
-0.318345
-0.305755
-0.25965
-0.185948
-0.0963606
0.00232845
0.108087
0.220716
0.340167
0.466669
0.595027
0.70712
0.793852
0.858782
0.903067
0.927203
0.933743
0.930128
0.923617
0.914509
-0.337605
-0.324768
-0.277967
-0.20363
-0.113426
-0.0141221
0.0923161
0.20566
0.326033
0.45379
0.584116
0.699236
0.790424
0.860081
0.908635
0.937521
0.948451
0.945646
0.935454
0.930981
-0.3561
-0.343122
-0.295697
-0.220829
-0.13021
-0.0304719
0.0764379
0.19017
0.31114
0.439694
0.571482
0.688973
0.784394
0.859105
0.910978
0.943484
0.957174
0.958649
0.921363
0.874128
-0.373528
-0.360145
-0.31278
-0.237446
-0.146764
-0.0468219
0.0604244
0.174368
0.295551
0.424439
0.557053
0.676106
0.77469
0.85525
0.908072
0.935322
0.949397
0.932206
0.875786
0.81496
-0.391716
-0.375638
-0.328917
-0.252844
-0.162752
-0.0628132
0.0439927
0.158305
0.279389
0.408179
0.540819
0.660445
0.759941
0.849296
0.897769
0.932616
0.90549
0.859097
0.789474
0.723056
-0.378971
-0.358346
-0.307325
-0.226663
-0.130955
-0.0278456
0.0842037
0.201409
0.325625
0.458296
0.585492
0.692927
0.785046
0.877451
0.910955
0.839447
0.78902
0.724284
0.652256
0.604823
-0.398785
-0.385606
-0.348031
-0.277049
-0.187351
-0.0882463
0.0188182
0.132655
0.253093
0.380831
0.511914
0.630204
0.726701
0.811231
0.880805
0.868126
0.753543
0.670179
0.6072
0.526826
-0.420337
-0.405818
-0.36332
-0.291102
-0.200858
-0.102091
0.00384586
0.116751
0.236252
0.362632
0.492099
0.608462
0.701773
0.773832
0.800874
0.722157
0.585596
0.492078
0.41801
0.332646
-0.442122
-0.429454
-0.382777
-0.309312
-0.219021
-0.119912
-0.0139646
0.0986783
0.217323
0.342273
0.469018
0.580901
0.665653
0.721903
0.699827
0.570621
0.4233
0.309708
0.214399
0.0840935
-0.465914
-0.453109
-0.40427
-0.329547
-0.239034
-0.139855
-0.0339969
0.0781058
0.195677
0.318784
0.442164
0.548606
0.624704
0.65928
0.600663
0.422689
0.249009
0.102993
-0.0322421
-0.217711
-0.489087
-0.476474
-0.426419
-0.350487
-0.259472
-0.160318
-0.0548158
0.0564729
0.172712
0.293581
0.413118
0.513432
0.581357
0.582723
0.474629
0.281629
0.0777314
-0.110392
-0.279409
-0.655636
-0.512423
-0.500041
-0.449393
-0.372597
-0.281148
-0.181939
-0.0768033
0.0336474
0.148431
0.266806
0.38212
0.475341
0.531987
0.501755
0.352166
0.155275
-0.055983
-0.252823
-0.418641
-0.709157
-0.536698
-0.524448
-0.473467
-0.396119
-0.304358
-0.205089
-0.100277
0.0093573
0.122622
0.238308
0.349121
0.43486
0.476795
0.428664
0.241716
0.050356
-0.145928
-0.309519
-0.376473
-0.414542
-0.562461
-0.550333
-0.499039
-0.421366
-0.3295
-0.230344
-0.126011
-0.0174229
0.0939896
0.206478
0.312126
0.389717
0.415188
0.331682
0.142442
-0.0381551
-0.202735
-0.30678
-0.341482
-0.349945
-0.589962
-0.577796
-0.526268
-0.448362
-0.356523
-0.257659
-0.154023
-0.0467459
0.0624405
0.1712
0.270935
0.340058
0.3398
0.227173
0.0516135
-0.114884
-0.252733
-0.30685
-0.318024
-0.321783
-0.619313
-0.607056
-0.555228
-0.477125
-0.385423
-0.287034
-0.184318
-0.078654
0.0279376
0.132491
0.225559
0.285378
0.261352
0.128945
-0.0320191
-0.187766
-0.284819
-0.309505
-0.307887
-0.30799
-0.650266
-0.638225
-0.58588
-0.507621
-0.416163
-0.318425
-0.216881
-0.113134
-0.00950335
0.090354
0.176257
0.224443
0.191434
0.038757
-0.108159
-0.243462
-0.284787
-0.29515
-0.299005
-0.29914
-0.682669
-0.670617
-0.618009
-0.539686
-0.448605
-0.351722
-0.251614
-0.150104
-0.0498181
0.0449603
0.123198
0.160233
0.118906
-0.0390796
-0.174674
-0.267555
-0.305433
-0.296105
-0.295029
-0.294893
-0.715997
-0.703893
-0.651319
-0.572985
-0.482455
-0.386672
-0.288277
-0.189346
-0.0927965
-0.0033246
0.066732
0.0942285
0.0317133
-0.107993
-0.227298
-0.272027
-0.289515
-0.291565
-0.292035
-0.291975
-0.749519
-0.737415
-0.6849
-0.606932
-0.517253
-0.422845
-0.326499
-0.230483
-0.138066
-0.0540912
0.00813566
0.0198014
-0.0535626
-0.168454
-0.257287
-0.28596
-0.287237
-0.289896
-0.29009
-0.290225
-0.781944
-0.770227
-0.717865
-0.640878
-0.552286
-0.459616
-0.365693
-0.272924
-0.18497
-0.106834
-0.0506479
-0.0534346
-0.132853
-0.229074
-0.279022
-0.318464
-0.300512
-0.293749
-0.291535
-0.290954
-0.811766
-0.800561
-0.749247
-0.673342
-0.586572
-0.496112
-0.405065
-0.315888
-0.232571
-0.160533
-0.109321
-0.118386
-0.209239
-0.296703
-0.316754
-0.303982
-0.307873
-0.303612
-0.299939
-0.298416
-0.837327
-0.826811
-0.777013
-0.703213
-0.618858
-0.531192
-0.443563
-0.358393
-0.279724
-0.21366
-0.168411
-0.17755
-0.27285
-0.382341
-0.419737
-0.396509
-0.353546
-0.325884
-0.315447
-0.312514
-0.856217
-0.846636
-0.79919
-0.728499
-0.647635
-0.563606
-0.479946
-0.39924
-0.325227
-0.264564
-0.22526
-0.229391
-0.311204
-0.444076
-0.536086
-0.459472
-0.402326
-0.378384
-0.36403
-0.355521
-0.86632
-0.857615
-0.813709
-0.747281
-0.671072
-0.591769
-0.512928
-0.437062
-0.36782
-0.311666
-0.274852
-0.265018
-0.296566
-0.364247
-0.423665
-0.407887
-0.400697
-0.399384
-0.393703
-0.389096
-0.863585
-0.856374
-0.818772
-0.757678
-0.687425
-0.614139
-0.541038
-0.470615
-0.406255
-0.353702
-0.31452
-0.279389
-0.224249
-0.10249
-0.165399
-0.252555
-0.338181
-0.365923
-0.372018
-0.373058
-0.846277
-0.841368
-0.811726
-0.758252
-0.695387
-0.629376
-0.562983
-0.49854
-0.439468
-0.39042
-0.348916
-0.299351
-0.178487
0.0670362
0.082593
-0.172751
-0.326816
-0.38435
-0.402469
-0.408512
-0.814943
-0.811387
-0.790986
-0.748136
-0.694509
-0.636849
-0.577886
-0.519764
-0.466109
-0.421249
-0.392993
-0.37653
-0.398781
-0.463926
-0.508533
-0.541285
-0.56383
-0.562128
-0.565512
-0.568111
-0.774037
-0.771798
-0.759965
-0.729251
-0.685726
-0.637008
-0.585511
-0.533683
-0.484711
-0.44589
-0.42174
-0.490241
-0.759251
-1.11142
-1.09387
-0.893603
-0.812514
-0.808619
-0.783586
-0.773378
-0.731777
-0.730487
-0.724615
-0.705942
-0.672659
-0.631298
-0.586626
-0.539554
-0.493896
-0.455279
-0.442499
-0.491782
-0.698647
-0.94677
-1.16944
-1.26495
-1.30276
-1.20985
-1.02139
-0.924366
-0.697365
-0.696672
-0.693928
-0.682831
-0.658337
-0.623435
-0.582864
-0.538261
-0.491566
-0.448702
-0.425818
-0.414112
-0.538262
-0.755956
-0.980031
-1.04656
-1.05708
-1.01854
-0.880783
-0.811857
-0.672833
-0.67205
-0.670669
-0.666009
-0.647972
-0.617044
-0.577149
-0.531438
-0.48144
-0.429301
-0.383995
-0.378434
-0.35343
-0.21533
-0.0496034
0.0991904
0.168333
0.228786
0.279912
0.317234
-0.655106
-0.654792
-0.654206
-0.652411
-0.641358
-0.613225
-0.571819
-0.522562
-0.466397
-0.403375
-0.33872
-0.273024
-0.157281
0.102603
0.403827
0.663052
0.847806
0.970684
1.03929
1.07415
-0.644224
-0.644061
-0.643643
-0.642869
-0.637337
-0.611637
-0.567868
-0.51285
-0.44739
-0.371665
-0.281376
-0.18438
-0.0111149
0.294571
0.670704
1.02376
1.30322
1.47757
1.573
1.61397
-0.636899
-0.636957
-0.636855
-0.636962
-0.634051
-0.611864
-0.566867
-0.505439
-0.430371
-0.341141
-0.238278
-0.134192
0.0395524
0.377583
0.768357
1.14384
1.45911
1.66639
1.775
1.81838
-0.631959
-0.63203
-0.63098
-0.628829
-0.626758
-0.613059
-0.570916
-0.504097
-0.419909
-0.32166
-0.217991
-0.110202
0.0116671
0.312484
0.690658
1.0478
1.34781
1.5508
1.65669
1.69639
-0.641836
-0.64061
-0.634235
-0.623673
-0.620796
-0.622738
-0.585329
-0.509858
-0.415673
-0.310644
-0.205155
-0.0951422
0.000411287
0.243818
0.574778
0.860049
1.09733
1.26163
1.34771
1.37984
-0.690377
-0.687328
-0.682593
-0.680078
-0.682871
-0.680969
-0.619224
-0.520458
-0.411296
-0.299984
-0.191456
-0.0911069
-0.00211584
0.185349
0.437634
0.655823
0.830127
0.950434
1.01251
1.03474
-0.773231
-0.772931
-0.787275
-0.808027
-0.811406
-0.774491
-0.661907
-0.526908
-0.401076
-0.286913
-0.18113
-0.0905081
-0.0109773
0.106486
0.289603
0.455409
0.58683
0.676289
0.721591
0.737196
-0.800344
-0.808396
-0.833473
-0.857422
-0.856464
-0.797749
-0.655164
-0.504765
-0.376554
-0.267755
-0.172001
-0.0935488
-0.0235569
0.0543803
0.190561
0.309547
0.402513
0.466216
0.496235
0.506546
-0.664845
-0.672406
-0.69518
-0.716536
-0.714018
-0.657052
-0.545301
-0.430877
-0.326902
-0.237421
-0.157294
-0.0930858
-0.0330635
0.0159903
0.106344
0.193011
0.259822
0.305301
0.326379
0.330877
-0.39603
-0.402551
-0.416152
-0.432366
-0.438412
-0.415908
-0.368117
-0.311613
-0.253297
-0.194673
-0.136752
-0.087526
-0.0421749
-0.0125449
0.0449418
0.103757
0.148896
0.181078
0.195288
0.198989
-0.137273
-0.140398
-0.147424
-0.161243
-0.179401
-0.192972
-0.198748
-0.192205
-0.174849
-0.147682
-0.114664
-0.0831659
-0.0536392
-0.0373067
0.00283126
0.0406152
0.0704285
0.0890378
0.0966956
0.098045
0.0235198
0.0218355
0.0173433
0.00408456
-0.0211009
-0.0540685
-0.0829221
-0.102549
-0.110495
-0.106496
-0.0933934
-0.0770699
-0.0614806
-0.0526622
-0.034151
-0.010155
0.00933523
0.020348
0.0242638
0.0243257
0.0909168
0.0897755
0.0861922
0.0743681
0.0505549
0.0176589
-0.0160065
-0.0446249
-0.0642588
-0.0736682
-0.0745064
-0.0714369
-0.0682538
-0.0652221
-0.0538993
-0.0412158
-0.0322157
-0.0278524
-0.0268777
-0.0275344
0.105367
0.104574
0.101804
0.0926995
0.0740831
0.0474775
0.0181029
-0.00990196
-0.0331138
-0.0499958
-0.0608706
-0.0687512
-0.0756413
-0.0774058
-0.0700451
-0.061976
-0.0585465
-0.0583779
-0.0596982
-0.0605476
0.0974272
0.0969375
0.0949656
0.0885532
0.0752741
0.0556597
0.0324326
0.00841007
-0.0138176
-0.0329683
-0.0491162
-0.0647872
-0.0796651
-0.0839984
-0.0785424
-0.0742645
-0.0737359
-0.0751572
-0.0767354
-0.0774203
0.0826364
0.0823676
0.0810475
0.0767531
0.0676892
0.0538512
0.0365618
0.017472
-0.00162256
-0.0198591
-0.0378
-0.0568411
-0.0750452
-0.0797877
-0.0740358
-0.0725828
-0.0742416
-0.0775735
-0.0798313
-0.0804726
0.0673799
0.0672562
0.0664186
0.0636501
0.0576621
0.0482069
0.0358654
0.0214874
0.00626008
-0.0093976
-0.0256315
-0.0432329
-0.0596516
-0.0627326
-0.0589023
-0.0594278
-0.0635677
-0.0676153
-0.0699161
-0.0704518
0.053766
0.0537273
0.0532456
0.0515562
0.0477532
0.0415155
0.0330637
0.0228821
0.0117877
0.000112813
-0.0115357
-0.0235336
-0.0337693
-0.034593
-0.0331838
-0.0367162
-0.0424963
-0.0469485
-0.0490864
-0.0495817
0.0423243
0.0423291
0.0420475
0.041097
0.0388491
0.0349915
0.0295916
0.0229326
0.0156604
0.00840362
0.00276187
-0.000608908
-0.00215712
-0.001064
-0.00212385
-0.00821534
-0.0150589
-0.0193032
-0.0210291
-0.0215199
0.0327443
0.032776
0.0326481
0.0321996
0.031049
0.028929
0.0258312
0.022009
0.0180954
0.0151467
0.0157009
0.0214726
0.0307349
0.035895
0.0291477
0.0204512
0.0135481
0.0102812
0.00908726
0.00847913
0.0246912
0.0247211
0.0246969
0.0245666
0.0241848
0.0233055
0.0218846
0.0201847
0.0188627
0.0193428
0.0248923
0.0375972
0.0535537
0.0607564
0.0511624
0.0421495
0.0367209
0.0350163
0.0343559
0.0336191
0.0178839
0.0179043
0.0179132
0.0180085
0.0180822
0.018003
0.0176829
0.0173887
0.0177809
0.0203669
0.0285994
0.0443448
0.0623393
0.0688615
0.0591954
0.0532236
0.050824
0.0504021
0.0501075
0.049198
0.012096
0.0121034
0.0121244
0.0122784
0.0125802
0.0129178
0.0131912
0.0136299
0.0148123
0.0181211
0.0264406
0.0412119
0.0563693
0.0597124
0.0528448
0.0498064
0.050796
0.0522713
0.0523281
0.0515164
0.00714232
0.0071343
0.00713742
0.00727613
0.0076088
0.00802294
0.00846244
0.00906343
0.0102535
0.0130312
0.0194446
0.0301931
0.0396037
0.0405338
0.0364125
0.0367764
0.0398748
0.0419387
0.042083
0.0412391
0.000971884
0.000965449
0.000951771
0.000968273
0.00106816
0.00118108
0.00125936
0.00137791
0.00170753
0.00236885
0.00345456
0.00472251
0.00678993
0.00639861
0.00690312
0.00748895
0.00580341
0.00460573
0.0052198
0.0207592
-0.983853
-0.37325
0.0479759
0.298786
0.482474
0.623156
0.732917
0.823386
0.919839
0.996812
-0.0402109
0.158497
0.331378
0.47976
0.603537
0.704679
0.787246
0.854308
0.894948
0.90054
0.292783
0.408696
0.517895
0.617699
0.703459
0.775803
0.834931
0.879508
0.908904
0.927066
0.500978
0.579459
0.655215
0.7257
0.787456
0.840049
0.883264
0.917244
0.943755
0.962679
0.653552
0.706907
0.765465
0.817062
0.86336
0.903545
0.937658
0.966117
0.989778
1.00655
0.774768
0.815538
0.860436
0.900413
0.93722
0.970288
0.999285
1.02423
1.04515
1.05921
0.876584
0.911328
0.947303
0.981614
1.01365
1.0431
1.06938
1.09207
1.11066
1.1223
0.969326
1.00074
1.03375
1.06639
1.09705
1.12532
1.15043
1.17175
1.18843
1.19817
1.06004
1.09298
1.12741
1.16148
1.19277
1.22097
1.24549
1.26573
1.2808
1.28963
1.16177
1.19969
1.23733
1.27352
1.30554
1.33328
1.35662
1.37543
1.38924
1.39865
1.28844
1.33119
1.37014
1.4056
1.43583
1.46135
1.48283
1.5003
1.5137
1.52493
1.44975
1.49129
1.52484
1.55384
1.57824
1.59971
1.61925
1.6366
1.65156
1.66527
1.64018
1.66961
1.69121
1.71033
1.72857
1.74591
1.76202
1.77771
1.7944
1.81164
1.83675
1.84736
1.85963
1.87415
1.88868
1.90158
1.91286
1.92369
1.9364
1.95196
2.0237
2.03328
2.04289
2.04492
2.04548
2.04967
2.06049
2.07682
2.09415
2.09885
2.32833
2.26946
2.21774
2.17771
2.15533
2.15123
2.16478
2.19849
2.25447
2.3338
0.886171
0.829063
0.78667
0.753134
0.728805
0.711391
0.698896
0.689933
0.68378
0.680261
0.679846
0.6827
0.688149
0.696105
0.707031
0.722006
0.742776
0.771515
0.809958
0.858046
0.690548
0.699576
0.705718
0.706329
0.702349
0.695953
0.689363
0.683819
0.679932
0.678245
0.6794
0.682996
0.688303
0.694859
0.701848
0.707563
0.709606
0.706273
0.697916
0.690729
0.666088
0.668185
0.67278
0.676531
0.679535
0.681281
0.681052
0.679259
0.67701
0.675398
0.675384
0.677195
0.679926
0.682584
0.684063
0.68353
0.681219
0.677997
0.673887
0.669451
0.659894
0.660794
0.663296
0.665931
0.667865
0.669317
0.670471
0.671026
0.670905
0.670635
0.670956
0.672008
0.673058
0.673443
0.672967
0.671953
0.670531
0.668384
0.665775
0.66375
0.654432
0.654896
0.656303
0.658346
0.660274
0.661788
0.662911
0.663847
0.664606
0.66519
0.665793
0.66638
0.666625
0.666444
0.665928
0.664995
0.663515
0.661663
0.659993
0.658967
0.649326
0.649615
0.650527
0.651992
0.653627
0.655228
0.656619
0.657757
0.658765
0.659705
0.660508
0.660997
0.6611
0.660851
0.660193
0.659122
0.657806
0.65647
0.655384
0.654756
0.644407
0.644611
0.645294
0.646456
0.647826
0.649264
0.650726
0.652099
0.65333
0.654468
0.655442
0.656024
0.656147
0.65583
0.655131
0.654213
0.653216
0.652213
0.651427
0.650985
0.639626
0.639781
0.640323
0.641296
0.642507
0.643827
0.645232
0.64669
0.648127
0.649488
0.650666
0.651393
0.651578
0.651325
0.650788
0.650094
0.649327
0.648564
0.647982
0.64765
0.634911
0.635033
0.635476
0.636315
0.637427
0.638683
0.640052
0.641538
0.643115
0.644711
0.646139
0.647066
0.647417
0.647359
0.647039
0.646558
0.645985
0.645422
0.644997
0.64474
0.630177
0.630275
0.630649
0.631397
0.632444
0.633663
0.635037
0.636579
0.638286
0.640113
0.641838
0.643054
0.643672
0.643866
0.643776
0.643506
0.643134
0.642746
0.642444
0.642241
0.625335
0.625416
0.625741
0.626429
0.627444
0.62866
0.630078
0.631717
0.633592
0.635682
0.637765
0.639361
0.640315
0.640801
0.640964
0.640915
0.640742
0.640516
0.640317
0.640153
0.620301
0.620368
0.620658
0.621314
0.622326
0.623588
0.625088
0.62687
0.628975
0.631394
0.633919
0.635977
0.637329
0.638152
0.6386
0.638788
0.638815
0.638742
0.638632
0.638499
0.614984
0.61504
0.615308
0.615956
0.617003
0.618352
0.619985
0.621971
0.624379
0.627222
0.630293
0.632903
0.634722
0.635929
0.636697
0.637146
0.637381
0.637462
0.637429
0.637321
0.609288
0.609335
0.609591
0.610255
0.611373
0.612853
0.614679
0.616944
0.61974
0.623121
0.626862
0.630137
0.632506
0.634159
0.635288
0.636043
0.636503
0.636732
0.636769
0.636681
0.6031
0.603139
0.603392
0.604093
0.605321
0.606986
0.609071
0.611697
0.614989
0.61904
0.623602
0.627677
0.630702
0.632882
0.634429
0.635515
0.636227
0.63662
0.636726
0.636655
0.596287
0.596316
0.596575
0.597336
0.598716
0.600624
0.603045
0.60613
0.610046
0.61492
0.62048
0.625526
0.629337
0.632143
0.634184
0.635649
0.636651
0.63722
0.637395
0.637337
0.588689
0.588704
0.588973
0.589815
0.591394
0.593613
0.596465
0.600138
0.604837
0.61073
0.617509
0.623719
0.628466
0.632007
0.634631
0.63655
0.637882
0.638641
0.638884
0.638838
0.580059
0.580084
0.580383
0.581319
0.583148
0.585762
0.589171
0.59359
0.599275
0.606434
0.614697
0.622297
0.628147
0.632553
0.635861
0.638317
0.64003
0.641
0.641315
0.641277
0.570121
0.570134
0.570476
0.571556
0.573709
0.576846
0.580963
0.586324
0.593243
0.601966
0.612029
0.621289
0.628445
0.633873
0.637987
0.641067
0.643221
0.644424
0.644813
0.644782
0.558504
0.558512
0.558887
0.560166
0.562752
0.566556
0.571579
0.57814
0.586609
0.597261
0.609506
0.620744
0.629434
0.63606
0.641124
0.644924
0.64759
0.649046
0.64951
0.649481
0.544676
0.544678
0.545119
0.546659
0.549811
0.554501
0.560713
0.568834
0.579283
0.592329
0.607197
0.620762
0.631226
0.639228
0.645398
0.650026
0.653262
0.654987
0.655521
0.65549
0.527877
0.527873
0.528409
0.530328
0.534266
0.540161
0.547974
0.558158
0.571154
0.587183
0.605184
0.621432
0.633922
0.643493
0.650906
0.656478
0.660341
0.662339
0.662934
0.662893
0.506975
0.506966
0.507662
0.510165
0.515251
0.522863
0.5329
0.545863
0.56214
0.581821
0.603517
0.622843
0.637615
0.648943
0.657732
0.664359
0.668889
0.671146
0.67178
0.671723
0.480232
0.480221
0.481199
0.484675
0.491575
0.50177
0.515021
0.5318
0.552327
0.576476
0.60245
0.625185
0.642428
0.655658
0.665956
0.673715
0.678905
0.681371
0.68201
0.681926
0.444612
0.444615
0.446215
0.451582
0.461723
0.476025
0.494056
0.51606
0.541966
0.571414
0.602194
0.628624
0.64848
0.66371
0.67558
0.684517
0.690286
0.692864
0.693454
0.693331
0.394354
0.394577
0.39824
0.407981
0.424153
0.445203
0.470176
0.499038
0.531481
0.566983
0.602986
0.633278
0.65581
0.673066
0.68653
0.69658
0.702772
0.705318
0.705796
0.705624
0.321998
0.324294
0.335064
0.354126
0.380315
0.410808
0.444633
0.481614
0.52146
0.563638
0.605292
0.639752
0.665215
0.684716
0.699968
0.711114
0.717666
0.720152
0.720539
0.72036
0.244924
0.251012
0.270092
0.299235
0.336085
0.376326
0.419083
0.46432
0.511884
0.561314
0.609545
0.649215
0.67847
0.700833
0.718296
0.730777
0.737526
0.739767
0.740078
0.73998
0.17849
0.184941
0.210594
0.24837
0.294322
0.343526
0.394864
0.448197
0.503361
0.559887
0.614459
0.659043
0.691811
0.716817
0.736112
0.7494
0.756135
0.758202
0.758545
0.758535
0.124104
0.130988
0.160593
0.204527
0.257256
0.31379
0.372559
0.433218
0.495459
0.558719
0.619326
0.668546
0.704556
0.73188
0.75277
0.766944
0.774105
0.776442
0.77676
0.776774
0.0789166
0.0861359
0.118266
0.166891
0.224991
0.28748
0.352485
0.419534
0.488158
0.55766
0.623949
0.67754
0.716598
0.746147
0.76857
0.783876
0.791695
0.794109
0.794484
0.794525
0.040439
0.047842
0.0817735
0.133946
0.196522
0.264055
0.334413
0.407066
0.481427
0.556657
0.628247
0.685942
0.727865
0.759526
0.78352
0.799791
0.808201
0.810907
0.811353
0.811412
0.00667387
0.014195
0.0494489
0.104561
0.170864
0.242729
0.317798
0.395458
0.475024
0.555538
0.632082
0.693621
0.738218
0.771771
0.797082
0.814219
0.823153
0.826206
0.826819
0.826881
-0.023835
-0.0161985
0.0201302
0.0777706
0.147227
0.222852
0.302102
0.384289
0.468645
0.554091
0.635309
0.700474
0.747535
0.782781
0.809226
0.827066
0.836418
0.839772
0.840495
0.840566
-0.0520195
-0.0442842
-0.00698787
0.0527602
0.124997
0.203937
0.286916
0.373218
0.462004
0.552102
0.637792
0.706439
0.755819
0.792621
0.819978
0.838395
0.848055
0.851624
0.852422
0.852489
-0.0786159
-0.0707535
-0.0325538
0.028952
0.103736
0.185623
0.271943
0.361992
0.454894
0.549406
0.639448
0.711511
0.763149
0.801411
0.829672
0.848422
0.858254
0.861962
0.862775
0.862821
-0.104065
-0.096037
-0.0568952
0.00606507
0.0831324
0.167643
0.256981
0.350452
0.447178
0.545898
0.640205
0.715695
0.769605
0.809299
0.838331
0.857325
0.867243
0.870983
0.871787
0.871804
-0.128719
-0.120488
-0.0806794
-0.0160883
0.0629739
0.149828
0.241892
0.338485
0.438767
0.541499
0.640013
0.719004
0.775277
0.81645
0.846188
0.865346
0.875253
0.87896
0.879763
0.879784
-0.152718
-0.144258
-0.103759
-0.0377024
0.0431364
0.132091
0.226603
0.32604
0.42961
0.53615
0.638824
0.721438
0.780253
0.823001
0.853423
0.872686
0.882527
0.886164
0.886903
0.886875
-0.176162
-0.167563
-0.126229
-0.0588899
0.0235561
0.114387
0.211094
0.313101
0.419696
0.529824
0.636593
0.722991
0.784589
0.829062
0.860172
0.879488
0.889171
0.892643
0.89328
0.893194
-0.199141
-0.190337
-0.148247
-0.0796879
0.00421238
0.0967196
0.195383
0.299694
0.40903
0.522508
0.633272
0.723622
0.788314
0.834732
0.866581
0.885861
0.895247
0.89844
0.898934
0.898807
-0.221667
-0.212657
-0.169785
-0.100092
-0.0148802
0.079118
0.179505
0.285866
0.397672
0.514229
0.628835
0.72327
0.791394
0.840091
0.872835
0.891983
0.900853
0.903618
0.903943
0.903778
-0.243668
-0.234447
-0.190781
-0.120062
-0.0336732
0.0616284
0.163537
0.271694
0.38569
0.505018
0.623258
0.721855
0.793743
0.845175
0.879175
0.898161
0.906182
0.908253
0.908341
0.90815
-0.265077
-0.255644
-0.21122
-0.139562
-0.0521192
0.0443254
0.147547
0.257265
0.373163
0.494957
0.616539
0.719278
0.795223
0.849933
0.885818
0.904876
0.911674
0.912531
0.912172
0.911966
-0.285891
-0.276234
-0.231079
-0.158549
-0.0701702
0.0272834
0.131631
0.242679
0.360194
0.484123
0.608715
0.715443
0.795651
0.854174
0.89281
0.912747
0.918322
0.917163
0.915647
0.915338
-0.306036
-0.296164
-0.250315
-0.176974
-0.0877573
0.0105583
0.115873
0.228028
0.346897
0.472624
0.599831
0.710255
0.79482
0.85756
0.899817
0.922124
0.927703
0.924412
0.920352
0.918485
-0.325534
-0.315459
-0.268901
-0.194838
-0.104907
-0.00586691
0.100253
0.213283
0.333244
0.460427
0.589821
0.70349
0.792444
0.859683
0.906112
0.932476
0.940866
0.937792
0.930008
0.914384
-0.344399
-0.33415
-0.286933
-0.212318
-0.121861
-0.0223019
0.0843873
0.197975
0.318682
0.446892
0.578021
0.694424
0.787808
0.859949
0.910373
0.941352
0.954488
0.950763
0.941538
0.90428
-0.362876
-0.351973
-0.304365
-0.229251
-0.138488
-0.0386131
0.0684726
0.182328
0.303449
0.432227
0.564509
0.682892
0.780114
0.857582
0.910323
0.941385
0.955106
0.953325
0.902076
0.844471
-0.382284
-0.36767
-0.321019
-0.245495
-0.155008
-0.055008
0.0522487
0.166347
0.287517
0.4164
0.549131
0.668619
0.768021
0.85242
0.903585
0.921883
0.932752
0.902325
0.838081
0.774462
-0.402649
-0.401657
-0.341885
-0.258627
-0.168509
-0.068769
0.0362127
0.150688
0.271618
0.400207
0.532515
0.651956
0.751017
0.846715
0.868058
0.885294
0.864663
0.805899
0.733761
0.664317
-0.378275
-0.374964
-0.3165
-0.233526
-0.13842
-0.0353922
0.0743762
0.191398
0.315275
0.447423
0.573931
0.680729
0.769922
0.861733
0.875851
0.783657
0.704365
0.639676
0.569296
0.430422
-0.418305
-0.390755
-0.330019
-0.246364
-0.151298
-0.048486
0.0607089
0.177133
0.300139
0.430882
0.555109
0.659018
0.738822
0.801379
0.77371
0.647924
0.534062
0.455276
0.373956
0.218033
-0.443509
-0.411442
-0.349004
-0.265834
-0.170678
-0.0680145
0.0413495
0.157034
0.278785
0.407404
0.528389
0.627081
0.698833
0.725108
0.650591
0.494042
0.3618
0.263181
0.152669
-0.0683181
-0.467741
-0.433686
-0.369656
-0.285819
-0.190586
-0.087977
0.0210788
0.135878
0.25614
0.382192
0.49896
0.59082
0.650446
0.642624
0.512894
0.334404
0.172389
0.0371119
-0.115078
-0.473282
-0.491201
-0.456266
-0.391085
-0.30638
-0.210962
-0.108507
-4.52049e-05
0.11374
0.232306
0.355415
0.467181
0.551555
0.593356
0.556874
0.379471
0.180388
-0.0208664
-0.188526
-0.431003
-0.94318
-0.514519
-0.479481
-0.413546
-0.32821
-0.232546
-0.130258
-0.0223845
0.0902984
0.206961
0.326794
0.433028
0.50981
0.532419
0.44768
0.257205
0.0487638
-0.157992
-0.339772
-0.510643
-1.06462
-0.538854
-0.503665
-0.437305
-0.351549
-0.255689
-0.15353
-0.0462076
0.0653485
0.179972
0.296268
0.396742
0.464052
0.463299
0.336036
0.151071
-0.0501263
-0.235195
-0.357113
-0.389349
-0.433858
-0.564627
-0.52931
-0.462678
-0.376715
-0.280842
-0.178971
-0.0723705
0.0377816
0.149957
0.262058
0.356317
0.411225
0.388896
0.232388
0.0545075
-0.123646
-0.267151
-0.325304
-0.345982
-0.351125
-0.592159
-0.556602
-0.489755
-0.403698
-0.307976
-0.206575
-0.100956
0.00747679
0.116792
0.224056
0.311467
0.351565
0.313754
0.1359
-0.0332672
-0.189347
-0.295203
-0.318546
-0.320987
-0.321527
-0.62159
-0.585679
-0.518576
-0.432484
-0.337056
-0.236343
-0.131963
-0.0255703
0.0804393
0.182298
0.261764
0.289358
0.220405
0.0476883
-0.112876
-0.248425
-0.295408
-0.307719
-0.308088
-0.307619
-0.652792
-0.616481
-0.549102
-0.463062
-0.368065
-0.268246
-0.165375
-0.0613653
0.0409255
0.136835
0.20763
0.221174
0.123689
-0.0343278
-0.180828
-0.285119
-0.296354
-0.297933
-0.299251
-0.298843
-0.6853
-0.648821
-0.581156
-0.495257
-0.400867
-0.302177
-0.201108
-0.0998463
-0.00163494
0.0878414
0.150001
0.1465
0.0380431
-0.10727
-0.233209
-0.273241
-0.291502
-0.294866
-0.295011
-0.294723
-0.71876
-0.681956
-0.614395
-0.528759
-0.435197
-0.337898
-0.238938
-0.140796
-0.0470056
0.0358436
0.0883774
0.0723833
-0.0430823
-0.167999
-0.266156
-0.306312
-0.294066
-0.292066
-0.292009
-0.291914
-0.752228
-0.715383
-0.648277
-0.563073
-0.470604
-0.375
-0.278486
-0.183829
-0.0948397
-0.0184002
0.0225809
0.00213023
-0.118587
-0.214575
-0.282553
-0.284344
-0.288953
-0.29
-0.290176
-0.290233
-0.784637
-0.748328
-0.681489
-0.597474
-0.506422
-0.412892
-0.319181
-0.228313
-0.144523
-0.0742901
-0.0409826
-0.0724572
-0.189308
-0.262035
-0.274755
-0.296645
-0.295799
-0.292359
-0.291157
-0.290711
-0.814413
-0.779137
-0.713368
-0.630843
-0.541731
-0.450735
-0.36025
-0.273418
-0.19502
-0.131087
-0.0999908
-0.150334
-0.259474
-0.318865
-0.309485
-0.309024
-0.306311
-0.301454
-0.299003
-0.297898
-0.839835
-0.806061
-0.742142
-0.66189
-0.575353
-0.487462
-0.400672
-0.318125
-0.244973
-0.187485
-0.15929
-0.21635
-0.327848
-0.421032
-0.421242
-0.376601
-0.3369
-0.319124
-0.313544
-0.311535
-0.85855
-0.827021
-0.765739
-0.688923
-0.605906
-0.521767
-0.439233
-0.361259
-0.29301
-0.241483
-0.217407
-0.2642
-0.36709
-0.520329
-0.50093
-0.426617
-0.387931
-0.370273
-0.358979
-0.353615
-0.868245
-0.839554
-0.782301
-0.710023
-0.631682
-0.552326
-0.474613
-0.401531
-0.337843
-0.290519
-0.263899
-0.283121
-0.313233
-0.444095
-0.415867
-0.401602
-0.401278
-0.396633
-0.39106
-0.388483
-0.866135
-0.841559
-0.789953
-0.723369
-0.651049
-0.577601
-0.505468
-0.437642
-0.378213
-0.333529
-0.296629
-0.265128
-0.165702
-0.114041
-0.197036
-0.301246
-0.357171
-0.369828
-0.372467
-0.373348
-0.848447
-0.830184
-0.786959
-0.727587
-0.66272
-0.596244
-0.530498
-0.468278
-0.413318
-0.37152
-0.322384
-0.261661
-0.0631533
0.213248
-0.0470396
-0.266167
-0.363574
-0.395797
-0.40653
-0.409477
-0.816775
-0.804113
-0.771658
-0.722183
-0.666055
-0.607538
-0.548697
-0.492222
-0.442544
-0.404757
-0.375083
-0.378685
-0.426857
-0.47218
-0.531533
-0.558191
-0.562847
-0.563207
-0.567193
-0.56857
-0.775596
-0.767711
-0.746895
-0.708492
-0.661788
-0.611581
-0.559606
-0.508611
-0.46363
-0.431951
-0.42357
-0.599091
-0.941118
-1.16109
-0.988568
-0.833458
-0.815498
-0.795789
-0.776664
-0.77207
-0.732985
-0.72864
-0.717174
-0.690737
-0.652684
-0.609528
-0.563262
-0.516477
-0.4731
-0.445276
-0.434805
-0.592164
-0.809932
-1.07857
-1.22613
-1.29276
-1.27885
-1.11653
-0.952303
-0.926118
-0.69812
-0.695851
-0.689896
-0.672137
-0.64196
-0.603653
-0.561067
-0.51494
-0.469719
-0.429858
-0.426987
-0.461269
-0.629347
-0.87969
-1.03838
-1.04722
-1.05147
-0.965258
-0.832484
-0.802686
-0.672477
-0.671477
-0.669363
-0.658816
-0.633875
-0.597899
-0.555075
-0.507164
-0.454813
-0.405071
-0.37648
-0.3782
-0.294579
-0.132169
0.0301239
0.143465
0.196074
0.256398
0.300233
0.330213
-0.65501
-0.654486
-0.653821
-0.648761
-0.629228
-0.593914
-0.548205
-0.495055
-0.436257
-0.370731
-0.304056
-0.225292
-0.0451581
0.259094
0.538952
0.765299
0.917189
1.00998
1.06089
1.08163
-0.644175
-0.643871
-0.643361
-0.641784
-0.627181
-0.59162
-0.541276
-0.481686
-0.411335
-0.326463
-0.23427
-0.11652
0.123487
0.481706
0.851344
1.17633
1.40293
1.53333
1.59924
1.62139
-0.636941
-0.636907
-0.636794
-0.636511
-0.62612
-0.591609
-0.537971
-0.469906
-0.387361
-0.29153
-0.184239
-0.0762966
0.192931
0.570707
0.959549
1.31301
1.57732
1.73111
1.80318
1.82573
-0.632112
-0.631659
-0.629867
-0.628105
-0.622859
-0.595397
-0.540162
-0.464186
-0.372299
-0.269772
-0.161206
-0.0665221
0.140946
0.500033
0.87396
1.2071
1.46323
1.61427
1.68306
1.70257
-0.641671
-0.638241
-0.628829
-0.620766
-0.624226
-0.610051
-0.550845
-0.464734
-0.364124
-0.256452
-0.150359
-0.0500306
0.0948834
0.41194
0.722935
0.985363
1.19034
1.31331
1.36904
1.3845
-0.689086
-0.685248
-0.680205
-0.680851
-0.686283
-0.657665
-0.572156
-0.466659
-0.356107
-0.243617
-0.141659
-0.045365
0.0732764
0.310731
0.552449
0.748142
0.89829
0.987929
1.02747
1.03736
-0.771281
-0.778372
-0.799047
-0.812275
-0.801166
-0.726219
-0.594288
-0.46248
-0.343561
-0.231374
-0.134919
-0.047753
0.0383704
0.193482
0.377703
0.524735
0.637972
0.703705
0.732239
0.738549
-0.801547
-0.819536
-0.846921
-0.861055
-0.837319
-0.733477
-0.577828
-0.438
-0.320812
-0.21689
-0.131267
-0.056216
0.00917433
0.120312
0.253968
0.358798
0.439075
0.484744
0.503092
0.506768
-0.666417
-0.683001
-0.707087
-0.7199
-0.694067
-0.604096
-0.487389
-0.37732
-0.280981
-0.195171
-0.124422
-0.0648386
-0.0117473
0.0578925
0.152152
0.228504
0.286291
0.318067
0.330308
0.330442
-0.398581
-0.408551
-0.424294
-0.437723
-0.431753
-0.393421
-0.340548
-0.282568
-0.224252
-0.164703
-0.110879
-0.0685116
-0.0292147
0.0143863
0.0750792
0.128112
0.167963
0.18993
0.198055
0.19802
-0.138782
-0.143148
-0.153498
-0.17026
-0.186824
-0.197336
-0.196793
-0.184704
-0.162392
-0.131129
-0.0984935
-0.0708624
-0.0448498
-0.0176717
0.02178
0.0567725
0.0814451
0.0939484
0.0980284
0.097008
0.0226018
0.0203478
0.0120563
-0.00702181
-0.0373614
-0.0693712
-0.0939776
-0.107863
-0.109816
-0.100491
-0.085492
-0.0704319
-0.0581197
-0.0446893
-0.0223191
0.000602308
0.0159901
0.0228473
0.0247104
0.0235315
0.0902846
0.0886542
0.0815886
0.0639815
0.0347364
0.00059173
-0.0311638
-0.0555489
-0.0700285
-0.0747134
-0.0732838
-0.0706318
-0.0680812
-0.0601124
-0.047348
-0.0361465
-0.0294092
-0.0270497
-0.0270749
-0.028147
0.104971
0.103696
0.0982701
0.0846261
0.0614609
0.0329188
0.00375812
-0.0221474
-0.0421816
-0.0559113
-0.0651844
-0.0732518
-0.0783392
-0.0743923
-0.0654405
-0.0596251
-0.0580825
-0.059073
-0.0601421
-0.0610085
0.0972145
0.0963034
0.092482
0.0828231
0.0660916
0.0443763
0.0203629
-0.00297825
-0.0236231
-0.0412488
-0.0570903
-0.0727889
-0.0842248
-0.0816821
-0.0758416
-0.0740436
-0.0742085
-0.0760643
-0.0771315
-0.0777688
0.0825403
0.0819409
0.0793918
0.0728674
0.0612861
0.0455747
0.0271279
0.00789797
-0.0108065
-0.0288446
-0.0472113
-0.0667176
-0.0801902
-0.0769878
-0.0728557
-0.0729157
-0.0759366
-0.0789371
-0.0802615
-0.0807202
0.0673562
0.0669869
0.0653589
0.0611034
0.0533337
0.0423639
0.0288727
0.0139768
-0.00152181
-0.0175474
-0.0342265
-0.0522636
-0.0635532
-0.0601033
-0.0587104
-0.0613541
-0.0657361
-0.0690496
-0.0702921
-0.0706317
0.0537651
0.0535742
0.0526092
0.0499555
0.0449274
0.0375504
0.0281543
0.0174371
0.00601463
-0.00557422
-0.0176084
-0.0293707
-0.0353052
-0.0326051
-0.0345091
-0.0395875
-0.0449945
-0.0483157
-0.0494278
-0.0497293
0.0423516
0.0422368
0.0416912
0.0401649
0.037121
0.0324746
0.026392
0.0193447
0.0119993
0.00523764
0.000809939
-0.00185418
-0.00136003
-1.3124e-05
-0.00502914
-0.0118803
-0.0175359
-0.0204222
-0.0213323
-0.0216755
0.0327738
0.0327367
0.0324825
0.0317371
0.0301145
0.0274921
0.0239823
0.020031
0.0164124
0.0148483
0.0179645
0.0255205
0.0354292
0.0341129
0.0247988
0.0164928
0.0115367
0.00953969
0.00877331
0.00826634
0.0247155
0.0247136
0.0246539
0.0244256
0.0238126
0.0226536
0.0210418
0.0194268
0.0187515
0.0213116
0.0303756
0.0456552
0.0596534
0.0566265
0.0464003
0.0388356
0.0355414
0.0346523
0.0339994
0.0333381
0.0179009
0.0179026
0.0179492
0.0180582
0.0180778
0.0178613
0.0175075
0.0174419
0.0186655
0.0235982
0.0356495
0.0536064
0.0682522
0.0638536
0.0557306
0.0517572
0.0504496
0.0504074
0.0496627
0.0488403
0.0121041
0.0121045
0.012181
0.0124166
0.0127689
0.0130505
0.013368
0.0140722
0.0160804
0.0215031
0.0332081
0.0492383
0.060147
0.0554533
0.0506714
0.0501205
0.0516213
0.0524748
0.0519691
0.0511415
0.00714172
0.00712775
0.0071858
0.00741872
0.00781017
0.00823937
0.00872231
0.00955214
0.0113572
0.0156674
0.0243943
0.0354755
0.0410296
0.0377232
0.0360242
0.038126
0.0411201
0.0422118
0.0416754
0.0408641
0.00285086
0.00283165
0.0028209
0.00288324
0.00308172
0.00333859
0.00359253
0.00392555
0.00454819
0.00594899
0.00903063
0.0138592
0.0173821
0.016838
0.0148115
0.0165432
0.0193856
0.0211858
0.0212947
0.0204224
-0.634782
-0.126214
0.183863
0.394986
0.556822
0.680388
0.780546
0.867972
0.970684
0.962524
0.0934239
0.248166
0.40888
0.544779
0.65681
0.747921
0.822952
0.879053
0.901744
0.908019
0.363281
0.463762
0.569593
0.662314
0.741271
0.807056
0.859183
0.895847
0.919534
0.936665
0.549088
0.618115
0.691486
0.757731
0.81491
0.862839
0.901353
0.93126
0.954774
0.973396
0.688712
0.739384
0.791718
0.840996
0.884217
0.921341
0.952552
0.978499
0.999744
1.01814
0.801681
0.838715
0.880828
0.919252
0.954255
0.985292
1.01227
1.0352
1.05359
1.07157
0.898831
0.92924
0.964758
0.997925
1.02873
1.05667
1.08121
1.10192
1.11771
1.13539
0.98822
1.01688
1.05031
1.08199
1.11153
1.13831
1.16162
1.18074
1.19432
1.21186
1.07856
1.1098
1.14475
1.17748
1.20729
1.23373
1.25619
1.27397
1.28594
1.30362
1.18208
1.21832
1.25589
1.29006
1.31995
1.34551
1.36661
1.38296
1.39423
1.41242
1.31095
1.3509
1.38851
1.42135
1.44913
1.47257
1.49209
1.50744
1.51926
1.53769
1.47178
1.50857
1.54002
1.5665
1.58925
1.60971
1.62824
1.64432
1.6584
1.67639
1.65577
1.68105
1.70092
1.71955
1.73738
1.75414
1.76984
1.78587
1.80308
1.82218
1.84153
1.85323
1.86671
1.88158
1.89536
1.90741
1.91821
1.92965
1.94398
1.96255
2.0248
2.03932
2.04448
2.04503
2.04686
2.05419
2.06808
2.08604
2.09865
2.11216
2.29725
2.2429
2.1957
2.1642
2.1511
2.15568
2.17895
2.22366
2.29101
2.38651
0.749958
0.745275
0.737879
0.725988
0.713006
0.701534
0.692408
0.685603
0.681096
0.679167
0.680383
0.684374
0.690556
0.698879
0.709454
0.722059
0.735125
0.745013
0.750985
0.754385
0.671969
0.679052
0.68503
0.689244
0.690525
0.688762
0.685152
0.681272
0.678238
0.676894
0.67796
0.681005
0.685133
0.689459
0.692649
0.693179
0.690477
0.685345
0.678501
0.672633
0.6628
0.665805
0.66906
0.67155
0.673561
0.675014
0.67536
0.67462
0.673532
0.673054
0.673896
0.675627
0.677288
0.678004
0.677378
0.675818
0.673775
0.670994
0.667717
0.665378
0.657106
0.658559
0.660792
0.66303
0.664679
0.665886
0.66687
0.667534
0.667833
0.668137
0.668804
0.66952
0.669784
0.669468
0.668766
0.667659
0.665912
0.663683
0.6619
0.660815
0.651852
0.652672
0.654136
0.655932
0.657672
0.659108
0.660221
0.661177
0.662033
0.662799
0.663432
0.663751
0.663699
0.663318
0.662526
0.661259
0.659715
0.65818
0.65716
0.656502
0.646848
0.647404
0.648478
0.649888
0.651405
0.65291
0.654281
0.655463
0.656536
0.657533
0.658258
0.658568
0.658482
0.65798
0.657092
0.655989
0.654818
0.653743
0.653055
0.652593
0.642005
0.642422
0.64328
0.644479
0.645799
0.647204
0.648648
0.650042
0.651335
0.652529
0.653414
0.653805
0.653716
0.653226
0.652489
0.651639
0.650749
0.649946
0.649441
0.649089
0.637268
0.637596
0.638303
0.639354
0.640577
0.641906
0.643334
0.644835
0.646341
0.647775
0.648862
0.649382
0.649406
0.649091
0.648572
0.64793
0.647252
0.646659
0.646283
0.646002
0.632555
0.632821
0.633422
0.634372
0.635533
0.636828
0.638264
0.639843
0.641527
0.643229
0.644577
0.645321
0.64557
0.645483
0.64518
0.644746
0.64426
0.643836
0.643554
0.643322
0.627778
0.628
0.628527
0.629415
0.630539
0.631833
0.633319
0.635005
0.636881
0.638874
0.640561
0.641625
0.642163
0.64233
0.642252
0.642034
0.641728
0.641449
0.641242
0.641045
0.622851
0.62304
0.623517
0.624373
0.625496
0.626832
0.628405
0.630247
0.632367
0.634709
0.636818
0.638277
0.639155
0.639612
0.639783
0.639774
0.639651
0.639502
0.639354
0.639183
0.617687
0.617851
0.618299
0.619153
0.620317
0.621737
0.623445
0.625502
0.627938
0.630723
0.633344
0.635272
0.636544
0.637331
0.637776
0.637979
0.63805
0.63802
0.637923
0.63777
0.612194
0.612339
0.612777
0.613659
0.614903
0.616455
0.61836
0.620707
0.623549
0.62689
0.630134
0.632618
0.634348
0.635507
0.636261
0.636725
0.636976
0.637054
0.636998
0.636858
0.606267
0.606398
0.606842
0.607782
0.60915
0.610888
0.613062
0.615783
0.619143
0.623174
0.627173
0.63032
0.632591
0.634183
0.635283
0.636026
0.636481
0.636669
0.63665
0.636517
0.599784
0.599904
0.600368
0.601397
0.602937
0.604926
0.607448
0.610646
0.614651
0.619526
0.624443
0.62839
0.631306
0.633409
0.634903
0.635965
0.636645
0.636947
0.636964
0.636834
0.592596
0.592709
0.593205
0.594358
0.596124
0.598436
0.601403
0.605205
0.610013
0.615923
0.621954
0.626859
0.630538
0.633246
0.63521
0.63664
0.637571
0.63799
0.63804
0.637911
0.584522
0.584633
0.585163
0.586481
0.588531
0.591255
0.594794
0.599362
0.605171
0.612354
0.619729
0.625777
0.630357
0.63377
0.6363
0.63816
0.639369
0.639913
0.639995
0.639863
0.575251
0.575374
0.576
0.577512
0.579931
0.583193
0.58746
0.592993
0.600057
0.608806
0.617797
0.625197
0.630837
0.635081
0.638277
0.640635
0.642161
0.64284
0.642952
0.642815
0.564516
0.564636
0.565379
0.567162
0.570053
0.574003
0.579192
0.585938
0.594555
0.605215
0.616153
0.625158
0.632056
0.637283
0.641252
0.644194
0.646078
0.646902
0.647043
0.646895
0.551843
0.551981
0.552876
0.555014
0.558522
0.563365
0.569746
0.578046
0.588613
0.601611
0.614873
0.62576
0.634112
0.640483
0.645354
0.648969
0.651251
0.652224
0.65239
0.652229
0.536595
0.536769
0.537891
0.540513
0.544844
0.550877
0.558833
0.569148
0.582181
0.598034
0.614041
0.627106
0.637118
0.644804
0.650706
0.655082
0.657793
0.658914
0.659097
0.658919
0.517845
0.518093
0.519557
0.52287
0.52835
0.536029
0.546116
0.559076
0.575222
0.594534
0.613739
0.629286
0.641182
0.650344
0.657401
0.662623
0.665779
0.667035
0.667223
0.667025
0.494199
0.494588
0.496597
0.500961
0.508144
0.518193
0.53124
0.547708
0.567762
0.591205
0.614089
0.632406
0.646387
0.657184
0.6655
0.67164
0.675229
0.676588
0.676764
0.676543
0.46336
0.464041
0.467005
0.473171
0.483105
0.496739
0.514013
0.535154
0.560088
0.588383
0.615359
0.636652
0.652842
0.66539
0.675063
0.682115
0.686064
0.687465
0.687604
0.687361
0.421232
0.422615
0.42762
0.437351
0.452096
0.471281
0.494509
0.521672
0.55245
0.586239
0.617663
0.642109
0.660594
0.674926
0.686023
0.693903
0.698058
0.699404
0.699478
0.699218
0.360205
0.364532
0.375022
0.39185
0.414765
0.442251
0.473411
0.507954
0.545459
0.585238
0.621267
0.648879
0.669628
0.685713
0.698087
0.70662
0.710777
0.711891
0.71187
0.711612
0.287176
0.295302
0.314539
0.341865
0.375239
0.412073
0.451768
0.494203
0.539034
0.585628
0.627266
0.658993
0.682808
0.701161
0.715163
0.724411
0.728591
0.729641
0.729666
0.729544
0.213847
0.227333
0.255593
0.293277
0.336661
0.382747
0.431013
0.481431
0.533712
0.587282
0.634734
0.670728
0.697742
0.718617
0.734297
0.743936
0.74781
0.748653
0.748678
0.748652
0.153077
0.170179
0.204173
0.249641
0.30117
0.355404
0.411588
0.469587
0.529031
0.589313
0.642289
0.682264
0.712156
0.735095
0.752043
0.762096
0.765807
0.766738
0.766893
0.766928
0.103075
0.122276
0.160713
0.211956
0.269839
0.33079
0.393815
0.458623
0.524694
0.591307
0.649511
0.693223
0.725785
0.750644
0.768874
0.779499
0.783667
0.784883
0.785084
0.785166
0.0610915
0.0815364
0.123309
0.17916
0.242291
0.308862
0.377759
0.448593
0.520696
0.593193
0.656313
0.703541
0.738625
0.765394
0.784906
0.79643
0.8011
0.802516
0.802741
0.802835
0.0247802
0.0460406
0.0904841
0.150064
0.217621
0.289045
0.363099
0.439315
0.516908
0.594858
0.662577
0.7131
0.750541
0.779046
0.799739
0.812112
0.817262
0.818831
0.819078
0.819168
-0.00749381
0.0143554
0.0609802
0.123697
0.195021
0.270684
0.349343
0.43044
0.513092
0.596132
0.668176
0.721776
0.76137
0.791337
0.813046
0.826153
0.831776
0.833486
0.833719
0.833784
-0.0369269
-0.014628
0.0338451
0.0992609
0.173864
0.253261
0.336058
0.421624
0.508986
0.596837
0.672995
0.729498
0.771054
0.802333
0.824893
0.83846
0.844458
0.846285
0.846544
0.846589
-0.0644479
-0.0416805
0.00846254
0.0761564
0.153679
0.236395
0.322924
0.412591
0.504365
0.596815
0.676971
0.736279
0.779676
0.812177
0.835389
0.849266
0.855519
0.857426
0.857692
0.857705
-0.0905694
-0.0672862
-0.0158168
0.0540049
0.134125
0.219809
0.309715
0.403156
0.499079
0.595962
0.680066
0.742158
0.787366
0.820985
0.844755
0.858812
0.865165
0.86708
0.867346
0.867318
-0.115701
-0.0918625
-0.0392909
0.032547
0.114961
0.203311
0.296285
0.393201
0.493022
0.594207
0.682247
0.747181
0.794238
0.828935
0.853144
0.867305
0.873639
0.875546
0.875776
0.87571
-0.14011
-0.115785
-0.062017
0.0115832
0.0960452
0.186789
0.282539
0.382651
0.486128
0.591474
0.683495
0.751403
0.800421
0.836219
0.860787
0.87498
0.881268
0.883112
0.883314
0.883215
-0.163948
-0.139076
-0.084156
-0.0090041
0.0772989
0.170183
0.268438
0.371473
0.478367
0.587725
0.683775
0.754857
0.806023
0.842963
0.867851
0.882012
0.888182
0.889919
0.89006
0.889932
-0.187278
-0.161825
-0.10583
-0.0292574
0.0586922
0.153492
0.253992
0.359673
0.469722
0.58292
0.683043
0.757549
0.811117
0.849296
0.874474
0.888498
0.894447
0.896009
0.89607
0.895915
-0.210075
-0.184112
-0.127068
-0.0491883
0.0402358
0.136732
0.23923
0.347289
0.460215
0.577044
0.681245
0.759447
0.815748
0.855355
0.88081
0.894535
0.900091
0.901407
0.901389
0.901215
-0.232397
-0.205871
-0.147831
-0.0687696
0.0219666
0.119953
0.224215
0.33438
0.449904
0.570097
0.678336
0.760478
0.819896
0.861287
0.887116
0.900326
0.905218
0.90618
0.906079
0.905896
-0.254134
-0.227062
-0.16808
-0.0879664
0.00393299
0.103229
0.209026
0.321032
0.438857
0.562107
0.674254
0.760521
0.823486
0.867204
0.893732
0.906236
0.910022
0.910385
0.910173
0.910006
-0.275293
-0.247636
-0.187801
-0.106722
-0.0137964
0.0866298
0.193755
0.307347
0.427154
0.553133
0.668955
0.759442
0.826359
0.873089
0.901034
0.912948
0.915063
0.914207
0.913707
0.913646
-0.295781
-0.267589
-0.206941
-0.124988
-0.0311654
0.0702384
0.178484
0.293407
0.414911
0.54326
0.662413
0.757084
0.828274
0.878694
0.909174
0.92145
0.921816
0.91865
0.916866
0.916655
-0.315657
-0.286899
-0.225447
-0.142709
-0.0480979
0.0541428
0.163337
0.279348
0.402254
0.532588
0.65464
0.753289
0.828936
0.883497
0.917669
0.932341
0.932658
0.927063
0.919992
0.903556
-0.334854
-0.305559
-0.243456
-0.160087
-0.0648922
0.0380108
0.147894
0.264708
0.388663
0.520586
0.645077
0.747456
0.827945
0.886935
0.925499
0.94498
0.948344
0.941922
0.928306
0.943081
-0.353466
-0.323502
-0.260922
-0.177083
-0.0814866
0.0218955
0.132162
0.249512
0.37413
0.507153
0.633525
0.738949
0.824604
0.887867
0.929248
0.952422
0.959963
0.95027
0.892141
0.879432
-0.372141
-0.341146
-0.277574
-0.193358
-0.0973833
0.00622315
0.11634
0.23403
0.358952
0.4925
0.620028
0.727305
0.818127
0.885459
0.923934
0.946032
0.944945
0.908393
0.842009
0.802525
-0.392243
-0.36
-0.292937
-0.208456
-0.112013
-0.00873048
0.100847
0.218489
0.343268
0.476689
0.604512
0.712361
0.806519
0.878775
0.926205
0.912132
0.886957
0.82442
0.753587
0.711252
0.0294717
0.143832
0.264598
0.392898
0.524514
0.643126
0.740591
0.590903
-0.410421
-0.394658
-0.355194
-0.283844
-0.193872
-0.0951039
0.0112567
0.124499
0.244454
0.371524
0.501945
0.619684
0.715171
0.794394
0.846
0.80122
0.665578
0.580072
0.512387
-0.430505
-0.417502
-0.372551
-0.299707
-0.209412
-0.110455
-0.00457454
0.108182
0.227272
0.352969
0.481178
0.595518
0.685047
0.749968
0.748837
0.646022
0.505722
0.403207
0.316493
-0.453852
-0.441237
-0.393358
-0.319328
-0.228979
-0.129818
-0.023862
0.0885712
0.206715
0.330802
0.455927
0.565179
0.645422
0.691429
0.65325
0.49634
0.337289
0.209098
0.0952805
-0.477431
-0.464708
-0.415195
-0.33989
-0.249143
-0.149984
-0.0442864
0.0674318
0.184352
0.306383
0.427907
0.531392
0.603942
0.623505
0.538396
0.350957
0.161937
-0.00755426
-0.168348
-0.500472
-0.48806
-0.437703
-0.361352
-0.270132
-0.170951
-0.0656503
0.0452091
0.16073
0.280366
0.397814
0.494674
0.557706
0.54068
0.412023
0.21547
0.00471476
-0.187416
-0.366475
-0.524084
-0.511913
-0.461154
-0.384119
-0.292507
-0.193244
-0.0882638
0.0217968
0.135862
0.25296
0.366112
0.455731
0.505193
0.466138
0.295704
0.101167
-0.106214
-0.295204
-0.409297
-0.477293
-0.549058
-0.537027
-0.485927
-0.408496
-0.31669
-0.21745
-0.112856
-0.00370974
0.108671
0.222828
0.331158
0.412986
0.447038
0.383303
0.190737
0.00345616
-0.176756
-0.310517
-0.353062
-0.376566
-0.575575
-0.563637
-0.512291
-0.434609
-0.342769
-0.243747
-0.139721
-0.0317554
0.0785886
0.189282
0.292079
0.365652
0.37933
0.278566
0.0962374
-0.0772183
-0.228859
-0.307883
-0.328121
-0.332984
-0.60391
-0.591946
-0.540359
-0.462477
-0.370729
-0.272088
-0.168876
-0.0623746
0.0455651
0.152291
0.24878
0.313726
0.299683
0.177507
0.00906062
-0.153276
-0.270725
-0.314325
-0.31318
-0.313996
-0.633979
-0.622108
-0.570151
-0.492101
-0.400561
-0.302472
-0.200315
-0.0955652
0.00959281
0.111866
0.201416
0.255994
0.225022
0.0821338
-0.0713853
-0.221366
-0.284456
-0.301696
-0.303242
-0.302838
-0.665641
-0.653783
-0.601562
-0.523399
-0.432171
-0.33484
-0.233976
-0.131302
-0.0293025
0.0680611
0.150223
0.192754
0.157166
-0.000671116
-0.144446
-0.256515
-0.304831
-0.296798
-0.296688
-0.296748
-0.6984
-0.686451
-0.634332
-0.556115
-0.465361
-0.369005
-0.26971
-0.169445
-0.0709743
0.0211722
0.0954106
0.128118
0.0762305
-0.0749132
-0.203188
-0.278744
-0.294973
-0.293431
-0.293441
-0.29325
-0.731753
-0.719698
-0.667847
-0.58981
-0.499754
-0.404627
-0.30721
-0.209693
-0.11516
-0.0284044
0.0376738
0.0582146
-0.0119251
-0.139217
-0.247655
-0.266906
-0.283161
-0.289457
-0.290466
-0.290588
-0.76466
-0.752602
-0.701195
-0.623851
-0.534774
-0.441191
-0.346
-0.251565
-0.161346
-0.0802507
-0.0211912
-0.0178551
-0.0931999
-0.199717
-0.264919
-0.312461
-0.296607
-0.291824
-0.290194
-0.289983
-0.795315
-0.784061
-0.73349
-0.657166
-0.569572
-0.477949
-0.385394
-0.294374
-0.208728
-0.133638
-0.0797932
-0.0868359
-0.171463
-0.262848
-0.297628
-0.29786
-0.299734
-0.297016
-0.294737
-0.293649
-0.822867
-0.811936
-0.763396
-0.688495
-0.603016
-0.513889
-0.424471
-0.337242
-0.256246
-0.187249
-0.138715
-0.148691
-0.243262
-0.33978
-0.355776
-0.342941
-0.327819
-0.312954
-0.30595
-0.303848
-0.844727
-0.834477
-0.788375
-0.716398
-0.633744
-0.547818
-0.462068
-0.379078
-0.302728
-0.239453
-0.197222
-0.204626
-0.295681
-0.424279
-0.504437
-0.441438
-0.381669
-0.345851
-0.332457
-0.327383
-0.858838
-0.849658
-0.806823
-0.738702
-0.660097
-0.578293
-0.496927
-0.418578
-0.346938
-0.288665
-0.250972
-0.249973
-0.311934
-0.430456
-0.493256
-0.444989
-0.415012
-0.40115
-0.38976
-0.38187
-0.862596
-0.855029
-0.816609
-0.753643
-0.680197
-0.603755
-0.527643
-0.454407
-0.387601
-0.333387
-0.29571
-0.273487
-0.266379
-0.248926
-0.355111
-0.345868
-0.368072
-0.377053
-0.378891
-0.380089
-0.854211
-0.848088
-0.815496
-0.759289
-0.692554
-0.622684
-0.552818
-0.485317
-0.423529
-0.372758
-0.331565
-0.285259
-0.187781
0.0239863
0.0618778
-0.180191
-0.321814
-0.366063
-0.378105
-0.382533
-0.830106
-0.825748
-0.800727
-0.75423
-0.69617
-0.634062
-0.571308
-0.509996
-0.453681
-0.40626
-0.36892
-0.319242
-0.246781
-0.120941
-0.135348
-0.295912
-0.404245
-0.447224
-0.463939
-0.470943
-0.793541
-0.790828
-0.774157
-0.738602
-0.691106
-0.637763
-0.582553
-0.527627
-0.476449
-0.434767
-0.406828
-0.429806
-0.598789
-0.871636
-0.945645
-0.817982
-0.733274
-0.697496
-0.683609
-0.678719
-0.750963
-0.749285
-0.740761
-0.716145
-0.679413
-0.634789
-0.586736
-0.537618
-0.490485
-0.452735
-0.434708
-0.514651
-0.774674
-1.06071
-1.09364
-0.977177
-0.939843
-0.883001
-0.816591
-0.789301
-0.712195
-0.711113
-0.707268
-0.692972
-0.665008
-0.627362
-0.585153
-0.539642
-0.494232
-0.453907
-0.440114
-0.445432
-0.611665
-0.88758
-1.25402
-1.47222
-1.51307
-1.38506
-1.20641
-1.04822
-0.683995
-0.683386
-0.681096
-0.673603
-0.652458
-0.619828
-0.580029
-0.535337
-0.486918
-0.439976
-0.404466
-0.400736
-0.452494
-0.47011
-0.457317
-0.382512
-0.357286
-0.325715
-0.262163
-0.199785
-0.662755
-0.662263
-0.661411
-0.658691
-0.644268
-0.614826
-0.574276
-0.527179
-0.474792
-0.417199
-0.363806
-0.333348
-0.254486
-0.0360152
0.211892
0.412663
0.533535
0.623395
0.680308
0.712255
-0.649088
-0.648865
-0.6484
-0.647113
-0.639116
-0.612128
-0.569698
-0.517707
-0.456948
-0.388138
-0.309702
-0.221082
-0.0756691
0.209374
0.553453
0.867878
1.10815
1.26024
1.34405
1.38245
-0.640248
-0.640176
-0.639863
-0.639679
-0.635741
-0.611667
-0.566976
-0.508597
-0.438314
-0.355371
-0.25724
-0.156731
0.0283321
0.356561
0.746067
1.11722
1.42053
1.61415
1.71741
1.76034
-0.633883
-0.634048
-0.633901
-0.63365
-0.631522
-0.612576
-0.567999
-0.503816
-0.424174
-0.329893
-0.225374
-0.119434
0.0261225
0.356839
0.743413
1.11497
1.42978
1.63975
1.74916
1.79175
-0.633355
-0.632973
-0.629752
-0.623702
-0.621205
-0.615514
-0.576098
-0.506111
-0.41732
-0.315707
-0.212177
-0.101487
0.00634062
0.269749
0.630733
0.958253
1.23099
1.41793
1.51504
1.55087
-0.660622
-0.658251
-0.650491
-0.640692
-0.640066
-0.641785
-0.599216
-0.514803
-0.413926
-0.30549
-0.197863
-0.0925967
-0.00262924
0.221082
0.513196
0.759426
0.961879
1.10279
1.1775
1.20495
-0.73059
-0.72782
-0.730685
-0.741702
-0.745224
-0.72896
-0.642913
-0.525519
-0.407267
-0.293934
-0.185884
-0.090108
-0.00472635
0.143118
0.358057
0.551101
0.702846
0.805907
0.857487
0.875635
-0.802166
-0.805653
-0.830039
-0.854085
-0.854607
-0.803238
-0.668692
-0.520796
-0.39142
-0.27838
-0.17682
-0.0919629
-0.0176698
0.0777069
0.236111
0.375897
0.487557
0.564807
0.603501
0.616595
-0.755744
-0.763685
-0.787418
-0.810635
-0.80846
-0.748045
-0.613305
-0.475278
-0.355186
-0.254312
-0.165796
-0.0943438
-0.0284922
0.033977
0.146937
0.249382
0.327312
0.379681
0.403725
0.410789
-0.5382
-0.546629
-0.565424
-0.584373
-0.585146
-0.541069
-0.460076
-0.374261
-0.292244
-0.21724
-0.147837
-0.089973
-0.0375073
0.0010611
0.0717681
0.143801
0.200071
0.239101
0.256561
0.262026
-0.257495
-0.262115
-0.271824
-0.286438
-0.298278
-0.294926
-0.278534
-0.249378
-0.21319
-0.170967
-0.125493
-0.0852548
-0.0479598
-0.0259728
0.0237482
0.0703469
0.106825
0.131295
0.142498
0.144545
-0.0432216
-0.0453594
-0.050712
-0.064137
-0.0871406
-0.113857
-0.133516
-0.142902
-0.140294
-0.126051
-0.104028
-0.0804696
-0.0580184
-0.0452428
-0.0181467
0.013269
0.0380918
0.0524658
0.0574529
0.0580277
0.0665112
0.0650465
0.0610372
0.0482465
0.0230125
-0.0112453
-0.0444897
-0.070283
-0.0853449
-0.0889869
-0.0832968
-0.0737953
-0.0649512
-0.0590921
-0.0452228
-0.0281173
-0.0142956
-0.00654603
-0.00385856
-0.00409648
0.102463
0.101496
0.0983105
0.0877766
0.0663499
0.0362491
0.00427453
-0.0247206
-0.0469158
-0.0607389
-0.067216
-0.0699208
-0.0718565
-0.0714825
-0.0622047
-0.0521041
-0.0463552
-0.0448205
-0.0454309
-0.0462849
0.102931
0.102298
0.0999385
0.0922353
0.0764074
0.0534145
0.0270504
0.000795668
-0.0223197
-0.0408952
-0.0549273
-0.0671102
-0.0786828
-0.0819311
-0.0758653
-0.0695998
-0.068098
-0.068586
-0.0700205
-0.0707763
0.0903462
0.0899778
0.0883529
0.0830768
0.0720578
0.0555045
0.0353407
0.0137787
-0.00701793
-0.0259949
-0.0434131
-0.0613983
-0.078545
-0.0834643
-0.0778821
-0.0752762
-0.0755541
-0.0780466
-0.0799971
-0.0806617
0.0748711
0.0746827
0.0736218
0.07016
0.0627682
0.0512873
0.0366164
0.0199358
0.00270049
-0.0144234
-0.0319729
-0.0508496
-0.0688745
-0.0728789
-0.0678583
-0.0672126
-0.070244
-0.0740542
-0.0764138
-0.077005
0.0603165
0.060252
0.0595988
0.0574199
0.0526153
0.0448845
0.0346048
0.022409
0.00925475
-0.0045487
-0.0186592
-0.0340675
-0.0478713
-0.0498178
-0.047114
-0.0491725
-0.0541394
-0.058462
-0.060698
-0.0612032
0.0477763
0.0477474
0.0473945
0.0461131
0.0431561
0.0382022
0.0313769
0.0230491
0.0139058
0.00440044
-0.00437706
-0.0123296
-0.0184364
-0.0180712
-0.0180083
-0.0227993
-0.0292474
-0.0337053
-0.035672
-0.0361671
0.0373288
0.0373514
0.0371615
0.036482
0.0348229
0.0318981
0.0277245
0.0225775
0.0170572
0.0120339
0.00956056
0.0108392
0.0147655
0.0176411
0.0139453
0.00645873
-0.000569143
-0.00440266
-0.00583121
-0.00637277
0.0285262
0.0285555
0.028482
0.0282333
0.0275091
0.0260699
0.0238868
0.021213
0.0187084
0.01761
0.0209089
0.0307714
0.043929
0.050623
0.0418878
0.0325427
0.0262822
0.0237213
0.0227901
0.0220639
0.0211521
0.0211815
0.0211851
0.021179
0.0210623
0.0206228
0.0198242
0.018909
0.0185658
0.0202659
0.0274751
0.0423546
0.0600997
0.066896
0.0569801
0.0486685
0.0454342
0.0438656
0.0434818
0.0426983
0.0148706
0.0148866
0.0149109
0.0150544
0.0152718
0.0154394
0.015473
0.015615
0.0165087
0.0196566
0.0282263
0.043832
0.0609292
0.0659395
0.0579216
0.0532037
0.0521659
0.053275
0.0532086
0.0522093
0.00951713
0.00951809
0.00953824
0.00970306
0.010042
0.0104438
0.0108502
0.0114405
0.0126989
0.0158918
0.0234996
0.0363212
0.0488728
0.0505195
0.0457122
0.0444595
0.0461493
0.0484069
0.0485061
0.0476212
0.0049226
0.00490846
0.00490446
0.00502697
0.00529704
0.00566345
0.00606095
0.00658247
0.00754318
0.00967577
0.014508
0.0225143
0.0289245
0.0284822
0.0257494
0.0276213
0.0304738
0.0331344
0.0332073
0.0321827
0.00284391
0.00282273
0.00283491
0.00296913
0.00320958
0.00346427
0.00374145
0.00417311
0.00509273
0.00726169
0.0111553
0.0161186
0.017813
0.0150654
0.0154455
0.0178956
0.0208497
0.0213939
0.0210411
0.00539632
-0.339379
-0.0107861
0.207869
0.394719
0.545283
0.665101
0.760995
0.84284
0.900367
0.895503
0.144952
0.298139
0.433531
0.553779
0.656097
0.741528
0.811774
0.865728
0.898685
0.91231
0.405061
0.500806
0.591301
0.674682
0.747023
0.808421
0.858616
0.896866
0.924755
0.943712
0.581877
0.646119
0.712458
0.772985
0.826073
0.871631
0.909686
0.94054
0.965808
0.983534
0.716943
0.76313
0.814366
0.859412
0.90031
0.936382
0.967594
0.994108
1.0164
1.03166
0.827209
0.864656
0.90414
0.941011
0.974928
1.0058
1.03322
1.05689
1.0766
1.08925
0.923705
0.956308
0.98997
1.02319
1.05424
1.08284
1.10842
1.13034
1.14794
1.1584
1.01414
1.04574
1.07894
1.11222
1.14309
1.17126
1.1961
1.2169
1.23273
1.24172
1.10856
1.14371
1.17965
1.21505
1.2469
1.27502
1.29908
1.31866
1.33306
1.34182
1.22107
1.26179
1.30056
1.33712
1.36878
1.39568
1.41814
1.43617
1.4496
1.45969
1.3646
1.40764
1.44507
1.4782
1.50599
1.52965
1.5502
1.5675
1.58141
1.59361
1.54237
1.57937
1.6074
1.63137
1.65239
1.6717
1.68989
1.70694
1.72309
1.73843
1.73969
1.75908
1.77477
1.79091
1.80749
1.82291
1.83651
1.84963
1.86513
1.883
1.92867
1.93641
1.94828
1.95994
1.96981
1.97897
1.98921
2.00053
2.01185
2.01915
2.14751
2.14577
2.13767
2.12067
2.10927
2.10866
2.12083
2.14566
2.17934
2.20693
2.55603
2.36921
2.26765
2.21023
2.18119
2.17453
2.18981
2.23043
2.3062
2.45249
-0.380008
-0.381249
-0.340625
-0.267424
-0.17734
-0.077839
0.831904
0.894709
0.888603
0.813729
0.741771
0.670076
0.445054
0.22727
-0.0331441
-0.377232
-0.727473
)
;

boundaryField
{
    wall-4
    {
        type            zeroGradient;
    }
    pressure-outlet-7
    {
        type            fixedValue;
        value           uniform 0;
    }
    velocity-inlet-6
    {
        type            zeroGradient;
    }
    velocity-inlet-5
    {
        type            zeroGradient;
    }
    frontAndBackPlanes
    {
        type            empty;
    }
}


// ************************************************************************* //
