/*--------------------------------*- C++ -*----------------------------------*\
| =========                 |                                                 |
| \\      /  F ield         | OpenFOAM: The Open Source CFD Toolbox           |
|  \\    /   O peration     | Version:  v2012                                 |
|   \\  /    A nd           | Website:  www.openfoam.com                      |
|    \\/     M anipulation  |                                                 |
\*---------------------------------------------------------------------------*/
FoamFile
{
    version     2.0;
    format      ascii;
    class       volScalarField;
    location    "6";
    object      p;
}
// * * * * * * * * * * * * * * * * * * * * * * * * * * * * * * * * * * * * * //

dimensions      [0 2 -2 0 0 0 0];


internalField   nonuniform List<scalar> 
8800
(
0.464023
0.416222
0.378202
0.350097
0.330079
0.315973
0.305996
0.299073
0.294634
0.292703
0.293586
0.297122
0.302992
0.311485
0.323448
0.340287
0.364092
0.3972
0.439296
0.496289
0.295814
0.30331
0.31244
0.316666
0.315614
0.31096
0.305014
0.299438
0.295001
0.292151
0.291648
0.293853
0.297823
0.303096
0.309106
0.314772
0.317909
0.316539
0.309616
0.300075
0.27151
0.278175
0.283433
0.287627
0.290799
0.292349
0.292028
0.29057
0.288982
0.288175
0.288735
0.290381
0.292299
0.293526
0.29311
0.290738
0.287055
0.282373
0.276748
0.272958
0.269602
0.272382
0.276449
0.279836
0.28202
0.283371
0.284144
0.284334
0.284161
0.284077
0.284433
0.285034
0.285373
0.285115
0.284193
0.282589
0.279904
0.276026
0.272446
0.271277
0.270997
0.271741
0.273323
0.275137
0.276991
0.278658
0.279818
0.280474
0.280779
0.28098
0.281305
0.281582
0.28146
0.280804
0.279546
0.277864
0.276118
0.27438
0.273222
0.272944
0.269376
0.269657
0.270327
0.271141
0.271979
0.272848
0.273691
0.274432
0.274994
0.27543
0.275759
0.27583
0.275628
0.27514
0.274508
0.27375
0.273039
0.272306
0.271858
0.271755
0.266847
0.266988
0.267381
0.267948
0.268606
0.269332
0.270061
0.270749
0.271385
0.271955
0.272348
0.272492
0.272353
0.272003
0.271523
0.270987
0.270477
0.270041
0.269802
0.269751
0.263506
0.263566
0.263732
0.264008
0.264377
0.264846
0.26541
0.266042
0.266705
0.267359
0.267858
0.26809
0.268112
0.267986
0.267784
0.267566
0.267363
0.267195
0.267107
0.267083
0.259652
0.2597
0.259822
0.260023
0.260308
0.260691
0.261181
0.261779
0.262474
0.263233
0.263894
0.26431
0.264498
0.264541
0.264499
0.26442
0.264333
0.264257
0.264214
0.264199
0.255496
0.255525
0.25562
0.25578
0.256019
0.256362
0.256832
0.257452
0.258225
0.259133
0.259984
0.260583
0.260947
0.26115
0.261246
0.261281
0.261284
0.261274
0.261265
0.261256
0.251079
0.251104
0.251185
0.251331
0.251561
0.251906
0.252401
0.253083
0.25398
0.255088
0.256184
0.257011
0.257562
0.257917
0.258132
0.258255
0.258321
0.258352
0.258363
0.258357
0.24638
0.246401
0.246486
0.246639
0.246887
0.247268
0.247832
0.24863
0.249708
0.251081
0.25248
0.253573
0.254341
0.254852
0.255181
0.255384
0.255504
0.255568
0.255595
0.255591
0.241372
0.241393
0.241487
0.241661
0.241949
0.242399
0.243073
0.244042
0.245372
0.247093
0.248877
0.250298
0.251307
0.251996
0.252448
0.252733
0.252905
0.253
0.253041
0.253037
0.235986
0.236011
0.236123
0.236334
0.236685
0.237237
0.238069
0.239274
0.240939
0.243108
0.245376
0.247195
0.248501
0.249398
0.249991
0.250369
0.250598
0.250727
0.250783
0.250779
0.230136
0.230166
0.230306
0.23057
0.23101
0.231702
0.232749
0.234267
0.23637
0.239117
0.241995
0.244312
0.24598
0.247128
0.24789
0.248376
0.248673
0.24884
0.248912
0.248909
0.223703
0.223741
0.223919
0.224255
0.224814
0.225695
0.227025
0.228954
0.231625
0.235112
0.238762
0.241698
0.243813
0.245271
0.246238
0.246857
0.247234
0.247448
0.24754
0.247535
0.216522
0.216572
0.216801
0.217234
0.217952
0.219082
0.220786
0.223251
0.226655
0.231085
0.235709
0.239421
0.242093
0.243932
0.245153
0.245934
0.246411
0.24668
0.246797
0.246791
0.208376
0.208441
0.20874
0.209302
0.210233
0.211694
0.213891
0.217056
0.221406
0.227038
0.232888
0.237568
0.240928
0.243241
0.244776
0.245757
0.246357
0.246696
0.246842
0.246835
0.19897
0.199057
0.199451
0.200188
0.201406
0.203311
0.206159
0.210241
0.215814
0.222977
0.230364
0.236248
0.240464
0.243362
0.245285
0.246514
0.247265
0.24769
0.247872
0.247862
0.1879
0.188019
0.188544
0.189524
0.191136
0.193642
0.197365
0.202655
0.20981
0.218914
0.22822
0.235591
0.240862
0.244486
0.24689
0.248429
0.249369
0.2499
0.250127
0.250113
0.17461
0.174778
0.175488
0.176812
0.178977
0.182318
0.187229
0.194127
0.203333
0.214885
0.226562
0.235756
0.242321
0.246838
0.249842
0.251768
0.252946
0.253611
0.253894
0.253877
0.158302
0.158544
0.159525
0.161359
0.164336
0.168869
0.175429
0.184484
0.196345
0.210958
0.225523
0.236922
0.245064
0.250685
0.254441
0.256858
0.258338
0.259171
0.259525
0.259505
0.137763
0.138114
0.139528
0.142178
0.146412
0.152709
0.161607
0.173583
0.188861
0.207242
0.225261
0.239278
0.249316
0.256301
0.261013
0.264072
0.265953
0.267007
0.267451
0.267427
0.11103
0.111558
0.113757
0.117839
0.124132
0.13314
0.145422
0.161352
0.180972
0.203892
0.225933
0.242985
0.255268
0.26393
0.269881
0.273823
0.276288
0.277674
0.27825
0.278214
0.0747079
0.0756458
0.0795438
0.086401
0.0962356
0.109532
0.126713
0.147896
0.172879
0.201093
0.227669
0.248127
0.262996
0.273696
0.281269
0.286485
0.2899
0.291908
0.292758
0.292699
0.022123
0.0248724
0.0332515
0.0458328
0.0619327
0.0819251
0.105908
0.133721
0.164998
0.199107
0.230571
0.254687
0.272408
0.285479
0.295105
0.302126
0.30713
0.310397
0.311995
0.311943
-0.0580318
-0.0447278
-0.0254417
-0.00258932
0.0230621
0.0519824
0.0841862
0.119533
0.157706
0.198175
0.234927
0.26311
0.284155
0.300164
0.312552
0.322287
0.330024
0.33603
0.340102
0.341093
-0.142553
-0.115144
-0.084059
-0.0508167
-0.015454
0.0222858
0.0625832
0.105438
0.150694
0.198043
0.240941
0.274135
0.299374
0.319105
0.334926
0.34794
0.358846
0.368386
0.376741
0.378222
-0.205048
-0.174748
-0.135861
-0.094433
-0.0508819
-0.0052442
0.0424898
0.0923126
0.144167
0.197879
0.246284
0.283656
0.312061
0.334242
0.351933
0.366289
0.378101
0.387876
0.395082
0.396574
-0.2528
-0.220444
-0.177238
-0.130527
-0.0812304
-0.0295984
0.0241583
0.0798915
0.137472
0.196729
0.249843
0.290607
0.321299
0.344929
0.363449
0.378193
0.390116
0.399842
0.40711
0.408697
-0.289028
-0.256218
-0.210187
-0.159919
-0.10663
-0.0506083
0.00781664
0.0683702
0.130842
0.195012
0.252344
0.296044
0.328599
0.353346
0.372466
0.387466
0.399405
0.408975
0.41599
0.41759
-0.318027
-0.285092
-0.237367
-0.184542
-0.128217
-0.0687975
-0.00667967
0.0577861
0.124344
0.19277
0.253911
0.300347
0.334669
0.360465
0.380147
0.395382
0.407362
0.416852
0.423717
0.425319
-0.342241
-0.309205
-0.260331
-0.205714
-0.147132
-0.085072
-0.0200472
0.0475587
0.117541
0.189783
0.254608
0.303855
0.340061
0.367022
0.387359
0.402914
0.414999
0.424446
0.431183
0.432792
-0.363375
-0.330096
-0.280257
-0.224263
-0.163963
-0.0999043
-0.0326217
0.0374817
0.110309
0.185989
0.254495
0.306806
0.34518
0.373544
0.394715
0.410707
0.422982
0.432449
0.439109
0.440725
-0.382157
-0.348586
-0.298007
-0.240877
-0.179212
-0.113606
-0.04463
0.0273514
0.102441
0.181206
0.253505
0.309289
0.350281
0.380412
0.402669
0.419271
0.431828
0.441387
0.447986
0.449592
-0.399327
-0.365354
-0.314029
-0.255979
-0.193238
-0.126474
-0.0562855
0.0170005
0.0937677
0.175236
0.251488
0.3113
0.355512
0.387896
0.411585
0.429015
0.441986
0.45171
0.458297
0.459894
-0.414932
-0.380561
-0.328647
-0.269807
-0.206214
-0.138622
-0.0676781
0.00634372
0.0841514
0.167869
0.248213
0.312737
0.360934
0.396203
0.421766
0.440312
0.453873
0.463815
0.47043
0.472105
-0.429383
-0.394599
-0.342003
-0.282495
-0.218261
-0.150117
-0.0788332
-0.00465352
0.0734978
0.158874
0.243399
0.313394
0.366517
0.405463
0.433471
0.453489
0.467862
0.478199
0.484714
0.486539
-0.442697
-0.407631
-0.354307
-0.294171
-0.229432
-0.16098
-0.0897239
-0.0159521
0.0617693
0.148051
0.236702
0.313005
0.372159
0.41575
0.446892
0.468833
0.484256
0.495075
0.501744
0.503503
-0.454982
-0.419288
-0.365636
-0.304921
-0.239751
-0.171188
-0.100288
-0.0274772
0.048981
0.135225
0.227759
0.311226
0.37767
0.427066
0.4622
0.486595
0.503376
0.514828
0.521667
0.523397
-0.466342
-0.430268
-0.375947
-0.314739
-0.249237
-0.180701
-0.110446
-0.0391018
0.035221
0.120274
0.216189
0.307643
0.382796
0.439349
0.479445
0.506914
0.525454
0.537766
0.544846
0.546382
-0.476938
-0.440313
-0.385375
-0.323664
-0.257879
-0.189482
-0.120089
-0.0506872
0.0206234
0.103144
0.201621
0.301816
0.387244
0.452388
0.498584
0.529873
0.550588
0.563996
0.571386
0.572611
-0.486673
-0.449468
-0.393932
-0.331732
-0.265693
-0.197494
-0.129122
-0.0620487
0.00536732
0.0838569
0.183692
0.293257
0.390617
0.465948
0.519322
0.55528
0.578615
0.593237
0.600884
0.60175
-0.495609
-0.457833
-0.401681
-0.338984
-0.272696
-0.204721
-0.137458
-0.0730179
-0.010321
0.0624946
0.162108
0.281499
0.392655
0.4795
0.541147
0.58296
0.609726
0.625583
0.633009
0.633176
-0.503933
-0.465465
-0.40869
-0.345475
-0.278919
-0.211157
-0.145027
-0.0834257
-0.0261708
0.0392111
0.136591
0.266007
0.392803
0.492674
0.563626
0.612177
0.643812
0.661266
0.666862
0.665441
-0.511599
-0.472452
-0.414983
-0.351242
-0.284406
-0.216808
-0.151777
-0.0931149
-0.0419132
0.0142535
0.106855
0.246308
0.390739
0.505233
0.585726
0.641295
0.679731
0.701777
0.703746
0.696535
-0.518817
-0.478865
-0.420617
-0.356356
-0.289232
-0.221733
-0.157736
-0.102067
-0.0575081
-0.0125402
0.0721592
0.22115
0.386296
0.517505
0.605806
0.66704
0.713051
0.747517
0.754078
0.733626
-0.525597
-0.484693
-0.425652
-0.360956
-0.293553
-0.226076
-0.163053
-0.110465
-0.0733189
-0.0424502
0.0298249
0.186881
0.378212
0.529749
0.62246
0.683538
0.729829
0.760662
0.760608
0.731405
-0.53179
-0.489795
-0.429979
-0.365038
-0.297289
-0.229731
-0.167637
-0.118007
-0.0887822
-0.0749081
-0.0206564
0.141048
0.366442
0.544973
0.632459
0.675166
0.704836
0.707196
0.638127
0.590473
-0.53694
-0.493807
-0.433207
-0.368157
-0.300019
-0.232439
-0.171354
-0.124456
-0.103473
-0.109719
-0.0816829
0.0806593
0.348543
0.55925
0.635452
0.638862
0.643441
0.590339
0.50058
0.442576
-0.588041
-0.494537
-0.436345
-0.371066
-0.302723
-0.235075
-0.174022
-0.129261
-0.116629
-0.147215
-0.156716
0.000715902
0.314799
0.573612
0.636115
0.593909
0.531725
0.437697
0.327979
0.268311
-0.51288
-0.4958
-0.440627
-0.374901
-0.305982
-0.23755
-0.177289
-0.135971
-0.135676
-0.207889
-0.305414
-0.199656
0.212747
0.544616
0.594192
0.393385
0.207046
0.0863987
-0.0251526
0.0372288
-0.539273
-0.502571
-0.444891
-0.378788
-0.309041
-0.239821
-0.178676
-0.13844
-0.145084
-0.245915
-0.426904
-0.425305
0.0217747
0.428999
0.39842
0.140293
-0.082534
-0.23254
-0.38132
-0.269032
-0.553401
-0.511961
-0.451062
-0.383646
-0.312583
-0.242159
-0.179754
-0.139652
-0.151579
-0.284379
-0.587901
-0.765906
-0.264798
0.158317
0.0926362
-0.201201
-0.431169
-0.61317
-0.830215
-0.674887
-0.565949
-0.520798
-0.457412
-0.388058
-0.315401
-0.243506
-0.179736
-0.139154
-0.155033
-0.317961
-0.78504
-1.24483
-0.678247
-0.234463
-0.324547
-0.598032
-0.861266
-1.09116
-1.39647
-1.29263
-0.576325
-0.528976
-0.463613
-0.39231
-0.317891
-0.244214
-0.178642
-0.136482
-0.154089
-0.340241
-0.977999
-1.77967
-1.21366
-0.691652
-0.762948
-0.989712
-1.30021
-1.61073
-2.04531
-2.31801
-0.585416
-0.536892
-0.469944
-0.396794
-0.320434
-0.24466
-0.176667
-0.131759
-0.148089
-0.349281
-1.13205
-2.19137
-1.65545
-1.12943
-1.14216
-1.31252
-1.60861
-1.94358
-2.15777
-2.62827
-0.594542
-0.544982
-0.476643
-0.401675
-0.323226
-0.245032
-0.173961
-0.125061
-0.136421
-0.345342
-1.2196
-2.4029
-1.92297
-1.47883
-1.45992
-1.57237
-1.69584
-1.90276
-2.05117
-2.09706
-0.604085
-0.553577
-0.483856
-0.407037
-0.326386
-0.245416
-0.170711
-0.116327
-0.118648
-0.316943
-1.18737
-2.34566
-1.95467
-1.64239
-1.69396
-1.84774
-1.72594
-1.67286
-1.82789
-1.8584
-0.614548
-0.563007
-0.491785
-0.413051
-0.330024
-0.246004
-0.167101
-0.105839
-0.0948524
-0.256971
-1.009
-1.97087
-1.71182
-1.65696
-1.88931
-2.24547
-2.0605
-1.73101
-1.87484
-2.00242
-0.626568
-0.573669
-0.500772
-0.419989
-0.334418
-0.247105
-0.163462
-0.0942834
-0.0664951
-0.175316
-0.712152
-1.35636
-1.26953
-1.45548
-2.01501
-2.95147
-3.51691
-3.3126
-2.96617
-2.84703
-0.640425
-0.585961
-0.511181
-0.428179
-0.33991
-0.249078
-0.160413
-0.082657
-0.0356151
-0.0816631
-0.374077
-0.701933
-0.755564
-1.09596
-1.93423
-3.37817
-4.6481
-4.46868
-3.88204
-3.56715
-0.656431
-0.600228
-0.523368
-0.437961
-0.346826
-0.252389
-0.15843
-0.0716437
-0.00512068
0.00962627
-0.0758877
-0.153437
-0.249536
-0.582904
-1.29362
-2.32405
-3.14117
-3.10995
-2.7364
-2.52036
-0.674892
-0.616865
-0.537644
-0.449626
-0.355473
-0.257251
-0.15799
-0.0625878
0.0223876
0.0875923
0.135098
0.192484
0.158083
-0.00130569
-0.28768
-0.60942
-0.84489
-0.860902
-0.77662
-0.736804
-0.696087
-0.636053
-0.554184
-0.463329
-0.366061
-0.264118
-0.159703
-0.0556747
0.0456143
0.147284
0.263672
0.383708
0.427643
0.414709
0.36181
0.322835
0.339831
0.38265
0.404403
0.408927
-0.719858
-0.657787
-0.572956
-0.479144
-0.378616
-0.272756
-0.163276
-0.0514024
0.0632807
0.189934
0.338914
0.486059
0.582624
0.648954
0.702856
0.759672
0.820539
0.868623
0.891122
0.894437
-0.745325
-0.681297
-0.593537
-0.496552
-0.392675
-0.283073
-0.168864
-0.0500513
0.0753069
0.218689
0.383612
0.542562
0.665553
0.764301
0.848047
0.922288
0.986836
1.03465
1.05971
1.06464
-0.771754
-0.706035
-0.615096
-0.514953
-0.407751
-0.294483
-0.17585
-0.0513956
0.0820086
0.236267
0.408172
0.569157
0.700036
0.805405
0.891981
0.964183
1.02308
1.06722
1.09298
1.09863
-0.797107
-0.72973
-0.636366
-0.532942
-0.422523
-0.305951
-0.183617
-0.0547118
0.0848524
0.245133
0.418463
0.575599
0.704335
0.807065
0.888978
0.954571
1.00719
1.04701
1.0732
1.07883
-0.818069
-0.750138
-0.654776
-0.548653
-0.435485
-0.316195
-0.19098
-0.0586585
0.0848391
0.247852
0.418918
0.569213
0.691623
0.788834
0.865567
0.926341
0.974548
1.01199
1.03493
1.04144
-0.831861
-0.764396
-0.667614
-0.559381
-0.444398
-0.323341
-0.196267
-0.0620139
0.0829949
0.246175
0.411938
0.554566
0.669645
0.760981
0.833252
0.890534
0.93605
0.97165
0.993662
1.00032
-0.834449
-0.767978
-0.671447
-0.56231
-0.446518
-0.325119
-0.197892
-0.0637824
0.0803133
0.239947
0.398766
0.533304
0.640825
0.726598
0.794847
0.8492
0.892606
0.926559
0.94807
0.954935
-0.819092
-0.75577
-0.661433
-0.553216
-0.439042
-0.319564
-0.194508
-0.0631053
0.0771062
0.230424
0.380011
0.505587
0.605352
0.685442
0.749755
0.801383
0.842976
0.875424
0.896764
0.903943
-0.778073
-0.720233
-0.631675
-0.527715
-0.418191
-0.303991
-0.184751
-0.0596296
0.073398
0.217353
0.355587
0.470803
0.561975
0.6356
0.695431
0.744016
0.783424
0.814728
0.835687
0.843292
-0.706697
-0.658312
-0.575937
-0.481213
-0.381178
-0.276638
-0.167281
-0.0523115
0.0697261
0.200911
0.325737
0.428042
0.508928
0.574207
0.627707
0.67185
0.707812
0.736557
0.757367
0.764896
-0.596227
-0.560648
-0.49114
-0.411007
-0.326099
-0.23628
-0.141128
-0.0402127
0.0672895
0.182416
0.290714
0.377831
0.445701
0.499424
0.542635
0.57822
0.607693
0.63089
0.646532
0.651474
-0.430353
-0.412808
-0.369476
-0.314234
-0.252479
-0.183418
-0.107287
-0.02365
0.0677251
0.167014
0.260643
0.335198
0.392247
0.436329
0.470454
0.49648
0.516208
0.532091
0.544193
0.547649
-0.260731
-0.255333
-0.235544
-0.206705
-0.169388
-0.123206
-0.0677475
-0.0028937
0.0713205
0.154429
0.233811
0.296787
0.344136
0.379291
0.405015
0.42377
0.437299
0.446093
0.450881
0.451949
-0.13425
-0.132441
-0.125142
-0.112081
-0.0924102
-0.0646066
-0.0272344
0.0203873
0.0783099
0.145798
0.211465
0.263414
0.301746
0.3295
0.34913
0.362262
0.370373
0.375134
0.377552
0.377895
-0.0513473
-0.0518984
-0.0508591
-0.0456094
-0.0348885
-0.0176504
0.00744807
0.0417359
0.0858517
0.139368
0.192612
0.234826
0.265552
0.287079
0.301485
0.310778
0.316486
0.319521
0.320596
0.320639
-0.00269918
-0.00338758
-0.00374122
-0.00178939
0.00405213
0.0151504
0.032759
0.0579753
0.0916085
0.133601
0.17605
0.209752
0.234062
0.250938
0.262211
0.269286
0.273284
0.27521
0.275859
0.275887
0.0265362
0.0262494
0.0262159
0.027641
0.0314978
0.038892
0.0511931
0.0697001
0.0952994
0.128086
0.161731
0.188541
0.207808
0.221009
0.229589
0.234856
0.237861
0.239351
0.239888
0.239932
0.0457444
0.0456348
0.0457211
0.0468193
0.0496654
0.0551074
0.064158
0.0779281
0.0973785
0.122816
0.149255
0.170381
0.185486
0.195765
0.20244
0.206538
0.20885
0.209977
0.210384
0.210419
0.0581615
0.0581463
0.0583319
0.0592471
0.0614033
0.0654561
0.0722397
0.0826745
0.0975773
0.1173
0.137996
0.154589
0.166449
0.174504
0.179707
0.182883
0.184677
0.185554
0.185881
0.185909
0.0659486
0.0659759
0.0662036
0.0669857
0.0686937
0.0718133
0.0769766
0.0849271
0.0963692
0.11166
0.127819
0.140808
0.150088
0.156375
0.160429
0.162904
0.1643
0.164987
0.165239
0.165258
0.0703842
0.0704218
0.0706411
0.0712882
0.072636
0.0750547
0.0790308
0.0851443
0.0939689
0.105824
0.118415
0.128562
0.135811
0.140719
0.143883
0.145811
0.146898
0.147431
0.147625
0.147638
0.072306
0.0723431
0.0725345
0.0730589
0.0741228
0.0760051
0.0790792
0.083799
0.0906198
0.0998165
0.109622
0.117535
0.123192
0.127021
0.129485
0.130983
0.131825
0.132236
0.132385
0.132394
0.0722999
0.0723322
0.0724906
0.072909
0.0737437
0.0752101
0.0775946
0.0812482
0.0865315
0.0936683
0.101295
0.10746
0.111866
0.114848
0.116765
0.117931
0.118584
0.118901
0.119013
0.119018
0.0708021
0.0708285
0.0709551
0.0712845
0.0719371
0.073078
0.0749286
0.077761
0.0818569
0.0873978
0.0933292
0.0981275
0.101557
0.103876
0.105365
0.106268
0.106773
0.107017
0.107102
0.107106
0.0681447
0.0681661
0.0682667
0.068525
0.0690335
0.0699202
0.0713568
0.073554
0.0767305
0.0810305
0.0856375
0.0893666
0.0920335
0.0938369
0.0949953
0.0956965
0.0960862
0.0962719
0.0963356
0.0963377
0.0645893
0.0646059
0.0646842
0.064885
0.0652809
0.0659702
0.0670848
0.0687879
0.0712505
0.0745871
0.0781654
0.0810635
0.0831352
0.0845335
0.0854295
0.0859709
0.0862718
0.0864155
0.0864649
0.0864661
0.0603346
0.0603476
0.0604088
0.060565
0.0608719
0.0614058
0.0622693
0.0635893
0.0654987
0.0680858
0.0708602
0.0731064
0.0747113
0.075795
0.0764892
0.0769083
0.0771403
0.0772505
0.077287
0.0772877
0.0555397
0.0555496
0.0555965
0.0557169
0.0559539
0.0563669
0.0570351
0.0580564
0.0595333
0.0615341
0.0636824
0.0654211
0.0666626
0.0675012
0.068039
0.0683628
0.0685406
0.0686237
0.0686511
0.0686512
0.0503249
0.0503324
0.0503681
0.0504606
0.0506436
0.0509621
0.0514771
0.0522649
0.0534049
0.0549503
0.0566097
0.0579535
0.0589128
0.0595595
0.0599713
0.0602177
0.0603534
0.0604168
0.0604375
0.0604372
0.0447873
0.0447929
0.0448199
0.04489
0.0450292
0.0452729
0.0456684
0.046273
0.0471487
0.0483366
0.0496104
0.0506422
0.0513793
0.0518747
0.0521901
0.05238
0.0524838
0.0525317
0.052547
0.0525466
0.0389991
0.0390032
0.0390232
0.0390761
0.0391813
0.0393669
0.039669
0.0401313
0.0407997
0.0417057
0.0426777
0.0434633
0.0440218
0.044397
0.0446367
0.0447805
0.0448597
0.0448967
0.0449084
0.0449081
0.0330201
0.0330229
0.0330377
0.033078
0.0331574
0.0332965
0.0335227
0.0338694
0.034372
0.0350538
0.0357846
0.0363756
0.0367977
0.0370813
0.037262
0.0373692
0.0374266
0.0374526
0.037458
0.0374576
0.0268978
0.0268995
0.0269097
0.026938
0.0269957
0.0270982
0.0272647
0.0275194
0.0278888
0.028391
0.0289311
0.0293676
0.0296783
0.029885
0.0300144
0.0300914
0.0301326
0.0301503
0.0301533
0.0301533
0.0206681
0.0206688
0.0206747
0.0206937
0.0207344
0.0208068
0.0209243
0.021105
0.021367
0.0217225
0.0221033
0.0224096
0.0226261
0.0227713
0.0228623
0.0229146
0.0229412
0.0229516
0.0229539
0.0229541
0.0143609
0.0143615
0.0143656
0.0143786
0.0144057
0.0144523
0.014528
0.0146447
0.0148145
0.0150449
0.0152932
0.0154925
0.0156347
0.0157297
0.015788
0.0158197
0.0158349
0.0158396
0.015839
0.015839
0.00799855
0.00799899
0.00800237
0.00801023
0.0080241
0.00804883
0.00808954
0.00815163
0.00824064
0.00836112
0.00849516
0.0085998
0.00867365
0.00872175
0.00875254
0.0087708
0.00877811
0.00877746
0.00877495
0.00877496
0.00160301
0.00160215
0.00159939
0.00159817
0.0015997
0.00160379
0.0016104
0.0016207
0.00163632
0.00165822
0.0016854
0.00171126
0.00172914
0.00174139
0.00174979
0.0017545
0.00175663
0.00175748
0.00175692
0.00175597
-0.94315
-0.605847
-0.268333
-0.00373628
0.203836
0.370407
0.513188
0.637182
0.696608
0.672049
-0.367521
-0.163951
0.03473
0.202677
0.343414
0.46112
0.557842
0.627376
0.6613
0.663923
-0.0121339
0.113916
0.239116
0.349458
0.444309
0.523723
0.586716
0.630321
0.657055
0.666837
0.21431
0.295829
0.378849
0.454066
0.52014
0.575742
0.6195
0.65082
0.672401
0.683988
0.371647
0.426351
0.485658
0.540914
0.588709
0.628694
0.660485
0.684898
0.703081
0.715914
0.489001
0.529606
0.574703
0.616126
0.652841
0.684605
0.711457
0.733144
0.748713
0.762845
0.584567
0.616977
0.655199
0.690555
0.723368
0.752569
0.777186
0.796838
0.810107
0.825487
0.672576
0.705005
0.74195
0.776868
0.808394
0.835944
0.859144
0.877265
0.888881
0.905195
0.767794
0.804093
0.843366
0.878442
0.90963
0.936471
0.958571
0.975259
0.986037
1.00318
0.88407
0.923979
0.963901
0.999258
1.02905
1.05413
1.07448
1.09003
1.10109
1.11923
1.03
1.07025
1.1064
1.1375
1.16352
1.1858
1.20499
1.2205
1.23303
1.2511
1.20542
1.238
1.26416
1.28676
1.30705
1.32593
1.34365
1.36035
1.37623
1.39441
1.39363
1.41158
1.42735
1.44396
1.46016
1.47482
1.48793
1.50196
1.51919
1.53882
1.57582
1.58665
1.59892
1.60989
1.61929
1.62888
1.6397
1.65131
1.66131
1.67651
1.78648
1.78849
1.77345
1.7585
1.75228
1.75794
1.77664
1.80705
1.83911
1.86981
2.09298
1.95606
1.87965
1.83711
1.81953
1.82379
1.85099
1.90719
2.0109
2.22627
0.359984
0.356771
0.351262
0.342063
0.329739
0.318036
0.308446
0.30116
0.295991
0.292923
0.292406
0.294656
0.299068
0.305475
0.314037
0.324861
0.337237
0.348551
0.355436
0.359854
0.276973
0.283046
0.290889
0.297068
0.300868
0.30153
0.299593
0.296313
0.293062
0.290777
0.290395
0.292267
0.295423
0.299025
0.301941
0.302781
0.30058
0.295496
0.288569
0.280818
0.269672
0.271835
0.276388
0.280519
0.283417
0.285447
0.28654
0.286737
0.286264
0.285763
0.285814
0.286493
0.287387
0.287839
0.287401
0.285941
0.283567
0.280129
0.275562
0.27195
0.270507
0.271084
0.273437
0.276491
0.279094
0.280946
0.28215
0.282781
0.282956
0.28292
0.283093
0.283584
0.283925
0.283785
0.28302
0.281682
0.279527
0.276738
0.273867
0.272416
0.270455
0.270609
0.271201
0.272193
0.273267
0.274547
0.275792
0.276763
0.27741
0.277829
0.278166
0.278387
0.278333
0.277873
0.276978
0.275816
0.274748
0.273775
0.272959
0.27263
0.268185
0.268257
0.268659
0.269353
0.270117
0.270899
0.27165
0.272355
0.272984
0.273516
0.273939
0.274201
0.274182
0.273913
0.273471
0.2729
0.272244
0.271575
0.271045
0.270848
0.265271
0.265299
0.265452
0.265766
0.266193
0.266733
0.267363
0.268041
0.268719
0.269367
0.26992
0.270223
0.270253
0.270074
0.269765
0.269399
0.269057
0.268757
0.268555
0.268485
0.261623
0.261643
0.261734
0.261922
0.262195
0.262561
0.263023
0.263582
0.26422
0.264911
0.26557
0.266032
0.266243
0.266269
0.266192
0.266066
0.265923
0.26579
0.265696
0.26566
0.257607
0.257618
0.257689
0.257831
0.258046
0.258351
0.258766
0.259306
0.259975
0.260763
0.261581
0.262219
0.262599
0.262786
0.262854
0.262854
0.262823
0.262782
0.26275
0.262735
0.25332
0.253327
0.253382
0.2535
0.253687
0.253968
0.254372
0.254929
0.255664
0.256583
0.2576
0.258456
0.259034
0.259393
0.259604
0.259718
0.259774
0.259796
0.259802
0.2598
0.248766
0.248769
0.248823
0.248935
0.249123
0.249415
0.249851
0.250475
0.251328
0.252438
0.253714
0.254838
0.25563
0.25617
0.256513
0.256725
0.25685
0.256918
0.256951
0.256957
0.243918
0.243919
0.243974
0.244097
0.244306
0.244639
0.245144
0.245881
0.246911
0.248278
0.249888
0.251342
0.2524
0.253128
0.253611
0.25392
0.25411
0.254219
0.254274
0.254288
0.238731
0.238731
0.238795
0.238938
0.239185
0.239584
0.240196
0.241098
0.242372
0.244082
0.246119
0.247979
0.249348
0.250306
0.250949
0.251365
0.251623
0.251775
0.251853
0.251873
0.233126
0.233125
0.233203
0.233379
0.233685
0.23418
0.234942
0.23607
0.237669
0.239825
0.242405
0.244775
0.246528
0.247759
0.248589
0.24913
0.249468
0.249667
0.24977
0.249798
0.227002
0.227
0.227099
0.227321
0.227708
0.228332
0.229296
0.230724
0.23275
0.235481
0.238755
0.241762
0.24399
0.245558
0.246617
0.247307
0.247739
0.247995
0.248127
0.248163
0.220218
0.220216
0.220343
0.220628
0.221122
0.221921
0.223152
0.224973
0.227553
0.231026
0.235179
0.238988
0.241807
0.24379
0.24513
0.246005
0.246552
0.246876
0.247043
0.247088
0.212587
0.212584
0.212749
0.213118
0.213757
0.214787
0.216371
0.218707
0.222006
0.22643
0.231697
0.236512
0.240067
0.242566
0.244254
0.245354
0.246043
0.246451
0.246663
0.24672
0.203855
0.203852
0.204069
0.204551
0.205385
0.206724
0.208775
0.211789
0.216022
0.221665
0.228342
0.234414
0.238884
0.242021
0.244139
0.24552
0.246385
0.246897
0.247163
0.247233
0.193678
0.193676
0.193966
0.194605
0.195705
0.197462
0.200139
0.204048
0.209499
0.216705
0.225158
0.232795
0.238398
0.242325
0.244976
0.246704
0.247785
0.248427
0.248758
0.248846
0.181579
0.181578
0.181975
0.182839
0.18431
0.18664
0.190168
0.195275
0.202323
0.211528
0.222205
0.231775
0.238771
0.24367
0.24698
0.24914
0.250495
0.251299
0.251715
0.251824
0.166874
0.166878
0.16744
0.168636
0.17064
0.173781
0.178491
0.185222
0.194373
0.206133
0.219569
0.231499
0.240193
0.246286
0.250413
0.253114
0.254815
0.255831
0.256359
0.256495
0.148559
0.148581
0.149415
0.151125
0.153918
0.158244
0.164642
0.173615
0.185549
0.200546
0.217358
0.232123
0.242864
0.250419
0.255567
0.258958
0.261111
0.262411
0.263096
0.263272
0.125102
0.125183
0.1265
0.129042
0.133072
0.139228
0.148122
0.160227
0.175824
0.19486
0.215715
0.233815
0.246977
0.256306
0.262739
0.267034
0.269799
0.271502
0.272425
0.272669
0.0939546
0.094206
0.0964616
0.100488
0.106691
0.115875
0.128554
0.145018
0.165348
0.189289
0.214836
0.236733
0.252681
0.264128
0.272183
0.277699
0.281344
0.283652
0.284948
0.285309
0.050343
0.0510573
0.0555244
0.0627449
0.0731964
0.0875378
0.105882
0.128248
0.154485
0.184155
0.214935
0.240986
0.26002
0.273911
0.283977
0.291154
0.296144
0.299481
0.301471
0.302009
-0.0141801
-0.0116715
-0.00122453
0.0132586
0.0318417
0.0543805
0.0806467
0.110519
0.143717
0.179755
0.216105
0.246491
0.268778
0.285341
0.29775
0.307069
0.314033
0.319204
0.322642
0.323271
-0.0928802
-0.087192
-0.0674404
-0.0411484
-0.0120931
0.0198057
0.0546323
0.0923829
0.132896
0.175849
0.218609
0.254386
0.281039
0.301423
0.317341
0.329991
0.340212
0.348565
0.353634
0.355741
-0.171662
-0.158507
-0.128739
-0.0925094
-0.0538539
-0.0130049
0.0300305
0.0753296
0.122892
0.172569
0.221668
0.262765
0.293554
0.317344
0.336207
0.35145
0.363899
0.374129
0.38145
0.385294
-0.227004
-0.213011
-0.178438
-0.135888
-0.0903635
-0.0425545
0.00738765
0.0593588
0.11328
0.169028
0.223709
0.269225
0.303159
0.32918
0.349544
0.365698
0.378603
0.388956
0.396311
0.399909
-0.269303
-0.255109
-0.217157
-0.170559
-0.120512
-0.0677238
-0.0125756
0.0446965
0.103914
0.164916
0.224533
0.273907
0.310387
0.338007
0.35931
0.375973
0.389109
0.399495
0.406923
0.410536
-0.301918
-0.287947
-0.248339
-0.198951
-0.145616
-0.0891909
-0.0300271
0.0315277
0.0951777
0.160717
0.224696
0.277499
0.316224
0.345227
0.367319
0.384368
0.397651
0.408031
0.415492
0.419098
-0.32867
-0.314841
-0.274118
-0.222856
-0.167119
-0.107848
-0.0455291
0.019407
0.086668
0.156071
0.224012
0.280123
0.321092
0.351513
0.374426
0.391908
0.405377
0.415801
0.423337
0.426944
-0.351498
-0.337705
-0.296091
-0.243445
-0.185944
-0.124554
-0.0597953
0.00784204
0.0780659
0.150823
0.2225
0.281998
0.32541
0.357444
0.381335
0.399356
0.413096
0.423614
0.43124
0.434838
-0.371585
-0.357808
-0.315362
-0.261599
-0.202707
-0.139669
-0.0730507
-0.00335315
0.0692069
0.144817
0.220076
0.283191
0.32942
0.363406
0.38853
0.407273
0.421392
0.432089
0.439784
0.443425
-0.389632
-0.375788
-0.332746
-0.277957
-0.217939
-0.153607
-0.0855961
-0.0143964
0.0598973
0.137863
0.21657
0.283666
0.333244
0.369661
0.396381
0.416082
0.430725
0.441674
0.449478
0.453143
-0.406135
-0.392116
-0.348496
-0.292839
-0.231897
-0.166593
-0.0975902
-0.0254129
0.0500015
0.129764
0.211772
0.283295
0.336902
0.376389
0.405176
0.426151
0.441514
0.452819
0.460807
0.464504
-0.421288
-0.407108
-0.362774
-0.306491
-0.244762
-0.178736
-0.109108
-0.0364511
0.0394519
0.120359
0.205416
0.281859
0.340337
0.383682
0.415147
0.437798
0.454134
0.465938
0.474116
0.477838
-0.435308
-0.420931
-0.375881
-0.318964
-0.256642
-0.190101
-0.120176
-0.0475142
0.0282227
0.109519
0.197223
0.279056
0.343385
0.391565
0.426454
0.451294
0.468903
0.481385
0.489831
0.493576
-0.448218
-0.433602
-0.388041
-0.330432
-0.267594
-0.200693
-0.130755
-0.0585411
0.0163424
0.097157
0.186902
0.274536
0.345806
0.399982
0.439221
0.466862
0.486115
0.499473
0.50829
0.512119
-0.460206
-0.445264
-0.399182
-0.340954
-0.277648
-0.210519
-0.140786
-0.0694367
0.00390953
0.0832399
0.174187
0.267897
0.347291
0.408804
0.453488
0.484695
0.506037
0.520517
0.52981
0.533759
-0.471238
-0.456092
-0.409325
-0.350555
-0.286821
-0.21956
-0.150208
-0.0800703
-0.00895392
0.0678038
0.158833
0.2587
0.347479
0.417833
0.469243
0.504872
0.528817
0.544662
0.554555
0.558563
-0.481476
-0.46605
-0.418598
-0.359275
-0.295138
-0.227799
-0.158958
-0.0903112
-0.0220445
0.0509405
0.140642
0.246498
0.345937
0.426854
0.48628
0.527234
0.554442
0.572009
0.582624
0.586624
-0.490836
-0.475137
-0.427025
-0.367147
-0.302622
-0.235223
-0.166975
-0.100033
-0.0351655
0.032835
0.11948
0.230835
0.342287
0.435437
0.504089
0.551502
0.582774
0.602438
0.613787
0.617621
-0.499513
-0.483511
-0.434692
-0.374242
-0.309319
-0.241861
-0.174216
-0.109111
-0.0481016
0.0137156
0.0952975
0.211196
0.336113
0.44314
0.522277
0.577153
0.613517
0.635897
0.647272
0.650147
-0.507527
-0.491154
-0.441661
-0.380598
-0.315259
-0.247726
-0.180654
-0.117431
-0.060627
-0.00615876
0.0681026
0.187188
0.326962
0.449729
0.540104
0.603148
0.646204
0.673153
0.684089
0.682772
-0.515007
-0.498281
-0.447957
-0.386256
-0.320504
-0.252854
-0.186286
-0.124922
-0.0725348
-0.0264783
0.0380362
0.158202
0.314343
0.455098
0.557362
0.627457
0.677449
0.712699
0.728428
0.716489
-0.522001
-0.504905
-0.453634
-0.391306
-0.325181
-0.257376
-0.191248
-0.131742
-0.0840846
-0.0479596
0.00313794
0.121281
0.296249
0.459561
0.573858
0.648369
0.702428
0.746691
0.771174
0.771871
-0.528538
-0.511049
-0.458647
-0.395786
-0.329361
-0.261345
-0.195541
-0.137824
-0.0950757
-0.0703761
-0.0373065
0.0741179
0.270311
0.463209
0.590616
0.65965
0.704008
0.73804
0.733806
0.669989
-0.534327
-0.5164
-0.462839
-0.399868
-0.333143
-0.264911
-0.199239
-0.143056
-0.105283
-0.0933772
-0.0835765
0.0130663
0.234197
0.467883
0.605906
0.649095
0.67149
0.674455
0.615465
0.535079
-0.541668
-0.521141
-0.465549
-0.403609
-0.33645
-0.267908
-0.202599
-0.147403
-0.114689
-0.116959
-0.135655
-0.0614293
0.187159
0.467305
0.617815
0.64986
0.61076
0.56128
0.469273
0.374499
-0.508132
-0.491839
-0.440294
-0.375081
-0.306389
-0.238213
-0.175948
-0.132326
-0.124005
-0.16684
-0.194494
-0.0470974
0.290334
0.566974
0.68333
0.568308
0.46914
0.368481
0.260333
0.190925
-0.522279
-0.508032
-0.471102
-0.409581
-0.342005
-0.272674
-0.206565
-0.152432
-0.124997
-0.147558
-0.220003
-0.221888
0.0258348
0.423811
0.636203
0.613451
0.432038
0.286177
0.186654
0.0645484
-0.532091
-0.514594
-0.473159
-0.41047
-0.342789
-0.273119
-0.207244
-0.15414
-0.130792
-0.168114
-0.28667
-0.369914
-0.123296
0.33263
0.547668
0.419464
0.161788
-0.00543439
-0.127445
-0.253743
-0.544269
-0.52754
-0.478904
-0.414973
-0.346144
-0.275308
-0.208415
-0.155036
-0.134652
-0.188185
-0.365543
-0.602579
-0.379311
0.159106
0.33702
0.121368
-0.144524
-0.330794
-0.493166
-0.666676
-0.557375
-0.539579
-0.48649
-0.420486
-0.350071
-0.277831
-0.20954
-0.155235
-0.136271
-0.2024
-0.444975
-0.903945
-0.8077
-0.173502
-0.0209635
-0.255651
-0.525689
-0.740893
-0.94447
-1.24855
-0.568166
-0.549794
-0.493822
-0.425717
-0.353474
-0.27965
-0.209753
-0.154043
-0.135321
-0.211198
-0.53189
-1.26313
-1.35426
-0.620936
-0.457047
-0.667237
-0.945354
-1.22127
-1.50312
-2.10026
-0.577598
-0.559048
-0.500979
-0.431014
-0.356884
-0.281198
-0.209259
-0.151379
-0.131055
-0.212235
-0.608196
-1.59589
-1.85095
-1.09382
-0.907623
-1.04223
-1.31358
-1.6582
-1.99369
-2.82517
-0.586448
-0.567884
-0.508281
-0.436616
-0.360554
-0.282748
-0.208337
-0.147461
-0.12351
-0.204663
-0.652291
-1.84924
-2.20771
-1.47881
-1.2844
-1.36443
-1.5499
-1.82553
-2.04255
-2.1242
-0.595594
-0.576987
-0.516
-0.442684
-0.364639
-0.284475
-0.20716
-0.142297
-0.112538
-0.186283
-0.645167
-1.93205
-2.32828
-1.69883
-1.56317
-1.65606
-1.70202
-1.73435
-1.89568
-1.96963
-0.605582
-0.586706
-0.524342
-0.449339
-0.369205
-0.286489
-0.20582
-0.1361
-0.098257
-0.155467
-0.578067
-1.77066
-2.14211
-1.70008
-1.73047
-1.92196
-1.9867
-1.62899
-1.60803
-1.82115
-0.616719
-0.597476
-0.533626
-0.456821
-0.374479
-0.289004
-0.204575
-0.129275
-0.0810006
-0.113819
-0.449642
-1.36634
-1.66268
-1.48317
-1.74956
-2.25505
-2.70449
-2.46505
-2.31505
-2.3045
-0.629583
-0.609771
-0.544244
-0.465465
-0.380757
-0.292319
-0.20386
-0.122315
-0.0623564
-0.0644516
-0.278573
-0.836554
-1.04081
-1.09217
-1.60093
-2.57292
-3.97099
-4.323
-3.91106
-3.4466
-0.644383
-0.623925
-0.55657
-0.475617
-0.388386
-0.296823
-0.204152
-0.116089
-0.0433138
-0.0124528
-0.100676
-0.330363
-0.445692
-0.626244
-1.2231
-2.33022
-3.81741
-4.25218
-3.82588
-3.35558
-0.661771
-0.640353
-0.570956
-0.487604
-0.397686
-0.302861
-0.205806
-0.110961
-0.0258423
0.0362212
0.0509541
0.0385807
0.0288525
-0.130903
-0.50226
-1.08725
-1.69019
-1.94506
-1.80777
-1.64602
-0.681677
-0.659357
-0.587676
-0.50168
-0.408876
-0.310652
-0.209319
-0.107978
-0.0109092
0.0782784
0.161042
0.25944
0.321805
0.281746
0.168437
0.0121338
-0.102812
-0.113513
-0.0767751
-0.0598779
-0.704493
-0.681042
-0.60681
-0.517931
-0.422135
-0.320492
-0.214792
-0.106991
0.00100278
0.111134
0.233879
0.379106
0.487927
0.535588
0.556156
0.572263
0.612727
0.665951
0.701132
0.70815
-0.729275
-0.705449
-0.628121
-0.536207
-0.437166
-0.331975
-0.222027
-0.108379
0.00909408
0.134837
0.281203
0.445558
0.580113
0.677206
0.757798
0.829429
0.897696
0.956022
0.992784
1.00427
-0.755463
-0.731672
-0.650882
-0.555829
-0.453533
-0.344916
-0.230866
-0.111853
0.0132449
0.150392
0.310548
0.482121
0.627386
0.741872
0.836698
0.917064
0.986114
1.04148
1.07789
1.09228
-0.781773
-0.757303
-0.673887
-0.575834
-0.470311
-0.358301
-0.240453
-0.116983
0.0140404
0.158983
0.326664
0.497931
0.643324
0.760316
0.854402
0.930725
0.992828
1.04222
1.07722
1.09292
-0.806073
-0.781235
-0.696015
-0.594479
-0.485923
-0.370909
-0.249905
-0.122847
0.0127465
0.162787
0.332883
0.500394
0.640189
0.752579
0.841576
0.912251
0.968689
1.01365
1.04684
1.0621
-0.824809
-0.800769
-0.713005
-0.609357
-0.498349
-0.381013
-0.257701
-0.128095
0.0103652
0.16355
0.331474
0.49313
0.625581
0.731495
0.815261
0.881556
0.934281
0.976326
1.00837
1.02452
-0.834562
-0.811798
-0.7227
-0.617309
-0.504858
-0.38633
-0.261948
-0.131275
0.0079604
0.160139
0.325356
0.479055
0.603549
0.7029
0.781775
0.844504
0.894599
0.934519
0.965881
0.981582
-0.830037
-0.809202
-0.720632
-0.614799
-0.502504
-0.384278
-0.260759
-0.131139
0.00630851
0.155309
0.313586
0.458913
0.574967
0.667799
0.74198
0.801492
0.849432
0.88793
0.91887
0.934213
-0.804611
-0.787222
-0.700364
-0.596893
-0.487121
-0.372242
-0.2524
-0.126866
0.00571616
0.148214
0.297386
0.432497
0.539618
0.625375
0.694513
0.750637
0.796506
0.834076
0.864748
0.879665
-0.751074
-0.736394
-0.655727
-0.557878
-0.455029
-0.347309
-0.23494
-0.117382
0.00662319
0.139222
0.276517
0.399184
0.495963
0.573486
0.636427
0.688082
0.731236
0.767801
0.79842
0.813704
-0.658764
-0.644201
-0.578232
-0.493794
-0.403104
-0.307547
-0.207308
-0.101754
0.0099393
0.129124
0.251483
0.359127
0.44317
0.510016
0.564141
0.608521
0.645808
0.678693
0.70741
0.724789
-0.520878
-0.511478
-0.46704
-0.401505
-0.329471
-0.252153
-0.168901
-0.0795179
0.0165264
0.119794
0.225708
0.317662
0.388021
0.442574
0.48543
0.519502
0.546416
0.56736
0.584393
0.595924
-0.341891
-0.33961
-0.318359
-0.281756
-0.236788
-0.183352
-0.121797
-0.051793
0.0267558
0.113815
0.204562
0.283511
0.3434
0.3889
0.423305
0.448844
0.467807
0.482186
0.492408
0.49716
-0.191277
-0.190771
-0.182934
-0.167009
-0.143775
-0.112218
-0.0713292
-0.0204817
0.0404507
0.111135
0.186759
0.252874
0.302387
0.338897
0.365412
0.38447
0.397579
0.405764
0.410372
0.41232
-0.0874539
-0.0881108
-0.0861869
-0.0803006
-0.0689117
-0.0510947
-0.0251998
0.0101296
0.0556496
0.111246
0.172638
0.226906
0.267226
0.29642
0.316849
0.330397
0.338911
0.344071
0.346779
0.347603
-0.0233448
-0.023902
-0.0248527
-0.0235776
-0.0182628
-0.0075178
0.00976365
0.0348023
0.0686743
0.111786
0.160732
0.20442
0.23668
0.259541
0.275124
0.285391
0.29176
0.295224
0.296673
0.296969
0.0136432
0.0133288
0.0128035
0.0133338
0.01626
0.0228307
0.0344689
0.0525079
0.0779603
0.111314
0.149978
0.184789
0.210458
0.228574
0.240814
0.248616
0.253226
0.255689
0.256761
0.25703
0.0372225
0.0370734
0.036898
0.0374369
0.0396206
0.0443072
0.0525508
0.065596
0.0846143
0.110271
0.140615
0.168166
0.188452
0.202616
0.212032
0.217995
0.221542
0.223441
0.224263
0.22448
0.0526873
0.0526168
0.0525866
0.0530704
0.0547056
0.0581671
0.0643027
0.0740885
0.0885045
0.108242
0.131914
0.153562
0.169498
0.180603
0.187981
0.192633
0.195373
0.196831
0.197462
0.197634
0.0625661
0.0625347
0.062605
0.063086
0.0644094
0.06706
0.0716842
0.0790802
0.0900795
0.105301
0.123746
0.140708
0.153207
0.1619
0.167651
0.171265
0.173397
0.174536
0.175034
0.17517
0.0685465
0.0685311
0.0686311
0.0690634
0.0701326
0.0722036
0.0757645
0.0814276
0.0898657
0.10162
0.115965
0.129215
0.138989
0.145781
0.15027
0.15309
0.154751
0.155636
0.156021
0.156124
0.0716327
0.0716247
0.0717253
0.0720936
0.0729505
0.0745689
0.0773224
0.0816878
0.0881957
0.097291
0.108444
0.118779
0.126408
0.13171
0.135211
0.137407
0.138699
0.139385
0.139683
0.139762
0.0725252
0.0725207
0.0726088
0.0729103
0.0735901
0.0748568
0.076995
0.0803722
0.0854047
0.0924494
0.101117
0.109169
0.115117
0.119251
0.121979
0.123688
0.12469
0.125221
0.125449
0.125508
0.0717229
0.0717203
0.0717934
0.0720349
0.0725699
0.0735584
0.0752203
0.0778378
0.0817359
0.0872004
0.0939352
0.100202
0.104834
0.108051
0.110172
0.111499
0.112277
0.112688
0.112862
0.112906
0.0696071
0.0696054
0.0696638
0.0698541
0.0702726
0.0710424
0.0723328
0.0743642
0.0773876
0.0816261
0.0868578
0.0917309
0.0953336
0.0978361
0.0994864
0.100518
0.10112
0.101436
0.101569
0.101601
0.0664705
0.0664693
0.0665158
0.0666651
0.0669915
0.0675905
0.068593
0.0701684
0.0725118
0.0757993
0.0798607
0.0836467
0.0864484
0.0883935
0.089673
0.0904715
0.0909375
0.0911812
0.0912829
0.0913078
0.0625427
0.0625418
0.0625779
0.0626937
0.0629471
0.0634119
0.0641895
0.0654112
0.0672286
0.0697784
0.0729304
0.0758693
0.0780426
0.0795508
0.0805432
0.081161
0.0815202
0.0817079
0.0817856
0.0818042
0.0579999
0.0579991
0.058027
0.0581169
0.0583132
0.0586735
0.0592755
0.0602209
0.0616282
0.0636025
0.0660437
0.0683206
0.0700039
0.0711711
0.071939
0.0724182
0.072697
0.0728417
0.0729012
0.072915
0.0529805
0.0529799
0.0530013
0.0530705
0.053222
0.0534998
0.0539652
0.0546966
0.0557846
0.0573102
0.0591977
0.060959
0.0622603
0.063163
0.063756
0.0641238
0.0643364
0.0644458
0.0644899
0.0645
0.0475931
0.0475925
0.0476086
0.0476616
0.0477783
0.0479928
0.0483508
0.0489125
0.0497493
0.0509254
0.0523801
0.0537368
0.0547399
0.0554359
0.0558915
0.056173
0.0563351
0.0564184
0.0564514
0.0564588
0.0419207
0.04192
0.0419321
0.0419723
0.0420607
0.0422234
0.0424971
0.0429282
0.0435696
0.0444704
0.0455847
0.0466233
0.0473895
0.0479193
0.0482664
0.0484831
0.0486078
0.0486704
0.0486945
0.0486997
0.0360312
0.0360307
0.0360386
0.0360684
0.0361348
0.0362579
0.0364644
0.0367906
0.0372774
0.037961
0.0388065
0.0395944
0.0401744
0.0405755
0.040839
0.041001
0.041093
0.0411388
0.0411569
0.0411613
0.0299756
0.0299751
0.029981
0.0300017
0.0300507
0.0301422
0.0302953
0.0305376
0.0308992
0.0314076
0.0320377
0.0326264
0.033062
0.0333621
0.0335573
0.0336756
0.0337418
0.0337743
0.0337861
0.0337891
0.0237952
0.0237947
0.0237989
0.0238139
0.0238484
0.0239134
0.0240251
0.0242014
0.0244639
0.0248326
0.0252892
0.0257139
0.0260263
0.0262406
0.0263779
0.0264626
0.0265109
0.0265349
0.0265441
0.0265458
0.0175225
0.017522
0.0175242
0.0175343
0.0175582
0.0176033
0.0176797
0.0177998
0.017979
0.0182313
0.018543
0.0188322
0.0190442
0.0191897
0.0192848
0.0193423
0.0193737
0.0193877
0.019391
0.0193905
0.0111859
0.0111856
0.0111872
0.0111934
0.0112077
0.0112349
0.0112804
0.0113518
0.0114589
0.0116092
0.0117986
0.0119742
0.012103
0.0121924
0.0122495
0.0122821
0.0122975
0.0123011
0.0122993
0.0122983
0.00160266
0.00160092
0.00159847
0.00159855
0.00160148
0.00160667
0.00161503
0.00162772
0.0016464
0.00167203
0.00169907
0.00172113
0.00173581
0.00174602
0.00175257
0.0017558
0.00175713
0.00175747
0.00175617
0.00525961
-2.43936
-1.29953
-0.682667
-0.291995
-0.000398468
0.22267
0.397326
0.549983
0.70205
0.808475
-0.864735
-0.508571
-0.226055
0.00756031
0.196933
0.352285
0.481928
0.590088
0.660439
0.673366
-0.281096
-0.0944942
0.0695672
0.217406
0.342758
0.448711
0.536086
0.602591
0.643808
0.662366
0.0471058
0.159816
0.264796
0.361705
0.446048
0.518508
0.577817
0.622242
0.65194
0.668982
0.257406
0.330402
0.400604
0.467675
0.527884
0.579614
0.62162
0.653553
0.676922
0.690924
0.404225
0.454032
0.506676
0.556571
0.601092
0.639166
0.670736
0.696263
0.71641
0.727956
0.516816
0.553125
0.595444
0.63405
0.669712
0.702024
0.73011
0.753432
0.771223
0.780687
0.609367
0.641889
0.678993
0.714862
0.748418
0.778663
0.80472
0.826069
0.841945
0.850254
0.700134
0.734079
0.771759
0.808337
0.841484
0.870656
0.895783
0.916143
0.93057
0.938265
0.802014
0.841207
0.88129
0.919215
0.952136
0.980771
1.00436
1.02298
1.0365
1.04562
0.930462
0.974106
1.01369
1.05029
1.08121
1.10704
1.12882
1.1464
1.15973
1.17079
1.0925
1.13464
1.16893
1.19819
1.22303
1.24485
1.26459
1.28206
1.29702
1.31071
1.2838
1.31347
1.33551
1.35495
1.37327
1.39072
1.40708
1.4229
1.43969
1.45697
1.48106
1.49184
1.50418
1.5188
1.53344
1.54644
1.5578
1.5687
1.58143
1.59678
1.66795
1.67752
1.68728
1.68952
1.69037
1.6947
1.70549
1.72187
1.73913
1.74373
1.97266
1.91371
1.86202
1.82221
1.80001
1.79584
1.80953
1.84333
1.89924
1.97851
0.495024
0.438038
0.395961
0.362884
0.339128
0.322359
0.310508
0.30217
0.296531
0.29331
0.292792
0.295077
0.299792
0.306903
0.317011
0.331206
0.351283
0.379427
0.417471
0.465285
0.298751
0.308308
0.31526
0.316672
0.3136
0.308024
0.302138
0.29706
0.293365
0.291536
0.292465
0.295637
0.300306
0.306043
0.312088
0.316823
0.317927
0.313735
0.304627
0.29714
0.273034
0.275304
0.280945
0.285656
0.289387
0.291837
0.292401
0.29138
0.289726
0.288423
0.288278
0.289479
0.291361
0.293058
0.293557
0.292116
0.289004
0.284849
0.279611
0.274482
0.269895
0.270774
0.274381
0.278311
0.281072
0.282773
0.283835
0.284307
0.284267
0.284071
0.284196
0.284738
0.285264
0.285325
0.284729
0.283494
0.281393
0.27807
0.274043
0.271571
0.271045
0.271273
0.272452
0.274239
0.276066
0.277885
0.279317
0.280205
0.280658
0.280872
0.281129
0.281474
0.281583
0.2812
0.280235
0.278731
0.276981
0.27523
0.273682
0.272995
0.269403
0.26948
0.269951
0.270738
0.271555
0.272416
0.273276
0.274085
0.274739
0.275227
0.275606
0.275823
0.27576
0.275416
0.274834
0.274126
0.273396
0.272659
0.272027
0.271784
0.266856
0.266892
0.267156
0.267651
0.268264
0.268965
0.269701
0.270414
0.271079
0.271682
0.272174
0.272455
0.272448
0.272192
0.271777
0.271256
0.270729
0.27024
0.26989
0.269766
0.263513
0.263528
0.263634
0.263859
0.264179
0.264599
0.265118
0.265721
0.266373
0.267038
0.267638
0.268009
0.268124
0.268059
0.267889
0.267675
0.267462
0.267271
0.267139
0.267092
0.259656
0.25967
0.259751
0.259913
0.260154
0.260486
0.260922
0.261467
0.262115
0.26285
0.263585
0.264135
0.26443
0.264533
0.264526
0.264462
0.264376
0.264292
0.264231
0.264206
0.255498
0.255503
0.255565
0.255691
0.255888
0.256176
0.25658
0.257123
0.257819
0.258666
0.259577
0.260316
0.260792
0.261066
0.261208
0.261269
0.261285
0.26128
0.261269
0.261261
0.251077
0.251085
0.251137
0.251249
0.251434
0.251717
0.252132
0.252717
0.253504
0.25451
0.255649
0.256632
0.257313
0.257762
0.258038
0.258202
0.258294
0.25834
0.258359
0.258362
0.246376
0.246381
0.246436
0.246553
0.246749
0.247058
0.247524
0.248198
0.249132
0.250361
0.251793
0.253074
0.253995
0.254623
0.255035
0.255295
0.255452
0.255542
0.255586
0.255596
0.241366
0.241372
0.241431
0.241562
0.241788
0.24215
0.242704
0.243517
0.244659
0.246186
0.247997
0.249643
0.250849
0.251687
0.252247
0.252608
0.252831
0.25296
0.253026
0.253044
0.235979
0.235985
0.236056
0.236214
0.236488
0.236931
0.237612
0.238619
0.240045
0.241963
0.244255
0.246355
0.247906
0.248994
0.249726
0.250202
0.250499
0.250673
0.250763
0.250787
0.230126
0.230135
0.230223
0.23042
0.230764
0.231318
0.232174
0.233442
0.23524
0.237665
0.240572
0.243242
0.24522
0.24661
0.247549
0.248161
0.248543
0.24877
0.248887
0.248918
0.22369
0.223701
0.223813
0.224064
0.2245
0.225206
0.226295
0.227905
0.23019
0.23327
0.236957
0.240342
0.242849
0.244613
0.245806
0.246583
0.24707
0.247358
0.247507
0.247547
0.216506
0.216519
0.216664
0.216988
0.217549
0.218456
0.219851
0.221912
0.224828
0.228747
0.233424
0.237708
0.240875
0.243102
0.244607
0.245589
0.246203
0.246567
0.246755
0.246806
0.208355
0.208373
0.208562
0.208982
0.209712
0.210885
0.212686
0.215338
0.219074
0.224069
0.23
0.235409
0.239397
0.242198
0.24409
0.245323
0.246095
0.246553
0.24679
0.246854
0.198943
0.198966
0.199216
0.199769
0.200725
0.202257
0.204599
0.208028
0.212831
0.219208
0.226723
0.233536
0.238543
0.242055
0.244426
0.245971
0.246938
0.247511
0.247808
0.247886
0.187865
0.187897
0.188232
0.188967
0.190235
0.192258
0.195329
0.199794
0.20599
0.214136
0.223641
0.232196
0.238462
0.242851
0.245816
0.247748
0.248959
0.249676
0.250046
0.250144
0.174565
0.174611
0.175066
0.17606
0.177769
0.180477
0.184551
0.190408
0.198435
0.208843
0.22083
0.231525
0.239331
0.244799
0.248498
0.250916
0.252432
0.253331
0.253794
0.253916
0.158243
0.158312
0.158941
0.160317
0.162679
0.166379
0.171865
0.179623
0.190064
0.203348
0.218392
0.231679
0.241353
0.248145
0.252759
0.255787
0.257693
0.258821
0.2594
0.259552
0.137684
0.137784
0.138682
0.140676
0.144067
0.14927
0.156801
0.167195
0.180823
0.197721
0.216464
0.232832
0.244735
0.253138
0.258898
0.262715
0.265134
0.266565
0.267294
0.267486
0.110915
0.111063
0.11243
0.115547
0.120681
0.128262
0.138847
0.152931
0.170733
0.192097
0.215206
0.235141
0.249646
0.25999
0.267196
0.272065
0.27521
0.277094
0.278046
0.278293
0.0745132
0.0747733
0.0771948
0.0826301
0.09092
0.102424
0.117635
0.136832
0.15997
0.186679
0.214778
0.238709
0.256164
0.268796
0.27782
0.284132
0.288387
0.291062
0.292455
0.29282
0.0218239
0.0226579
0.0284118
0.0391445
0.0534243
0.0714481
0.0934505
0.11939
0.149004
0.181808
0.215357
0.243574
0.264229
0.279444
0.290666
0.298903
0.304852
0.308974
0.3114
0.312138
-0.0564304
-0.0518638
-0.0357182
-0.0142774
0.00987956
0.0371512
0.0677336
0.101546
0.138368
0.177781
0.217188
0.250086
0.274379
0.292695
0.306749
0.317708
0.32639
0.33324
0.338349
0.341083
-0.139131
-0.129173
-0.0998904
-0.067612
-0.033354
0.00317399
0.0421849
0.0837784
0.12787
0.174232
0.220215
0.25874
0.287583
0.309827
0.327439
0.341745
0.353639
0.363629
0.373204
0.378104
-0.202104
-0.191793
-0.155676
-0.115349
-0.072829
-0.0282378
0.0184564
0.0672414
0.118102
0.170923
0.22292
0.266328
0.298789
0.323817
0.343579
0.359485
0.372491
0.383175
0.39221
0.396333
-0.249846
-0.238884
-0.199348
-0.154145
-0.106092
-0.0555904
-0.00286709
0.0519007
0.108583
0.167034
0.22424
0.27174
0.307003
0.333869
0.354746
0.371236
0.384474
0.395201
0.404066
0.408481
-0.286272
-0.275216
-0.233882
-0.185362
-0.133538
-0.0788298
-0.0215594
0.0379687
0.099509
0.162874
0.224742
0.275866
0.313483
0.341803
0.363514
0.380416
0.393777
0.404447
0.413031
0.417358
-0.315395
-0.304322
-0.262065
-0.211343
-0.156685
-0.0987543
-0.0379276
0.0254119
0.0909552
0.158494
0.224486
0.278939
0.318772
0.348471
0.370961
0.388246
0.40173
0.412388
0.420796
0.425086
-0.339672
-0.328576
-0.285746
-0.23347
-0.176781
-0.116385
-0.0527733
0.01359
0.0824057
0.153549
0.223383
0.28117
0.323324
0.354519
0.377898
0.395649
0.409333
0.420027
0.428298
0.432559
-0.360847
-0.349683
-0.306235
-0.252738
-0.194506
-0.132247
-0.0665002
0.00223327
0.0737006
0.147946
0.221431
0.2827
0.327464
0.360424
0.384894
0.403263
0.417244
0.428047
0.436238
0.440496
-0.379613
-0.368335
-0.324478
-0.26995
-0.210466
-0.14674
-0.079372
-0.00886219
0.0646322
0.141483
0.218484
0.283543
0.331372
0.366504
0.392377
0.41157
0.42598
0.436962
0.445147
0.449377
-0.396733
-0.385291
-0.340904
-0.28553
-0.225039
-0.160192
-0.0916384
-0.0198855
0.0550421
0.133976
0.214361
0.283615
0.335113
0.372976
0.400663
0.420962
0.435971
0.447211
0.455476
0.4597
-0.41234
-0.400736
-0.355875
-0.299783
-0.23843
-0.172747
-0.103396
-0.0309144
0.0448256
0.125242
0.208812
0.282737
0.338671
0.379978
0.410019
0.431778
0.447615
0.459252
0.467644
0.471906
-0.426764
-0.41498
-0.369536
-0.312833
-0.250798
-0.184493
-0.114689
-0.0419769
0.0339306
0.115135
0.201575
0.28066
0.341935
0.387565
0.42064
0.444317
0.461264
0.473475
0.481986
0.486315
-0.440049
-0.428108
-0.381996
-0.324787
-0.262213
-0.195474
-0.125514
-0.0530326
0.0223612
0.103539
0.192352
0.277046
0.344703
0.395725
0.432665
0.458829
0.47722
0.490163
0.498976
0.503278
-0.452339
-0.440169
-0.393754
-0.335788
-0.272713
-0.20569
-0.135829
-0.0640004
0.0101894
0.090394
0.180871
0.271517
0.346695
0.404369
0.446189
0.475525
0.495772
0.509668
0.518862
0.523168
-0.463799
-0.451211
-0.404364
-0.345849
-0.282325
-0.215124
-0.145567
-0.0747792
-0.0024746
0.0756967
0.166855
0.263653
0.347584
0.413329
0.461215
0.494502
0.517107
0.532261
0.541983
0.546259
-0.474297
-0.461523
-0.414073
-0.355008
-0.291071
-0.223764
-0.154661
-0.0852409
-0.0154743
0.0595397
0.150093
0.253002
0.34696
0.422394
0.477608
0.515792
0.54131
0.558052
0.568454
0.572673
-0.483954
-0.470953
-0.422913
-0.363299
-0.298969
-0.231601
-0.163047
-0.095238
-0.028609
0.042037
0.130419
0.239107
0.344461
0.431243
0.495125
0.539159
0.568225
0.58683
0.597904
0.602058
-0.492837
-0.479631
-0.43095
-0.370778
-0.306053
-0.238632
-0.170681
-0.104649
-0.0416651
0.0233909
0.107742
0.221533
0.339558
0.439471
0.513208
0.564204
0.597932
0.618773
0.630268
0.63383
-0.501074
-0.487621
-0.438268
-0.377498
-0.312368
-0.244873
-0.177522
-0.113359
-0.0544212
0.00384756
0.0820455
0.1998
0.331954
0.446595
0.531383
0.590233
0.629899
0.654138
0.665283
0.666654
-0.508681
-0.494929
-0.444905
-0.383501
-0.317954
-0.250363
-0.183558
-0.121273
-0.0666674
-0.0162903
0.0533788
0.173359
0.321065
0.452583
0.549195
0.616019
0.662468
0.692969
0.705129
0.69887
-0.515776
-0.501775
-0.450891
-0.388833
-0.322887
-0.255158
-0.188819
-0.128387
-0.0783343
-0.0370433
0.0212843
0.14099
0.30598
0.457714
0.566159
0.638816
0.691491
0.731975
0.755779
0.741301
-0.522523
-0.508149
-0.456266
-0.393605
-0.327316
-0.259407
-0.193455
-0.134861
-0.0896668
-0.0591025
-0.0163698
0.0990435
0.283924
0.461521
0.582062
0.655648
0.70812
0.747136
0.771526
0.729941
-0.529475
-0.51393
-0.460917
-0.397841
-0.331256
-0.263137
-0.197418
-0.140522
-0.100275
-0.0818384
-0.059841
0.045399
0.254098
0.466121
0.597853
0.656359
0.691688
0.715531
0.677766
0.603305
-0.53826
-0.518623
-0.464594
-0.401873
-0.334927
-0.266546
-0.200929
-0.145324
-0.110052
-0.105109
-0.108897
-0.0215288
0.212968
0.467549
0.61267
0.635583
0.644662
0.624486
0.546509
0.458679
-0.547551
-0.534781
-0.465362
-0.403867
-0.336575
-0.267963
-0.20388
-0.149121
-0.11869
-0.12864
-0.164322
-0.10705
0.155597
0.474758
0.628383
0.593181
0.56699
0.486572
0.383416
0.281897
-0.494348
-0.495549
-0.44143
-0.375974
-0.307155
-0.238766
-0.177888
-0.135008
-0.129992
-0.186432
-0.24594
-0.118423
0.256425
0.556626
0.657116
0.496663
0.347037
0.237169
0.128195
-0.0856874
-0.530508
-0.498504
-0.442284
-0.37644
-0.307173
-0.238411
-0.177849
-0.137294
-0.140741
-0.227099
-0.365233
-0.303399
0.130464
0.503956
0.504958
0.277485
0.0682129
-0.0686317
-0.193478
-0.430188
-0.546746
-0.507331
-0.447896
-0.38126
-0.3109
-0.241123
-0.179346
-0.13923
-0.148672
-0.264412
-0.500481
-0.577353
-0.112028
0.314249
0.261405
-0.0216406
-0.246537
-0.408779
-0.590206
-0.912224
-0.560316
-0.51655
-0.454278
-0.38591
-0.314071
-0.242945
-0.179882
-0.139649
-0.153751
-0.302749
-0.684112
-0.988104
-0.4478
-0.0282339
-0.104695
-0.395637
-0.640605
-0.836332
-1.08969
-1.65924
-0.571705
-0.525038
-0.460526
-0.39017
-0.316659
-0.24391
-0.179314
-0.138096
-0.155175
-0.330682
-0.884494
-1.52054
-0.941466
-0.457417
-0.547564
-0.798693
-1.08744
-1.35661
-1.72202
-2.98803
-0.581204
-0.533051
-0.466763
-0.394512
-0.319144
-0.244454
-0.177749
-0.134348
-0.15171
-0.346283
-1.0608
-2.015
-1.45453
-0.919344
-0.962166
-1.16156
-1.48052
-1.81931
-2.24379
-3.87141
-0.590299
-0.541023
-0.473255
-0.399178
-0.321788
-0.244845
-0.175395
-0.128657
-0.143006
-0.349262
-1.18849
-2.32529
-1.81537
-1.32358
-1.30963
-1.44981
-1.67526
-1.95767
-2.09117
-2.17062
-0.599633
-0.549368
-0.480197
-0.40429
-0.324752
-0.245213
-0.172386
-0.120937
-0.128288
-0.3356
-1.22114
-2.41407
-1.97377
-1.58286
-1.58997
-1.6982
-1.69604
-1.81608
-1.95806
-1.95902
-0.609655
-0.558373
-0.487739
-0.409953
-0.328133
-0.245664
-0.168933
-0.111259
-0.107453
-0.290058
-1.1166
-2.19727
-1.86565
-1.67169
-1.78493
-2.02231
-1.82027
-1.5443
-1.75162
-1.84982
-0.621021
-0.568415
-0.49616
-0.416386
-0.332105
-0.246471
-0.16525
-0.10013
-0.0810862
-0.21843
-0.871347
-1.68087
-1.5077
-1.58256
-1.97325
-2.54866
-2.62309
-2.37312
-2.29395
-2.32612
-0.634053
-0.579895
-0.505823
-0.42391
-0.337005
-0.247955
-0.161814
-0.0884254
-0.0512318
-0.129059
-0.542619
-1.02625
-1.01783
-1.2923
-2.01159
-3.28825
-4.32186
-4.16145
-3.63233
-3.35951
-0.649035
-0.593186
-0.517094
-0.432858
-0.343167
-0.250545
-0.159286
-0.0769961
-0.0200666
-0.0348151
-0.215259
-0.40128
-0.495336
-0.860605
-1.70973
-3.0466
-4.22511
-4.09372
-3.55445
-3.2542
-0.666396
-0.608666
-0.530313
-0.44355
-0.350931
-0.254613
-0.157944
-0.0668162
0.00908213
0.0508137
0.0414924
0.0433752
-0.0294563
-0.283963
-0.773485
-1.40088
-1.88549
-1.90037
-1.71383
-1.60826
-0.686417
-0.62663
-0.545735
-0.456223
-0.360504
-0.260427
-0.158622
-0.0588679
0.0346661
0.119825
0.208199
0.303345
0.310852
0.235936
0.0911201
-0.0545619
-0.125092
-0.094688
-0.0636345
-0.0575857
-0.709412
-0.647186
-0.563429
-0.471007
-0.372142
-0.268254
-0.161241
-0.0531653
0.0551564
0.170566
0.306256
0.442595
0.516351
0.549295
0.562182
0.588462
0.639855
0.687374
0.707572
0.708382
-0.734539
-0.670035
-0.583227
-0.4877
-0.385471
-0.277723
-0.165866
-0.0503879
0.0700043
0.205905
0.36421
0.518667
0.631627
0.719451
0.794373
0.863998
0.928698
0.977759
1.00136
1.0048
-0.761154
-0.693954
-0.604484
-0.505701
-0.400183
-0.288728
-0.172231
-0.0504245
0.0792316
0.228715
0.398059
0.559072
0.687678
0.791442
0.878335
0.953044
1.01573
1.06234
1.08787
1.09322
-0.787466
-0.719615
-0.626044
-0.524128
-0.41528
-0.30029
-0.179704
-0.0529005
0.0838206
0.24161
0.414718
0.574269
0.705003
0.809803
0.894405
0.963377
1.01913
1.06172
1.08782
1.09392
-0.81142
-0.741963
-0.646242
-0.541263
-0.429397
-0.311357
-0.187466
-0.0566996
0.0851755
0.247042
0.419702
0.573657
0.699473
0.79958
0.878873
0.941993
0.992516
1.03181
1.0572
1.06323
-0.829922
-0.760545
-0.662414
-0.554889
-0.440646
-0.320331
-0.194027
-0.0604972
0.0840911
0.247605
0.416192
0.562687
0.68148
0.77576
0.850277
0.909369
0.956595
0.993589
1.01936
1.02543
-0.839552
-0.771354
-0.671176
-0.562055
-0.446529
-0.325124
-0.1977
-0.0631961
0.0817091
0.243358
0.406093
0.544707
0.655995
0.744536
0.814871
0.870909
0.915686
0.951211
0.976542
0.982613
-0.834706
-0.769565
-0.668725
-0.559614
-0.444291
-0.323441
-0.19697
-0.063843
0.0787175
0.235621
0.390052
0.520276
0.623932
0.706886
0.77331
0.826714
0.869716
0.904304
0.929275
0.935371
-0.80875
-0.748776
-0.649568
-0.542878
-0.430523
-0.313223
-0.190612
-0.0618631
0.0751916
0.224223
0.368507
0.489149
0.584777
0.661729
0.723961
0.774675
0.816183
0.850306
0.874884
0.881017
-0.754347
-0.701396
-0.607617
-0.507281
-0.401957
-0.291956
-0.177086
-0.0565505
0.0714237
0.209371
0.341321
0.450341
0.536732
0.606517
0.663428
0.710539
0.750182
0.784009
0.808733
0.815236
-0.662412
-0.615278
-0.53725
-0.449237
-0.356087
-0.258246
-0.155441
-0.0469711
0.0682622
0.191807
0.308654
0.403615
0.478371
0.538412
0.587353
0.627828
0.662635
0.693738
0.718455
0.72705
-0.519351
-0.493413
-0.435657
-0.366125
-0.291659
-0.211414
-0.125157
-0.0325213
0.0670512
0.174145
0.274774
0.355092
0.416944
0.465225
0.503402
0.533779
0.557505
0.57628
0.591327
0.597945
-0.342239
-0.33153
-0.301317
-0.260253
-0.211183
-0.153684
-0.0879587
-0.0137038
0.0691043
0.160282
0.246739
0.315477
0.367686
0.407323
0.437043
0.458986
0.475499
0.487862
0.495598
0.497437
-0.191711
-0.187948
-0.175849
-0.15636
-0.129083
-0.0930379
-0.0472095
0.00866073
0.074524
0.149711
0.222126
0.279439
0.322066
0.353219
0.375748
0.391712
0.402228
0.408428
0.411684
0.412426
-0.0879333
-0.0875845
-0.0838429
-0.0753152
-0.0609024
-0.0392474
-0.00880227
0.0315666
0.0821758
0.14239
0.201666
0.248618
0.283046
0.307608
0.324376
0.335174
0.341838
0.345702
0.347387
0.347519
-0.023581
-0.0244496
-0.0245982
-0.0215297
-0.013631
0.000238803
0.0212337
0.0505684
0.0890581
0.136498
0.184097
0.221849
0.249152
0.268115
0.280823
0.289003
0.293804
0.296153
0.296909
0.296924
0.013511
0.0130508
0.0128528
0.0144295
0.0190133
0.0279357
0.0426206
0.0642525
0.0936281
0.130763
0.168586
0.198672
0.220351
0.235337
0.245194
0.251254
0.254676
0.256364
0.256964
0.257006
0.0371497
0.0369724
0.0370169
0.0382771
0.0415981
0.0479156
0.0583983
0.0742973
0.0965878
0.12548
0.155333
0.179154
0.196215
0.207836
0.215377
0.220021
0.222662
0.223957
0.224423
0.224463
0.0526449
0.0525875
0.0527233
0.0537102
0.0561647
0.0608465
0.0686788
0.0806614
0.0976784
0.120075
0.143472
0.162199
0.175587
0.184694
0.190595
0.194202
0.196233
0.197226
0.197589
0.19762
0.062538
0.0625506
0.0627674
0.0636184
0.0655361
0.0690818
0.074985
0.0840812
0.0971344
0.114501
0.132796
0.147484
0.157977
0.165093
0.169683
0.172485
0.174068
0.174847
0.175135
0.175159
0.0685265
0.0685609
0.0687876
0.0695003
0.0710179
0.0737646
0.0782928
0.0852596
0.0953032
0.108765
0.12303
0.134513
0.142717
0.148273
0.151856
0.15404
0.155272
0.155877
0.156098
0.156114
0.0716179
0.0716563
0.0718633
0.0724476
0.0736454
0.075778
0.0792724
0.0846417
0.0923984
0.10284
0.113952
0.122915
0.129319
0.133654
0.136446
0.138146
0.139104
0.139572
0.139742
0.139753
0.0725141
0.0725489
0.0727237
0.0731926
0.0741356
0.0757972
0.078504
0.082656
0.0886576
0.0967584
0.105407
0.112393
0.117386
0.120767
0.122941
0.124262
0.125003
0.125364
0.125494
0.125501
0.0717144
0.0717439
0.0718861
0.072258
0.0729963
0.0742899
0.0763907
0.0796067
0.0842582
0.0905471
0.0972727
0.102713
0.106601
0.109229
0.110919
0.111945
0.11252
0.112798
0.112895
0.1129
0.0696006
0.0696244
0.0697371
0.0700289
0.070605
0.0716107
0.073241
0.0757363
0.0793435
0.0842246
0.0894534
0.0936837
0.0967075
0.098753
0.100068
0.100864
0.101307
0.10152
0.101594
0.101596
0.0664655
0.0664845
0.0665735
0.0668014
0.0672503
0.0680322
0.0692977
0.0712318
0.0740284
0.0778163
0.0818763
0.0851647
0.0875168
0.0891048
0.0901227
0.0907389
0.091082
0.0912457
0.0913019
0.0913037
0.0625388
0.0625536
0.0626227
0.0627996
0.0631479
0.0637545
0.064736
0.066236
0.068405
0.0713437
0.0744957
0.0770475
0.0788711
0.0801025
0.0808914
0.0813673
0.0816315
0.0817574
0.0818
0.0818008
0.0579968
0.0580081
0.0580617
0.0581989
0.0584689
0.0589389
0.0596983
0.0608593
0.0625389
0.0648145
0.067256
0.0692329
0.070645
0.071598
0.072209
0.0725784
0.0727829
0.0728796
0.072912
0.0729122
0.0529781
0.0529868
0.053028
0.0531339
0.053342
0.0537048
0.0542924
0.0551904
0.0564884
0.058247
0.0601357
0.0616645
0.0627562
0.0634929
0.0639635
0.0642461
0.0644015
0.064474
0.0644978
0.0644978
0.0475912
0.0475976
0.047629
0.0477103
0.0478709
0.0481507
0.0486021
0.049292
0.0502918
0.0516478
0.0531026
0.0542803
0.0551223
0.0556897
0.0560506
0.0562663
0.0563848
0.0564396
0.0564572
0.0564571
0.0419192
0.0419239
0.0419476
0.0420092
0.0421309
0.0423439
0.0426899
0.0432192
0.043985
0.0450237
0.0461378
0.047039
0.0476811
0.0481123
0.0483886
0.0485551
0.0486454
0.048686
0.0486986
0.0486986
0.0360301
0.036033
0.03605
0.0360959
0.0361879
0.0363487
0.0366101
0.0370115
0.0375928
0.0383808
0.0392263
0.039909
0.0403946
0.0407221
0.0409306
0.0410542
0.0411206
0.0411498
0.0411607
0.0411602
0.0299748
0.0299769
0.0299888
0.0300219
0.0300903
0.0302096
0.0304035
0.0307015
0.0311335
0.0317204
0.0323511
0.0328628
0.0332272
0.0334711
0.0336245
0.033714
0.0337616
0.0337816
0.0337889
0.0337883
0.0237945
0.023796
0.0238045
0.0238282
0.0238763
0.0239624
0.0241039
0.0243206
0.0246339
0.0250593
0.0255155
0.0258834
0.0261445
0.0263173
0.0264257
0.0264906
0.0265253
0.0265409
0.0265455
0.0265451
0.017522
0.0175225
0.0175279
0.0175442
0.0175775
0.0176369
0.0177335
0.0178809
0.0180954
0.0183862
0.0186975
0.0189471
0.0191244
0.0192428
0.0193176
0.0193607
0.0193825
0.0193903
0.0193907
0.0193903
0.0111855
0.0111861
0.0111895
0.0111993
0.0112193
0.011255
0.0113121
0.0114005
0.0115282
0.0117021
0.0118924
0.0120443
0.012152
0.0122246
0.0122684
0.0122916
0.0123005
0.0123005
0.0122981
0.0122988
0.00480483
0.00480425
0.00480478
0.00480705
0.00481339
0.00482451
0.00484317
0.00487343
0.00491797
0.00498043
0.00505684
0.00513009
0.0051816
0.00521546
0.00523835
0.0052529
0.00526027
0.00526234
0.00526071
0.00526027
-1.69629
-0.948261
-0.471733
-0.137355
0.117949
0.313058
0.476262
0.623419
0.773976
0.760394
-0.632874
-0.360744
-0.103164
0.107388
0.278427
0.419796
0.53903
0.632051
0.67354
0.669221
-0.17009
-0.0114176
0.146489
0.28264
0.398072
0.494735
0.572323
0.62616
0.656232
0.664003
0.11304
0.212602
0.314916
0.405348
0.483834
0.5499
0.601998
0.638602
0.66264
0.673836
0.300048
0.365577
0.434917
0.498786
0.554882
0.601909
0.638779
0.666188
0.685798
0.698327
0.433968
0.481061
0.53202
0.579675
0.620952
0.655775
0.684179
0.707021
0.723937
0.737663
0.539222
0.574614
0.615186
0.652225
0.686366
0.716625
0.742411
0.763069
0.777336
0.792253
0.628021
0.660279
0.697187
0.731974
0.76403
0.792254
0.816012
0.834752
0.847189
0.863205
0.718595
0.752558
0.790439
0.825369
0.856587
0.883735
0.906632
0.924153
0.935187
0.951865
0.82257
0.861059
0.900866
0.93622
0.967041
0.993206
1.0143
1.03036
1.04136
1.05914
0.953474
0.994089
1.0326
1.06649
1.09465
1.11844
1.13816
1.15352
1.16521
1.18347
1.1147
1.15245
1.18423
1.21105
1.23425
1.25496
1.27366
1.28978
1.30385
1.32184
1.29951
1.32513
1.34541
1.36423
1.38211
1.39907
1.41497
1.43112
1.4484
1.46744
1.48593
1.49776
1.5113
1.52628
1.54018
1.5523
1.56319
1.57469
1.58894
1.6075
1.66899
1.68363
1.68896
1.68978
1.69185
1.69922
1.71311
1.73108
1.74356
1.75706
1.94156
1.88714
1.84007
1.80883
1.79576
1.80033
1.82376
1.86847
1.93573
2.03121
0.358568
0.354163
0.347304
0.336028
0.323713
0.312983
0.304558
0.298343
0.294201
0.292315
0.29321
0.296592
0.301988
0.309439
0.319141
0.33092
0.343294
0.352523
0.358052
0.361273
0.279437
0.287206
0.294166
0.299295
0.301563
0.300812
0.298026
0.294625
0.291761
0.290282
0.291099
0.293724
0.297223
0.30066
0.302708
0.302125
0.298377
0.292236
0.284421
0.278353
0.270404
0.274027
0.278616
0.282093
0.284525
0.286105
0.286743
0.286549
0.285976
0.285709
0.286085
0.286955
0.28771
0.287748
0.286814
0.284866
0.282014
0.277915
0.273377
0.271218
0.270601
0.272065
0.274984
0.27785
0.28013
0.281604
0.28253
0.282914
0.282944
0.282958
0.283322
0.283797
0.283931
0.283488
0.282431
0.280714
0.27821
0.275219
0.272897
0.272318
0.270498
0.270835
0.271677
0.272703
0.273881
0.275193
0.276313
0.277121
0.277635
0.277999
0.278309
0.278409
0.278157
0.277482
0.2764
0.275278
0.274269
0.273315
0.272738
0.272586
0.268199
0.268407
0.268984
0.269732
0.270509
0.27128
0.272009
0.272677
0.273256
0.27375
0.274106
0.274232
0.274082
0.273706
0.273205
0.272571
0.27191
0.271278
0.270905
0.270828
0.265279
0.265353
0.265591
0.265968
0.26645
0.267038
0.267698
0.26838
0.269047
0.269669
0.270107
0.270268
0.270189
0.269934
0.269582
0.269222
0.2689
0.26864
0.268506
0.268473
0.261629
0.261677
0.261817
0.262048
0.262366
0.26278
0.263291
0.263892
0.264561
0.265258
0.265833
0.266163
0.266273
0.266241
0.266133
0.265995
0.265855
0.265736
0.265672
0.265652
0.257607
0.257645
0.257752
0.257928
0.258185
0.258543
0.259019
0.259625
0.260356
0.261186
0.261936
0.262436
0.26271
0.262832
0.26286
0.262841
0.262803
0.262764
0.262741
0.262729
0.253319
0.253347
0.253434
0.253583
0.253814
0.254153
0.25463
0.255274
0.256101
0.257102
0.258068
0.25878
0.259234
0.259513
0.259671
0.259752
0.259789
0.2598
0.259802
0.259795
0.248763
0.24879
0.248871
0.249018
0.249254
0.249613
0.250137
0.25087
0.25185
0.253082
0.254321
0.255269
0.25593
0.256361
0.256633
0.256797
0.25689
0.256938
0.256957
0.256952
0.243913
0.243939
0.244027
0.244189
0.244454
0.244866
0.24548
0.246356
0.24755
0.249086
0.250666
0.251917
0.252799
0.253396
0.253784
0.254027
0.254173
0.254253
0.254286
0.254282
0.238725
0.238754
0.238856
0.239046
0.239362
0.239859
0.240606
0.241684
0.24317
0.245101
0.247113
0.248721
0.249872
0.250661
0.251181
0.251511
0.25171
0.251822
0.251869
0.251866
0.233117
0.233153
0.233278
0.233513
0.233905
0.234522
0.235454
0.236804
0.238673
0.241114
0.243669
0.245724
0.247201
0.248217
0.24889
0.24932
0.249582
0.249729
0.249793
0.249789
0.226991
0.227035
0.227193
0.22749
0.227985
0.228765
0.229944
0.231653
0.234022
0.237117
0.240358
0.242967
0.244847
0.246142
0.247001
0.24755
0.247885
0.248074
0.248156
0.248152
0.220204
0.220262
0.220464
0.220844
0.221477
0.222474
0.223978
0.226157
0.229171
0.233102
0.23721
0.240513
0.242891
0.244529
0.245617
0.246312
0.246737
0.246977
0.24708
0.247075
0.212569
0.212644
0.212906
0.213398
0.214214
0.215499
0.217432
0.220223
0.22407
0.229065
0.234266
0.238436
0.241433
0.243497
0.244866
0.245741
0.246276
0.246579
0.24671
0.246703
0.203831
0.203931
0.204274
0.204917
0.20598
0.207646
0.210145
0.213737
0.218659
0.22501
0.231586
0.236835
0.240599
0.243189
0.244907
0.246006
0.246678
0.247058
0.247221
0.247212
0.193647
0.193781
0.194238
0.195089
0.196487
0.198667
0.201919
0.206562
0.212873
0.220948
0.229242
0.23583
0.240546
0.243787
0.245937
0.247312
0.248152
0.248627
0.24883
0.248818
0.181539
0.181724
0.182344
0.183487
0.185349
0.188232
0.192499
0.198534
0.206646
0.216902
0.22733
0.235566
0.24145
0.245495
0.248181
0.249901
0.250954
0.25155
0.251805
0.251789
0.16682
0.167085
0.167953
0.169522
0.172044
0.175912
0.181575
0.189472
0.19992
0.212917
0.225967
0.236211
0.243524
0.24856
0.251914
0.254069
0.255394
0.25615
0.256472
0.256451
0.148486
0.148893
0.150156
0.152365
0.155857
0.161151
0.168775
0.179189
0.19266
0.209067
0.225288
0.237943
0.246988
0.253251
0.257448
0.260164
0.261849
0.262823
0.263243
0.263214
0.125008
0.125689
0.127616
0.130837
0.135845
0.143298
0.153744
0.16757
0.184913
0.205478
0.225449
0.240939
0.252057
0.259834
0.265114
0.268577
0.270762
0.272055
0.272627
0.272595
0.0938492
0.0951079
0.0982495
0.103269
0.11087
0.12175
0.136289
0.154685
0.17687
0.202361
0.226626
0.245348
0.258888
0.268521
0.275214
0.279721
0.28264
0.284421
0.285239
0.285219
0.0502548
0.0528964
0.0587972
0.0675083
0.0798598
0.0961918
0.116541
0.140868
0.168887
0.199985
0.228974
0.251242
0.267511
0.279354
0.287878
0.293886
0.297991
0.300658
0.301909
0.301887
-0.0142031
-0.00704871
0.00554064
0.0220137
0.0426128
0.0670185
0.0951024
0.126676
0.16136
0.198543
0.232496
0.258467
0.277656
0.291984
0.302739
0.310809
0.316809
0.321197
0.323294
0.323056
-0.0916134
-0.0788203
-0.0547054
-0.0270201
0.00344071
0.0367898
0.0730797
0.112231
0.15401
0.197985
0.237872
0.268634
0.291875
0.309844
0.324009
0.335349
0.344627
0.351715
0.354867
0.356067
-0.168273
-0.1451
-0.111007
-0.0735479
-0.0337739
0.00814937
0.0523056
0.0987401
0.147378
0.198003
0.243778
0.279193
0.306159
0.327283
0.344209
0.357975
0.369253
0.378296
0.383872
0.385492
-0.223622
-0.197404
-0.157675
-0.113519
-0.0668273
-0.0179412
0.0330182
0.085969
0.140816
0.197396
0.248223
0.287357
0.316981
0.339952
0.358067
0.372501
0.384061
0.393139
0.398599
0.400201
-0.266155
-0.237941
-0.194457
-0.145999
-0.0945339
-0.0405389
0.0156883
0.0739471
0.134073
0.195875
0.251169
0.293452
0.325108
0.349316
0.368132
0.382918
0.394606
0.403693
0.409243
0.410824
-0.298905
-0.270183
-0.224329
-0.172793
-0.117875
-0.0600469
0.000345401
0.0629706
0.127585
0.193955
0.253221
0.298293
0.331728
0.356993
0.376373
0.391411
0.403159
0.412227
0.41782
0.419389
-0.325778
-0.296677
-0.249252
-0.195563
-0.138007
-0.0771625
-0.0135011
0.0526203
0.120964
0.191345
0.254337
0.302158
0.337396
0.363753
0.383735
0.399067
0.410921
0.420019
0.425681
0.427236
-0.348673
-0.319196
-0.270585
-0.215316
-0.155819
-0.0926879
-0.0264494
0.0424923
0.113973
0.187977
0.254633
0.305371
0.342614
0.370237
0.39096
0.406677
0.418704
0.427869
0.43359
0.435125
-0.368784
-0.338961
-0.28934
-0.232811
-0.171788
-0.106901
-0.0387058
0.0324184
0.10645
0.183717
0.2541
0.308085
0.347701
0.376895
0.398569
0.414817
0.427108
0.436373
0.442178
0.443709
-0.386924
-0.356693
-0.306214
-0.248632
-0.18639
-0.120159
-0.0505181
0.0221914
0.0982034
0.178371
0.252624
0.310339
0.352854
0.384043
0.406966
0.423933
0.436595
0.446014
0.451903
0.453423
-0.403435
-0.372773
-0.321513
-0.263074
-0.199868
-0.132649
-0.0620288
0.0116972
0.0890731
0.171733
0.250014
0.312084
0.358182
0.391919
0.416481
0.434419
0.447597
0.45725
0.463301
0.464724
-0.418578
-0.387419
-0.335506
-0.276316
-0.212373
-0.144463
-0.0732922
0.000877022
0.0789433
0.163583
0.24601
0.313164
0.363697
0.400693
0.4274
0.446626
0.460516
0.470481
0.476665
0.477954
-0.432566
-0.400937
-0.348312
-0.288474
-0.223976
-0.155646
-0.0843229
-0.0102705
0.0677602
0.153694
0.2403
0.313342
0.369328
0.410463
0.439939
0.460852
0.475684
0.486114
0.492412
0.49364
-0.445503
-0.413283
-0.360147
-0.299683
-0.234712
-0.166186
-0.0950669
-0.0216947
0.0555051
0.141889
0.232526
0.312307
0.374935
0.421266
0.45428
0.477364
0.493412
0.504442
0.510954
0.512116
-0.457497
-0.424737
-0.370933
-0.309964
-0.244614
-0.176045
-0.105436
-0.0332926
0.0422229
0.128017
0.222314
0.309674
0.380284
0.433059
0.470545
0.496397
0.513992
0.525794
0.532555
0.533709
-0.468538
-0.435244
-0.380791
-0.319328
-0.253676
-0.185199
-0.115347
-0.0449216
0.028013
0.111994
0.209296
0.305028
0.385102
0.445755
0.488763
0.518074
0.537577
0.550315
0.557362
0.558479
-0.478697
-0.444883
-0.389778
-0.327818
-0.261901
-0.193601
-0.124699
-0.0564123
0.0130556
0.0937793
0.193119
0.297901
0.389033
0.459167
0.508767
0.542287
0.564219
0.578133
0.585493
0.586366
-0.488003
-0.45365
-0.397916
-0.335473
-0.269309
-0.201218
-0.133393
-0.0676022
-0.00244062
0.0734294
0.173419
0.287786
0.391839
0.47274
0.530174
0.568859
0.593816
0.60906
0.616678
0.617081
-0.496654
-0.461657
-0.405287
-0.342337
-0.275915
-0.20805
-0.141353
-0.0783096
-0.0182412
0.0510835
0.149876
0.274236
0.392918
0.48614
0.552413
0.597341
0.626289
0.642817
0.649669
0.649234
-0.504547
-0.468969
-0.41193
-0.348458
-0.281765
-0.214092
-0.148526
-0.0883775
-0.0340737
0.0269441
0.122285
0.256741
0.392112
0.498887
0.574426
0.62685
0.661659
0.680697
0.684426
0.681107
-0.511982
-0.475673
-0.417877
-0.353882
-0.2869
-0.21936
-0.154855
-0.0976632
-0.0496596
0.00126534
0.0903943
0.234694
0.389027
0.511016
0.59553
0.654463
0.696925
0.723847
0.72589
0.70025
-0.518903
-0.481804
-0.423208
-0.358733
-0.291477
-0.224001
-0.160509
-0.106374
-0.065436
-0.0271459
0.0518565
0.205293
0.382746
0.522937
0.615003
0.676822
0.725639
0.762951
0.770164
0.776548
-0.525643
-0.487296
-0.427909
-0.36309
-0.29553
-0.228028
-0.165467
-0.114373
-0.0811204
-0.0582931
0.00571249
0.16591
0.3722
0.536538
0.63011
0.683111
0.722206
0.749386
0.699995
0.664736
-0.533209
-0.49193
-0.431733
-0.366791
-0.298832
-0.23125
-0.16965
-0.121408
-0.0962511
-0.0919626
-0.0490903
0.113757
0.358919
0.553067
0.634815
0.660576
0.679441
0.6531
0.573247
0.519167
-0.542947
-0.494925
-0.43442
-0.369349
-0.30111
-0.23357
-0.172921
-0.127261
-0.110426
-0.128072
-0.116458
0.0448373
0.334152
0.565116
0.641057
0.622361
0.592668
0.517299
0.418461
0.358525
-0.204191
-0.150087
-0.121994
-0.139887
-0.194225
-0.159251
0.108621
0.167457
-0.527642
-0.509597
-0.472016
-0.409808
-0.342331
-0.272941
-0.207054
-0.153523
-0.128006
-0.15706
-0.249368
-0.286068
-0.0445731
0.387703
0.602051
0.532496
0.295333
0.142327
0.0321673
-0.537356
-0.520874
-0.475522
-0.412362
-0.344184
-0.273986
-0.20772
-0.154633
-0.133038
-0.178953
-0.326309
-0.477268
-0.230788
0.260367
0.461668
0.281812
0.0181319
-0.162869
-0.304566
-0.550816
-0.533733
-0.482664
-0.417761
-0.348174
-0.27666
-0.209077
-0.155274
-0.13573
-0.195884
-0.403842
-0.74432
-0.572043
0.0131292
0.17413
-0.0597883
-0.324846
-0.523884
-0.714329
-0.562834
-0.544738
-0.49018
-0.423122
-0.351808
-0.278807
-0.209758
-0.154833
-0.136187
-0.207642
-0.488762
-1.08069
-1.07369
-0.387993
-0.233963
-0.461433
-0.735445
-0.975274
-1.22958
-0.572724
-0.554348
-0.497373
-0.428329
-0.355156
-0.280427
-0.209571
-0.152878
-0.133615
-0.212788
-0.572538
-1.44123
-1.61727
-0.862151
-0.68697
-0.863206
-1.14242
-1.46287
-1.775
-0.581608
-0.563257
-0.504558
-0.43376
-0.358674
-0.281956
-0.208845
-0.149589
-0.127721
-0.209648
-0.635055
-1.7378
-2.05102
-1.30278
-1.10551
-1.20632
-1.44998
-1.78293
-2.06508
-2.31226
-0.590524
-0.572136
-0.512034
-0.439584
-0.362546
-0.283583
-0.207778
-0.145033
-0.118451
-0.19696
-0.656431
-1.91684
-2.30203
-1.6079
-1.43941
-1.51321
-1.62624
-1.79612
-1.99334
-2.10336
-0.599965
-0.581435
-0.520021
-0.445926
-0.36685
-0.285441
-0.206501
-0.139307
-0.105819
-0.172437
-0.618926
-1.88367
-2.27554
-1.73121
-1.65455
-1.79204
-1.81404
-1.67122
-1.74699
-1.85679
-0.610441
-0.59157
-0.528769
-0.452954
-0.371736
-0.287673
-0.205158
-0.132755
-0.0899307
-0.135808
-0.520939
-1.59376
-1.93279
-1.61664
-1.76448
-2.07642
-2.26009
-1.80499
-1.77341
-1.95347
-0.62228
-0.602988
-0.53865
-0.460967
-0.377473
-0.290532
-0.204133
-0.125754
-0.0717758
-0.0898966
-0.367375
-1.10697
-1.35382
-1.3015
-1.69317
-2.4406
-3.36291
-3.45257
-3.15556
-2.87263
-0.63597
-0.616117
-0.550036
-0.470319
-0.384379
-0.294399
-0.203842
-0.119096
-0.0528171
-0.038364
-0.188272
-0.574363
-0.738058
-0.866648
-1.45205
-2.57892
-4.1986
-4.66291
-4.18245
-3.67208
-0.651657
-0.631268
-0.563294
-0.481346
-0.392802
-0.299635
-0.2048
-0.113312
-0.0342551
0.0124886
-0.0202952
-0.126143
-0.180823
-0.377055
-0.891159
-1.78535
-2.83221
-3.19872
-2.92428
-2.60193
-0.669892
-0.648879
-0.578763
-0.494353
-0.403034
-0.306503
-0.207277
-0.109195
-0.0180749
0.0582546
0.111137
0.164857
0.193825
0.0936314
-0.133086
-0.454906
-0.746024
-0.880229
-0.814938
-0.751864
-0.690777
-0.66909
-0.596632
-0.509499
-0.415234
-0.315327
-0.211844
-0.107211
-0.00449777
0.0958796
0.201272
0.328312
0.416978
0.425896
0.390522
0.336837
0.325589
0.361674
0.396677
0.407295
-0.714216
-0.692077
-0.616839
-0.526825
-0.429461
-0.326026
-0.218155
-0.107376
0.00554108
0.124058
0.260106
0.416904
0.540632
0.617633
0.676198
0.730407
0.790729
0.847296
0.883065
0.893625
-0.73943
-0.716933
-0.638836
-0.545863
-0.445192
-0.338293
-0.226292
-0.10987
0.0116664
0.143561
0.297773
0.466934
0.608403
0.716858
0.807629
0.886053
0.956255
1.01338
1.05008
1.06372
-0.76544
-0.742226
-0.662058
-0.565821
-0.461958
-0.351609
-0.235594
-0.114239
0.0140013
0.155469
0.320064
0.492065
0.638391
0.755383
0.850804
0.929795
0.995337
1.04722
1.08266
1.09775
-0.790796
-0.766404
-0.684954
-0.585388
-0.478333
-0.364761
-0.245262
-0.119893
0.0136066
0.161276
0.330849
0.500636
0.643618
0.758734
0.850389
0.923655
0.982221
1.02874
1.0628
1.07815
-0.811619
-0.787097
-0.704501
-0.602525
-0.492654
-0.376373
-0.254096
-0.12562
0.0116186
0.163622
0.333037
0.497783
0.633997
0.743217
0.829513
0.897748
0.951887
0.994579
1.0256
1.04027
-0.825449
-0.801776
-0.718292
-0.614246
-0.502458
-0.384391
-0.260333
-0.129979
0.00913069
0.162058
0.329224
0.48691
0.615475
0.718075
0.799289
0.86358
0.914621
0.955159
0.984398
0.999109
-0.828198
-0.805514
-0.722531
-0.617626
-0.504958
-0.38627
-0.262023
-0.131638
0.00704895
0.158053
0.319989
0.469744
0.590078
0.686231
0.762723
0.823601
0.872136
0.91092
0.938775
0.953771
-0.813617
-0.791668
-0.712145
-0.607932
-0.496613
-0.379712
-0.257554
-0.129474
0.00596694
0.152095
0.306102
0.446513
0.55823
0.64765
0.719407
0.777022
0.823316
0.860517
0.887312
0.902897
-0.773222
-0.752441
-0.679611
-0.580367
-0.473339
-0.361434
-0.24481
-0.122789
0.00601083
0.144054
0.28766
0.416798
0.518924
0.60074
0.667107
0.721041
0.764757
0.80027
0.826304
0.842243
-0.702798
-0.686979
-0.620048
-0.529216
-0.43156
-0.329264
-0.222389
-0.110345
0.00794684
0.134276
0.264538
0.38006
0.470793
0.543294
0.602294
0.650889
0.690844
0.722989
0.748274
0.763259
-0.594351
-0.584007
-0.528211
-0.451614
-0.368998
-0.281654
-0.189206
-0.0912398
0.0128673
0.124047
0.237836
0.337112
0.413843
0.474122
0.522179
0.561277
0.593728
0.620137
0.639732
0.650412
-0.430518
-0.42531
-0.393408
-0.342691
-0.284191
-0.218724
-0.146148
-0.0662913
0.0211969
0.116534
0.214987
0.300492
0.36563
0.415714
0.454522
0.484393
0.50699
0.524515
0.538883
0.546955
-0.260666
-0.259587
-0.246891
-0.222138
-0.189174
-0.147365
-0.0965936
-0.0364176
0.033162
0.111939
0.195065
0.267544
0.322198
0.363066
0.39318
0.415132
0.431137
0.442245
0.448932
0.451792
-0.133706
-0.133911
-0.129547
-0.119387
-0.103158
-0.0796428
-0.0471466
-0.00468519
0.0481474
0.111038
0.179357
0.239369
0.28409
0.316779
0.340213
0.356421
0.366823
0.373082
0.376643
0.37793
-0.0510175
-0.0516624
-0.0518048
-0.0488561
-0.0409924
-0.0271695
-0.00617582
0.0234011
0.0625946
0.11158
0.166503
0.215322
0.251481
0.277333
0.295036
0.306652
0.314006
0.318291
0.320246
0.320706
-0.0025218
-0.00295735
-0.00376817
-0.00316547
0.0005495
0.00885306
0.023063
0.0443596
0.0737328
0.111666
0.155191
0.194199
0.222964
0.243306
0.257172
0.266194
0.271597
0.274447
0.275649
0.275919
0.0266349
0.0264165
0.0261131
0.0266788
0.0291976
0.0346617
0.0443348
0.0596005
0.081594
0.110869
0.145159
0.176171
0.199029
0.215071
0.225786
0.232559
0.236584
0.238755
0.239704
0.239952
0.0457989
0.0456962
0.045598
0.0460944
0.0479687
0.0519961
0.0591082
0.0703834
0.0869077
0.109398
0.136207
0.160637
0.178616
0.191147
0.19948
0.204753
0.207872
0.209528
0.210243
0.210434
0.0581957
0.0581485
0.0581785
0.0586656
0.0601293
0.0631395
0.0684456
0.0769426
0.0895328
0.106865
0.127765
0.146936
0.161057
0.170888
0.177404
0.181501
0.183917
0.185208
0.185767
0.185922
0.0659721
0.0659505
0.0660416
0.0665018
0.0676941
0.070038
0.074092
0.0805547
0.0901786
0.103551
0.11982
0.134815
0.14587
0.153555
0.158635
0.161827
0.163709
0.164712
0.165151
0.165269
0.0704014
0.0703902
0.0704928
0.0708943
0.0718521
0.0736816
0.0768114
0.0817812
0.0891894
0.0995273
0.112176
0.12388
0.132517
0.138518
0.142483
0.144972
0.146438
0.147218
0.147557
0.147648
0.0723188
0.0723129
0.072408
0.0727422
0.0735066
0.0749391
0.0773645
0.0812028
0.0869232
0.0949267
0.10476
0.113883
0.120621
0.125304
0.128395
0.130332
0.131469
0.132073
0.132334
0.132402
0.0723096
0.0723062
0.072387
0.0726578
0.0732613
0.0743805
0.0762657
0.0792385
0.0836672
0.089871
0.0975109
0.104614
0.109864
0.113511
0.115917
0.117424
0.118308
0.118775
0.118974
0.119025
0.0708095
0.0708074
0.0708727
0.0710871
0.0715605
0.0724332
0.0738976
0.0762034
0.079636
0.0844488
0.0903855
0.0959127
0.099999
0.102836
0.104707
0.105876
0.10656
0.10692
0.107073
0.107111
0.0681504
0.068149
0.0682015
0.0683704
0.0687403
0.0694192
0.0705567
0.0723458
0.0750079
0.0787407
0.08335
0.087645
0.0908216
0.0930287
0.0944833
0.0953923
0.0959221
0.0961987
0.096314
0.0963422
0.0645937
0.0645927
0.0646335
0.0647648
0.0650526
0.0655809
0.0664642
0.0678514
0.069915
0.0728104
0.0763889
0.0797257
0.0821943
0.0839072
0.0850337
0.085736
0.086145
0.0863589
0.0864482
0.0864699
0.0603381
0.0603372
0.0603692
0.0604716
0.060695
0.0611043
0.0617884
0.0628635
0.0644632
0.0667078
0.0694826
0.0720695
0.0739823
0.0753095
0.0761827
0.0767266
0.0770428
0.0772079
0.0772748
0.0772906
0.0555424
0.0555417
0.055566
0.0556449
0.0558172
0.0561336
0.0566631
0.0574947
0.0587324
0.0604682
0.0626153
0.0646188
0.0660989
0.0671255
0.0678015
0.0682226
0.068466
0.0685912
0.068642
0.0686536
0.0503271
0.0503264
0.0503449
0.0504052
0.0505381
0.0507822
0.0511903
0.0518317
0.0527866
0.054127
0.0557855
0.0573332
0.0584771
0.05927
0.0597898
0.0601111
0.0602965
0.0603921
0.0604306
0.0604392
0.0447889
0.0447884
0.0448023
0.044848
0.0449489
0.0451351
0.0454481
0.0459405
0.0466736
0.0477039
0.048978
0.050166
0.0510449
0.0516532
0.052051
0.0522979
0.0524404
0.052513
0.052542
0.0525482
0.0390004
0.0389997
0.0390103
0.0390443
0.0391205
0.0392619
0.0395006
0.0398771
0.0404372
0.0412231
0.042195
0.0431007
0.0437684
0.044229
0.0445311
0.0447183
0.0448264
0.0448823
0.0449045
0.0449094
0.0330211
0.0330205
0.0330279
0.0330538
0.0331116
0.0332178
0.0333966
0.0336786
0.0340994
0.0346906
0.0354219
0.0361031
0.0366062
0.0369545
0.0371823
0.0373231
0.0374028
0.0374425
0.0374569
0.0374585
0.0268985
0.0268981
0.0269029
0.0269209
0.0269622
0.0270402
0.027172
0.0273792
0.0276883
0.0281233
0.0286629
0.0291663
0.0295373
0.0297929
0.0299577
0.0300581
0.0301156
0.0301436
0.030153
0.0301536
0.0206687
0.0206682
0.0206705
0.0206821
0.0207107
0.0207659
0.0208588
0.0210056
0.0212248
0.0215331
0.0219144
0.0222686
0.0225281
0.0227064
0.0228223
0.0228923
0.0229304
0.0229479
0.0229532
0.0229542
0.0143612
0.014361
0.0143627
0.0143706
0.0143901
0.014426
0.0144858
0.0145802
0.0147225
0.0149223
0.0151701
0.0154008
0.0155699
0.0156875
0.0157629
0.0158065
0.0158288
0.0158384
0.0158393
0.0158393
0.00799888
0.00799853
0.00800014
0.00800567
0.00801618
0.00803476
0.00806674
0.00811769
0.00819232
0.00829694
0.00842798
0.00855127
0.00864067
0.00870022
0.00873879
0.00876314
0.00877566
0.00877844
0.00877614
0.00877431
0.00480446
0.00480439
0.00480549
0.00480968
0.00481825
0.00483261
0.00485678
0.00489358
0.00494679
0.00501832
0.00509693
0.00515803
0.00520045
0.00522799
0.00524663
0.00525738
0.00526191
0.00526187
0.00525968
0.00175581
-1.3634
-0.814677
-0.42844
-0.129924
0.104463
0.291263
0.44391
0.57825
0.679514
0.68738
-0.537021
-0.272144
-0.0603009
0.122201
0.27622
0.404896
0.512191
0.596789
0.648774
0.665307
-0.101241
0.0473373
0.178352
0.296194
0.398827
0.485925
0.557465
0.610971
0.645557
0.663437
0.160946
0.252212
0.338167
0.417581
0.48837
0.549282
0.599229
0.636572
0.662795
0.678061
0.33658
0.396255
0.456068
0.514188
0.565784
0.609709
0.645635
0.673462
0.695048
0.707448
0.463797
0.504409
0.552696
0.59594
0.635098
0.669363
0.698628
0.722957
0.741973
0.752218
0.564815
0.597572
0.636452
0.6732
0.707294
0.738545
0.765445
0.787681
0.804536
0.813146
0.654192
0.68711
0.723612
0.75974
0.79315
0.822665
0.84813
0.868896
0.884076
0.891787
0.748618
0.784807
0.824051
0.861465
0.89453
0.923619
0.948152
0.967625
0.981456
0.989519
0.862027
0.903911
0.944201
0.982357
1.01476
1.04218
1.06488
1.08288
1.0961
1.10592
1.00708
1.05076
1.08885
1.12262
1.15108
1.17504
1.19582
1.21322
1.22705
1.23916
1.18554
1.22296
1.25155
1.27584
1.29711
1.31665
1.33493
1.35211
1.36843
1.38383
1.38365
1.40327
1.41936
1.4356
1.45221
1.46771
1.48143
1.49462
1.51021
1.52828
1.57326
1.58093
1.59282
1.60465
1.61469
1.62396
1.63414
1.64547
1.65682
1.66419
1.79175
1.79005
1.78198
1.76519
1.75407
1.7535
1.76571
1.79061
1.82423
1.85174
2.20088
2.01416
1.91264
1.85492
1.82546
1.81898
1.83427
1.87481
1.95075
2.09723
-0.50843
-0.51145
-0.467468
-0.406428
-0.338911
-0.269891
0.455918
0.648445
0.638965
0.513204
0.395413
0.286278
-0.068327
-0.42786
-0.914672
-1.5598
-2.48493
)
;

boundaryField
{
    wall-4
    {
        type            zeroGradient;
    }
    pressure-outlet-7
    {
        type            fixedValue;
        value           uniform 0;
    }
    velocity-inlet-6
    {
        type            zeroGradient;
    }
    velocity-inlet-5
    {
        type            zeroGradient;
    }
    frontAndBackPlanes
    {
        type            empty;
    }
}


// ************************************************************************* //
