/*--------------------------------*- C++ -*----------------------------------*\
| =========                 |                                                 |
| \\      /  F ield         | OpenFOAM: The Open Source CFD Toolbox           |
|  \\    /   O peration     | Version:  v2012                                 |
|   \\  /    A nd           | Website:  www.openfoam.com                      |
|    \\/     M anipulation  |                                                 |
\*---------------------------------------------------------------------------*/
FoamFile
{
    version     2.0;
    format      ascii;
    class       volScalarField;
    location    "58";
    object      p;
}
// * * * * * * * * * * * * * * * * * * * * * * * * * * * * * * * * * * * * * //

dimensions      [0 2 -2 0 0 0 0];


internalField   nonuniform List<scalar> 
8800
(
0.836947
0.788896
0.750519
0.721877
0.701252
0.686498
0.675895
0.668392
0.663556
0.661498
0.662789
0.667012
0.673696
0.683045
0.695809
0.713404
0.737853
0.771469
0.813917
0.871044
0.669476
0.676683
0.685121
0.688537
0.686621
0.681097
0.674383
0.66822
0.663464
0.660612
0.660343
0.662877
0.667408
0.673421
0.680342
0.68697
0.691108
0.690598
0.684539
0.675565
0.646181
0.652358
0.656556
0.659916
0.662416
0.663212
0.662102
0.659956
0.657921
0.657018
0.658
0.660416
0.663266
0.665496
0.666039
0.664517
0.661676
0.658043
0.653511
0.649726
0.64104
0.64374
0.64646
0.64877
0.650415
0.65174
0.652647
0.65285
0.652588
0.652559
0.653328
0.654504
0.65531
0.655262
0.654478
0.653291
0.651548
0.649053
0.646631
0.645101
0.635838
0.63726
0.639059
0.641113
0.642864
0.644168
0.645193
0.646066
0.646746
0.647351
0.648015
0.648489
0.648537
0.6482
0.647515
0.64632
0.64463
0.642756
0.641436
0.640613
0.630819
0.631732
0.632968
0.634548
0.636199
0.637722
0.638993
0.64007
0.641071
0.642003
0.642708
0.643032
0.642988
0.642568
0.641709
0.640502
0.639159
0.637897
0.637079
0.636534
0.625936
0.626601
0.627558
0.628856
0.63027
0.631742
0.633188
0.634512
0.635722
0.636853
0.6377
0.638088
0.638025
0.637529
0.63672
0.635767
0.634759
0.63384
0.633257
0.632857
0.621164
0.621677
0.622456
0.623582
0.624857
0.626234
0.62769
0.629172
0.630612
0.63197
0.633006
0.633504
0.633496
0.633116
0.632515
0.631795
0.631029
0.630348
0.629916
0.629603
0.616439
0.616847
0.617499
0.618502
0.619704
0.62103
0.62248
0.624047
0.625685
0.627309
0.628586
0.629268
0.629447
0.629286
0.628911
0.628402
0.627836
0.627347
0.627026
0.626772
0.611678
0.612011
0.612575
0.613497
0.614651
0.615962
0.617444
0.619105
0.62093
0.622841
0.624431
0.625402
0.625854
0.625946
0.625798
0.625509
0.625135
0.624804
0.624567
0.624354
0.606795
0.60707
0.607573
0.608449
0.609584
0.610919
0.612473
0.614272
0.616321
0.618562
0.620548
0.621895
0.622676
0.623051
0.623152
0.623083
0.6229
0.622708
0.622539
0.622354
0.6017
0.601932
0.602396
0.603256
0.604412
0.605814
0.607483
0.609472
0.611811
0.614461
0.616933
0.61873
0.619895
0.620597
0.620973
0.621133
0.621139
0.621075
0.620961
0.620797
0.596306
0.596503
0.596947
0.59782
0.599039
0.600551
0.60239
0.604637
0.607346
0.610512
0.613573
0.615905
0.617517
0.61859
0.619275
0.619677
0.61989
0.619944
0.619876
0.619726
0.590511
0.59068
0.591122
0.592037
0.59336
0.595034
0.597109
0.599695
0.602874
0.606681
0.610455
0.613424
0.615562
0.617062
0.618098
0.61879
0.619205
0.619374
0.619346
0.619205
0.584199
0.584344
0.584799
0.585787
0.587259
0.589156
0.591543
0.594562
0.598336
0.60293
0.607569
0.6113
0.614059
0.61606
0.617495
0.618502
0.619148
0.619437
0.619446
0.619309
0.577235
0.577355
0.577837
0.578928
0.580603
0.582791
0.585579
0.589146
0.593659
0.599217
0.604903
0.609546
0.613043
0.615634
0.617539
0.618909
0.619812
0.620224
0.620266
0.62013
0.569439
0.569537
0.570062
0.571294
0.573228
0.575786
0.579086
0.583346
0.588775
0.595509
0.602458
0.608191
0.61256
0.615846
0.618313
0.620106
0.621296
0.621837
0.621911
0.621772
0.560586
0.560688
0.561266
0.562655
0.564919
0.567957
0.571911
0.57704
0.583607
0.591782
0.600248
0.607275
0.612672
0.616775
0.619907
0.622195
0.623707
0.624386
0.62449
0.624345
0.55037
0.550453
0.551122
0.552735
0.555431
0.559087
0.563868
0.570093
0.578076
0.588012
0.598297
0.606848
0.613453
0.618516
0.622411
0.62528
0.62716
0.627985
0.628116
0.627961
0.53842
0.538488
0.539257
0.541184
0.544438
0.548886
0.554723
0.562336
0.572083
0.584168
0.596622
0.606962
0.614973
0.621158
0.625939
0.629485
0.631766
0.632739
0.632893
0.632724
0.524194
0.524251
0.525163
0.527504
0.531493
0.536985
0.544201
0.553593
0.565548
0.580245
0.59527
0.607691
0.617314
0.624786
0.630596
0.634902
0.637615
0.638732
0.6389
0.638714
0.50693
0.506975
0.5081
0.511024
0.516019
0.522922
0.531975
0.543688
0.558432
0.5763
0.594329
0.609123
0.620569
0.629494
0.63645
0.641601
0.64476
0.646006
0.646176
0.64597
0.485479
0.485524
0.486992
0.490793
0.497239
0.50613
0.517704
0.532484
0.550745
0.572422
0.59391
0.611356
0.624824
0.635355
0.643546
0.649614
0.653196
0.654535
0.65469
0.654462
0.45811
0.458174
0.460231
0.465445
0.474132
0.485947
0.501075
0.51993
0.542585
0.568768
0.594155
0.614501
0.630142
0.642391
0.651921
0.658893
0.662828
0.664199
0.664318
0.664068
0.4218
0.421966
0.425228
0.433048
0.44552
0.461805
0.481999
0.506209
0.534242
0.565614
0.595284
0.618692
0.636595
0.650621
0.661527
0.669306
0.67345
0.674763
0.674822
0.674554
0.370774
0.371759
0.37825
0.391428
0.410482
0.433675
0.460856
0.49183
0.526205
0.563347
0.597532
0.624066
0.644233
0.66
0.672206
0.680601
0.684738
0.685888
0.68587
0.685589
0.296335
0.303607
0.318559
0.341659
0.370534
0.402969
0.438673
0.477419
0.518817
0.562224
0.601283
0.631206
0.653846
0.671535
0.685048
0.693905
0.697915
0.698881
0.698815
0.698569
0.216585
0.233311
0.257521
0.291312
0.330435
0.372247
0.416549
0.463278
0.512132
0.562525
0.607386
0.641558
0.667298
0.687322
0.702414
0.711592
0.715209
0.715916
0.715873
0.715722
0.149476
0.169341
0.201309
0.244226
0.292433
0.343095
0.395759
0.450336
0.5065
0.56367
0.614074
0.65222
0.680841
0.702922
0.719078
0.728184
0.731465
0.732078
0.732078
0.731977
0.0944806
0.116201
0.153632
0.203003
0.258358
0.316477
0.376549
0.438342
0.501397
0.565049
0.620736
0.662615
0.693858
0.717708
0.734868
0.744171
0.747468
0.74812
0.748156
0.748085
0.0488075
0.0717555
0.112957
0.167446
0.228528
0.292802
0.35923
0.427445
0.496822
0.566546
0.627244
0.672665
0.706395
0.731985
0.750167
0.760086
0.76363
0.764231
0.764288
0.764251
0.0100303
0.0336855
0.0777535
0.136289
0.202205
0.271721
0.343661
0.417569
0.492695
0.568073
0.633516
0.68233
0.718478
0.745796
0.7651
0.775677
0.779501
0.78016
0.780238
0.780229
-0.023868
0.000251367
0.046601
0.108472
0.178473
0.25255
0.329381
0.408428
0.488841
0.56951
0.639452
0.691502
0.729958
0.758948
0.779268
0.790504
0.794678
0.795464
0.795576
0.795583
-0.0543744
-0.029851
0.0183601
0.0830848
0.156605
0.234685
0.315913
0.399656
0.484975
0.570632
0.644853
0.699993
0.740619
0.771111
0.792439
0.804251
0.808757
0.809721
0.809835
0.809842
-0.0824557
-0.0575673
-0.00776278
0.0594176
0.136039
0.217672
0.302853
0.390902
0.480814
0.571223
0.649575
0.707671
0.750341
0.782196
0.804389
0.816715
0.821505
0.822606
0.822717
0.822713
-0.108901
-0.0836051
-0.0322959
0.0369475
0.116354
0.201152
0.289907
0.381922
0.47615
0.571123
0.653514
0.714497
0.759121
0.79226
0.815133
0.827834
0.832813
0.834
0.834106
0.834084
-0.13409
-0.10837
-0.0558528
0.0153688
0.097247
0.18488
0.276877
0.372546
0.470834
0.570219
0.656608
0.720482
0.767008
0.801333
0.82478
0.837709
0.842766
0.843996
0.844077
0.844036
-0.158441
-0.132156
-0.078642
-0.00555551
0.0785093
0.168686
0.263628
0.362658
0.464759
0.568418
0.658818
0.725649
0.774111
0.80955
0.833476
0.846478
0.851559
0.85278
0.852845
0.85278
-0.182083
-0.155404
-0.100726
-0.0260049
0.0600121
0.152474
0.250076
0.352193
0.457865
0.565663
0.660113
0.730033
0.780537
0.817099
0.841401
0.854387
0.859388
0.860559
0.860605
0.860523
-0.205163
-0.177954
-0.122242
-0.0460684
0.0416997
0.136202
0.236195
0.341121
0.450118
0.561899
0.66045
0.733666
0.7864
0.824154
0.84876
0.861592
0.86642
0.867497
0.867492
0.8674
-0.227788
-0.199995
-0.143284
-0.0657785
0.0235444
0.119866
0.221994
0.329458
0.441514
0.557093
0.65978
0.736546
0.791799
0.830871
0.855692
0.868212
0.872723
0.873637
0.873567
0.873426
-0.249989
-0.221529
-0.163882
-0.0851379
0.00557245
0.103489
0.207514
0.31724
0.432076
0.551218
0.658044
0.738632
0.796788
0.837427
0.862403
0.874366
0.87837
0.879052
0.878927
0.878776
-0.271607
-0.242519
-0.18397
-0.104125
-0.0121877
0.0871322
0.192809
0.304538
0.421859
0.544295
0.655175
0.739845
0.801361
0.843992
0.869192
0.880321
0.883494
0.883809
0.883621
0.883473
-0.292621
-0.262936
-0.203539
-0.122698
-0.0296832
0.0708522
0.177969
0.291425
0.410937
0.536347
0.651122
0.740064
0.805435
0.850664
0.876464
0.886594
0.888416
0.888002
0.8877
0.887602
-0.313099
-0.282741
-0.222566
-0.140823
-0.0468541
0.0547295
0.163078
0.278002
0.399398
0.527434
0.645833
0.739141
0.808827
0.857355
0.88458
0.894069
0.894043
0.892037
0.89128
0.891445
-0.332868
-0.301922
-0.240992
-0.158443
-0.0636433
0.0388463
0.14823
0.264378
0.387355
0.517649
0.63929
0.736909
0.811261
0.8637
0.893515
0.903741
0.902313
0.897853
0.89508
0.894577
-0.35202
-0.320474
-0.258832
-0.175587
-0.0800843
0.0231619
0.133371
0.250497
0.374742
0.506921
0.631351
0.733096
0.812436
0.869165
0.90261
0.915861
0.91562
0.909212
0.900359
0.891478
-0.370482
-0.33838
-0.276213
-0.192453
-0.0964631
0.0073482
0.118091
0.235881
0.361026
0.494623
0.621381
0.726926
0.811815
0.87304
0.910153
0.928208
0.929989
0.918516
0.898364
0.892312
-0.388078
-0.355648
-0.292954
-0.208852
-0.112465
-0.00827222
0.102607
0.220854
0.346511
0.481009
0.609447
0.717864
0.808599
0.874175
0.911938
0.930014
0.934543
0.909751
0.843956
0.81512
-0.404337
-0.373536
-0.308673
-0.224285
-0.127273
-0.0231862
0.0872302
0.205668
0.331444
0.466222
0.595531
0.705537
0.801509
0.87182
0.903343
0.915828
0.904439
0.850067
0.78172
0.740346
-0.454207
-0.390291
-0.322943
-0.239676
-0.142215
-0.038674
0.071985
0.190099
0.315505
0.449834
0.579067
0.689391
0.786623
0.863334
0.874497
0.870571
0.821125
0.751348
0.675036
0.63295
-0.42121
-0.404338
-0.344385
-0.260189
-0.164742
-0.0613322
0.0484155
0.165841
0.290219
0.423029
0.550355
0.65893
0.747496
0.830239
0.817349
0.703818
0.600684
0.528108
0.455639
0.487152
-0.452571
-0.422369
-0.361159
-0.277865
-0.18229
-0.0789997
0.0309488
0.147721
0.27103
0.402043
0.526585
0.631224
0.710124
0.754911
0.706567
0.558173
0.43306
0.343315
0.246668
0.29679
-0.476376
-0.443768
-0.380824
-0.297409
-0.201764
-0.0985381
0.0113072
0.127246
0.249147
0.377741
0.498493
0.596953
0.666627
0.675517
0.569588
0.400207
0.251826
0.13581
0.00900415
0.0443165
-0.49971
-0.465717
-0.401455
-0.31717
-0.221454
-0.118378
-0.00904728
0.10592
0.226207
0.351984
0.468003
0.558589
0.612731
0.590235
0.432298
0.24015
0.0571347
-0.105098
-0.287921
-0.297276
-0.522559
-0.488094
-0.422916
-0.337885
-0.242007
-0.139149
-0.0304652
0.0833995
0.201811
0.324374
0.434935
0.517778
0.552167
0.493294
0.301657
0.0937522
-0.114955
-0.291713
-0.536299
-0.796522
-0.545751
-0.511234
-0.44552
-0.359992
-0.263914
-0.161211
-0.053104
0.0596267
0.176053
0.29515
0.399916
0.474395
0.487381
0.377603
0.18722
-0.022803
-0.224943
-0.387802
-0.464552
-0.571227
-0.570254
-0.535607
-0.469596
-0.383808
-0.287669
-0.185214
-0.0777756
0.0336493
0.147766
0.262875
0.361489
0.424826
0.412889
0.268808
0.084593
-0.108908
-0.275176
-0.365955
-0.389016
-0.405213
-0.596334
-0.561526
-0.49531
-0.409418
-0.313403
-0.211368
-0.104838
0.00497949
0.116362
0.22682
0.318826
0.367867
0.337687
0.167291
-0.00883
-0.177624
-0.304839
-0.343135
-0.355058
-0.356291
-0.624204
-0.589157
-0.522723
-0.43682
-0.341067
-0.239677
-0.134308
-0.0264309
0.0817765
0.186974
0.271475
0.305633
0.254582
0.0739011
-0.0932921
-0.242923
-0.318976
-0.336267
-0.337116
-0.336875
-0.653926
-0.618563
-0.551853
-0.466014
-0.370678
-0.270129
-0.166189
-0.0605953
0.0440212
0.143415
0.219418
0.241421
0.155044
-0.0112955
-0.170277
-0.291786
-0.32898
-0.326746
-0.326155
-0.325526
-0.685206
-0.649569
-0.582601
-0.496913
-0.402145
-0.302667
-0.200448
-0.0974847
0.00314115
0.0962466
0.163536
0.168864
0.0644816
-0.0904784
-0.231095
-0.305383
-0.31611
-0.318789
-0.319319
-0.319039
-0.717504
-0.68172
-0.614722
-0.529285
-0.435281
-0.337131
-0.236928
-0.136966
-0.0406653
0.0458174
0.104366
0.0947544
-0.0175579
-0.157528
-0.273143
-0.311575
-0.315195
-0.314967
-0.314594
-0.314334
-0.750339
-0.714424
-0.647771
-0.56273
-0.46974
-0.373196
-0.275338
-0.178749
-0.0871046
-0.00713535
0.0406418
0.0229485
-0.0930864
-0.210929
-0.3011
-0.311842
-0.310208
-0.310798
-0.310964
-0.310755
-0.782834
-0.746968
-0.680833
-0.596658
-0.504975
-0.410382
-0.315216
-0.222337
-0.135722
-0.0619224
-0.0246256
-0.0447464
-0.16089
-0.249377
-0.301356
-0.313465
-0.311427
-0.31045
-0.309941
-0.3097
-0.813391
-0.778254
-0.712925
-0.630136
-0.540212
-0.447982
-0.355897
-0.267003
-0.185724
-0.117967
-0.0846644
-0.12023
-0.220942
-0.288241
-0.290626
-0.306834
-0.311559
-0.311032
-0.310667
-0.310385
-0.840395
-0.806381
-0.742942
-0.661967
-0.574392
-0.485058
-0.396505
-0.31184
-0.235898
-0.174372
-0.141921
-0.191827
-0.281951
-0.32765
-0.335317
-0.329886
-0.321681
-0.316144
-0.31482
-0.314304
-0.86173
-0.829394
-0.768872
-0.690725
-0.606247
-0.52044
-0.43594
-0.355783
-0.284939
-0.229682
-0.200647
-0.250338
-0.340995
-0.412142
-0.414953
-0.379809
-0.349313
-0.336043
-0.331665
-0.329727
-0.875135
-0.845491
-0.78866
-0.714539
-0.634271
-0.552818
-0.472966
-0.397616
-0.331615
-0.281696
-0.255532
-0.29252
-0.377669
-0.487683
-0.448151
-0.413206
-0.398072
-0.386079
-0.375975
-0.372867
-0.877948
-0.852323
-0.800444
-0.73159
-0.656759
-0.580804
-0.506274
-0.436095
-0.374647
-0.328321
-0.296915
-0.307183
-0.334177
-0.476133
-0.430722
-0.389477
-0.377793
-0.369865
-0.365641
-0.364999
-0.868064
-0.847351
-0.802065
-0.740273
-0.672275
-0.602951
-0.534606
-0.469954
-0.412754
-0.36877
-0.323891
-0.283488
-0.183253
-0.164262
-0.207159
-0.254448
-0.285945
-0.301309
-0.309152
-0.310845
-0.843144
-0.82758
-0.791679
-0.739404
-0.679877
-0.618286
-0.556856
-0.498095
-0.445408
-0.403868
-0.347554
-0.258377
-0.0328548
0.311366
0.044932
-0.173172
-0.278362
-0.316713
-0.331227
-0.335844
-0.805915
-0.795858
-0.77007
-0.729145
-0.679565
-0.626592
-0.572523
-0.519671
-0.472291
-0.433829
-0.392603
-0.365448
-0.369289
-0.422026
-0.526163
-0.53696
-0.522086
-0.516876
-0.519921
-0.524339
-0.763199
-0.757489
-0.742122
-0.712318
-0.673225
-0.628619
-0.581629
-0.534554
-0.491319
-0.460666
-0.447898
-0.602638
-0.980856
-1.35237
-1.29519
-1.01558
-0.859444
-0.784273
-0.758472
-0.752877
-0.724853
-0.721465
-0.71409
-0.694348
-0.663729
-0.626198
-0.584928
-0.541827
-0.500463
-0.470174
-0.455064
-0.577953
-0.729527
-0.87076
-0.90255
-0.88151
-0.865359
-0.790561
-0.730167
-0.720869
-0.697681
-0.695631
-0.691966
-0.679656
-0.655299
-0.622195
-0.584103
-0.54161
-0.498151
-0.455218
-0.434615
-0.409517
-0.443625
-0.511515
-0.607241
-0.678341
-0.718673
-0.660933
-0.569198
-0.52043
-0.677392
-0.676655
-0.675539
-0.669368
-0.650421
-0.619774
-0.581198
-0.537493
-0.487862
-0.438062
-0.407495
-0.387949
-0.280101
-0.102418
0.0647725
0.177296
0.229808
0.26476
0.29534
0.31613
-0.665768
-0.665426
-0.664817
-0.662107
-0.648533
-0.619072
-0.578299
-0.529977
-0.475626
-0.416283
-0.356371
-0.299971
-0.0891288
0.224342
0.532706
0.783977
0.888456
0.923874
0.925215
0.920339
-0.658705
-0.658401
-0.657696
-0.657115
-0.649148
-0.620581
-0.575955
-0.521876
-0.459847
-0.383583
-0.30222
-0.203787
0.0192884
0.336074
0.63006
0.855482
0.982187
1.05198
1.08675
1.09852
-0.655602
-0.655744
-0.656091
-0.657349
-0.652393
-0.624202
-0.575116
-0.51528
-0.442536
-0.356579
-0.259791
-0.153808
0.0907936
0.37393
0.633968
0.846214
0.989948
1.09368
1.1621
1.18967
-0.650699
-0.651744
-0.654176
-0.657259
-0.653407
-0.625723
-0.576558
-0.512179
-0.431475
-0.335443
-0.230265
-0.140761
0.0747294
0.366805
0.657974
0.916108
1.10947
1.236
1.30544
1.32839
-0.646368
-0.645932
-0.641511
-0.63304
-0.628616
-0.618192
-0.582751
-0.51657
-0.428419
-0.325952
-0.218682
-0.119452
0.0509251
0.328858
0.61856
0.87076
1.07675
1.20581
1.2656
1.28216
-0.675022
-0.670056
-0.651588
-0.624118
-0.615226
-0.628951
-0.605356
-0.529999
-0.430368
-0.320068
-0.213063
-0.112305
0.0158523
0.26626
0.511105
0.724518
0.894155
0.997669
1.04329
1.0546
-0.755893
-0.754439
-0.757294
-0.766069
-0.761744
-0.747731
-0.666186
-0.552583
-0.433374
-0.315983
-0.210563
-0.112793
-0.0116665
0.157427
0.364183
0.534177
0.667506
0.744561
0.777233
0.783627
-0.881404
-0.898316
-0.937491
-0.966697
-0.958438
-0.895629
-0.738162
-0.573263
-0.432238
-0.309961
-0.209518
-0.123462
-0.0471733
0.0762039
0.230882
0.35683
0.456112
0.511258
0.532956
0.536122
-0.925318
-0.947954
-0.984674
-1.01028
-0.998654
-0.916993
-0.736073
-0.557795
-0.413541
-0.296722
-0.207965
-0.136992
-0.0834554
0.00252337
0.117276
0.209681
0.279637
0.315999
0.330044
0.330396
-0.768659
-0.790093
-0.8254
-0.854214
-0.846124
-0.760755
-0.6161
-0.479799
-0.364035
-0.269162
-0.197997
-0.145269
-0.105987
-0.0523905
0.0236869
0.0889453
0.135577
0.159897
0.167794
0.167932
-0.448891
-0.46326
-0.488766
-0.514542
-0.520468
-0.48589
-0.422671
-0.353394
-0.288978
-0.228843
-0.178937
-0.142842
-0.115385
-0.078442
-0.0335732
0.00401455
0.0302511
0.0423433
0.0460865
0.0453361
-0.135327
-0.142052
-0.15801
-0.183546
-0.21133
-0.228033
-0.233479
-0.225919
-0.208421
-0.182862
-0.157449
-0.137337
-0.121861
-0.100574
-0.0741844
-0.0536718
-0.0424525
-0.0390491
-0.0382877
-0.0390201
0.0539661
0.0506829
0.0395338
0.0149335
-0.0234221
-0.0672209
-0.103946
-0.129156
-0.140973
-0.141448
-0.136216
-0.12954
-0.122576
-0.113902
-0.102555
-0.0933801
-0.0892582
-0.0884868
-0.0887296
-0.0893658
0.12385
0.121888
0.113371
0.09232
0.056724
0.0127594
-0.0302415
-0.0661821
-0.0920616
-0.107962
-0.117782
-0.125353
-0.127695
-0.122424
-0.115169
-0.112052
-0.112391
-0.113823
-0.114659
-0.115284
0.131444
0.12996
0.123709
0.108115
0.0811498
0.0462024
0.00837623
-0.0272964
-0.0576532
-0.0823997
-0.103686
-0.124449
-0.13848
-0.132662
-0.124651
-0.121661
-0.12149
-0.122755
-0.123401
-0.12393
0.11589
0.114859
0.110593
0.0999003
0.0809947
0.0552828
0.0253045
-0.00525899
-0.0342602
-0.0616093
-0.0889558
-0.119071
-0.137721
-0.128513
-0.119327
-0.116493
-0.117337
-0.118994
-0.119746
-0.120161
0.0952418
0.0945871
0.091819
0.0847841
0.0720018
0.0539059
0.031588
0.00733565
-0.0172583
-0.0419314
-0.0677971
-0.0960436
-0.110113
-0.101552
-0.0961579
-0.0970704
-0.10072
-0.103613
-0.104648
-0.104915
0.0758953
0.0755269
0.0738229
0.0693606
0.0609873
0.0486977
0.0329317
0.0150294
-0.00379349
-0.0224184
-0.0409266
-0.0581228
-0.0644301
-0.0595913
-0.0619584
-0.0674809
-0.0731962
-0.0765834
-0.077662
-0.0779031
0.0595243
0.0593159
0.0583312
0.0556174
0.0503326
0.0422939
0.0316819
0.019444
0.00683509
-0.00466043
-0.0117055
-0.0143503
-0.0100501
-0.0119513
-0.0209163
-0.0305476
-0.0379669
-0.0416029
-0.0427646
-0.0430963
0.0460468
0.0459605
0.0454385
0.0439022
0.0407525
0.0358105
0.0291854
0.0216855
0.0146616
0.0107645
0.0144554
0.0256633
0.038093
0.0307376
0.0161283
0.0044816
-0.00257115
-0.00555356
-0.00671888
-0.00720083
0.0347141
0.0347141
0.0344935
0.0337428
0.0320704
0.0293108
0.0255969
0.0216539
0.0189779
0.0208516
0.0323149
0.0517884
0.0677264
0.0581436
0.0425291
0.0316262
0.0268408
0.024512
0.023436
0.0228161
0.0249327
0.024972
0.0249317
0.0246806
0.0239541
0.0226674
0.0209236
0.0193737
0.0195138
0.0247676
0.0397645
0.0618315
0.0772888
0.0680869
0.0545435
0.0470084
0.0438746
0.0430974
0.0419021
0.0410576
0.0162571
0.0163035
0.0163346
0.0163569
0.0162114
0.0157977
0.0152088
0.014979
0.0163724
0.0222906
0.0365909
0.0561159
0.0676578
0.058721
0.0497998
0.0457791
0.0452068
0.04527
0.0443097
0.0435012
0.00844297
0.00847279
0.00853195
0.00868058
0.00878458
0.00878713
0.00874376
0.00897702
0.0102508
0.0143662
0.0240763
0.0373101
0.0428562
0.035749
0.0312314
0.0316071
0.0326849
0.0336202
0.032706
0.0318384
0.00146777
0.00148926
0.00148624
0.00155181
0.00169727
0.00177956
0.00177004
0.0017246
0.0019195
0.00252915
0.00412524
0.00718542
0.00937032
0.0107669
0.00959321
0.00954594
0.00920748
0.00669971
0.00589221
0.00603411
-0.101468
0.0858918
0.285921
0.453746
0.587489
0.692693
0.780059
0.853564
0.883799
0.867649
0.222414
0.345345
0.473909
0.584815
0.678092
0.755315
0.817477
0.861079
0.883731
0.896629
0.441036
0.52429
0.611679
0.689342
0.755926
0.811543
0.855612
0.888086
0.911973
0.929886
0.600174
0.659357
0.72053
0.777286
0.826442
0.868097
0.902347
0.930044
0.952576
0.970861
0.724854
0.767236
0.814118
0.857119
0.895525
0.929077
0.957846
0.982109
1.00191
1.01987
0.828339
0.861284
0.899626
0.934926
0.967303
0.996442
1.02199
1.04366
1.0607
1.0783
0.920673
0.949485
0.983432
1.01555
1.04539
1.07253
1.09633
1.11616
1.13076
1.14821
1.00912
1.03849
1.0724
1.10449
1.13406
1.16063
1.18353
1.20195
1.21459
1.23205
1.10435
1.13789
1.17427
1.20795
1.23795
1.26407
1.28595
1.30302
1.31445
1.33225
1.21918
1.25771
1.29591
1.33008
1.35931
1.38395
1.40422
1.4199
1.43122
1.44956
1.36384
1.4033
1.43883
1.46921
1.49476
1.51679
1.53578
1.55129
1.56393
1.58205
1.53854
1.57058
1.59635
1.61867
1.6387
1.65743
1.67505
1.69159
1.70733
1.72552
1.72612
1.74367
1.75919
1.77577
1.79191
1.80645
1.81947
1.83344
1.85052
1.87019
1.9077
1.91866
1.9308
1.94159
1.95084
1.96039
1.97127
1.98285
1.9928
2.00797
2.1187
2.12072
2.10556
2.09033
2.08394
2.0896
2.10821
2.13862
2.17075
2.2015
2.42462
2.28757
2.21127
2.16916
2.15172
2.15576
2.18311
2.23925
2.3427
2.55799
0.733237
0.729862
0.723936
0.71413
0.701189
0.688768
0.678461
0.670522
0.664877
0.661609
0.661257
0.664015
0.66915
0.676414
0.685861
0.697556
0.710692
0.722686
0.730143
0.734865
0.651245
0.657131
0.664036
0.669276
0.672123
0.671797
0.668896
0.664979
0.661423
0.659147
0.659003
0.66122
0.664923
0.66929
0.673246
0.675253
0.674144
0.670057
0.664165
0.657121
0.64358
0.645927
0.649277
0.652185
0.654402
0.656204
0.657167
0.656916
0.655893
0.655008
0.655189
0.656628
0.658457
0.659745
0.659798
0.658632
0.656827
0.654488
0.651334
0.648372
0.638424
0.63951
0.641376
0.643757
0.645718
0.64711
0.648209
0.649072
0.649548
0.649805
0.650309
0.651107
0.651663
0.651639
0.651124
0.650256
0.648855
0.6468
0.644691
0.643277
0.633311
0.633966
0.635074
0.636794
0.638599
0.640215
0.641483
0.642513
0.643442
0.644274
0.645021
0.645556
0.645712
0.645518
0.644964
0.64394
0.642505
0.640935
0.639613
0.63883
0.628364
0.628819
0.629601
0.630896
0.632389
0.633922
0.635389
0.636678
0.637818
0.638891
0.63982
0.640386
0.64053
0.640266
0.639577
0.638576
0.637438
0.636302
0.635393
0.634873
0.623542
0.623883
0.624491
0.625556
0.626844
0.628221
0.629669
0.63112
0.632493
0.633777
0.634896
0.635598
0.635784
0.635513
0.634907
0.634123
0.633271
0.632408
0.631739
0.631358
0.618804
0.619069
0.619559
0.620465
0.62163
0.622923
0.624319
0.625814
0.62736
0.628886
0.630243
0.631121
0.631428
0.631305
0.630909
0.630349
0.629702
0.629065
0.628576
0.628285
0.614072
0.614283
0.614691
0.615486
0.61657
0.617815
0.619199
0.620736
0.622413
0.624178
0.62582
0.626955
0.627494
0.627612
0.627447
0.627106
0.626664
0.626216
0.625866
0.625638
0.609261
0.60943
0.60978
0.610502
0.61154
0.612763
0.614173
0.615792
0.617622
0.619639
0.621621
0.623107
0.623966
0.624369
0.624453
0.624338
0.624106
0.623829
0.623594
0.623412
0.604283
0.60442
0.604728
0.605405
0.606426
0.607673
0.609149
0.610892
0.61293
0.615252
0.617648
0.619574
0.620817
0.621548
0.621914
0.62204
0.622015
0.621903
0.621765
0.621619
0.59905
0.599161
0.599442
0.600099
0.601138
0.602453
0.604039
0.60596
0.608271
0.610983
0.61389
0.616344
0.618038
0.619149
0.619835
0.620222
0.620408
0.620464
0.620411
0.620292
0.593469
0.593557
0.593821
0.594484
0.595577
0.597001
0.598751
0.600919
0.603583
0.606788
0.610324
0.613412
0.615639
0.617189
0.618232
0.618926
0.61935
0.619559
0.619581
0.619484
0.587431
0.587498
0.587756
0.588447
0.589631
0.591213
0.593192
0.595684
0.5988
0.602623
0.606928
0.610776
0.613636
0.6157
0.617155
0.618188
0.618873
0.619251
0.619345
0.619264
0.58081
0.580857
0.581117
0.581858
0.583174
0.58497
0.58725
0.590159
0.593846
0.598434
0.603673
0.608438
0.612052
0.614725
0.616661
0.618073
0.61906
0.619619
0.619783
0.619716
0.573452
0.573482
0.573747
0.574561
0.576054
0.578129
0.580794
0.584233
0.588635
0.594164
0.600541
0.606408
0.610917
0.614306
0.616814
0.618678
0.620006
0.620759
0.620993
0.620938
0.565166
0.565183
0.565451
0.566362
0.568088
0.570507
0.573669
0.57778
0.583075
0.589761
0.597518
0.604705
0.610277
0.61451
0.617692
0.620098
0.621814
0.622779
0.623084
0.623036
0.555646
0.555634
0.555963
0.557013
0.559019
0.561894
0.565691
0.570651
0.577063
0.585181
0.594611
0.603365
0.61019
0.615415
0.619389
0.622428
0.624588
0.62579
0.626167
0.626124
0.544605
0.544568
0.544941
0.546186
0.548563
0.552024
0.556629
0.562664
0.570478
0.58036
0.59181
0.602425
0.610717
0.617105
0.622007
0.625774
0.62845
0.629905
0.630353
0.630311
0.531564
0.531501
0.531952
0.533449
0.536311
0.540538
0.546188
0.553604
0.563188
0.575246
0.589127
0.601931
0.611927
0.61966
0.625645
0.63025
0.633502
0.635223
0.635736
0.63569
0.515882
0.515791
0.516367
0.518213
0.521724
0.526972
0.53401
0.54323
0.555071
0.56982
0.586604
0.601959
0.613906
0.623164
0.630387
0.635941
0.639823
0.641813
0.64238
0.642324
0.496621
0.496504
0.49728
0.499639
0.504065
0.510734
0.519669
0.531296
0.54605
0.564127
0.584346
0.602614
0.616751
0.627715
0.636297
0.642909
0.647455
0.649693
0.650292
0.650218
0.472375
0.472244
0.473353
0.476505
0.482309
0.491059
0.502683
0.517586
0.5361
0.558249
0.582468
0.604001
0.620543
0.633372
0.643415
0.651173
0.656365
0.6588
0.659397
0.659297
0.440847
0.440741
0.442456
0.446975
0.455073
0.467058
0.48263
0.502033
0.525362
0.552401
0.581179
0.606279
0.625378
0.640179
0.651775
0.660685
0.666426
0.66896
0.66951
0.669378
0.397899
0.39796
0.401001
0.408372
0.420734
0.438005
0.459418
0.484885
0.514211
0.546961
0.58077
0.609634
0.631357
0.648163
0.661312
0.671302
0.677394
0.679866
0.680319
0.680152
0.335814
0.337007
0.344422
0.358226
0.378379
0.404053
0.433685
0.466863
0.503272
0.542382
0.58151
0.614208
0.638539
0.657274
0.671856
0.68268
0.688858
0.691037
0.691325
0.691136
0.261907
0.263954
0.278241
0.301969
0.332933
0.36852
0.407103
0.448491
0.49249
0.538621
0.583934
0.621394
0.649127
0.670367
0.686747
0.698451
0.70461
0.70659
0.706838
0.706743
0.185856
0.192214
0.213458
0.247331
0.288695
0.333931
0.381448
0.431122
0.482826
0.536108
0.587779
0.630152
0.661383
0.685241
0.703551
0.715981
0.721749
0.723288
0.723465
0.72343
0.12376
0.132245
0.158005
0.198921
0.248437
0.301902
0.357494
0.414933
0.473991
0.534156
0.591934
0.638953
0.673426
0.699601
0.719314
0.732184
0.737893
0.739286
0.739518
0.739546
0.0731364
0.0822334
0.111526
0.157659
0.213302
0.273381
0.335799
0.400103
0.465897
0.532532
0.596111
0.647536
0.685037
0.713349
0.734531
0.747975
0.753659
0.755329
0.755648
0.755722
0.0307632
0.0401321
0.0718611
0.121994
0.182667
0.248242
0.316442
0.386739
0.45858
0.531176
0.600209
0.655826
0.696229
0.726629
0.749199
0.763465
0.769623
0.771566
0.771913
0.771998
-0.00575218
0.00372608
0.0372852
0.0906247
0.155466
0.225737
0.298973
0.37457
0.451877
0.52998
0.60415
0.66376
0.706952
0.73938
0.763344
0.778522
0.785254
0.787352
0.787746
0.787827
-0.0380779
-0.028558
0.00640858
0.0624619
0.130795
0.205113
0.282813
0.363191
0.445514
0.528745
0.607766
0.671176
0.717021
0.751341
0.776619
0.792652
0.799946
0.802235
0.802647
0.802703
-0.0674829
-0.0579114
-0.0217893
0.0366143
0.107933
0.185801
0.267475
0.352195
0.439147
0.527203
0.610852
0.6779
0.726268
0.762331
0.788804
0.805559
0.813399
0.815861
0.816293
0.816337
-0.0948331
-0.0852079
-0.0480495
0.0123542
0.0863404
0.167359
0.252583
0.341254
0.432508
0.525137
0.613256
0.683838
0.734611
0.772325
0.799828
0.817175
0.825403
0.82801
0.828457
0.828479
-0.120696
-0.110991
-0.0728599
-0.0107848
0.0656258
0.149452
0.237873
0.330151
0.425406
0.522387
0.614863
0.688944
0.742072
0.781342
0.809769
0.827572
0.835993
0.838697
0.839152
0.83915
-0.145549
-0.13568
-0.096699
-0.0330431
0.0455288
0.131849
0.223159
0.318731
0.417709
0.518837
0.615596
0.693202
0.74871
0.789482
0.818745
0.836853
0.845341
0.848053
0.848505
0.848469
-0.169647
-0.159552
-0.119839
-0.0546192
0.0258592
0.114406
0.208322
0.3069
0.409329
0.51441
0.615401
0.696607
0.754588
0.796888
0.82688
0.845188
0.853659
0.856329
0.856747
0.856685
-0.193095
-0.182795
-0.142283
-0.0756707
0.00650211
0.0970515
0.193303
0.294608
0.400223
0.509046
0.61422
0.699159
0.759781
0.80371
0.834416
0.852812
0.861149
0.863713
0.864076
0.863993
-0.216051
-0.205459
-0.164171
-0.0962756
-0.012585
0.0797483
0.178084
0.281848
0.390381
0.502723
0.612002
0.700838
0.764356
0.810091
0.841508
0.859851
0.867945
0.870322
0.870597
0.87048
-0.238484
-0.22761
-0.185579
-0.116472
-0.0314091
0.0625058
0.162694
0.26865
0.379822
0.495428
0.608704
0.701592
0.768339
0.816159
0.848335
0.866457
0.874097
0.876188
0.876349
0.876208
-0.260451
-0.249259
-0.206442
-0.136247
-0.0499533
0.0453535
0.147172
0.25507
0.368598
0.487183
0.604287
0.701353
0.7717
0.822019
0.855127
0.872852
0.879747
0.881375
0.881397
0.881237
-0.281772
-0.270341
-0.226748
-0.155561
-0.0681731
0.0283598
0.131581
0.241178
0.356778
0.478041
0.598728
0.700032
0.774356
0.827711
0.862149
0.879438
0.885197
0.886016
0.885799
0.885634
-0.302583
-0.290806
-0.246485
-0.174395
-0.0860383
0.0115625
0.116013
0.227054
0.344448
0.46808
0.592033
0.697525
0.776158
0.833147
0.869601
0.886805
0.891114
0.890451
0.889636
0.889479
-0.322726
-0.31063
-0.265626
-0.192702
-0.103471
-0.00495438
0.100549
0.212816
0.331717
0.457367
0.584237
0.693728
0.776908
0.83808
0.877415
0.895575
0.898814
0.895873
0.893436
0.892571
-0.342253
-0.329856
-0.284116
-0.210431
-0.120436
-0.0211222
0.0852732
0.198546
0.318694
0.446034
0.57541
0.688536
0.776378
0.842105
0.885047
0.905796
0.909826
0.905478
0.899109
0.890274
-0.361086
-0.348449
-0.302034
-0.227739
-0.137145
-0.0372139
0.0698545
0.183845
0.304938
0.433586
0.565029
0.68139
0.774098
0.844868
0.891808
0.91672
0.924413
0.920291
0.909933
0.905991
-0.379173
-0.366397
-0.319374
-0.244588
-0.153591
-0.053207
0.0543148
0.168697
0.290409
0.419906
0.552907
0.671877
0.7693
0.845565
0.895711
0.92399
0.934219
0.933789
0.896206
0.849141
-0.396217
-0.383035
-0.336061
-0.260884
-0.169829
-0.0692046
0.0386209
0.153223
0.275162
0.405038
0.538957
0.659735
0.760841
0.843505
0.894715
0.918369
0.928493
0.909275
0.852495
0.791764
-0.414029
-0.398201
-0.351803
-0.275996
-0.185461
-0.0848621
0.0224918
0.137469
0.259321
0.389135
0.523166
0.644752
0.747274
0.83926
0.886543
0.918208
0.888046
0.839089
0.768283
0.701539
-0.40126
-0.380856
-0.329824
-0.24955
-0.152898
-0.0493668
0.0633285
0.18123
0.306338
0.440259
0.569155
0.679352
0.775038
0.869015
0.899292
0.82534
0.772185
0.705397
0.632281
0.58423
-0.420933
-0.407756
-0.37046
-0.299429
-0.209346
-0.109885
-0.00224445
0.112239
0.233456
0.362246
0.494802
0.61532
0.715312
0.802443
0.872237
0.855839
0.738075
0.652589
0.588133
0.50691
-0.442031
-0.42763
-0.385465
-0.313282
-0.222574
-0.123454
-0.0169012
0.0966383
0.21692
0.344353
0.475285
0.594028
0.690914
0.765482
0.79228
0.709767
0.570201
0.474594
0.399221
0.313063
-0.463375
-0.450849
-0.404528
-0.331264
-0.240516
-0.140957
-0.0344031
0.0788666
0.198282
0.324264
0.452442
0.566752
0.654592
0.713576
0.690411
0.557847
0.407773
0.292204
0.195529
0.0645904
-0.486692
-0.474053
-0.425609
-0.351081
-0.260201
-0.160565
-0.0541358
0.0585765
0.176898
0.300999
0.425763
0.534467
0.61296
0.650194
0.589902
0.408937
0.232799
0.0849197
-0.0516859
-0.238132
-0.509387
-0.496948
-0.447327
-0.371569
-0.280255
-0.180679
-0.0746453
0.0372259
0.154185
0.275994
0.396826
0.499166
0.569775
0.572288
0.462293
0.266607
0.060423
-0.129589
-0.29999
-0.677332
-0.53225
-0.520041
-0.46985
-0.393238
-0.301542
-0.201941
-0.0963147
0.0146842
0.130147
0.249389
0.365871
0.460891
0.519912
0.490024
0.338335
0.138905
-0.0746409
-0.273369
-0.440871
-0.732912
-0.556044
-0.543966
-0.493459
-0.416315
-0.324358
-0.224724
-0.119465
-0.00932453
0.104567
0.22103
0.332869
0.420143
0.463951
0.415677
0.226534
0.0326946
-0.16592
-0.331479
-0.399794
-0.438167
-0.581314
-0.569358
-0.518542
-0.441093
-0.349081
-0.249596
-0.144865
-0.0358191
0.0761596
0.189323
0.295867
0.374665
0.401564
0.317368
0.126044
-0.057005
-0.223873
-0.329642
-0.364881
-0.373423
-0.60832
-0.596316
-0.545263
-0.4676
-0.375661
-0.276511
-0.172533
-0.0648519
0.0448328
0.15416
0.254644
0.324719
0.32547
0.211744
0.0341031
-0.134733
-0.274752
-0.329975
-0.341294
-0.345106
-0.63715
-0.625038
-0.573696
-0.495855
-0.404099
-0.305474
-0.202474
-0.0964658
0.0105507
0.115568
0.209225
0.269905
0.246331
0.112686
-0.0504478
-0.208394
-0.307368
-0.333035
-0.331103
-0.331168
-0.667568
-0.655654
-0.603801
-0.525827
-0.434362
-0.336439
-0.234676
-0.130648
-0.0266687
0.073562
0.159936
0.20899
0.175982
0.021993
-0.127186
-0.264952
-0.307548
-0.317924
-0.321843
-0.322045
-0.699415
-0.687513
-0.635362
-0.557353
-0.466313
-0.369303
-0.269042
-0.167318
-0.0667576
0.028327
0.106977
0.144812
0.104179
-0.0556001
-0.194078
-0.289365
-0.328426
-0.318523
-0.317023
-0.316859
-0.732173
-0.720214
-0.668067
-0.590101
-0.499661
-0.403813
-0.305336
-0.20626
-0.109502
-0.0197627
0.0507044
0.0794015
0.0186197
-0.123234
-0.246363
-0.295973
-0.312022
-0.313048
-0.312845
-0.312632
-0.765129
-0.753138
-0.701089
-0.623503
-0.533948
-0.439549
-0.343192
-0.247101
-0.15453
-0.0702934
-0.00755818
0.00585966
-0.0635386
-0.179977
-0.275747
-0.305019
-0.307331
-0.310179
-0.31032
-0.310306
-0.79699
-0.785382
-0.733472
-0.656862
-0.568472
-0.475889
-0.382029
-0.289259
-0.201196
-0.122773
-0.0657622
-0.0665366
-0.137777
-0.231683
-0.289938
-0.335893
-0.316959
-0.311368
-0.31035
-0.310016
-0.826231
-0.815139
-0.764246
-0.688765
-0.602272
-0.511969
-0.421069
-0.331964
-0.248581
-0.176198
-0.123662
-0.130215
-0.209307
-0.280545
-0.309056
-0.305298
-0.313258
-0.313373
-0.31244
-0.312172
-0.851218
-0.8408
-0.79141
-0.718085
-0.634078
-0.54667
-0.459282
-0.374257
-0.295579
-0.22907
-0.18218
-0.188163
-0.271801
-0.343828
-0.354549
-0.361699
-0.342334
-0.327017
-0.32149
-0.320288
-0.869528
-0.860035
-0.812988
-0.742823
-0.662402
-0.578757
-0.495446
-0.414977
-0.341049
-0.279874
-0.239051
-0.240273
-0.318373
-0.416067
-0.453847
-0.415845
-0.382001
-0.365571
-0.3561
-0.350785
-0.879035
-0.870409
-0.826893
-0.761065
-0.68544
-0.606681
-0.528305
-0.452806
-0.383767
-0.327171
-0.289417
-0.282582
-0.332203
-0.431473
-0.485256
-0.430355
-0.409128
-0.398775
-0.38857
-0.382178
-0.875695
-0.868554
-0.831339
-0.770965
-0.701482
-0.628912
-0.556463
-0.486538
-0.422448
-0.369702
-0.330844
-0.302005
-0.285895
-0.28316
-0.378084
-0.336103
-0.331859
-0.332834
-0.33493
-0.335945
-0.857766
-0.852902
-0.82369
-0.771112
-0.709257
-0.644218
-0.578692
-0.514912
-0.45604
-0.40674
-0.365476
-0.310657
-0.179777
0.0560572
0.0656853
-0.109999
-0.236195
-0.278349
-0.297767
-0.304189
-0.825881
-0.822365
-0.80243
-0.760642
-0.708355
-0.652025
-0.594249
-0.537039
-0.483676
-0.437582
-0.401807
-0.33468
-0.208613
-0.0225025
0.00494156
-0.192457
-0.322275
-0.375618
-0.39682
-0.404462
-0.784709
-0.78249
-0.771118
-0.741649
-0.69984
-0.652882
-0.6031
-0.552617
-0.504345
-0.463946
-0.435246
-0.448083
-0.583587
-0.883856
-1.02914
-0.94638
-0.793274
-0.700859
-0.670466
-0.661667
-0.742877
-0.741587
-0.736029
-0.718622
-0.687389
-0.648412
-0.606112
-0.56142
-0.517477
-0.480243
-0.461074
-0.528005
-0.793302
-1.10295
-1.1677
-0.967769
-0.839774
-0.797339
-0.769538
-0.756005
-0.709681
-0.708998
-0.706307
-0.696265
-0.674096
-0.642313
-0.60509
-0.563928
-0.521282
-0.481122
-0.460484
-0.434907
-0.516039
-0.601344
-0.77063
-0.893046
-0.955541
-0.939578
-0.856726
-0.778576
-0.686676
-0.685931
-0.684557
-0.680492
-0.664793
-0.637654
-0.602365
-0.561919
-0.516424
-0.470481
-0.428339
-0.402794
-0.390923
-0.329794
-0.276958
-0.227822
-0.208347
-0.195476
-0.144824
-0.0781587
-0.670923
-0.670642
-0.67005
-0.668245
-0.659244
-0.635612
-0.600413
-0.557346
-0.509114
-0.454705
-0.402322
-0.383631
-0.285536
-0.0475636
0.213784
0.448984
0.584493
0.637445
0.661268
0.670561
-0.661722
-0.661593
-0.661099
-0.66027
-0.656261
-0.636037
-0.599415
-0.552438
-0.497737
-0.434851
-0.366572
-0.291907
-0.161014
0.138429
0.466089
0.76503
0.94565
1.01863
1.04196
1.04576
-0.656896
-0.656797
-0.656451
-0.656253
-0.655455
-0.639276
-0.600177
-0.547738
-0.485392
-0.412944
-0.325015
-0.235634
-0.0699493
0.209681
0.493125
0.737256
0.904712
1.01236
1.0855
1.12389
-0.653746
-0.654097
-0.655227
-0.65732
-0.658023
-0.643645
-0.602173
-0.545705
-0.476844
-0.392206
-0.293346
-0.196011
-0.0431199
0.238975
0.519747
0.776228
0.977379
1.11716
1.21145
1.25988
-0.646545
-0.647351
-0.648136
-0.648896
-0.648013
-0.637168
-0.603397
-0.548963
-0.473285
-0.38036
-0.278582
-0.175242
-0.0515473
0.199165
0.498314
0.784803
1.02453
1.19458
1.2913
1.32965
-0.65441
-0.654224
-0.647543
-0.628521
-0.610418
-0.614761
-0.610297
-0.560598
-0.477646
-0.377021
-0.270226
-0.158953
-0.0575811
0.166319
0.444678
0.693168
0.908799
1.06437
1.14758
1.17779
-0.709224
-0.70587
-0.696834
-0.6793
-0.667877
-0.670762
-0.660455
-0.588426
-0.487447
-0.374999
-0.26431
-0.159592
-0.0672726
0.0992485
0.328964
0.540196
0.713501
0.833674
0.894826
0.915707
-0.820973
-0.819655
-0.837292
-0.868448
-0.878231
-0.857819
-0.776028
-0.634578
-0.497251
-0.372671
-0.259673
-0.16244
-0.0773664
0.0319944
0.208469
0.370689
0.505331
0.597054
0.641114
0.655886
-0.923717
-0.930581
-0.96521
-1.00262
-1.01307
-0.978635
-0.846825
-0.657191
-0.494157
-0.363293
-0.255053
-0.168523
-0.0969555
-0.0247685
0.108986
0.229349
0.325959
0.390144
0.419436
0.426973
-0.871365
-0.88193
-0.914246
-0.948037
-0.959899
-0.917252
-0.777069
-0.604847
-0.455343
-0.33626
-0.24196
-0.171802
-0.115222
-0.0708623
0.0195915
0.108599
0.177545
0.22133
0.240282
0.245455
-0.61563
-0.62715
-0.653251
-0.685689
-0.703309
-0.673136
-0.578271
-0.470619
-0.371886
-0.288111
-0.217764
-0.165212
-0.123902
-0.0953416
-0.0373462
0.0187899
0.0617341
0.0887203
0.100149
0.102894
-0.278044
-0.284402
-0.299273
-0.323038
-0.347429
-0.352468
-0.336281
-0.305492
-0.267861
-0.227155
-0.186214
-0.152507
-0.126831
-0.107152
-0.0720327
-0.0396951
-0.0166385
-0.00492336
-0.0012154
-0.000891866
-0.0217844
-0.024638
-0.0326554
-0.0516235
-0.0823888
-0.119283
-0.149837
-0.168492
-0.174305
-0.16765
-0.154171
-0.139565
-0.125459
-0.116186
-0.0996208
-0.0825574
-0.0719627
-0.0678966
-0.0671882
-0.067435
0.100887
0.0992525
0.0942238
0.0784058
0.0472043
0.00347651
-0.0415302
-0.0793981
-0.105822
-0.120315
-0.125757
-0.126465
-0.124725
-0.121317
-0.114076
-0.106814
-0.103531
-0.103302
-0.103968
-0.104387
0.132946
0.131899
0.128108
0.115814
0.0907053
0.0541084
0.0128298
-0.0268804
-0.0600373
-0.0847353
-0.102556
-0.117541
-0.129893
-0.131313
-0.123795
-0.118461
-0.117955
-0.119272
-0.120636
-0.121145
0.125322
0.124662
0.12195
0.113293
0.0953977
0.0684669
0.0359019
0.0017667
-0.0303818
-0.0586676
-0.0841654
-0.110102
-0.135306
-0.138351
-0.128726
-0.122457
-0.120788
-0.121663
-0.12262
-0.123053
0.105759
0.105396
0.103581
0.0978199
0.0856919
0.0668331
0.0426604
0.0155284
-0.0119868
-0.0384288
-0.0649324
-0.0943387
-0.122293
-0.122942
-0.112478
-0.108126
-0.109075
-0.111795
-0.113491
-0.113935
0.0852769
0.0851259
0.0839755
0.0802885
0.0723486
0.0595843
0.0425139
0.0223597
0.000777336
-0.0211438
-0.0434115
-0.0669691
-0.0865685
-0.08442
-0.0801852
-0.081619
-0.0859769
-0.0901176
-0.0921456
-0.0925824
0.0673095
0.0672565
0.0665866
0.0643462
0.0593269
0.0509562
0.0393502
0.0251917
0.00969628
-0.00596742
-0.0199901
-0.0319115
-0.0389398
-0.0360762
-0.0381591
-0.0453255
-0.0530837
-0.0582917
-0.0604722
-0.0610135
0.0524343
0.0524556
0.0520707
0.0507771
0.047747
0.0425023
0.0350285
0.0257922
0.0158531
0.00674917
0.00192122
0.00370781
0.0104892
0.0138674
0.00458849
-0.00694627
-0.0166144
-0.0219362
-0.0239695
-0.0246753
0.0400997
0.0401619
0.0399935
0.0393286
0.0376739
0.0346263
0.0301945
0.0247401
0.0193399
0.0159388
0.0192737
0.0320422
0.0491195
0.0526963
0.0379828
0.024746
0.0157334
0.0115275
0.00994609
0.00910028
0.0296041
0.0296798
0.029645
0.0293803
0.0286179
0.0270856
0.0247547
0.0219986
0.0198985
0.0205677
0.0291091
0.0479019
0.0690211
0.0730391
0.0573204
0.04535
0.0393688
0.0367359
0.0353371
0.0342213
0.0204259
0.0205031
0.0205384
0.020525
0.0202824
0.0196985
0.018728
0.0176955
0.0175418
0.0202791
0.0305948
0.0503004
0.0702917
0.0730555
0.0590852
0.050661
0.0471806
0.0461118
0.0453462
0.0444036
0.0122005
0.0122674
0.0123201
0.0123981
0.0124587
0.0123708
0.0121373
0.0119741
0.0125893
0.015469
0.0242415
0.0402699
0.0549283
0.0543721
0.0448158
0.0402265
0.0402544
0.0411969
0.0407133
0.0397372
0.00148508
0.0014854
0.00149994
0.00162996
0.00174931
0.00178607
0.00174271
0.00179483
0.00215045
0.00320806
0.00529738
0.00852014
0.0108761
0.00960201
0.00941671
0.00924819
0.00822755
0.00595518
0.00608285
0.0214941
-1.00536
-0.394154
0.0274939
0.278318
0.461668
0.601701
0.710526
0.799837
0.895477
0.972476
-0.0616261
0.137054
0.309889
0.458083
0.581474
0.68205
0.76399
0.830551
0.870937
0.876484
0.270884
0.386641
0.495664
0.595228
0.680651
0.752627
0.81143
0.855781
0.885054
0.903174
0.478582
0.556905
0.632483
0.702758
0.764285
0.816664
0.859709
0.89357
0.920008
0.938904
0.630799
0.683984
0.742443
0.793865
0.840023
0.880085
0.914101
0.94249
0.966106
0.982858
0.751729
0.792427
0.837208
0.877089
0.913806
0.946801
0.97574
1.00064
1.02153
1.03557
0.853375
0.888067
0.923966
0.958215
0.990193
1.0196
1.04585
1.0685
1.08708
1.09871
0.946002
0.977386
1.01034
1.04295
1.07358
1.10182
1.12691
1.14821
1.16488
1.1746
1.03664
1.06957
1.10397
1.13801
1.16928
1.19747
1.22197
1.2422
1.25726
1.26609
1.13834
1.17624
1.21387
1.25005
1.28205
1.30978
1.33311
1.35191
1.36572
1.37512
1.26498
1.30772
1.34666
1.38212
1.41234
1.43785
1.45932
1.47679
1.49019
1.50141
1.42627
1.46781
1.50136
1.53035
1.55474
1.57621
1.59575
1.6131
1.62805
1.64176
1.6167
1.64612
1.66772
1.68683
1.70507
1.72241
1.73852
1.75421
1.7709
1.78814
1.81326
1.82387
1.83613
1.85066
1.86518
1.87809
1.88936
1.90019
1.9129
1.92846
2.0002
2.00978
2.0194
2.02142
2.02198
2.02618
2.03699
2.05332
2.07065
2.07535
2.30483
2.24596
2.19424
2.15421
2.13183
2.12774
2.14128
2.17499
2.23097
2.3103
0.867975
0.810868
0.768476
0.734942
0.710616
0.693207
0.680719
0.671764
0.665624
0.662123
0.661731
0.664606
0.670073
0.678041
0.688976
0.703957
0.724733
0.753475
0.79192
0.840009
0.672349
0.681378
0.687522
0.688135
0.684159
0.677768
0.671186
0.665654
0.661784
0.660118
0.661296
0.664912
0.670235
0.676803
0.6838
0.689521
0.691567
0.688236
0.679883
0.672697
0.647881
0.649978
0.654575
0.658328
0.661336
0.663088
0.662866
0.661083
0.658849
0.657257
0.657268
0.659104
0.661855
0.664527
0.666017
0.665492
0.663187
0.65997
0.655863
0.651428
0.641675
0.642575
0.645079
0.647717
0.649656
0.651114
0.652276
0.652843
0.652739
0.652491
0.652841
0.65392
0.654992
0.655394
0.65493
0.653926
0.652511
0.65037
0.647765
0.645741
0.636196
0.636661
0.638069
0.640116
0.642049
0.643571
0.644704
0.645654
0.646432
0.647042
0.647677
0.648296
0.648566
0.648406
0.647906
0.646984
0.645514
0.643668
0.642004
0.640979
0.631068
0.631358
0.632271
0.633741
0.635383
0.636992
0.638394
0.639549
0.64058
0.64155
0.642391
0.642918
0.643051
0.642827
0.642188
0.641133
0.639828
0.638501
0.637421
0.636795
0.626123
0.626327
0.627012
0.628179
0.629556
0.631005
0.632479
0.633871
0.635129
0.636302
0.637322
0.63795
0.63811
0.637823
0.63715
0.636251
0.635268
0.634277
0.633498
0.633056
0.621309
0.621464
0.622007
0.622986
0.624205
0.625536
0.626957
0.628436
0.629904
0.631307
0.632539
0.633322
0.633553
0.63334
0.632834
0.632164
0.631417
0.630669
0.630095
0.629764
0.616553
0.616675
0.61712
0.617965
0.619085
0.620355
0.621741
0.623253
0.624865
0.62651
0.628004
0.628998
0.629407
0.629398
0.629118
0.628668
0.62812
0.627576
0.627161
0.626905
0.611769
0.611867
0.612243
0.612997
0.614055
0.615288
0.616683
0.618255
0.620003
0.621888
0.623692
0.624991
0.625681
0.625935
0.625894
0.625665
0.625323
0.62496
0.62467
0.624468
0.606866
0.606947
0.607274
0.607969
0.608995
0.610228
0.611669
0.613343
0.615269
0.617429
0.619607
0.621302
0.622344
0.622904
0.623128
0.62313
0.622997
0.622802
0.622617
0.622455
0.601756
0.601824
0.602116
0.602779
0.603804
0.605085
0.606613
0.608436
0.610602
0.613106
0.615743
0.617922
0.61938
0.620293
0.620819
0.62107
0.621148
0.621114
0.62102
0.620888
0.596348
0.596405
0.596675
0.597331
0.598392
0.599761
0.601426
0.60346
0.605936
0.608879
0.612085
0.614841
0.616789
0.618109
0.618974
0.619504
0.619807
0.619934
0.619919
0.619812
0.590541
0.590588
0.590848
0.591519
0.592652
0.594155
0.596016
0.598334
0.601209
0.604705
0.608606
0.612056
0.614585
0.616379
0.617629
0.618486
0.619031
0.619317
0.619376
0.619288
0.584218
0.584257
0.584513
0.585223
0.586466
0.588156
0.590281
0.592967
0.596351
0.600536
0.605285
0.60957
0.612789
0.615141
0.616838
0.618051
0.61887
0.619334
0.619464
0.619391
0.57724
0.577268
0.57753
0.5783
0.579697
0.581634
0.584101
0.587257
0.591279
0.596312
0.602093
0.607384
0.611425
0.614437
0.616662
0.618287
0.619421
0.620073
0.620274
0.620214
0.569436
0.569453
0.569727
0.570579
0.572177
0.574428
0.577332
0.581085
0.585907
0.591983
0.599016
0.605513
0.610531
0.614321
0.617171
0.619286
0.620781
0.621638
0.62191
0.62186
0.560564
0.560589
0.560894
0.561841
0.563688
0.566339
0.569806
0.574314
0.580134
0.587497
0.59605
0.603987
0.610161
0.614865
0.618448
0.621147
0.623055
0.624137
0.624482
0.624438
0.55033
0.550345
0.550692
0.551786
0.553961
0.557138
0.56132
0.566782
0.573854
0.582806
0.593197
0.602843
0.610374
0.616154
0.620596
0.623964
0.626354
0.627685
0.628102
0.628061
0.538361
0.53837
0.538756
0.540046
0.542658
0.546512
0.551611
0.558288
0.566932
0.577843
0.590453
0.602119
0.611233
0.618266
0.623715
0.627858
0.630797
0.632389
0.632875
0.632833
0.524111
0.524115
0.524564
0.52612
0.529304
0.534053
0.540353
0.548603
0.559242
0.572571
0.587839
0.601875
0.612819
0.621286
0.6279
0.632928
0.636471
0.638334
0.638882
0.638833
0.506815
0.506814
0.507357
0.509294
0.513271
0.519238
0.527152
0.537479
0.55068
0.567005
0.585436
0.602202
0.61522
0.625305
0.633226
0.639246
0.643444
0.64557
0.646163
0.6461
0.485322
0.485315
0.486021
0.488551
0.49369
0.501393
0.511551
0.52468
0.541192
0.561203
0.583349
0.603208
0.618527
0.630408
0.639741
0.646856
0.651723
0.654077
0.654688
0.654603
0.457891
0.457882
0.458874
0.462385
0.469362
0.479674
0.493073
0.510042
0.530817
0.555304
0.581735
0.605019
0.622829
0.636634
0.647483
0.655755
0.661236
0.663745
0.664333
0.664218
0.42148
0.421485
0.423101
0.428517
0.438761
0.45321
0.471418
0.493635
0.519808
0.549602
0.580844
0.607811
0.628227
0.64403
0.656453
0.665846
0.671809
0.674348
0.674862
0.674709
0.370298
0.370525
0.374214
0.384028
0.400355
0.421607
0.446809
0.475932
0.508679
0.544544
0.580987
0.611766
0.634811
0.652599
0.666549
0.67693
0.683145
0.685549
0.685938
0.685747
0.296906
0.299217
0.310042
0.329214
0.355618
0.386385
0.420488
0.457756
0.497902
0.540412
0.582462
0.617358
0.643269
0.663236
0.678838
0.690101
0.696421
0.69862
0.698894
0.698702
0.218872
0.224991
0.244142
0.273424
0.310549
0.351105
0.394173
0.439712
0.487572
0.537293
0.585812
0.625763
0.655286
0.677937
0.695542
0.707779
0.713938
0.715742
0.715922
0.715813
0.151603
0.158078
0.183799
0.221748
0.268038
0.317603
0.369287
0.422934
0.478373
0.53513
0.589884
0.634609
0.667499
0.692608
0.711821
0.724496
0.73035
0.731926
0.7321
0.73204
0.0965392
0.103443
0.133114
0.177222
0.230331
0.287268
0.346405
0.407384
0.469888
0.533343
0.59406
0.643308
0.679319
0.706605
0.727198
0.740442
0.746335
0.747995
0.748153
0.748135
0.0508522
0.058085
0.090276
0.139075
0.197571
0.260499
0.325902
0.393295
0.462189
0.531862
0.598206
0.651751
0.690716
0.720098
0.742084
0.75611
0.76244
0.76407
0.764279
0.764275
0.0120472
0.0194561
0.0534287
0.105754
0.168771
0.236772
0.307556
0.38057
0.455202
0.530599
0.602235
0.659871
0.701686
0.733126
0.756505
0.771383
0.77823
0.779965
0.780222
0.780237
-0.0218867
-0.0143691
0.020896
0.0761596
0.142926
0.215281
0.290803
0.368845
0.448705
0.529413
0.606037
0.66757
0.712104
0.745508
0.770229
0.785951
0.793252
0.795233
0.795556
0.795584
-0.0524258
-0.044803
-0.00848886
0.0492981
0.11923
0.195369
0.275103
0.3577
0.442379
0.528052
0.609408
0.674654
0.721776
0.756991
0.782934
0.799468
0.807173
0.809443
0.809818
0.809839
-0.0805246
-0.072813
-0.0355739
0.0243666
0.0970514
0.176533
0.260024
0.34676
0.4359
0.526268
0.612167
0.680991
0.730572
0.767472
0.794523
0.811695
0.819794
0.822286
0.822708
0.822713
-0.106937
-0.0991114
-0.0609833
0.000685532
0.075931
0.15839
0.245244
0.335757
0.429047
0.523875
0.614184
0.686515
0.738466
0.776975
0.804959
0.822656
0.831027
0.833653
0.834103
0.834091
-0.132123
-0.124152
-0.0851405
-0.0219856
0.055547
0.140653
0.230548
0.32451
0.421657
0.520734
0.615359
0.691194
0.745505
0.785531
0.814408
0.83244
0.840939
0.843645
0.844083
0.844053
-0.156443
-0.148313
-0.108571
-0.0438842
0.0356777
0.123138
0.215782
0.31289
0.413624
0.516752
0.615634
0.695027
0.751755
0.793286
0.822927
0.841187
0.849734
0.852431
0.852862
0.852808
-0.18006
-0.171672
-0.131339
-0.0651857
0.0161694
0.105744
0.200854
0.30083
0.404884
0.511861
0.61495
0.698005
0.75728
0.800379
0.830736
0.849124
0.857598
0.86023
0.860625
0.860566
-0.203084
-0.194572
-0.153438
-0.0860123
-0.00305085
0.0884114
0.185731
0.2883
0.39541
0.506018
0.613257
0.700122
0.762156
0.806964
0.838029
0.85643
0.864698
0.867206
0.867535
0.867441
-0.225623
-0.216912
-0.175037
-0.106416
-0.0220104
0.0711349
0.170423
0.275317
0.385198
0.499202
0.6105
0.701344
0.766434
0.813172
0.844959
0.863227
0.871142
0.873411
0.873635
0.873495
-0.247684
-0.238774
-0.196155
-0.126409
-0.0407048
0.0539327
0.154954
0.261915
0.374295
0.491432
0.606645
0.701611
0.770112
0.819126
0.851737
0.869686
0.87701
0.878909
0.879011
0.878849
-0.269217
-0.260106
-0.216723
-0.14596
-0.0590959
0.0368434
0.139391
0.248163
0.362765
0.482729
0.601658
0.700843
0.773136
0.824902
0.85861
0.876112
0.882501
0.883794
0.883718
0.883543
-0.290161
-0.280847
-0.236731
-0.165042
-0.0771438
0.0199359
0.123801
0.234145
0.350677
0.473166
0.595525
0.698941
0.775389
0.830486
0.865833
0.883002
0.888062
0.888252
0.887813
0.887645
-0.310517
-0.300988
-0.256164
-0.183619
-0.0948057
0.00327959
0.10827
0.219953
0.33813
0.462813
0.588277
0.695801
0.776692
0.835713
0.8735
0.891006
0.894666
0.892934
0.891506
0.891287
-0.330216
-0.32048
-0.274984
-0.201648
-0.112016
-0.013073
0.0928816
0.205678
0.325234
0.451771
0.579947
0.691318
0.776833
0.840251
0.881325
0.900563
0.903887
0.900012
0.896178
0.894542
-0.349283
-0.339348
-0.293165
-0.219131
-0.128804
-0.0291378
0.077616
0.191292
0.311961
0.440009
0.570469
0.685268
0.775532
0.843705
0.888644
0.911314
0.91685
0.912736
0.904967
0.889758
-0.36773
-0.357625
-0.310803
-0.236247
-0.14541
-0.0452153
0.0620971
0.176333
0.297771
0.426899
0.559194
0.676951
0.772099
0.84555
0.89428
0.921097
0.930751
0.925572
0.915982
0.878977
-0.385801
-0.375052
-0.327844
-0.252845
-0.161712
-0.0611707
0.0465118
0.161021
0.282891
0.412636
0.546178
0.666159
0.765657
0.844932
0.895979
0.923041
0.93281
0.929214
0.877733
0.820325
-0.404785
-0.390385
-0.344088
-0.268781
-0.177912
-0.0772213
0.0305979
0.145358
0.267292
0.397182
0.531261
0.652586
0.754794
0.841565
0.891293
0.906025
0.913657
0.880846
0.815897
0.752147
-0.424692
-0.424069
-0.364738
-0.281691
-0.190978
-0.0906551
0.014861
0.129999
0.251704
0.381332
0.515073
0.636581
0.738895
0.837547
0.856866
0.872501
0.848427
0.786966
0.713418
0.643457
-0.400592
-0.397302
-0.338946
-0.255914
-0.160222
-0.0567585
0.0536253
0.171345
0.296119
0.429526
0.557813
0.667425
0.760319
0.854121
0.865008
0.769731
0.687779
0.621245
0.549754
0.410318
-0.439989
-0.412768
-0.352178
-0.268386
-0.17289
-0.069528
0.0402796
0.157402
0.281308
0.413314
0.539359
0.646284
0.729543
0.793485
0.763592
0.633902
0.517512
0.43705
0.354731
0.198214
-0.464722
-0.433029
-0.370841
-0.287641
-0.191997
-0.0887551
0.0212124
0.137584
0.260217
0.390063
0.512838
0.614586
0.689148
0.716638
0.639425
0.479808
0.3452
0.244913
0.13337
-0.0883887
-0.488479
-0.454832
-0.391095
-0.307242
-0.211567
-0.108402
0.00123079
0.1167
0.237816
0.365046
0.483528
0.578104
0.640884
0.633103
0.500558
0.31934
0.155189
0.0183008
-0.135116
-0.494424
-0.511457
-0.476957
-0.412094
-0.327367
-0.231577
-0.128603
-0.0195972
0.0948314
0.214213
0.338427
0.451786
0.538401
0.582885
0.546003
0.365781
0.16414
-0.0391642
-0.208496
-0.452102
-0.96605
-0.534298
-0.499705
-0.434115
-0.348775
-0.252786
-0.150017
-0.0416354
0.0716546
0.189081
0.309919
0.417587
0.496355
0.52088
0.435055
0.242122
0.0311875
-0.177667
-0.36114
-0.533705
-1.0889
-0.558153
-0.523415
-0.45742
-0.37169
-0.275545
-0.172944
-0.065156
0.0469625
0.162283
0.279466
0.381182
0.450275
0.450695
0.322011
0.134674
-0.0689855
-0.25621
-0.379869
-0.412905
-0.457464
-0.583442
-0.548568
-0.482316
-0.396409
-0.300292
-0.198027
-0.0910084
0.0196537
0.132449
0.24531
0.340681
0.39696
0.375172
0.21709
0.0369028
-0.143684
-0.289268
-0.348566
-0.369453
-0.374606
-0.610468
-0.575349
-0.508895
-0.422923
-0.327001
-0.225259
-0.119275
-0.0103923
0.0994596
0.207348
0.295712
0.336893
0.299109
0.119468
-0.051963
-0.210276
-0.318004
-0.341941
-0.344303
-0.344862
-0.63938
-0.603895
-0.537199
-0.451222
-0.355639
-0.254645
-0.149958
-0.0431796
0.0632818
0.165634
0.245895
0.274184
0.205096
0.0303428
-0.132423
-0.270119
-0.318461
-0.330917
-0.331282
-0.330793
-0.670044
-0.634154
-0.567187
-0.481296
-0.386193
-0.286155
-0.183039
-0.0787125
0.0239469
0.120248
0.191709
0.206182
0.107909
-0.052157
-0.201062
-0.307318
-0.319483
-0.320745
-0.322134
-0.321763
-0.702002
-0.665904
-0.598684
-0.512974
-0.418528
-0.319685
-0.218438
-0.116928
-0.0184256
0.0713813
0.13417
0.131646
0.0227117
-0.125168
-0.253996
-0.296245
-0.314152
-0.316841
-0.316966
-0.316734
-0.7349
-0.698499
-0.631351
-0.54595
-0.452384
-0.355003
-0.255934
-0.15761
-0.0635929
0.0195896
0.072822
0.0582837
-0.0566307
-0.185223
-0.287291
-0.327809
-0.31597
-0.313014
-0.31272
-0.312525
-0.767804
-0.731325
-0.664637
-0.579727
-0.487313
-0.391704
-0.29515
-0.200378
-0.111202
-0.034345
0.00731485
-0.0101952
-0.128154
-0.229219
-0.303825
-0.30469
-0.308988
-0.310264
-0.310345
-0.310216
-0.79965
-0.763673
-0.697307
-0.613574
-0.522663
-0.429203
-0.335526
-0.244609
-0.160644
-0.0898475
-0.0557333
-0.0818605
-0.191397
-0.268021
-0.29061
-0.311105
-0.31168
-0.310752
-0.310148
-0.309867
-0.828851
-0.793903
-0.728572
-0.646426
-0.557516
-0.466674
-0.376299
-0.289487
-0.210902
-0.146235
-0.113495
-0.157544
-0.250595
-0.302908
-0.3058
-0.311601
-0.314301
-0.312784
-0.312283
-0.311995
-0.853709
-0.820229
-0.756769
-0.676956
-0.590706
-0.503069
-0.416473
-0.334021
-0.260662
-0.202343
-0.171458
-0.223191
-0.311733
-0.362022
-0.373035
-0.355128
-0.333161
-0.323273
-0.320752
-0.319693
-0.871849
-0.840584
-0.779802
-0.703481
-0.620867
-0.537106
-0.454863
-0.377072
-0.308662
-0.256288
-0.22967
-0.274003
-0.364643
-0.457151
-0.436292
-0.397084
-0.372482
-0.36009
-0.352984
-0.349352
-0.880954
-0.852501
-0.795776
-0.724107
-0.646326
-0.567485
-0.490193
-0.417385
-0.353693
-0.305751
-0.27862
-0.305089
-0.368799
-0.495671
-0.452316
-0.416225
-0.403974
-0.393633
-0.384692
-0.38139
-0.878232
-0.853879
-0.802862
-0.737042
-0.665478
-0.592707
-0.521174
-0.453711
-0.394452
-0.349175
-0.312496
-0.300797
-0.27434
-0.368924
-0.347137
-0.33179
-0.33207
-0.334002
-0.335524
-0.336178
-0.85993
-0.841871
-0.799328
-0.740949
-0.677084
-0.611534
-0.546561
-0.484841
-0.429859
-0.386912
-0.339048
-0.263229
-0.0742431
0.136907
-0.0209614
-0.18613
-0.25888
-0.290317
-0.302155
-0.304717
-0.827719
-0.815241
-0.783576
-0.735346
-0.680563
-0.623332
-0.565555
-0.509748
-0.459607
-0.418948
-0.372912
-0.284354
-0.11067
0.0880232
-0.0953797
-0.270821
-0.354727
-0.388847
-0.401723
-0.405968
-0.786278
-0.778549
-0.758586
-0.721712
-0.676795
-0.628326
-0.577913
-0.528062
-0.48294
-0.447756
-0.430016
-0.488518
-0.721195
-0.983742
-1.02952
-0.860075
-0.738206
-0.679963
-0.664376
-0.660949
-0.744082
-0.739801
-0.729094
-0.704374
-0.668595
-0.627861
-0.583943
-0.539299
-0.497376
-0.469496
-0.454724
-0.645287
-0.948444
-1.19891
-1.0684
-0.889695
-0.810362
-0.784542
-0.758995
-0.755725
-0.71042
-0.708169
-0.702634
-0.686611
-0.659217
-0.624083
-0.585063
-0.542488
-0.500879
-0.464735
-0.450003
-0.471876
-0.546784
-0.680975
-0.845233
-0.927221
-0.959879
-0.902958
-0.809778
-0.775575
-0.686352
-0.685345
-0.683357
-0.674252
-0.652429
-0.620827
-0.582791
-0.539884
-0.493327
-0.445825
-0.420506
-0.397593
-0.365002
-0.301918
-0.251428
-0.211107
-0.204922
-0.176558
-0.103302
-0.0766044
-0.670841
-0.670351
-0.669635
-0.665287
-0.649123
-0.61925
-0.57977
-0.534079
-0.481955
-0.429021
-0.385621
-0.352022
-0.181433
0.0850703
0.339196
0.530978
0.617207
0.652007
0.667456
0.672688
-0.661694
-0.661388
-0.660708
-0.659344
-0.648499
-0.619382
-0.576902
-0.525716
-0.46841
-0.400178
-0.327281
-0.245606
-0.0242812
0.303397
0.622247
0.874128
0.990436
1.03482
1.04547
1.04589
-0.656866
-0.656655
-0.656226
-0.656346
-0.650303
-0.621905
-0.575138
-0.518403
-0.450762
-0.369134
-0.280554
-0.174334
0.0598728
0.354714
0.622278
0.831334
0.963296
1.05313
1.10926
1.13136
-0.653871
-0.654495
-0.656172
-0.658654
-0.654163
-0.625332
-0.575627
-0.513104
-0.436037
-0.344887
-0.241813
-0.144338
0.0905817
0.381745
0.65233
0.886002
1.05395
1.16957
1.24177
1.26894
-0.646984
-0.647714
-0.648608
-0.648911
-0.64519
-0.622902
-0.578917
-0.513314
-0.428998
-0.329543
-0.223891
-0.13197
0.0650292
0.34377
0.647081
0.911239
1.11929
1.25171
1.31655
1.33584
-0.654734
-0.652145
-0.639928
-0.617244
-0.608516
-0.616963
-0.590779
-0.522052
-0.429096
-0.322876
-0.214713
-0.113259
0.031347
0.308786
0.57237
0.805684
0.996128
1.11432
1.16794
1.18186
-0.70804
-0.70236
-0.688795
-0.671945
-0.667507
-0.672583
-0.630119
-0.540252
-0.431895
-0.317933
-0.212152
-0.111578
0.00288544
0.209707
0.439165
0.631624
0.781658
0.870835
0.909138
0.918017
-0.818176
-0.826639
-0.85262
-0.877251
-0.871307
-0.828847
-0.706352
-0.565051
-0.433977
-0.313449
-0.209406
-0.117265
-0.0284422
0.114466
0.293944
0.441045
0.558082
0.624026
0.651193
0.656117
-0.923552
-0.944869
-0.985819
-1.01241
-1.00238
-0.928097
-0.750902
-0.572167
-0.42627
-0.304819
-0.209558
-0.130165
-0.0664966
0.0387287
0.172705
0.280442
0.363249
0.40825
0.425407
0.426995
-0.874031
-0.895179
-0.931951
-0.958432
-0.94758
-0.860052
-0.689345
-0.527041
-0.392834
-0.284875
-0.204385
-0.142542
-0.0966005
-0.0291072
0.0661372
0.145523
0.203566
0.233082
0.243849
0.244539
-0.619813
-0.638454
-0.669765
-0.698138
-0.696027
-0.630527
-0.524178
-0.419809
-0.328579
-0.250281
-0.189314
-0.144817
-0.111436
-0.0673427
-0.00852781
0.0418367
0.077661
0.0961813
0.102472
0.101946
-0.280622
-0.290606
-0.310058
-0.336096
-0.353561
-0.346098
-0.322538
-0.287059
-0.248034
-0.205853
-0.168166
-0.140574
-0.119834
-0.0899473
-0.0550031
-0.0268922
-0.00928485
-0.00283879
-0.000665197
-0.00151786
-0.0232194
-0.0275456
-0.0406026
-0.0657792
-0.100351
-0.135888
-0.160577
-0.172973
-0.172333
-0.161201
-0.146694
-0.133593
-0.122196
-0.108519
-0.0905755
-0.0763793
-0.0690845
-0.0672651
-0.0672471
-0.0679032
0.0999115
0.0976575
0.0879923
0.0647743
0.0263839
-0.0195018
-0.0615108
-0.0939805
-0.114409
-0.12371
-0.126477
-0.126592
-0.12411
-0.117888
-0.110163
-0.10456
-0.103279
-0.103622
-0.10416
-0.104804
0.132416
0.130696
0.123319
0.104943
0.0735023
0.0337048
-0.00750009
-0.0442865
-0.0732751
-0.0942601
-0.110324
-0.125048
-0.133133
-0.127921
-0.120312
-0.118197
-0.118414
-0.120092
-0.120915
-0.121485
0.125037
0.123785
0.118582
0.105589
0.0828834
0.0527158
0.0187916
-0.014584
-0.044848
-0.0717176
-0.0969258
-0.123362
-0.14093
-0.133559
-0.124873
-0.121094
-0.121089
-0.122224
-0.122846
-0.123343
0.105633
0.104803
0.101348
0.0926342
0.0770237
0.0553505
0.0292774
0.00178763
-0.0252151
-0.0516901
-0.079158
-0.109864
-0.127393
-0.11753
-0.109291
-0.108185
-0.11044
-0.112849
-0.113787
-0.114114
0.0852566
0.084749
0.0825551
0.0769203
0.0665405
0.0515681
0.0327093
0.0116991
-0.0101524
-0.0322832
-0.0548691
-0.078436
-0.0880948
-0.0820072
-0.080394
-0.0835686
-0.088277
-0.0914152
-0.0924602
-0.0926984
0.067316
0.0670479
0.0657373
0.0622388
0.0555539
0.045555
0.0325194
0.0175398
0.00185474
-0.0132524
-0.026366
-0.0367077
-0.038405
-0.035808
-0.0416253
-0.0493524
-0.0560958
-0.0597112
-0.0608471
-0.0611171
0.0524781
0.0523274
0.0515847
0.049522
0.0454046
0.0390464
0.0305713
0.0208312
0.0111618
0.00360685
0.00200566
0.00642125
0.0162533
0.0104603
-0.00138064
-0.0123001
-0.0198174
-0.0232294
-0.024411
-0.0248133
0.0401494
0.0401166
0.0397508
0.0386561
0.0363284
0.032581
0.0275402
0.0219553
0.0172721
0.016537
0.0245559
0.0407357
0.0556943
0.0465227
0.0309108
0.0195524
0.0130463
0.0106454
0.00946686
0.00890725
0.0296545
0.0296774
0.0295565
0.0290796
0.0279573
0.0260085
0.0233832
0.0207881
0.0197209
0.0236067
0.0374409
0.0590464
0.075325
0.0653314
0.0507044
0.0416454
0.0379254
0.0359091
0.034714
0.0339133
0.0204732
0.020521
0.0205451
0.0204367
0.0200406
0.0192524
0.0181823
0.0174345
0.0183615
0.0242694
0.0395767
0.0611564
0.0746698
0.0652477
0.0541368
0.048512
0.0464276
0.0458333
0.0448557
0.0440894
0.0122415
0.0122873
0.0123669
0.0124323
0.0124354
0.0122698
0.0120146
0.0121223
0.0136265
0.0189584
0.0315523
0.048319
0.0567248
0.048534
0.0418407
0.0398789
0.0410069
0.0411128
0.0402034
0.0393991
0.00487635
0.00493229
0.00497139
0.00505291
0.00511704
0.00521495
0.00522664
0.00526653
0.00572261
0.00740822
0.0118518
0.0199891
0.0271196
0.0266186
0.0207057
0.0196186
0.0206472
0.0224014
0.0220822
0.0211591
-0.655871
-0.146882
0.163414
0.374371
0.535762
0.658495
0.757597
0.843917
0.946333
0.938458
0.0719416
0.226716
0.387319
0.522934
0.634482
0.724973
0.799421
0.855132
0.877699
0.884021
0.341256
0.441626
0.547256
0.639682
0.718278
0.783707
0.835555
0.872048
0.895652
0.91281
0.526613
0.595487
0.668651
0.734675
0.791628
0.839363
0.877733
0.907543
0.931008
0.949644
0.665893
0.716417
0.768602
0.817727
0.860816
0.897829
0.928958
0.954847
0.976059
0.994464
0.778589
0.815538
0.857553
0.89588
0.930801
0.961774
0.988697
1.0116
1.02996
1.04794
0.875584
0.905939
0.941389
0.974499
1.00526
1.03315
1.05766
1.07835
1.09412
1.1118
0.964873
0.993501
1.02689
1.05853
1.08804
1.11479
1.13808
1.15719
1.17076
1.1883
1.05515
1.08637
1.1213
1.154
1.1838
1.21022
1.23266
1.25044
1.2624
1.28008
1.15863
1.19487
1.23242
1.26658
1.29645
1.322
1.3431
1.35944
1.3707
1.38889
1.28749
1.32743
1.36502
1.39786
1.42563
1.44907
1.46858
1.48393
1.49575
1.51418
1.4483
1.48509
1.51653
1.54301
1.56575
1.58621
1.60474
1.62081
1.63489
1.65288
1.63229
1.65756
1.67742
1.69605
1.71388
1.73064
1.74634
1.76236
1.77958
1.79867
1.81804
1.82974
1.84321
1.85808
1.87186
1.88391
1.89471
1.90615
1.92047
1.93905
2.0013
2.01583
2.02098
2.02154
2.02336
2.03069
2.04458
2.06254
2.07515
2.08866
2.27376
2.2194
2.1722
2.14071
2.1276
2.13218
2.15545
2.20015
2.26751
2.36301
0.73176
0.727078
0.719684
0.707796
0.694817
0.683351
0.674233
0.667439
0.662948
0.66104
0.662279
0.666289
0.672487
0.680821
0.691404
0.704014
0.717084
0.726975
0.732947
0.736348
0.653765
0.660849
0.66683
0.671047
0.672333
0.670575
0.666973
0.663105
0.660088
0.658766
0.659857
0.662923
0.667067
0.671405
0.674604
0.67514
0.672442
0.667314
0.66047
0.654603
0.644587
0.647593
0.65085
0.653344
0.65536
0.65682
0.657176
0.656449
0.655379
0.654925
0.655794
0.657549
0.659227
0.659957
0.659341
0.657788
0.655751
0.652974
0.649699
0.647361
0.638879
0.640333
0.642568
0.644811
0.646465
0.64768
0.648676
0.649355
0.649675
0.650006
0.650704
0.651447
0.651732
0.651431
0.650741
0.649645
0.647904
0.64568
0.6439
0.642815
0.633606
0.634427
0.635894
0.637695
0.639441
0.640887
0.642013
0.642986
0.643867
0.644665
0.645334
0.645684
0.645658
0.645296
0.644519
0.643264
0.641729
0.6402
0.639184
0.638526
0.628578
0.629135
0.630212
0.631628
0.633152
0.634668
0.636054
0.637257
0.638359
0.639394
0.640162
0.640509
0.640454
0.639975
0.639107
0.638019
0.63686
0.635793
0.635109
0.634646
0.623706
0.624123
0.624985
0.62619
0.627519
0.628936
0.630397
0.631815
0.633142
0.63438
0.635317
0.635755
0.635703
0.635244
0.634531
0.633701
0.632826
0.632033
0.631532
0.63118
0.618932
0.61926
0.619971
0.621028
0.622262
0.623606
0.625053
0.626581
0.628126
0.629614
0.630763
0.63134
0.631412
0.631135
0.630647
0.630031
0.629372
0.628793
0.62842
0.628139
0.614173
0.61444
0.615044
0.616002
0.617175
0.618486
0.619946
0.621556
0.623287
0.625051
0.626475
0.627289
0.627598
0.627559
0.627295
0.626894
0.626432
0.626025
0.625748
0.625515
0.609341
0.609563
0.610094
0.610991
0.612128
0.613441
0.614954
0.616678
0.618609
0.620678
0.622455
0.623605
0.624217
0.624444
0.624415
0.624239
0.623965
0.623705
0.623503
0.623306
0.604346
0.604535
0.605017
0.605882
0.60702
0.608378
0.609983
0.611871
0.614056
0.616491
0.618708
0.620271
0.621237
0.621769
0.622001
0.622048
0.621964
0.621838
0.621697
0.621524
0.5991
0.599264
0.599717
0.600581
0.601761
0.603207
0.604951
0.607061
0.609575
0.61247
0.615222
0.617275
0.618657
0.619536
0.620061
0.62033
0.620451
0.620451
0.62036
0.620204
0.593505
0.593651
0.594094
0.594987
0.596249
0.597829
0.599775
0.602183
0.605113
0.608584
0.611985
0.614621
0.616487
0.617763
0.618615
0.619165
0.61948
0.619593
0.619545
0.6194
0.587455
0.587588
0.588037
0.588987
0.590375
0.592144
0.594364
0.597155
0.600616
0.604798
0.608984
0.612317
0.614756
0.616492
0.617715
0.618566
0.619101
0.619331
0.619321
0.619182
0.580822
0.580944
0.581414
0.582454
0.584016
0.586039
0.588614
0.591893
0.596018
0.60107
0.606208
0.610375
0.613492
0.615771
0.61742
0.618616
0.619395
0.619745
0.619769
0.619634
0.573452
0.573567
0.574069
0.575234
0.577025
0.579375
0.582403
0.586299
0.591247
0.597364
0.603652
0.608816
0.612735
0.615655
0.617813
0.619408
0.620458
0.620932
0.620989
0.620853
0.565153
0.565266
0.565805
0.567139
0.569214
0.571981
0.575589
0.580261
0.586229
0.593648
0.601322
0.607674
0.61254
0.616212
0.618982
0.621044
0.622394
0.623
0.623088
0.622947
0.555614
0.55574
0.556374
0.557902
0.560351
0.563662
0.568005
0.573653
0.580892
0.589905
0.59924
0.606996
0.612978
0.617533
0.621021
0.623619
0.625314
0.626062
0.626178
0.626028
0.544556
0.544679
0.545431
0.547234
0.55016
0.554166
0.559442
0.566322
0.575141
0.5861
0.597422
0.60683
0.614119
0.619712
0.624025
0.627255
0.629334
0.630228
0.630368
0.630207
0.531493
0.531634
0.532543
0.534707
0.538257
0.543164
0.549645
0.558095
0.568886
0.582215
0.595902
0.607242
0.616037
0.622836
0.628108
0.63206
0.634555
0.635595
0.635753
0.635577
0.515784
0.515963
0.517102
0.519754
0.524133
0.530244
0.538313
0.54879
0.562061
0.578269
0.594741
0.608308
0.618822
0.626986
0.633358
0.638115
0.64105
0.642228
0.642395
0.6422
0.496489
0.496744
0.49823
0.50158
0.507121
0.514892
0.525107
0.538251
0.554656
0.574346
0.594048
0.61013
0.622566
0.632259
0.639831
0.645474
0.648849
0.650138
0.650299
0.650083
0.472203
0.472601
0.474638
0.479054
0.48632
0.496483
0.509687
0.526364
0.546707
0.570551
0.593936
0.612803
0.627343
0.638701
0.647563
0.654132
0.6579
0.659254
0.65939
0.659153
0.440628
0.441321
0.44432
0.450553
0.460595
0.47437
0.491822
0.513186
0.538408
0.567105
0.594594
0.616453
0.633217
0.646328
0.656565
0.663996
0.668048
0.669395
0.669483
0.669227
0.397646
0.399042
0.404092
0.413922
0.428809
0.448178
0.471622
0.499046
0.530145
0.564346
0.596256
0.621221
0.640253
0.655136
0.666729
0.674875
0.67901
0.680245
0.680267
0.68
0.335616
0.339968
0.350529
0.367515
0.390634
0.418368
0.449797
0.484633
0.522465
0.562635
0.59912
0.627209
0.64846
0.665029
0.677784
0.686381
0.690339
0.691308
0.691251
0.690994
0.26161
0.269766
0.28909
0.316616
0.35026
0.387386
0.427374
0.4701
0.515232
0.562155
0.604151
0.636229
0.660406
0.679122
0.693255
0.702221
0.705982
0.706813
0.706802
0.706679
0.187373
0.200897
0.229273
0.267199
0.310907
0.357328
0.405916
0.456635
0.509193
0.563012
0.61068
0.64687
0.674061
0.695045
0.710638
0.719625
0.722848
0.723444
0.723451
0.723416
0.125842
0.142981
0.177078
0.222829
0.274744
0.32935
0.38587
0.44416
0.50384
0.564301
0.617385
0.657424
0.687368
0.710244
0.72671
0.735843
0.738889
0.739458
0.739536
0.73955
0.0752486
0.0944853
0.133019
0.184555
0.242858
0.304213
0.367596
0.432706
0.499006
0.565754
0.623984
0.667656
0.700141
0.724808
0.742343
0.75163
0.754783
0.755564
0.755688
0.755745
0.0328494
0.0533198
0.0951848
0.151327
0.214915
0.281923
0.351206
0.422354
0.494675
0.567279
0.630384
0.67752
0.712465
0.738875
0.757464
0.767397
0.770921
0.771818
0.771959
0.772041
-0.00371079
0.0175578
0.0620798
0.121959
0.190001
0.261888
0.336349
0.412892
0.490717
0.568787
0.636512
0.686964
0.72428
0.752425
0.772092
0.782775
0.786645
0.787647
0.787791
0.787875
-0.0360838
-0.0142503
0.0324368
0.0954612
0.167289
0.243442
0.322536
0.403988
0.486901
0.5701
0.642206
0.69582
0.735376
0.76511
0.785832
0.797232
0.80147
0.802563
0.80268
0.802754
-0.0654877
-0.0432266
0.00528548
0.0710215
0.14614
0.226061
0.30932
0.395267
0.482921
0.570982
0.647285
0.703919
0.745578
0.776749
0.798428
0.810462
0.815049
0.816204
0.816318
0.816374
-0.0928752
-0.0701716
-0.0200351
0.0480118
0.126067
0.209336
0.296351
0.386428
0.478533
0.571249
0.651629
0.711171
0.754827
0.787329
0.809819
0.82227
0.827158
0.828367
0.828473
0.828502
-0.118772
-0.0955976
-0.0440788
0.0260234
0.10671
0.192969
0.283387
0.37727
0.473563
0.570759
0.655153
0.717577
0.763151
0.796887
0.820016
0.832774
0.837806
0.839066
0.839157
0.839155
-0.143607
-0.119891
-0.0672807
0.00480988
0.0878114
0.176755
0.270266
0.367653
0.467877
0.56942
0.657809
0.72315
0.770635
0.805516
0.829202
0.842102
0.847179
0.848417
0.848496
0.848451
-0.167652
-0.143477
-0.0897268
-0.0158548
0.0692106
0.160567
0.256874
0.357484
0.461401
0.567151
0.659569
0.727924
0.777386
0.813376
0.837484
0.850442
0.855475
0.856677
0.856724
0.856648
-0.191083
-0.1664
-0.111533
-0.0360991
0.0508134
0.144328
0.243159
0.346719
0.454089
0.563898
0.660392
0.73193
0.783517
0.820661
0.845117
0.858014
0.862902
0.864027
0.864043
0.86394
-0.21398
-0.188734
-0.132819
-0.0559786
0.0325828
0.128025
0.229119
0.335351
0.445913
0.559615
0.660233
0.735188
0.789139
0.827526
0.852244
0.86493
0.869591
0.870582
0.870544
0.870414
-0.236327
-0.210586
-0.153647
-0.0755141
0.0145193
0.111666
0.214772
0.323406
0.436884
0.55428
0.659036
0.737678
0.794331
0.83414
0.859038
0.871302
0.875576
0.876373
0.876278
0.876146
-0.25818
-0.231904
-0.173994
-0.0946868
-0.00335068
0.0952898
0.200172
0.310934
0.427052
0.547882
0.656745
0.739342
0.799117
0.840684
0.865746
0.877315
0.880943
0.881461
0.881311
0.881174
-0.279451
-0.252651
-0.193822
-0.113473
-0.0209861
0.078966
0.185392
0.298015
0.416476
0.540437
0.653294
0.740076
0.803458
0.847299
0.872723
0.883345
0.88591
0.885926
0.8857
0.885582
-0.300149
-0.272784
-0.213125
-0.131823
-0.0383242
0.062758
0.170517
0.284744
0.405229
0.531998
0.648628
0.739746
0.80722
0.854008
0.880386
0.890087
0.891013
0.889943
0.889504
0.8895
-0.320184
-0.292304
-0.231857
-0.149695
-0.0553129
0.0467446
0.155626
0.271199
0.393421
0.52264
0.642712
0.738188
0.810172
0.860591
0.88896
0.898559
0.897678
0.894446
0.892827
0.892683
-0.339621
-0.31119
-0.249966
-0.167037
-0.071879
0.0310118
0.14084
0.257515
0.381175
0.512455
0.635547
0.735233
0.812004
0.866534
0.89805
0.909434
0.908158
0.902424
0.89562
0.879425
-0.358393
-0.329439
-0.26759
-0.184053
-0.0883161
0.0152356
0.125748
0.243238
0.367984
0.500929
0.626597
0.730315
0.812379
0.871371
0.906804
0.922334
0.923472
0.91646
0.903083
0.918345
-0.376595
-0.346983
-0.284685
-0.200709
-0.10456
-0.000532289
0.110354
0.228393
0.353835
0.487954
0.61565
0.72277
0.810553
0.873974
0.912007
0.930978
0.935757
0.925154
0.867062
0.854673
-0.394861
-0.364247
-0.300981
-0.216694
-0.120088
-0.0158721
0.0948578
0.213247
0.339022
0.473736
0.602727
0.712095
0.805632
0.873465
0.908801
0.926934
0.922632
0.885154
0.818739
0.779296
-0.414522
-0.382763
-0.316
-0.231619
-0.134313
-0.0305159
0.0796825
0.198023
0.32368
0.458321
0.587733
0.698064
0.795437
0.868621
0.914052
0.89623
0.868075
0.803639
0.732163
0.689527
0.00828046
0.123296
0.244843
0.374194
0.507282
0.62808
0.728976
0.570715
-0.432351
-0.416648
-0.377505
-0.306074
-0.215705
-0.116614
-0.00965146
0.10423
0.224966
0.35309
0.484985
0.605025
0.704086
0.785814
0.837593
0.7889
0.650132
0.56252
0.493464
-0.451979
-0.439115
-0.394503
-0.321804
-0.231028
-0.131661
-0.0251645
0.0882237
0.208091
0.334833
0.464494
0.581251
0.674397
0.741679
0.739794
0.633542
0.490325
0.385765
0.297735
-0.474874
-0.46241
-0.414904
-0.341083
-0.250322
-0.150697
-0.0441513
0.0689015
0.187807
0.312909
0.439446
0.551063
0.633829
0.682804
0.643295
0.483122
0.321491
0.191383
0.0761668
-0.49797
-0.485418
-0.436321
-0.361196
-0.27012
-0.170521
-0.0642722
0.0480432
0.1657
0.288699
0.41157
0.51718
0.592358
0.613793
0.526795
0.336597
0.145212
-0.0261166
-0.188334
-0.520536
-0.508298
-0.458386
-0.382212
-0.29072
-0.191134
-0.0853213
0.0261045
0.142326
0.262868
0.381552
0.480353
0.545956
0.529565
0.398935
0.199768
-0.0132578
-0.207312
-0.387861
-0.543674
-0.531675
-0.481381
-0.404539
-0.312707
-0.213065
-0.107615
0.0029736
0.117693
0.235615
0.349867
0.441147
0.492769
0.453809
0.281181
0.0841452
-0.125541
-0.316482
-0.432203
-0.501109
-0.568161
-0.556301
-0.505677
-0.428459
-0.336484
-0.236895
-0.131879
-0.0222494
0.0907292
0.205614
0.314904
0.398087
0.433772
0.369635
0.174928
-0.0148327
-0.197357
-0.333036
-0.376509
-0.400156
-0.594189
-0.582412
-0.531543
-0.454093
-0.362132
-0.2628
-0.158405
-0.0500072
0.0608705
0.172185
0.27581
0.350473
0.365345
0.263658
0.0792884
-0.0966038
-0.250438
-0.331079
-0.351442
-0.356366
-0.622016
-0.610202
-0.559093
-0.481462
-0.389639
-0.290735
-0.18721
-0.0803341
0.0280682
0.135309
0.232468
0.298294
0.284937
0.161637
-0.00896202
-0.173528
-0.293144
-0.337411
-0.336415
-0.337244
-0.651555
-0.639821
-0.588347
-0.510571
-0.419001
-0.3207
-0.218291
-0.113229
-0.00768371
0.0950055
0.185084
0.240527
0.209738
0.065592
-0.0901518
-0.242369
-0.307655
-0.3247
-0.326314
-0.325925
-0.682673
-0.670957
-0.619199
-0.541336
-0.450126
-0.352638
-0.251587
-0.148666
-0.046356
0.0513424
0.13394
0.177275
0.141983
-0.0174247
-0.163682
-0.278362
-0.326849
-0.319235
-0.319183
-0.319244
-0.714868
-0.703073
-0.651383
-0.573505
-0.482819
-0.386367
-0.286954
-0.186508
-0.0877978
0.00462768
0.0792616
0.112926
0.0622588
-0.0908888
-0.222664
-0.300954
-0.317425
-0.31518
-0.314737
-0.314474
-0.747652
-0.735738
-0.684317
-0.606649
-0.516706
-0.421549
-0.324084
-0.226458
-0.131744
-0.0447329
0.0217726
0.0438212
-0.0236828
-0.152986
-0.266896
-0.289406
-0.305107
-0.310384
-0.310967
-0.310887
-0.780036
-0.768043
-0.717096
-0.640125
-0.551212
-0.457678
-0.362511
-0.268039
-0.177688
-0.0963211
-0.0366331
-0.031248
-0.100793
-0.207449
-0.281485
-0.331539
-0.315412
-0.311338
-0.310097
-0.309825
-0.810093
-0.798966
-0.748795
-0.672868
-0.585512
-0.494011
-0.40156
-0.310575
-0.224841
-0.149432
-0.094517
-0.0994342
-0.173729
-0.257348
-0.302998
-0.310205
-0.312071
-0.311265
-0.310809
-0.310546
-0.837068
-0.826242
-0.778092
-0.703645
-0.618476
-0.529552
-0.440326
-0.353204
-0.272174
-0.202766
-0.152687
-0.159724
-0.242009
-0.311168
-0.324625
-0.327488
-0.325161
-0.318267
-0.315161
-0.314621
-0.85836
-0.848186
-0.802467
-0.730998
-0.648732
-0.563124
-0.477669
-0.394863
-0.318556
-0.254797
-0.210916
-0.214914
-0.297442
-0.383096
-0.409711
-0.395201
-0.362554
-0.341049
-0.333155
-0.330685
-0.871876
-0.862758
-0.820306
-0.752755
-0.674655
-0.593313
-0.512357
-0.434298
-0.362804
-0.304058
-0.26513
-0.262923
-0.331613
-0.438386
-0.477181
-0.428314
-0.404085
-0.391934
-0.380677
-0.373499
-0.875048
-0.867528
-0.829478
-0.767171
-0.694401
-0.618578
-0.543026
-0.470226
-0.403641
-0.349124
-0.311075
-0.29542
-0.316891
-0.387495
-0.479683
-0.405856
-0.382275
-0.373442
-0.367215
-0.364962
-0.866039
-0.859975
-0.827769
-0.772352
-0.706501
-0.637465
-0.568351
-0.501442
-0.439875
-0.38882
-0.347861
-0.303522
-0.236375
-0.134547
-0.194668
-0.229763
-0.273567
-0.294656
-0.306145
-0.310564
-0.841318
-0.837016
-0.812433
-0.766889
-0.709999
-0.649034
-0.587293
-0.526749
-0.470658
-0.422784
-0.382466
-0.314254
-0.159812
0.12385
0.15173
-0.0772536
-0.237645
-0.302808
-0.325366
-0.334469
-0.80431
-0.801624
-0.78545
-0.75101
-0.705026
-0.653236
-0.599452
-0.545616
-0.494813
-0.45151
-0.416908
-0.373355
-0.363813
-0.401118
-0.484093
-0.541288
-0.530477
-0.517947
-0.517047
-0.522267
-0.761763
-0.76008
-0.751975
-0.728623
-0.693759
-0.651227
-0.60519
-0.557829
-0.511903
-0.473955
-0.448698
-0.504921
-0.771546
-1.20945
-1.35961
-1.15073
-0.922605
-0.813543
-0.768001
-0.754794
-0.723833
-0.722752
-0.719076
-0.705952
-0.68014
-0.645409
-0.605927
-0.563235
-0.520678
-0.482228
-0.467207
-0.489827
-0.660204
-0.803087
-0.902861
-0.8894
-0.884802
-0.829937
-0.7559
-0.718552
-0.697067
-0.696469
-0.694174
-0.687538
-0.668766
-0.63961
-0.603689
-0.563365
-0.519416
-0.476628
-0.444011
-0.404764
-0.429191
-0.476056
-0.557649
-0.643945
-0.712116
-0.698217
-0.610697
-0.536556
-0.677553
-0.677093
-0.676237
-0.673806
-0.661641
-0.636355
-0.601063
-0.559766
-0.513163
-0.463348
-0.415354
-0.40477
-0.351622
-0.188223
-0.0176635
0.131094
0.206351
0.248527
0.280852
0.307327
-0.665814
-0.665637
-0.665173
-0.66376
-0.657552
-0.635519
-0.599728
-0.555
-0.50394
-0.445024
-0.386521
-0.338318
-0.216035
0.0659242
0.37919
0.676318
0.850392
0.911076
0.927811
0.921618
-0.65873
-0.65861
-0.658095
-0.657678
-0.655475
-0.637438
-0.599821
-0.550017
-0.491227
-0.424111
-0.344799
-0.258936
-0.112722
0.178648
0.48826
0.755507
0.928828
1.02226
1.07269
1.09456
-0.655597
-0.655655
-0.655875
-0.65646
-0.656617
-0.642006
-0.601438
-0.546051
-0.48058
-0.401998
-0.307786
-0.21384
-0.0456321
0.235589
0.507773
0.748925
0.924079
1.04614
1.13271
1.18045
-0.650394
-0.651098
-0.652794
-0.655779
-0.657022
-0.643453
-0.602857
-0.54637
-0.474213
-0.384755
-0.283712
-0.184972
-0.051487
0.221005
0.514146
0.793396
1.02194
1.17997
1.27751
1.32086
-0.645793
-0.646521
-0.644324
-0.637542
-0.630609
-0.626084
-0.604314
-0.553382
-0.4745
-0.378272
-0.274544
-0.164742
-0.0490926
0.183052
0.478052
0.749111
0.982342
1.15096
1.24268
1.27707
-0.675268
-0.673753
-0.662973
-0.637191
-0.616251
-0.621752
-0.625833
-0.572052
-0.482084
-0.375905
-0.266746
-0.158607
-0.0656978
0.137684
0.393019
0.622139
0.816722
0.954227
1.0261
1.05148
-0.758065
-0.754224
-0.755984
-0.761565
-0.765336
-0.758487
-0.715905
-0.610455
-0.492851
-0.374218
-0.261939
-0.160526
-0.0702196
0.0628442
0.265308
0.453524
0.607032
0.712743
0.765126
0.782512
-0.883813
-0.886355
-0.915676
-0.955908
-0.967659
-0.938584
-0.824406
-0.6527
-0.498718
-0.36936
-0.257758
-0.165416
-0.0868156
0.00315319
0.15744
0.296491
0.411536
0.488766
0.525052
0.53648
-0.923163
-0.933556
-0.966656
-1.00032
-1.01075
-0.970605
-0.832601
-0.642441
-0.480466
-0.352725
-0.250123
-0.170956
-0.106689
-0.0500413
0.0622074
0.166225
0.248058
0.301678
0.325192
0.330763
-0.766385
-0.776508
-0.807141
-0.842771
-0.857208
-0.816592
-0.688877
-0.545664
-0.418393
-0.314358
-0.231277
-0.169925
-0.121106
-0.085782
-0.0139309
0.0589556
0.11512
0.150011
0.165614
0.168918
-0.445551
-0.454448
-0.474996
-0.50244
-0.522003
-0.508885
-0.455664
-0.387743
-0.320195
-0.258545
-0.202443
-0.159055
-0.125886
-0.102042
-0.0552458
-0.0133877
0.0187247
0.0378336
0.044565
0.0460914
-0.13338
-0.13775
-0.148675
-0.169886
-0.197957
-0.22167
-0.232738
-0.231054
-0.218424
-0.196207
-0.169891
-0.146339
-0.126386
-0.112588
-0.0872536
-0.0626542
-0.0469385
-0.0403972
-0.0383845
-0.038501
0.0549994
0.0528604
0.0465404
0.0291793
-0.00291077
-0.0456478
-0.0869529
-0.118369
-0.136773
-0.142355
-0.139407
-0.132693
-0.124628
-0.118669
-0.108438
-0.0972417
-0.0905701
-0.0886179
-0.0886266
-0.0889224
0.124527
0.123264
0.118898
0.104746
0.0761396
0.035055
-0.00938115
-0.0495625
-0.0805957
-0.101208
-0.113378
-0.121251
-0.126678
-0.125552
-0.118632
-0.112863
-0.11207
-0.113059
-0.114372
-0.114906
0.131841
0.130997
0.127762
0.117351
0.0959559
0.0642859
0.0272758
-0.0100841
-0.0434386
-0.0706754
-0.0931492
-0.114305
-0.134405
-0.136519
-0.128275
-0.122651
-0.121167
-0.122141
-0.123172
-0.123615
0.116085
0.115586
0.113352
0.106251
0.0914532
0.0688169
0.040561
0.00987994
-0.0201993
-0.0481075
-0.0747854
-0.103794
-0.131861
-0.13395
-0.123277
-0.117208
-0.116636
-0.118232
-0.11949
-0.119925
0.0953174
0.0950627
0.0936074
0.0889805
0.0791276
0.0635444
0.0431256
0.0195591
-0.00508254
-0.0294179
-0.0545773
-0.0820439
-0.106729
-0.105765
-0.0978244
-0.0961311
-0.0987822
-0.102387
-0.104331
-0.104777
0.0759071
0.07581
0.074928
0.0720397
0.0656905
0.055308
0.0411647
0.0241543
0.00565804
-0.0133159
-0.0316035
-0.0498955
-0.0633815
-0.0606681
-0.059955
-0.0644779
-0.0705496
-0.0752214
-0.0773228
-0.0777997
0.0594931
0.059464
0.0589857
0.0572553
0.0533295
0.0466506
0.0372553
0.0256904
0.0130825
0.00069511
-0.0087852
-0.0134065
-0.0130881
-0.0109184
-0.0160713
-0.0256779
-0.0347359
-0.0402058
-0.0423498
-0.0429796
0.0459987
0.0460463
0.0457851
0.04484
0.0425552
0.0385023
0.0326731
0.0254741
0.0179584
0.0118814
0.011475
0.0194249
0.0320437
0.0355775
0.0230694
0.00994808
0.000389725
-0.0044702
-0.00626247
-0.00703998
0.0346633
0.0347345
0.0346421
0.0342134
0.0330537
0.0308235
0.027548
0.0235767
0.0199921
0.0188692
0.0252105
0.0415427
0.0612308
0.0649497
0.0496663
0.036359
0.0285524
0.0255901
0.0239113
0.0230392
0.0248835
0.0249614
0.024968
0.0248516
0.0243824
0.0233872
0.0218269
0.0200447
0.0190695
0.0210554
0.0309023
0.0505334
0.0717307
0.07551
0.0615783
0.0498932
0.0451558
0.0434064
0.0425274
0.0413848
0.0162128
0.0162853
0.0163224
0.0163472
0.0163173
0.0160358
0.0155039
0.0149888
0.0153391
0.0183808
0.0282645
0.0464163
0.0642745
0.065485
0.0535489
0.0473278
0.0451801
0.0453787
0.0448286
0.043834
0.00840907
0.00846163
0.00849257
0.00859232
0.00874792
0.00879843
0.00875592
0.00879672
0.00937014
0.0117029
0.0184177
0.0309569
0.042558
0.0405481
0.0329935
0.0310042
0.0319998
0.0333964
0.0332809
0.0321963
0.00491137
0.00494828
0.00500469
0.00508486
0.00517807
0.00522668
0.00522774
0.00542704
0.00637832
0.00921814
0.0154796
0.0240588
0.027909
0.0224678
0.0197595
0.0198514
0.0215076
0.0222475
0.021797
0.00615986
-0.360654
-0.0319253
0.186854
0.373575
0.523786
0.642972
0.738041
0.81912
0.876244
0.871355
0.123327
0.276378
0.411658
0.531654
0.6336
0.718564
0.788352
0.841977
0.874764
0.888343
0.38291
0.478491
0.568785
0.651938
0.723998
0.785115
0.835076
0.873165
0.900961
0.919884
0.55929
0.623337
0.689564
0.74989
0.802803
0.848199
0.886128
0.916891
0.942102
0.959803
0.69404
0.740111
0.791225
0.836142
0.876926
0.912905
0.944042
0.970501
0.992757
1.008
0.804075
0.841463
0.88085
0.917644
0.951491
0.982303
1.00968
1.03332
1.053
1.06564
0.900431
0.932991
0.966597
0.999771
1.03077
1.05934
1.08489
1.10679
1.12437
1.13483
0.990778
1.02235
1.05551
1.08877
1.11962
1.14776
1.17258
1.19336
1.20919
1.21817
1.08514
1.12028
1.1562
1.19158
1.22341
1.25151
1.27557
1.29514
1.30953
1.31829
1.19762
1.23833
1.27708
1.31364
1.34529
1.37218
1.39463
1.41266
1.42609
1.43617
1.34113
1.38416
1.42159
1.45471
1.4825
1.50615
1.52669
1.54399
1.5579
1.57009
1.51889
1.55588
1.58391
1.60788
1.62889
1.6482
1.66639
1.68344
1.69959
1.71492
1.71621
1.73559
1.75128
1.76742
1.784
1.79942
1.81301
1.82613
1.84163
1.8595
1.90518
1.91292
1.92478
1.93645
1.94631
1.95547
1.96571
1.97703
1.98835
1.99564
2.12401
2.12227
2.11417
2.09717
2.08578
2.08516
2.09733
2.12216
2.15584
2.18343
2.53254
2.34571
2.24415
2.18673
2.15769
2.15103
2.1663
2.20693
2.2827
2.42899
-0.402255
-0.403572
-0.363136
-0.290338
-0.199521
-0.099586
0.823356
0.885193
0.875807
0.798075
0.723795
0.650629
0.425322
0.207804
-0.0530252
-0.39811
-0.750095
)
;

boundaryField
{
    wall-4
    {
        type            zeroGradient;
    }
    pressure-outlet-7
    {
        type            fixedValue;
        value           uniform 0;
    }
    velocity-inlet-6
    {
        type            zeroGradient;
    }
    velocity-inlet-5
    {
        type            zeroGradient;
    }
    frontAndBackPlanes
    {
        type            empty;
    }
}


// ************************************************************************* //
