/*--------------------------------*- C++ -*----------------------------------*\
| =========                 |                                                 |
| \\      /  F ield         | OpenFOAM: The Open Source CFD Toolbox           |
|  \\    /   O peration     | Version:  v2012                                 |
|   \\  /    A nd           | Website:  www.openfoam.com                      |
|    \\/     M anipulation  |                                                 |
\*---------------------------------------------------------------------------*/
FoamFile
{
    version     2.0;
    format      ascii;
    class       volScalarField;
    location    "68";
    object      p;
}
// * * * * * * * * * * * * * * * * * * * * * * * * * * * * * * * * * * * * * //

dimensions      [0 2 -2 0 0 0 0];


internalField   nonuniform List<scalar> 
8800
(
0.827964
0.779914
0.741539
0.7129
0.69228
0.677533
0.666939
0.659449
0.654631
0.652598
0.653915
0.658161
0.664861
0.674223
0.686996
0.704598
0.72905
0.762669
0.80512
0.862247
0.660488
0.667695
0.676136
0.679554
0.677642
0.672123
0.665418
0.659267
0.654527
0.651697
0.651457
0.654017
0.658569
0.664597
0.671529
0.678164
0.682307
0.6818
0.675745
0.666773
0.637183
0.643361
0.647563
0.650927
0.653432
0.654236
0.653137
0.651006
0.648992
0.648116
0.649128
0.65157
0.654439
0.656684
0.657238
0.655723
0.652888
0.649259
0.644729
0.640945
0.632028
0.634729
0.637453
0.639768
0.641419
0.642753
0.643673
0.643893
0.643654
0.643656
0.644459
0.645663
0.646492
0.64646
0.645688
0.644511
0.642776
0.640286
0.637866
0.636336
0.626806
0.628229
0.630032
0.632092
0.633851
0.635166
0.636205
0.637098
0.637805
0.638445
0.639148
0.639656
0.63973
0.639413
0.638743
0.63756
0.635879
0.634011
0.632695
0.631872
0.621761
0.622675
0.623915
0.625502
0.627163
0.628699
0.629987
0.631088
0.63212
0.633094
0.633845
0.634208
0.634195
0.6338
0.632961
0.631768
0.630436
0.629183
0.628368
0.627823
0.616846
0.617511
0.618473
0.61978
0.621204
0.622691
0.624158
0.625509
0.626757
0.627938
0.628839
0.629276
0.629251
0.628786
0.628
0.627066
0.626072
0.625164
0.624585
0.624184
0.612034
0.612547
0.613332
0.614467
0.615755
0.61715
0.61863
0.620145
0.621629
0.623046
0.624148
0.624705
0.624744
0.624403
0.623832
0.623135
0.622388
0.621719
0.621293
0.620979
0.60726
0.607668
0.608326
0.609339
0.610557
0.611904
0.613382
0.614987
0.616678
0.618372
0.619729
0.620484
0.620722
0.620609
0.620272
0.619792
0.619251
0.618777
0.618461
0.618205
0.602439
0.602771
0.603341
0.604277
0.605448
0.606784
0.608299
0.610006
0.611893
0.613888
0.615575
0.616635
0.617161
0.617312
0.617212
0.61696
0.616617
0.616305
0.616074
0.615859
0.597483
0.597758
0.598268
0.599158
0.600314
0.601678
0.603271
0.605124
0.607248
0.60959
0.611693
0.613148
0.614019
0.614469
0.614629
0.614609
0.614464
0.614295
0.614132
0.613946
0.592301
0.592532
0.593003
0.593879
0.59506
0.596495
0.59821
0.600263
0.60269
0.605463
0.608076
0.610004
0.611278
0.612073
0.612525
0.612745
0.612802
0.612765
0.612658
0.612491
0.586801
0.586997
0.58745
0.58834
0.589587
0.591137
0.593029
0.595351
0.598164
0.601476
0.604707
0.607197
0.608945
0.610134
0.610913
0.611393
0.611667
0.611756
0.611696
0.611542
0.580878
0.581047
0.581497
0.582432
0.583786
0.585503
0.587638
0.59031
0.593612
0.59759
0.601568
0.604731
0.607036
0.60868
0.609835
0.610625
0.611118
0.611327
0.611308
0.611162
0.574413
0.574558
0.575021
0.57603
0.577537
0.579482
0.581938
0.585055
0.58897
0.593764
0.598647
0.602614
0.605579
0.607759
0.609344
0.610478
0.611217
0.611553
0.61157
0.611428
0.567264
0.567384
0.567875
0.568989
0.570701
0.572943
0.575809
0.57949
0.584167
0.58996
0.595933
0.600858
0.604606
0.607418
0.609509
0.611035
0.612054
0.612522
0.612573
0.612431
0.55924
0.559347
0.55988
0.561133
0.56311
0.565725
0.569114
0.573504
0.579123
0.586132
0.593418
0.599486
0.604156
0.607711
0.61041
0.612399
0.613729
0.614334
0.614416
0.614269
0.550121
0.550221
0.550811
0.552226
0.554533
0.557638
0.561691
0.566967
0.57375
0.582242
0.591103
0.598525
0.604284
0.608713
0.61213
0.614658
0.616341
0.617091
0.617202
0.617047
0.539582
0.539664
0.540343
0.541984
0.544726
0.548455
0.553343
0.55973
0.567956
0.578253
0.588995
0.598012
0.60505
0.610509
0.614746
0.617915
0.619993
0.620893
0.621028
0.620861
0.527243
0.52731
0.52809
0.530044
0.533346
0.537873
0.543829
0.551623
0.561643
0.574135
0.587114
0.597994
0.606512
0.613169
0.618364
0.622266
0.624774
0.625824
0.625976
0.625793
0.512541
0.512597
0.513522
0.515893
0.519934
0.525511
0.532858
0.542453
0.554717
0.569874
0.585489
0.598523
0.608733
0.616758
0.62306
0.627783
0.630744
0.631931
0.632089
0.631888
0.4947
0.494746
0.495884
0.498841
0.503894
0.510892
0.520091
0.532028
0.547111
0.565487
0.584175
0.599662
0.611781
0.621344
0.628862
0.634499
0.637911
0.639208
0.639357
0.639135
0.472548
0.472592
0.474076
0.477917
0.484428
0.493425
0.505162
0.520191
0.538825
0.56106
0.583272
0.601489
0.615707
0.626964
0.635807
0.642394
0.64621
0.647565
0.647685
0.647443
0.4443
0.444366
0.446449
0.451718
0.460497
0.472437
0.487757
0.506897
0.529966
0.556752
0.58292
0.604099
0.620556
0.63361
0.643864
0.651361
0.655474
0.656809
0.656879
0.656619
0.406898
0.407071
0.41038
0.418282
0.430887
0.447339
0.46777
0.492311
0.520803
0.552821
0.583304
0.607593
0.626372
0.641259
0.652932
0.661194
0.665419
0.666632
0.666629
0.666357
0.354462
0.355478
0.362071
0.375401
0.394663
0.418092
0.445577
0.476933
0.511801
0.549613
0.584633
0.612078
0.633165
0.649827
0.662798
0.671565
0.675641
0.676628
0.676547
0.676271
0.278163
0.285603
0.300797
0.324204
0.353378
0.386142
0.422227
0.461412
0.503334
0.547409
0.58726
0.618052
0.641604
0.660165
0.674315
0.683335
0.687096
0.687841
0.68771
0.687471
0.196513
0.213585
0.238173
0.272387
0.311932
0.354159
0.398886
0.446062
0.495396
0.546348
0.591849
0.626686
0.653154
0.673857
0.689258
0.698073
0.701146
0.701611
0.70151
0.70135
0.127772
0.148041
0.180486
0.223932
0.272641
0.323784
0.376912
0.431935
0.488532
0.546141
0.596984
0.635559
0.664622
0.687083
0.702984
0.711218
0.713755
0.714146
0.714105
0.713987
0.0714451
0.0935886
0.131548
0.181514
0.237432
0.296082
0.356651
0.418891
0.482328
0.546288
0.602198
0.644257
0.67566
0.699504
0.715876
0.723927
0.72626
0.726619
0.726612
0.726525
0.0247168
0.0480874
0.0898397
0.144972
0.206664
0.271508
0.338453
0.407107
0.476818
0.546742
0.607487
0.652873
0.686526
0.711842
0.728829
0.736832
0.739165
0.739512
0.739535
0.739472
-0.0148571
0.00920124
0.0538477
0.113039
0.179605
0.249725
0.322207
0.396561
0.471995
0.547505
0.61288
0.661516
0.697404
0.724162
0.741857
0.750242
0.752621
0.752962
0.752992
0.752947
-0.0493201
-0.0248267
0.0220977
0.0846568
0.155344
0.230062
0.307465
0.386977
0.4677
0.548475
0.618291
0.670088
0.708186
0.736417
0.755028
0.763788
0.766325
0.766681
0.766714
0.766688
-0.0801837
-0.0553208
-0.00653929
0.05889
0.133137
0.211899
0.293737
0.377977
0.463628
0.549401
0.623507
0.678403
0.718695
0.748391
0.767842
0.777099
0.779844
0.780223
0.780256
0.780241
-0.108443
-0.0832585
-0.0328866
0.0350265
0.112402
0.19476
0.280596
0.369183
0.459468
0.55004
0.62833
0.686258
0.728663
0.759796
0.78008
0.789781
0.792748
0.793199
0.79321
0.793198
-0.134912
-0.109367
-0.0575659
0.0125091
0.0926899
0.178262
0.26772
0.360325
0.454986
0.550189
0.632589
0.6935
0.737968
0.770461
0.791493
0.801624
0.804761
0.805251
0.805245
0.805221
-0.159986
-0.134079
-0.0809441
-0.00903391
0.073676
0.162136
0.254887
0.351206
0.449993
0.549685
0.636166
0.700053
0.746538
0.780311
0.801982
0.812382
0.815649
0.81615
0.81611
0.816072
-0.184119
-0.157785
-0.103641
-0.0298243
0.0551316
0.146184
0.241934
0.341676
0.444352
0.548407
0.638984
0.705894
0.754375
0.789304
0.81146
0.822037
0.82534
0.825825
0.825751
0.825697
-0.207451
-0.180615
-0.125554
-0.05004
0.0369061
0.130288
0.228753
0.331647
0.437979
0.54627
0.640982
0.711022
0.761541
0.797546
0.820052
0.830632
0.833893
0.834345
0.834242
0.834171
-0.23014
-0.20288
-0.146775
-0.0698051
0.0189234
0.114389
0.215298
0.32107
0.430814
0.543196
0.642097
0.715453
0.768143
0.805208
0.827893
0.838307
0.841432
0.841832
0.841706
0.841619
-0.252323
-0.224546
-0.167449
-0.0891723
0.00114158
0.0984647
0.20156
0.309938
0.422832
0.539132
0.642274
0.719189
0.774298
0.812463
0.835169
0.84522
0.84809
0.848396
0.848243
0.848143
-0.274044
-0.245655
-0.187659
-0.108155
-0.0164262
0.0825255
0.187565
0.29827
0.414038
0.534033
0.641443
0.72221
0.780101
0.819537
0.842112
0.851527
0.853962
0.854124
0.853947
0.85384
-0.295169
-0.2662
-0.207333
-0.126742
-0.0337654
0.0666191
0.173353
0.286125
0.404473
0.527902
0.639525
0.724452
0.785594
0.826662
0.849074
0.857497
0.859188
0.859109
0.858916
0.858815
-0.315678
-0.286156
-0.226471
-0.144896
-0.050833
0.0507923
0.159005
0.273564
0.394198
0.520749
0.636456
0.725796
0.790737
0.834028
0.856539
0.863688
0.864099
0.863472
0.863257
0.863222
-0.335643
-0.305492
-0.245063
-0.162596
-0.0675754
0.0351187
0.144597
0.26068
0.38329
0.51262
0.632167
0.726091
0.79538
0.841654
0.865003
0.871059
0.869548
0.867625
0.867159
0.867433
-0.354906
-0.324202
-0.263055
-0.179793
-0.0839424
0.019675
0.130216
0.247575
0.371854
0.503596
0.626623
0.725146
0.799259
0.849263
0.874624
0.880766
0.877609
0.87329
0.871177
0.871137
-0.373555
-0.342288
-0.280466
-0.196522
-0.0999698
0.00441998
0.115809
0.234193
0.359826
0.493608
0.619686
0.722686
0.802097
0.856407
0.884946
0.893316
0.890635
0.883487
0.875358
0.867007
-0.391525
-0.359732
-0.297421
-0.21298
-0.11594
-0.0109675
0.100975
0.220072
0.346692
0.482052
0.610751
0.71798
0.803443
0.862545
0.894531
0.906894
0.905337
0.892757
0.871879
0.867044
-0.408647
-0.376561
-0.313748
-0.22899
-0.131533
-0.0261697
0.0859239
0.205524
0.332739
0.469159
0.599844
0.710426
0.802393
0.866468
0.899312
0.91197
0.912064
0.885503
0.820146
0.791689
-0.424461
-0.394074
-0.329086
-0.244081
-0.14591
-0.040673
0.0709702
0.190803
0.318216
0.455068
0.586917
0.699603
0.797508
0.86724
0.894423
0.901721
0.886397
0.830015
0.761245
0.719819
-0.473443
-0.410495
-0.342947
-0.2592
-0.160435
-0.0557864
0.0561379
0.175677
0.302792
0.439331
0.571362
0.684868
0.784667
0.861227
0.86903
0.861235
0.807193
0.734779
0.657484
0.614832
-0.440672
-0.423895
-0.363731
-0.278856
-0.182413
-0.0778704
0.0331465
0.152043
0.27822
0.413423
0.543843
0.656123
0.748066
0.831683
0.814555
0.695823
0.589431
0.514646
0.440921
0.470932
-0.471315
-0.441453
-0.380081
-0.296157
-0.199613
-0.0951583
0.0160821
0.134346
0.259497
0.392984
0.52075
0.629173
0.711061
0.756085
0.70429
0.551068
0.422849
0.331031
0.23325
0.281961
-0.494539
-0.462307
-0.399317
-0.315321
-0.218697
-0.114309
-0.00316902
0.114273
0.238041
0.369149
0.493164
0.595309
0.667663
0.676211
0.56625
0.393384
0.242277
0.124227
-0.00382626
0.03065
-0.517241
-0.483696
-0.419455
-0.334615
-0.237953
-0.133733
-0.023123
0.0933479
0.215513
0.343814
0.463049
0.55702
0.613568
0.590082
0.428087
0.232883
0.0476201
-0.116379
-0.300308
-0.310651
-0.539445
-0.505479
-0.440376
-0.35482
-0.258042
-0.154069
-0.0441288
0.0712283
0.191509
0.316577
0.43025
0.51603
0.552323
0.49148
0.296377
0.0856492
-0.125062
-0.30337
-0.548867
-0.808357
-0.561979
-0.527999
-0.462408
-0.3764
-0.279465
-0.175685
-0.0663527
0.0478461
0.166117
0.287666
0.395382
0.472481
0.486436
0.37417
0.180818
-0.0319281
-0.236102
-0.400459
-0.478402
-0.584703
-0.585794
-0.55172
-0.485876
-0.399662
-0.302713
-0.199225
-0.0906005
0.0222572
0.138177
0.255653
0.35697
0.422592
0.410972
0.264171
0.0769928
-0.119166
-0.287575
-0.379769
-0.403171
-0.419302
-0.611154
-0.576947
-0.510942
-0.424683
-0.327912
-0.224897
-0.11723
-0.00602721
0.107101
0.219814
0.314276
0.364971
0.334683
0.161301
-0.0176085
-0.188951
-0.318133
-0.357193
-0.369171
-0.370379
-0.638265
-0.603845
-0.537667
-0.451461
-0.355013
-0.252706
-0.146259
-0.0370577
0.0728251
0.180145
0.266844
0.302323
0.250138
0.0665606
-0.103412
-0.255415
-0.332915
-0.350184
-0.351212
-0.35101
-0.667182
-0.632472
-0.566074
-0.479997
-0.384035
-0.282642
-0.177695
-0.0708495
0.0353601
0.136734
0.214677
0.237586
0.149341
-0.0198594
-0.181657
-0.305315
-0.342979
-0.341001
-0.340488
-0.339929
-0.697612
-0.662663
-0.596062
-0.510208
-0.414892
-0.314653
-0.211509
-0.107377
-0.00524955
0.0897042
0.158724
0.16448
0.0576624
-0.0999031
-0.24342
-0.320554
-0.330902
-0.333366
-0.333805
-0.333536
-0.729017
-0.693936
-0.627389
-0.541866
-0.447399
-0.348583
-0.247549
-0.146511
-0.0488028
0.039411
0.0995926
0.0902591
-0.025158
-0.167833
-0.286385
-0.325413
-0.329934
-0.329902
-0.329481
-0.329156
-0.76092
-0.725722
-0.659601
-0.574575
-0.481214
-0.384112
-0.285535
-0.187968
-0.0950081
-0.0133911
0.0361984
0.0189421
-0.100796
-0.222891
-0.314165
-0.328047
-0.325358
-0.32622
-0.326529
-0.326312
-0.792442
-0.757336
-0.691802
-0.607742
-0.515796
-0.420767
-0.325012
-0.231264
-0.143426
-0.0679528
-0.0286514
-0.0467802
-0.16742
-0.264213
-0.317261
-0.327795
-0.326662
-0.325747
-0.325371
-0.325229
-0.822031
-0.787676
-0.723021
-0.640434
-0.550377
-0.457849
-0.365324
-0.2757
-0.193284
-0.123687
-0.0884974
-0.117969
-0.221992
-0.306655
-0.313625
-0.325457
-0.326865
-0.324846
-0.32413
-0.323847
-0.84806
-0.814786
-0.752189
-0.671471
-0.583915
-0.494424
-0.405609
-0.320406
-0.243423
-0.179838
-0.145072
-0.184
-0.266645
-0.337202
-0.356552
-0.341886
-0.331368
-0.326384
-0.32495
-0.324331
-0.868422
-0.836837
-0.777121
-0.699465
-0.615127
-0.529353
-0.44478
-0.36435
-0.292629
-0.23516
-0.202236
-0.236368
-0.294696
-0.35992
-0.395256
-0.36093
-0.343392
-0.337749
-0.335256
-0.333801
-0.880885
-0.851976
-0.796012
-0.722468
-0.642512
-0.561313
-0.48164
-0.406342
-0.339807
-0.288016
-0.256485
-0.277655
-0.295276
-0.323437
-0.322801
-0.341996
-0.35405
-0.356664
-0.354352
-0.354012
-0.882782
-0.85786
-0.806873
-0.738705
-0.664369
-0.588888
-0.514853
-0.445144
-0.383859
-0.337244
-0.301337
-0.314889
-0.29583
-0.269644
-0.29369
-0.328976
-0.343325
-0.347932
-0.350481
-0.351787
-0.871981
-0.851867
-0.807543
-0.746574
-0.679233
-0.610581
-0.543073
-0.47944
-0.42371
-0.381684
-0.340496
-0.357744
-0.362639
-0.333247
-0.35309
-0.362452
-0.363416
-0.363733
-0.36412
-0.364365
-0.846264
-0.831206
-0.796194
-0.744825
-0.686099
-0.625388
-0.565091
-0.507823
-0.457831
-0.420375
-0.379279
-0.401765
-0.4649
-0.55554
-0.509498
-0.436839
-0.398871
-0.38428
-0.378738
-0.37711
-0.808336
-0.798625
-0.773627
-0.733594
-0.684925
-0.63303
-0.580182
-0.529176
-0.484153
-0.451646
-0.424503
-0.421832
-0.440632
-0.524732
-0.499055
-0.401685
-0.353798
-0.339042
-0.333801
-0.331549
-0.764945
-0.759414
-0.744636
-0.715684
-0.677623
-0.634253
-0.58849
-0.542789
-0.501253
-0.469568
-0.440151
-0.37763
-0.246502
-0.137271
-0.135345
-0.180543
-0.222216
-0.242129
-0.248136
-0.247799
-0.725763
-0.722434
-0.715347
-0.69646
-0.667171
-0.630993
-0.591084
-0.549146
-0.508426
-0.473167
-0.445594
-0.359816
-0.216511
-0.0129184
0.095068
-0.0238075
-0.162582
-0.246578
-0.274063
-0.286017
-0.697433
-0.69536
-0.691706
-0.680249
-0.657448
-0.626434
-0.590081
-0.550015
-0.507237
-0.469417
-0.440652
-0.421667
-0.482206
-0.715734
-1.0445
-1.28275
-1.35848
-1.28739
-1.13442
-1.07701
-0.676168
-0.675396
-0.674202
-0.668499
-0.651266
-0.623285
-0.587867
-0.546549
-0.501285
-0.45384
-0.418035
-0.428355
-0.640612
-1.01559
-1.44694
-1.59456
-1.52089
-1.34039
-1.15356
-1.0867
-0.663861
-0.663624
-0.663098
-0.660479
-0.648125
-0.621565
-0.585014
-0.541374
-0.490982
-0.43064
-0.384179
-0.341067
-0.371464
-0.422741
-0.463732
-0.462483
-0.315009
-0.14671
-0.016078
0.0442263
-0.655
-0.654916
-0.65457
-0.653677
-0.645772
-0.621126
-0.583342
-0.536246
-0.478622
-0.410743
-0.335381
-0.246171
-0.101008
0.159521
0.471451
0.790793
1.06891
1.23435
1.30541
1.32806
-0.648678
-0.648531
-0.648033
-0.647607
-0.642813
-0.622565
-0.583903
-0.531773
-0.468723
-0.389283
-0.288779
-0.185546
0.0376455
0.432925
0.878652
1.29926
1.61996
1.78707
1.84946
1.86342
-0.645719
-0.645463
-0.644654
-0.643038
-0.64183
-0.627811
-0.587705
-0.530585
-0.462149
-0.372964
-0.266198
-0.152234
0.0577565
0.449188
0.865508
1.24237
1.52308
1.66929
1.72081
1.73065
-0.64599
-0.646765
-0.648826
-0.651828
-0.653974
-0.639773
-0.594522
-0.534643
-0.461637
-0.369847
-0.262828
-0.154626
0.00309231
0.335047
0.663509
0.952697
1.16338
1.26777
1.3016
1.30716
-0.644174
-0.645887
-0.650358
-0.659544
-0.66578
-0.645851
-0.600096
-0.543955
-0.469894
-0.377085
-0.27558
-0.176335
-0.056915
0.188712
0.426414
0.615535
0.743985
0.804556
0.826537
0.830983
-0.660471
-0.66086
-0.654049
-0.631167
-0.606483
-0.603246
-0.598391
-0.560153
-0.485692
-0.391617
-0.295825
-0.208129
-0.11571
0.0550361
0.213658
0.326686
0.396282
0.430626
0.448173
0.454817
-0.707043
-0.704662
-0.686315
-0.639605
-0.594689
-0.59891
-0.625526
-0.58894
-0.505589
-0.406864
-0.319084
-0.245253
-0.174365
-0.0450545
0.0713728
0.150433
0.199482
0.226696
0.242514
0.248438
-0.793757
-0.796445
-0.816461
-0.84596
-0.846247
-0.818914
-0.76495
-0.64788
-0.530421
-0.421348
-0.336906
-0.27441
-0.22087
-0.117373
-0.0207222
0.0526003
0.104032
0.134463
0.14874
0.152378
-0.947506
-0.970754
-1.02768
-1.08012
-1.08974
-1.04484
-0.90337
-0.713276
-0.552974
-0.428896
-0.34491
-0.29308
-0.252817
-0.160983
-0.0733261
-0.00660839
0.045288
0.0759216
0.08809
0.0897268
-1.02292
-1.04812
-1.09075
-1.12687
-1.13384
-1.08226
-0.926453
-0.7181
-0.546215
-0.419614
-0.338595
-0.292805
-0.254432
-0.180297
-0.106257
-0.0504441
-0.00572913
0.0197634
0.0290343
0.0295712
-0.905109
-0.92657
-0.96277
-0.997755
-1.00663
-0.955082
-0.799975
-0.632648
-0.491044
-0.383454
-0.313604
-0.271812
-0.234768
-0.179559
-0.124548
-0.0794454
-0.044852
-0.0250324
-0.0172537
-0.0173529
-0.605772
-0.624183
-0.658837
-0.697216
-0.716191
-0.682035
-0.589048
-0.487006
-0.39766
-0.326568
-0.273672
-0.236656
-0.206491
-0.169674
-0.132147
-0.0999654
-0.0754419
-0.0611428
-0.0569238
-0.0577877
-0.248988
-0.260067
-0.28341
-0.317091
-0.346839
-0.3571
-0.348037
-0.323177
-0.292592
-0.258116
-0.226327
-0.198994
-0.178983
-0.158568
-0.13438
-0.113671
-0.0979581
-0.0896822
-0.0876372
-0.0891315
0.0124634
0.00710387
-0.00844334
-0.0376998
-0.0801268
-0.124935
-0.16054
-0.185437
-0.195964
-0.192005
-0.179408
-0.164092
-0.153981
-0.145889
-0.136056
-0.126997
-0.120539
-0.118193
-0.118293
-0.119709
0.134955
0.131782
0.1205
0.0951705
0.0533681
0.000232542
-0.052399
-0.0950157
-0.123691
-0.137843
-0.138055
-0.131992
-0.129102
-0.132197
-0.135192
-0.138625
-0.142191
-0.146616
-0.148893
-0.14975
0.162497
0.160388
0.152124
0.132508
0.0985776
0.0540214
0.00553871
-0.0395305
-0.0753816
-0.0981441
-0.106003
-0.105531
-0.107297
-0.118505
-0.131833
-0.14443
-0.155951
-0.164417
-0.167412
-0.167776
0.147262
0.145878
0.140162
0.126282
0.101761
0.0680573
0.0285707
-0.0106586
-0.0454692
-0.0718824
-0.0848868
-0.0873365
-0.0900393
-0.107626
-0.127397
-0.143855
-0.157015
-0.165164
-0.167678
-0.167915
0.118774
0.117924
0.114138
0.104748
0.0877612
0.0634868
0.0332122
0.000813888
-0.0307439
-0.0578893
-0.0758999
-0.0836176
-0.0895904
-0.107258
-0.124243
-0.138031
-0.148708
-0.15424
-0.155746
-0.156037
0.0892747
0.0888656
0.0864706
0.0803015
0.0687855
0.0516384
0.0291252
0.00335
-0.0244145
-0.0524557
-0.0778183
-0.0980051
-0.110866
-0.120743
-0.127652
-0.133553
-0.138269
-0.14026
-0.1408
-0.141144
0.0635961
0.0632857
0.0617761
0.0577947
0.0501036
0.038163
0.0217044
0.00156338
-0.0222834
-0.0507077
-0.0839521
-0.119812
-0.139046
-0.135593
-0.129908
-0.128212
-0.128141
-0.128097
-0.127965
-0.128163
0.0424786
0.0423212
0.0413949
0.0389345
0.0339502
0.0258511
0.0141879
-0.00101588
-0.0204317
-0.0468254
-0.0826985
-0.126829
-0.147195
-0.133904
-0.121497
-0.115882
-0.114816
-0.114414
-0.113977
-0.113926
0.0256802
0.0256168
0.0251297
0.0237512
0.0208436
0.015782
0.00817002
-0.00230623
-0.0162874
-0.037088
-0.0680943
-0.104904
-0.117425
-0.104081
-0.0940179
-0.0919551
-0.0924115
-0.0926429
-0.0922412
-0.0919994
0.0125762
0.0125897
0.012414
0.0118383
0.0103929
0.00783748
0.00379381
-0.00192431
-0.0101565
-0.0227813
-0.0408291
-0.0607691
-0.0622013
-0.0558613
-0.0537068
-0.0554518
-0.0578628
-0.0586993
-0.0584181
-0.0580797
0.00201277
0.00206725
0.00202699
0.00209426
0.0022335
0.00206019
0.00147992
0.000498828
-0.000906544
-0.00281512
-0.00551207
-0.00865469
-0.0127498
-0.0125886
-0.0127589
-0.0134862
-0.0140195
-0.0131087
-0.0125963
-0.0123136
-0.116259
0.0703825
0.269362
0.436154
0.568586
0.672193
0.757927
0.83009
0.859904
0.843833
0.205156
0.327451
0.455182
0.56517
0.657422
0.733598
0.794872
0.837887
0.860258
0.873239
0.422039
0.504736
0.591464
0.668468
0.734363
0.78937
0.832968
0.865128
0.888851
0.906815
0.580034
0.638763
0.699449
0.755742
0.804474
0.845774
0.879756
0.907271
0.929703
0.948019
0.703868
0.745937
0.792541
0.835222
0.873371
0.906713
0.935321
0.959473
0.979207
0.997186
0.806835
0.839599
0.877731
0.912847
0.945063
0.974074
0.999524
1.02113
1.03812
1.05573
0.898844
0.927547
0.961361
0.993363
1.02311
1.05017
1.07391
1.0937
1.10827
1.12572
0.98709
1.0164
1.05023
1.08225
1.11176
1.13828
1.16114
1.17954
1.19216
1.20962
1.0822
1.11571
1.15204
1.18567
1.21564
1.24173
1.26359
1.28064
1.29206
1.30985
1.19696
1.23547
1.27364
1.30779
1.33699
1.36162
1.38187
1.39754
1.40885
1.42719
1.34158
1.38103
1.41654
1.44691
1.47244
1.49446
1.51344
1.52894
1.54158
1.5597
1.51625
1.54829
1.57405
1.59636
1.61638
1.6351
1.65272
1.66925
1.68498
1.70318
1.70382
1.72137
1.73688
1.75345
1.76959
1.78412
1.79714
1.8111
1.82818
1.84786
1.88539
1.89635
1.90849
1.91927
1.92852
1.93807
1.94894
1.96053
1.97047
1.98564
2.09639
2.0984
2.08324
2.06801
2.06162
2.06728
2.08588
2.11629
2.14843
2.17917
2.4023
2.26526
2.18895
2.14684
2.12939
2.13343
2.16078
2.21693
2.32038
2.53566
0.724252
0.720877
0.714953
0.70515
0.692212
0.679797
0.669498
0.661571
0.655942
0.652696
0.65237
0.655154
0.660309
0.667588
0.677045
0.688748
0.701888
0.713886
0.721346
0.726068
0.642253
0.648139
0.655046
0.660289
0.663141
0.662821
0.659928
0.656024
0.652485
0.650232
0.650116
0.652361
0.656085
0.660468
0.664435
0.666451
0.665348
0.661265
0.655376
0.648333
0.634576
0.636923
0.640276
0.643187
0.64541
0.647219
0.648191
0.647955
0.64695
0.646091
0.646302
0.647772
0.649624
0.650931
0.650996
0.64984
0.648043
0.645709
0.642559
0.639598
0.629403
0.630489
0.632357
0.634743
0.63671
0.638111
0.639221
0.6401
0.640597
0.640883
0.641422
0.642255
0.642838
0.642836
0.642336
0.64148
0.640088
0.63804
0.635935
0.634524
0.624267
0.624921
0.626032
0.627757
0.62957
0.631197
0.632478
0.633527
0.634481
0.635347
0.636135
0.63671
0.636899
0.63673
0.636195
0.635186
0.633762
0.632201
0.630885
0.630103
0.619291
0.619745
0.620531
0.621831
0.623334
0.624878
0.626362
0.627673
0.628842
0.629956
0.630933
0.631547
0.63173
0.631497
0.630832
0.62985
0.628726
0.627602
0.626699
0.62618
0.614433
0.614773
0.615384
0.616456
0.617755
0.619146
0.620613
0.62209
0.623498
0.624829
0.626007
0.626766
0.627001
0.626768
0.626192
0.625431
0.624599
0.623749
0.623088
0.622708
0.60965
0.609914
0.610408
0.611321
0.612499
0.613809
0.615227
0.616752
0.61834
0.619921
0.621349
0.622298
0.622664
0.622589
0.622231
0.621701
0.621078
0.620457
0.619977
0.619688
0.604864
0.605073
0.605484
0.606289
0.607388
0.608652
0.610062
0.611635
0.613361
0.615192
0.616919
0.61814
0.618753
0.61893
0.618813
0.61851
0.618098
0.617672
0.617333
0.617106
0.599986
0.600155
0.600508
0.60124
0.602294
0.603541
0.604982
0.606643
0.608532
0.610628
0.612711
0.614303
0.615252
0.615728
0.615872
0.615806
0.615611
0.615361
0.615139
0.614959
0.594929
0.595065
0.595377
0.596065
0.597105
0.598378
0.59989
0.601683
0.603791
0.606208
0.608727
0.61078
0.612132
0.612954
0.613395
0.613584
0.613604
0.613528
0.613405
0.61326
0.5896
0.58971
0.589994
0.590664
0.591724
0.593069
0.594697
0.596677
0.59907
0.601895
0.60495
0.607558
0.609386
0.610609
0.611387
0.611853
0.612103
0.612199
0.612163
0.612045
0.583903
0.583989
0.584257
0.584933
0.58605
0.587509
0.589308
0.591543
0.594302
0.597642
0.601354
0.604627
0.607018
0.608706
0.609866
0.610657
0.611162
0.611423
0.611466
0.611369
0.577725
0.577791
0.578053
0.578758
0.579968
0.58159
0.583623
0.586192
0.589417
0.593397
0.59791
0.601983
0.605045
0.60728
0.608881
0.610037
0.610823
0.611264
0.611381
0.611301
0.570936
0.570982
0.571245
0.572001
0.573346
0.575186
0.577527
0.580523
0.584337
0.589107
0.594593
0.599627
0.603485
0.606369
0.608488
0.610055
0.611166
0.611801
0.611992
0.611925
0.563381
0.563406
0.563673
0.564502
0.566026
0.56815
0.570883
0.574422
0.578971
0.584712
0.591378
0.597564
0.602366
0.606012
0.608747
0.610805
0.612285
0.61313
0.613394
0.613336
0.554838
0.554851
0.555131
0.55606
0.557819
0.560288
0.563527
0.567753
0.573216
0.580148
0.588243
0.595803
0.601725
0.606267
0.609729
0.612377
0.614277
0.615352
0.615688
0.615637
0.545026
0.545011
0.545342
0.546415
0.548458
0.551387
0.555269
0.560355
0.566956
0.575352
0.585171
0.594365
0.601607
0.607208
0.61152
0.614855
0.617242
0.618569
0.618978
0.61893
0.533629
0.53359
0.53397
0.535235
0.537649
0.541169
0.545865
0.55204
0.560065
0.570261
0.582156
0.593281
0.602063
0.608901
0.614211
0.618335
0.621282
0.622877
0.623354
0.623303
0.520157
0.520091
0.520551
0.522071
0.524971
0.52926
0.53501
0.542581
0.552402
0.564815
0.579198
0.592587
0.603148
0.611406
0.617882
0.622914
0.626478
0.628347
0.628883
0.628824
0.503948
0.503855
0.504441
0.506315
0.509867
0.515184
0.522333
0.531725
0.54383
0.558976
0.576324
0.592335
0.604926
0.614796
0.622586
0.628643
0.632876
0.63501
0.635586
0.635512
0.48405
0.483932
0.484723
0.487112
0.491582
0.498327
0.507384
0.519203
0.534246
0.552757
0.573598
0.592599
0.607463
0.619126
0.628352
0.635548
0.640465
0.642826
0.643413
0.643316
0.459019
0.458888
0.460019
0.463208
0.469067
0.477904
0.489671
0.504792
0.52363
0.546255
0.571151
0.593485
0.610822
0.62443
0.635214
0.643603
0.649155
0.651664
0.652221
0.652094
0.426512
0.426409
0.428154
0.432729
0.440904
0.45301
0.468757
0.488416
0.512111
0.539673
0.569171
0.595121
0.615077
0.630718
0.643122
0.652697
0.658746
0.661277
0.661752
0.661591
0.382328
0.382398
0.385493
0.392958
0.40545
0.422892
0.444538
0.470315
0.500051
0.533358
0.567916
0.597662
0.620294
0.637987
0.651993
0.662626
0.668908
0.67128
0.671627
0.671433
0.3186
0.319834
0.327383
0.341378
0.36177
0.387704
0.417652
0.451208
0.488077
0.527774
0.567665
0.601245
0.6265
0.646158
0.661583
0.67295
0.679148
0.68113
0.681308
0.681097
0.242853
0.244976
0.259526
0.283591
0.314926
0.350871
0.389841
0.431653
0.476126
0.522809
0.568795
0.607008
0.635546
0.657607
0.674639
0.686619
0.692485
0.694134
0.69426
0.694132
0.164993
0.171498
0.193125
0.227469
0.269302
0.314996
0.362961
0.41308
0.465232
0.518983
0.571179
0.614107
0.64589
0.670324
0.689064
0.701138
0.706205
0.707346
0.707415
0.707361
0.101398
0.110079
0.136255
0.177723
0.22779
0.281777
0.337864
0.39577
0.455257
0.515811
0.573939
0.621271
0.656047
0.682477
0.702123
0.714096
0.718783
0.719822
0.719939
0.719944
0.0495749
0.0588739
0.0886155
0.135346
0.191592
0.252243
0.315192
0.379974
0.446169
0.513109
0.576872
0.628383
0.665937
0.69421
0.714861
0.72702
0.731496
0.732467
0.732638
0.732687
0.0062702
0.0158375
0.0480285
0.0987795
0.160097
0.226285
0.295044
0.36583
0.438055
0.510895
0.579995
0.635532
0.675798
0.705934
0.727663
0.740053
0.744528
0.745675
0.745873
0.74596
-0.0309302
-0.0212661
0.0127475
0.0667159
0.132246
0.203167
0.276995
0.353102
0.430794
0.509113
0.583284
0.64271
0.685646
0.717608
0.740428
0.753424
0.7582
0.759406
0.759601
0.759695
-0.0637193
-0.0540323
-0.0186255
0.0380644
0.107124
0.182131
0.26046
0.341379
0.424107
0.507557
0.586562
0.649758
0.695317
0.729131
0.753178
0.766801
0.771898
0.773196
0.773385
0.773461
-0.0933911
-0.0836752
-0.0471294
0.0119107
0.0839911
0.162588
0.244935
0.330235
0.417627
0.50593
0.589593
0.656474
0.704597
0.740214
0.765359
0.779707
0.78516
0.786537
0.786711
0.786769
-0.120847
-0.111101
-0.0735688
-0.0124655
0.0622888
0.144074
0.230019
0.319314
0.411056
0.503989
0.592183
0.662672
0.713304
0.750646
0.776889
0.791838
0.797691
0.799131
0.799269
0.799296
-0.146675
-0.136864
-0.0984252
-0.0355824
0.0415864
0.126229
0.215419
0.308375
0.40418
0.501532
0.594158
0.668228
0.721321
0.760328
0.787567
0.803035
0.809158
0.810649
0.810765
0.810762
-0.171353
-0.161423
-0.122087
-0.0577786
0.0216047
0.108799
0.200928
0.297236
0.396828
0.498402
0.595398
0.673075
0.72863
0.769228
0.797373
0.813175
0.819442
0.820965
0.821051
0.821014
-0.195182
-0.185045
-0.144996
-0.0792071
0.00214803
0.0916136
0.186399
0.285772
0.388886
0.494502
0.595822
0.677169
0.735235
0.777371
0.806254
0.822282
0.828576
0.830055
0.830119
0.830056
-0.218276
-0.207953
-0.16723
-0.100001
-0.0169225
0.074582
0.171752
0.273912
0.380289
0.489743
0.595344
0.680486
0.741187
0.784893
0.814397
0.830479
0.836651
0.838057
0.838091
0.838008
-0.240834
-0.230247
-0.188775
-0.120281
-0.035673
0.0576512
0.156952
0.26163
0.371003
0.484079
0.593899
0.682997
0.746555
0.791938
0.821962
0.837909
0.843835
0.845107
0.845091
0.844989
-0.262809
-0.251974
-0.2098
-0.140114
-0.054121
0.040816
0.142012
0.248938
0.361029
0.477478
0.591426
0.684652
0.751391
0.798669
0.829173
0.844756
0.850246
0.851306
0.851228
0.851106
-0.284284
-0.273156
-0.230254
-0.159498
-0.0722624
0.0240916
0.126956
0.235879
0.350403
0.469945
0.58787
0.685383
0.755698
0.805244
0.836305
0.851269
0.856003
0.856716
0.856565
0.856439
-0.305103
-0.293759
-0.250127
-0.178397
-0.0900645
0.00753516
0.111836
0.222508
0.339182
0.461518
0.583193
0.6851
0.75942
0.811765
0.843702
0.857882
0.861431
0.861486
0.861203
0.8611
-0.3254
-0.313737
-0.269418
-0.196803
-0.107505
-0.00882342
0.0967363
0.208897
0.32744
0.452265
0.577385
0.683688
0.762424
0.818218
0.851681
0.865278
0.867216
0.865968
0.865265
0.865241
-0.34503
-0.333068
-0.28811
-0.214682
-0.124514
-0.0249062
0.0817306
0.195159
0.315277
0.442238
0.570468
0.681025
0.76451
0.824415
0.860318
0.874226
0.874726
0.871326
0.86923
0.868688
-0.364048
-0.351807
-0.306153
-0.231986
-0.141062
-0.0406501
0.0668986
0.181367
0.302798
0.431563
0.562495
0.676984
0.76543
0.82998
0.869194
0.884978
0.885591
0.880424
0.874325
0.866085
-0.382381
-0.369916
-0.323629
-0.248875
-0.157361
-0.0563208
0.0519177
0.167137
0.289578
0.419768
0.552981
0.671053
0.76478
0.834693
0.877811
0.897113
0.900459
0.894667
0.883644
0.880535
-0.39998
-0.387388
-0.340535
-0.265314
-0.173412
-0.0718965
0.0368047
0.152449
0.275571
0.406725
0.541715
0.66279
0.761743
0.837752
0.884275
0.9067
0.912207
0.90877
0.870761
0.824014
-0.416565
-0.403555
-0.356791
-0.281218
-0.189272
-0.0874872
0.0215191
0.137418
0.260825
0.392468
0.528587
0.651887
0.755089
0.838371
0.886479
0.905026
0.909881
0.887637
0.830171
0.769819
-0.433921
-0.418347
-0.372155
-0.295989
-0.204508
-0.102751
0.00577871
0.122088
0.24546
0.377147
0.513574
0.638078
0.743296
0.836864
0.881949
0.908628
0.874231
0.821911
0.749622
0.682587
-0.421048
-0.400743
-0.349488
-0.268858
-0.170965
-0.0663366
0.0476593
0.166999
0.293846
0.430038
0.561834
0.675394
0.773888
0.868884
0.893975
0.816615
0.759748
0.690291
0.615903
0.567132
-0.440546
-0.427245
-0.390143
-0.318721
-0.227735
-0.127247
-0.018398
0.0974393
0.220247
0.35104
0.48624
0.610121
0.71365
0.80279
0.871732
0.849788
0.727836
0.639629
0.573283
0.491148
-0.461101
-0.446774
-0.404761
-0.33215
-0.240555
-0.140431
-0.0326461
0.0822593
0.204166
0.33367
0.467397
0.589699
0.690324
0.766765
0.79239
0.704282
0.560934
0.462693
0.385697
0.29872
-0.481897
-0.469501
-0.423359
-0.349765
-0.258129
-0.157527
-0.0497392
0.0649104
0.185978
0.314083
0.445141
0.563053
0.654485
0.715044
0.690076
0.552826
0.399309
0.281274
0.182932
0.0515135
-0.504612
-0.492117
-0.443944
-0.369132
-0.277409
-0.176722
-0.0690742
0.0450198
0.165007
0.291257
0.418921
0.53113
0.612728
0.651328
0.588298
0.403516
0.224483
0.0744128
-0.0637479
-0.251188
-0.52666
-0.514419
-0.465125
-0.389106
-0.297001
-0.196398
-0.0891708
0.0240706
0.142694
0.266653
0.390359
0.496016
0.569506
0.57234
0.459191
0.260318
0.0517004
-0.140158
-0.311981
-0.689402
-0.54887
-0.536883
-0.487075
-0.410232
-0.317797
-0.217202
-0.110413
0.00193366
0.119044
0.240414
0.359702
0.457768
0.51923
0.489209
0.334003
0.13157
-0.0842871
-0.284719
-0.453569
-0.745538
-0.571991
-0.560142
-0.510076
-0.432742
-0.340102
-0.23951
-0.133129
-0.0216723
0.0938375
0.212385
0.326912
0.416834
0.462544
0.413599
0.221048
0.0242414
-0.176707
-0.344112
-0.413656
-0.452326
-0.596559
-0.58484
-0.534509
-0.45692
-0.364283
-0.263885
-0.158079
-0.0477589
0.0657958
0.180978
0.290043
0.371202
0.39934
0.313387
0.119379
-0.0665537
-0.235812
-0.343274
-0.379027
-0.387546
-0.622823
-0.611067
-0.560538
-0.482789
-0.390287
-0.290281
-0.185284
-0.0763814
0.0348227
0.146086
0.248912
0.321061
0.322251
0.206395
0.0261214
-0.145445
-0.287632
-0.343842
-0.355324
-0.359192
-0.650868
-0.639024
-0.588237
-0.510371
-0.418118
-0.318701
-0.214749
-0.107585
0.000880582
0.107741
0.20355
0.265978
0.242339
0.106129
-0.0598961
-0.22032
-0.321034
-0.347149
-0.345258
-0.34543
-0.68046
-0.668822
-0.617569
-0.539635
-0.447744
-0.349106
-0.246466
-0.141358
-0.0360139
0.065961
0.154287
0.20477
0.17102
0.0142685
-0.137656
-0.278274
-0.322005
-0.332403
-0.336271
-0.336496
-0.711439
-0.699799
-0.648318
-0.570419
-0.479035
-0.381393
-0.280345
-0.177627
-0.0757954
0.0209309
0.101366
0.140459
0.0985785
-0.0642944
-0.205288
-0.303344
-0.344102
-0.333517
-0.331685
-0.331475
-0.743287
-0.731599
-0.68019
-0.602401
-0.511702
-0.415316
-0.316156
-0.216182
-0.118253
-0.0269607
0.0451894
0.0752794
0.0130036
-0.13288
-0.258273
-0.311406
-0.326426
-0.328094
-0.328141
-0.327888
-0.775283
-0.763593
-0.712275
-0.63502
-0.545288
-0.450459
-0.353537
-0.256662
-0.16302
-0.0772829
-0.0129361
0.00286062
-0.0681052
-0.190862
-0.289781
-0.317361
-0.321973
-0.325832
-0.326041
-0.326038
-0.806172
-0.794858
-0.743764
-0.667526
-0.579098
-0.486208
-0.391918
-0.298504
-0.209463
-0.129567
-0.0709247
-0.0679725
-0.138488
-0.24303
-0.308885
-0.351775
-0.332093
-0.326552
-0.324996
-0.324706
-0.834436
-0.823628
-0.773597
-0.698588
-0.612175
-0.521711
-0.430527
-0.340954
-0.25671
-0.182882
-0.128321
-0.130392
-0.201348
-0.285171
-0.336266
-0.326868
-0.32858
-0.326107
-0.324499
-0.324037
-0.858434
-0.848299
-0.799794
-0.727053
-0.643278
-0.555855
-0.468355
-0.383071
-0.303724
-0.235829
-0.186066
-0.186056
-0.250336
-0.31702
-0.36473
-0.363063
-0.343874
-0.332768
-0.328924
-0.327722
-0.875771
-0.866546
-0.820416
-0.750935
-0.670876
-0.587398
-0.504201
-0.423718
-0.349419
-0.287082
-0.242569
-0.236355
-0.281514
-0.322795
-0.345418
-0.353546
-0.351947
-0.350778
-0.347941
-0.345342
-0.884345
-0.875952
-0.833378
-0.76831
-0.69317
-0.614793
-0.536792
-0.461581
-0.392661
-0.335465
-0.294299
-0.281186
-0.300552
-0.282309
-0.29063
-0.318178
-0.343564
-0.352648
-0.354276
-0.354351
-0.880023
-0.873127
-0.836882
-0.777329
-0.708479
-0.636483
-0.564669
-0.495446
-0.432206
-0.379808
-0.34135
-0.32206
-0.33413
-0.29458
-0.287532
-0.324924
-0.344937
-0.351441
-0.354533
-0.35597
-0.861264
-0.856552
-0.828185
-0.776603
-0.715506
-0.651186
-0.58655
-0.523939
-0.466642
-0.419551
-0.385533
-0.371355
-0.3938
-0.423126
-0.430794
-0.410774
-0.390661
-0.38043
-0.376615
-0.375125
-0.828634
-0.825239
-0.805985
-0.765181
-0.713743
-0.658302
-0.601592
-0.545888
-0.494438
-0.452585
-0.427348
-0.410714
-0.435244
-0.539427
-0.588465
-0.484308
-0.414906
-0.3825
-0.370935
-0.366659
-0.786771
-0.784629
-0.773695
-0.745141
-0.704266
-0.658295
-0.609735
-0.560599
-0.514348
-0.476269
-0.453239
-0.426223
-0.371511
-0.344571
-0.332397
-0.298579
-0.292165
-0.291476
-0.289567
-0.288279
-0.744255
-0.742996
-0.737635
-0.720901
-0.690716
-0.653036
-0.611891
-0.568427
-0.525524
-0.487876
-0.461632
-0.409582
-0.282856
-0.0873498
0.0214306
0.0027035
-0.0962841
-0.189713
-0.233687
-0.243386
-0.710064
-0.709393
-0.706676
-0.697121
-0.67616
-0.645926
-0.610117
-0.570597
-0.528949
-0.489648
-0.458074
-0.417051
-0.344648
-0.262018
-0.199869
-0.352295
-0.513414
-0.551359
-0.53204
-0.511227
-0.685858
-0.685116
-0.683641
-0.679751
-0.665353
-0.640202
-0.607183
-0.569134
-0.527314
-0.482392
-0.446208
-0.414885
-0.501724
-0.790779
-1.25485
-1.5648
-1.64542
-1.55336
-1.36946
-1.24827
-0.669436
-0.669177
-0.668607
-0.666756
-0.658622
-0.637131
-0.605006
-0.566242
-0.520929
-0.469639
-0.420208
-0.381171
-0.447777
-0.651845
-0.914104
-1.13463
-1.13887
-0.978612
-0.789562
-0.666772
-0.659091
-0.659068
-0.658815
-0.658252
-0.654189
-0.635941
-0.603731
-0.562496
-0.512665
-0.454986
-0.387602
-0.337509
-0.253999
-0.160457
-0.00361579
0.146279
0.350559
0.561115
0.686111
0.744207
-0.651444
-0.651479
-0.651262
-0.650862
-0.648939
-0.635523
-0.604308
-0.559775
-0.505612
-0.438638
-0.356223
-0.267041
-0.134982
0.137389
0.532838
0.94634
1.31182
1.55347
1.66051
1.69738
-0.646637
-0.646562
-0.64607
-0.644956
-0.643024
-0.636454
-0.607573
-0.559801
-0.49922
-0.424791
-0.330635
-0.219092
-0.0670064
0.250033
0.692841
1.122
1.48842
1.72078
1.82162
1.8499
-0.645775
-0.645821
-0.645898
-0.645735
-0.645776
-0.642996
-0.614889
-0.562662
-0.497771
-0.419094
-0.318941
-0.204421
-0.0825866
0.205543
0.594215
0.950966
1.25035
1.43657
1.51527
1.53467
-0.644946
-0.64594
-0.648511
-0.654799
-0.663327
-0.66035
-0.623905
-0.568704
-0.504134
-0.420937
-0.320732
-0.214388
-0.115384
0.108463
0.40938
0.670209
0.879449
1.00274
1.05175
1.06418
-0.647345
-0.648809
-0.650543
-0.649522
-0.646061
-0.640399
-0.616597
-0.578281
-0.51733
-0.431867
-0.335752
-0.237009
-0.149402
0.00955518
0.221525
0.392211
0.512973
0.58004
0.609738
0.621335
-0.680939
-0.681114
-0.675925
-0.645663
-0.591272
-0.563841
-0.596081
-0.59552
-0.537066
-0.447983
-0.353352
-0.265403
-0.194589
-0.0766888
0.072647
0.184805
0.256906
0.296374
0.318489
0.330065
-0.742756
-0.739421
-0.736206
-0.723731
-0.703114
-0.68624
-0.694009
-0.655149
-0.567157
-0.465456
-0.369843
-0.292426
-0.234249
-0.144151
-0.0291773
0.0609188
0.122877
0.159873
0.180831
0.190138
-0.871697
-0.87104
-0.902408
-0.958464
-0.993611
-0.976858
-0.911149
-0.761786
-0.610935
-0.481836
-0.380146
-0.311856
-0.267702
-0.193424
-0.0944589
-0.0124517
0.0485808
0.0918042
0.113681
0.12079
-1.00578
-1.01388
-1.05683
-1.10934
-1.13888
-1.11968
-1.02912
-0.827123
-0.634794
-0.485492
-0.380736
-0.320338
-0.280185
-0.216369
-0.12982
-0.0586677
-0.00411195
0.0348523
0.0528309
0.0581141
-0.988581
-0.998654
-1.02969
-1.06795
-1.09106
-1.07295
-0.973226
-0.77856
-0.599832
-0.459648
-0.362245
-0.304493
-0.267876
-0.216414
-0.146477
-0.0907941
-0.044763
-0.0124519
0.00265468
0.00544468
-0.769289
-0.780967
-0.810942
-0.851412
-0.881669
-0.869383
-0.773362
-0.631312
-0.502304
-0.398906
-0.323176
-0.273621
-0.240597
-0.198574
-0.150641
-0.108749
-0.0748363
-0.0512574
-0.0403574
-0.0380668
-0.419889
-0.428787
-0.450776
-0.48405
-0.517306
-0.527916
-0.494358
-0.436614
-0.373382
-0.31859
-0.270455
-0.233208
-0.205291
-0.180276
-0.148766
-0.119862
-0.0963078
-0.0804664
-0.0736198
-0.0730899
-0.0986842
-0.103484
-0.116333
-0.141711
-0.177948
-0.211277
-0.235785
-0.247551
-0.247256
-0.234264
-0.213388
-0.191707
-0.172687
-0.160074
-0.143455
-0.127202
-0.114008
-0.105548
-0.102518
-0.103232
0.0907312
0.0881452
0.0803512
0.0605477
0.0249328
-0.0252335
-0.0766017
-0.1186
-0.147604
-0.161599
-0.161654
-0.152731
-0.143318
-0.140846
-0.137478
-0.134786
-0.132297
-0.132404
-0.133839
-0.134974
0.157618
0.156063
0.150752
0.135247
0.104653
0.0595126
0.00774314
-0.04227
-0.0822302
-0.10871
-0.119989
-0.119835
-0.116527
-0.121585
-0.129705
-0.138008
-0.146485
-0.154221
-0.159392
-0.160574
0.158255
0.157349
0.153639
0.142388
0.119591
0.0847594
0.0425371
-0.00164495
-0.0413589
-0.0724222
-0.0903893
-0.0952007
-0.0943421
-0.103985
-0.121499
-0.137477
-0.152017
-0.16313
-0.168915
-0.169817
0.133756
0.133313
0.130842
0.123181
0.107326
0.082429
0.0503742
0.0143028
-0.0206858
-0.0511921
-0.0727633
-0.0818176
-0.0831766
-0.0952192
-0.115702
-0.133465
-0.147738
-0.157687
-0.162026
-0.162711
0.103758
0.103667
0.102076
0.0970351
0.0863257
0.0689652
0.0455082
0.0174609
-0.0122109
-0.0410011
-0.0660442
-0.083078
-0.0927616
-0.104994
-0.119508
-0.13087
-0.140057
-0.145851
-0.147901
-0.148352
0.0757913
0.0757349
0.0747439
0.0716249
0.0645429
0.0526426
0.0358027
0.0145494
-0.00988437
-0.0369267
-0.0659763
-0.0952476
-0.119171
-0.12825
-0.129035
-0.130306
-0.132559
-0.133779
-0.134051
-0.134258
0.052388
0.052452
0.051825
0.0498116
0.0452084
0.0371734
0.02528
0.00943766
-0.0101736
-0.0344825
-0.0656186
-0.104857
-0.142413
-0.144032
-0.132027
-0.125428
-0.122635
-0.122116
-0.121682
-0.121555
0.0334991
0.0335889
0.0332362
0.032078
0.0292994
0.0241572
0.0161925
0.00505572
-0.00966047
-0.0295133
-0.0586099
-0.0988649
-0.134234
-0.129885
-0.115357
-0.107005
-0.105259
-0.105046
-0.104643
-0.104288
0.0186718
0.0187666
0.0186133
0.0180116
0.0165545
0.0136859
0.00897856
0.00211724
-0.00736902
-0.0210313
-0.0416955
-0.0706014
-0.0920655
-0.0850474
-0.0775944
-0.0751461
-0.0758937
-0.0771106
-0.0771133
-0.0766976
0.00206094
0.00204187
0.00204003
0.00218915
0.00219905
0.00183228
0.00103311
-0.000183295
-0.00169066
-0.00398581
-0.00716598
-0.00981903
-0.0126678
-0.0128408
-0.0129911
-0.0140502
-0.0134888
-0.0128166
-0.012443
-0.0363263
-1.01705
-0.408061
0.0128668
0.262725
0.444764
0.583224
0.690167
0.777308
0.871287
0.948159
-0.0769209
0.120693
0.292626
0.439883
0.562176
0.66148
0.742112
0.807597
0.847363
0.852752
0.253168
0.368185
0.476473
0.575291
0.659877
0.731011
0.789082
0.832896
0.861854
0.879859
0.459224
0.537051
0.61206
0.681781
0.742748
0.794615
0.83725
0.870816
0.897069
0.915895
0.61041
0.663118
0.721351
0.772294
0.818106
0.857863
0.891639
0.919854
0.943358
0.960062
0.73058
0.771083
0.81557
0.855209
0.891698
0.924509
0.953304
0.978095
0.998919
1.01293
0.831784
0.866338
0.90205
0.936146
0.96799
0.997284
1.02344
1.04603
1.06456
1.07617
0.924115
0.955412
0.988265
1.02078
1.05133
1.07949
1.10453
1.12579
1.14243
1.15214
1.01457
1.04745
1.08179
1.11578
1.147
1.17515
1.19961
1.21981
1.23485
1.24367
1.11616
1.15404
1.19163
1.22778
1.25975
1.28745
1.31076
1.32954
1.34334
1.35274
1.24275
1.28547
1.32439
1.35983
1.39003
1.41553
1.43698
1.45444
1.46783
1.47905
1.404
1.44553
1.47907
1.50805
1.53243
1.55388
1.57342
1.59076
1.6057
1.61941
1.5944
1.62382
1.64541
1.66452
1.68276
1.70008
1.71619
1.73187
1.74856
1.7658
1.79095
1.80156
1.81382
1.82834
1.84287
1.85577
1.86704
1.87786
1.89057
1.90612
1.97789
1.98747
1.99708
1.9991
1.99966
2.00386
2.01467
2.03099
2.04833
2.05302
2.28251
2.22364
2.17192
2.13189
2.10951
2.10541
2.11896
2.15267
2.20864
2.28797
0.858992
0.801885
0.759495
0.725963
0.701641
0.684237
0.671757
0.662814
0.656689
0.65321
0.652843
0.655745
0.661231
0.669213
0.680159
0.695148
0.715928
0.744674
0.783122
0.831212
0.663361
0.672392
0.678538
0.679154
0.675183
0.668799
0.662226
0.656708
0.652858
0.651217
0.652423
0.656063
0.661404
0.667984
0.674991
0.680718
0.682768
0.67944
0.671091
0.663906
0.638883
0.640981
0.64558
0.649337
0.652349
0.654108
0.653895
0.652125
0.649909
0.648341
0.648381
0.650246
0.653019
0.655708
0.65721
0.656694
0.654396
0.651185
0.647081
0.642646
0.632663
0.633563
0.636069
0.638711
0.640656
0.642122
0.643295
0.643877
0.643793
0.643572
0.643954
0.645065
0.646163
0.646584
0.646135
0.645142
0.643735
0.6416
0.638999
0.636977
0.627164
0.627629
0.62904
0.631092
0.633032
0.634563
0.635708
0.636675
0.637477
0.638118
0.638792
0.639447
0.639747
0.63961
0.639127
0.638218
0.636758
0.634921
0.633261
0.632238
0.622011
0.6223
0.623216
0.624692
0.626342
0.627962
0.629379
0.630554
0.631612
0.632619
0.633505
0.634075
0.634244
0.634048
0.633431
0.632392
0.6311
0.629783
0.628709
0.628084
0.617032
0.617237
0.617924
0.619098
0.620485
0.621946
0.623439
0.624854
0.626144
0.627361
0.628434
0.629115
0.629318
0.629066
0.628419
0.627541
0.626575
0.625596
0.624825
0.624385
0.612178
0.612333
0.612879
0.613866
0.615097
0.616443
0.617884
0.619391
0.620897
0.622351
0.623648
0.624495
0.624779
0.624608
0.624137
0.623493
0.622767
0.622035
0.62147
0.62114
0.607373
0.607495
0.607943
0.608796
0.60993
0.611217
0.612628
0.614173
0.61583
0.617536
0.619107
0.620179
0.620654
0.620698
0.620461
0.620044
0.619523
0.619
0.618595
0.618339
0.602528
0.602627
0.603006
0.603769
0.604843
0.606097
0.60752
0.609131
0.610932
0.612891
0.614787
0.616182
0.616952
0.617273
0.617285
0.617098
0.616791
0.616453
0.616176
0.615974
0.597553
0.597634
0.597964
0.59867
0.599713
0.600971
0.602446
0.604166
0.606155
0.608402
0.610692
0.612503
0.613644
0.614286
0.614578
0.614633
0.614545
0.61438
0.614209
0.614048
0.592356
0.592423
0.592719
0.593393
0.594439
0.595748
0.597315
0.599193
0.601433
0.604042
0.606814
0.609132
0.610711
0.611726
0.612335
0.612654
0.612789
0.612793
0.612715
0.612585
0.586842
0.586898
0.587173
0.587841
0.588924
0.590326
0.592036
0.594133
0.596697
0.599765
0.603131
0.606056
0.608152
0.609598
0.610567
0.611184
0.611556
0.611732
0.611737
0.61163
0.580908
0.580954
0.581218
0.581903
0.583061
0.584601
0.586513
0.588904
0.59188
0.595522
0.599614
0.60327
0.605979
0.607929
0.609309
0.610275
0.610908
0.611255
0.611336
0.611248
0.574431
0.574469
0.57473
0.575454
0.576725
0.578456
0.580639
0.583407
0.586908
0.591262
0.596237
0.600769
0.60421
0.606755
0.608615
0.609967
0.610897
0.611432
0.611587
0.611514
0.567267
0.567296
0.567563
0.568348
0.569774
0.571758
0.574288
0.577538
0.581698
0.586927
0.592975
0.598559
0.602866
0.606115
0.608542
0.610338
0.611612
0.612351
0.61258
0.612519
0.559234
0.559257
0.55954
0.560405
0.562031
0.564335
0.567311
0.571172
0.576151
0.582456
0.589802
0.596646
0.601981
0.606057
0.609155
0.611487
0.613154
0.614113
0.614415
0.614362
0.550097
0.55012
0.550431
0.551397
0.55328
0.555983
0.559532
0.564161
0.570159
0.577784
0.5867
0.595043
0.601596
0.606646
0.610533
0.613496
0.615616
0.616818
0.617194
0.617146
0.539541
0.539555
0.539906
0.541018
0.54323
0.546466
0.550737
0.55633
0.5636
0.572848
0.583657
0.593778
0.601759
0.607956
0.612767
0.616456
0.619105
0.620569
0.621016
0.620968
0.527182
0.52719
0.527583
0.528891
0.531538
0.535455
0.54065
0.547474
0.556341
0.567586
0.580669
0.592884
0.602525
0.610048
0.615941
0.620471
0.623711
0.62545
0.625963
0.625909
0.512455
0.512458
0.512915
0.514491
0.517714
0.522532
0.528937
0.537351
0.54824
0.561946
0.577748
0.592404
0.603951
0.612986
0.620132
0.625613
0.629502
0.631515
0.632079
0.632014
0.494583
0.494582
0.495133
0.497092
0.501112
0.507157
0.515186
0.525694
0.539172
0.555912
0.574936
0.592398
0.606101
0.616844
0.625362
0.631923
0.636499
0.638763
0.639355
0.639272
0.472388
0.472381
0.473095
0.475652
0.480841
0.488631
0.498919
0.512251
0.529067
0.549534
0.57233
0.592959
0.609041
0.62166
0.631682
0.639408
0.644655
0.647114
0.647699
0.647589
0.444077
0.444069
0.445075
0.448628
0.455677
0.466095
0.479649
0.496853
0.517972
0.542958
0.570088
0.594202
0.612841
0.627456
0.639076
0.648
0.653833
0.656384
0.656914
0.65677
0.406574
0.406581
0.408225
0.413707
0.424057
0.438653
0.45706
0.479558
0.506121
0.536457
0.568436
0.596271
0.617571
0.634244
0.647494
0.657544
0.663778
0.666269
0.666691
0.66651
0.353982
0.354218
0.357976
0.367922
0.384428
0.4059
0.431369
0.460834
0.494012
0.530448
0.56765
0.599319
0.623288
0.641987
0.656786
0.667771
0.674112
0.676361
0.676635
0.67642
0.27876
0.281126
0.292149
0.311593
0.33832
0.369387
0.403846
0.441521
0.482145
0.525241
0.568026
0.603761
0.630573
0.651439
0.667823
0.679524
0.685746
0.687668
0.687809
0.687595
0.198856
0.205107
0.224598
0.254279
0.291842
0.332809
0.376296
0.42227
0.470591
0.520823
0.569943
0.610555
0.640772
0.664153
0.682304
0.694506
0.700127
0.701523
0.701576
0.70144
0.129954
0.136574
0.162731
0.201187
0.248001
0.298056
0.350211
0.404313
0.460191
0.51738
0.572572
0.617735
0.651055
0.676603
0.695966
0.707999
0.712942
0.714063
0.714139
0.714051
0.0735548
0.0806026
0.110759
0.155434
0.20913
0.266614
0.326265
0.387718
0.450638
0.514438
0.575418
0.62486
0.661048
0.688444
0.708724
0.720832
0.725528
0.726536
0.726629
0.726577
0.0268091
0.0341831
0.0668864
0.116285
0.175407
0.238927
0.304875
0.372751
0.442034
0.511977
0.578441
0.631981
0.670895
0.700142
0.721475
0.733792
0.738411
0.739435
0.739538
0.739513
-0.0127963
-0.00525475
0.0292283
0.0821581
0.145851
0.214483
0.285842
0.359355
0.434369
0.509991
0.581655
0.639152
0.680762
0.711838
0.734218
0.747046
0.751908
0.752871
0.752992
0.752981
-0.0472986
-0.0396605
-0.00390431
0.0519733
0.119457
0.192482
0.268613
0.347179
0.427433
0.508355
0.584965
0.646288
0.69054
0.723443
0.746976
0.760417
0.765556
0.766586
0.76671
0.766706
-0.0781998
-0.0704709
-0.0336863
0.024715
0.0954024
0.172252
0.252635
0.335791
0.420892
0.506795
0.588144
0.653193
0.700042
0.734783
0.759482
0.773529
0.778997
0.780122
0.780253
0.780249
-0.106481
-0.0986795
-0.0610193
-0.000428306
0.0730378
0.153266
0.237453
0.324792
0.414393
0.505034
0.590975
0.659667
0.709051
0.745545
0.771333
0.786045
0.791802
0.793087
0.793216
0.793202
-0.132925
-0.125028
-0.0865354
-0.0241227
0.0518724
0.13512
0.22272
0.313884
0.40769
0.502856
0.593276
0.665555
0.71742
0.755607
0.782391
0.797714
0.803742
0.805137
0.80526
0.805228
-0.158002
-0.149991
-0.110705
-0.0467555
0.0315531
0.117504
0.208194
0.302863
0.400591
0.500075
0.594891
0.670758
0.72508
0.764898
0.79263
0.80837
0.814584
0.816044
0.816144
0.816084
-0.182105
-0.173935
-0.133801
-0.0685595
0.0118489
0.100208
0.193696
0.291569
0.392952
0.49657
0.595733
0.675234
0.732034
0.773406
0.80195
0.817943
0.824247
0.825742
0.825797
0.825716
-0.205405
-0.197052
-0.156402
-0.0896532
-0.00740624
0.083106
0.17911
0.27991
0.384688
0.492247
0.595713
0.678941
0.738303
0.781217
0.810436
0.82655
0.83283
0.834259
0.834303
0.834199
-0.228076
-0.219551
-0.17823
-0.110184
-0.0263132
0.0661231
0.164385
0.267839
0.37575
0.487039
0.594759
0.681857
0.743953
0.788482
0.818263
0.834318
0.840428
0.841778
0.841774
0.841655
-0.250191
-0.241504
-0.199454
-0.130242
-0.0449147
0.0492383
0.149514
0.25535
0.36611
0.480902
0.592804
0.683945
0.749051
0.795347
0.825617
0.841425
0.847184
0.848375
0.848323
0.848186
-0.271791
-0.262908
-0.220177
-0.149859
-0.0632174
0.0324553
0.134504
0.242463
0.355801
0.473837
0.589795
0.685147
0.753624
0.801983
0.832749
0.848061
0.853231
0.85415
0.854033
0.853886
-0.292827
-0.283766
-0.240321
-0.169007
-0.0811966
0.0157997
0.119411
0.229233
0.34487
0.46585
0.585681
0.685385
0.757652
0.808522
0.839967
0.854551
0.858761
0.859208
0.859
0.858862
-0.313271
-0.304024
-0.259888
-0.187667
-0.0988221
-0.000669035
0.104291
0.215734
0.333377
0.457
0.580435
0.684551
0.761038
0.815021
0.847624
0.861454
0.864242
0.863753
0.863321
0.863236
-0.333119
-0.323674
-0.278873
-0.205815
-0.116059
-0.0168881
0.0892239
0.202049
0.321409
0.447344
0.574071
0.682528
0.763611
0.821382
0.855947
0.869539
0.870674
0.868417
0.867246
0.867261
-0.352312
-0.342675
-0.297243
-0.223416
-0.132849
-0.0328112
0.0742873
0.188263
0.309069
0.436975
0.566609
0.679191
0.765151
0.82732
0.864796
0.879425
0.87969
0.875266
0.871963
0.87089
-0.37088
-0.361058
-0.31498
-0.240478
-0.149224
-0.048455
0.0594608
0.174349
0.296333
0.425864
0.557985
0.674315
0.765378
0.832491
0.873631
0.890992
0.892706
0.887336
0.879432
0.864869
-0.388837
-0.378855
-0.332179
-0.257178
-0.165426
-0.0641128
0.0443753
0.159857
0.282675
0.413402
0.547577
0.66724
0.763658
0.836504
0.881478
0.902508
0.907378
0.900121
0.889788
0.853109
-0.406419
-0.395807
-0.348787
-0.273375
-0.181342
-0.0796545
0.0292084
0.144997
0.268307
0.399765
0.535402
0.657699
0.759013
0.838419
0.886076
0.907577
0.912273
0.90526
0.853624
0.796704
-0.424885
-0.410689
-0.3646
-0.288932
-0.197166
-0.0953077
0.0136917
0.129768
0.253195
0.384906
0.521284
0.645338
0.749952
0.837812
0.884873
0.894305
0.897484
0.861534
0.795495
0.731768
-0.444246
-0.444275
-0.385144
-0.301601
-0.209778
-0.10833
-0.00165781
0.114825
0.238077
0.369629
0.505858
0.630461
0.735766
0.836508
0.85224
0.865625
0.836504
0.771458
0.696194
0.625726
-0.420404
-0.417027
-0.358526
-0.274843
-0.178098
-0.0735281
0.0381231
0.157297
0.283838
0.419574
0.550848
0.664017
0.760075
0.855263
0.860931
0.761543
0.676123
0.607194
0.534361
0.394702
-0.459037
-0.432109
-0.371305
-0.286852
-0.190388
-0.0858713
0.0252175
0.143822
0.269551
0.403998
0.533214
0.643908
0.73046
0.794765
0.761414
0.626352
0.506791
0.424212
0.340726
0.184024
-0.483178
-0.451847
-0.389557
-0.305754
-0.209131
-0.104724
0.00653986
0.12441
0.248899
0.381242
0.507275
0.612777
0.690079
0.717705
0.636459
0.472965
0.335399
0.233037
0.120345
-0.101721
-0.506325
-0.473095
-0.40935
-0.32493
-0.228289
-0.123967
-0.0130467
0.103927
0.226918
0.35667
0.478402
0.57654
0.641912
0.6334
0.496845
0.312354
0.145721
0.00693365
-0.147758
-0.50738
-0.528662
-0.494645
-0.42983
-0.34456
-0.247848
-0.143743
-0.0334683
0.0824601
0.203718
0.330449
0.446979
0.536784
0.583419
0.545219
0.361048
0.156487
-0.0488322
-0.219866
-0.464398
-0.977246
-0.550854
-0.516784
-0.451294
-0.365449
-0.268581
-0.164715
-0.0550915
0.0596803
0.178966
0.302285
0.412997
0.494484
0.520551
0.432265
0.236293
0.0225751
-0.188263
-0.373159
-0.546873
-1.09941
-0.574037
-0.539859
-0.474011
-0.387826
-0.290846
-0.187189
-0.0781942
0.0353763
0.152522
0.272118
0.376664
0.448248
0.449247
0.317998
0.127681
-0.0786512
-0.267988
-0.393211
-0.427028
-0.471519
-0.598622
-0.564339
-0.498279
-0.411974
-0.315073
-0.211799
-0.103617
0.00845504
0.123027
0.2382
0.336148
0.394414
0.372751
0.211773
0.0286982
-0.154482
-0.30218
-0.362593
-0.383602
-0.388725
-0.624909
-0.590406
-0.524191
-0.43788
-0.341231
-0.23854
-0.131448
-0.0212083
0.0903567
0.200434
0.291127
0.333731
0.295391
0.112812
-0.0614296
-0.222091
-0.331584
-0.356013
-0.358383
-0.35894
-0.653037
-0.618197
-0.551789
-0.465538
-0.369293
-0.267417
-0.161686
-0.0536191
0.0544793
0.158884
0.241219
0.270656
0.200001
0.0223462
-0.143202
-0.283117
-0.332374
-0.344929
-0.345498
-0.345078
-0.682871
-0.647653
-0.581034
-0.494939
-0.399247
-0.298405
-0.19432
-0.0887845
0.0154239
0.113637
0.186939
0.201995
0.101624
-0.0611421
-0.213008
-0.321384
-0.3341
-0.335227
-0.336565
-0.33624
-0.713954
-0.678582
-0.611752
-0.525916
-0.430962
-0.331404
-0.229275
-0.126645
-0.0266886
0.0649024
0.12936
0.12716
0.0154726
-0.134946
-0.26678
-0.311597
-0.329279
-0.331612
-0.331597
-0.331337
-0.745931
-0.710251
-0.643599
-0.558167
-0.464181
-0.366185
-0.266336
-0.166989
-0.0716133
0.0132442
0.0681785
0.0539743
-0.0644284
-0.19616
-0.300511
-0.341146
-0.330886
-0.32822
-0.328012
-0.32775
-0.77788
-0.742169
-0.676036
-0.591195
-0.498462
-0.402352
-0.305138
-0.209443
-0.119004
-0.0405149
0.00311969
-0.0136353
-0.135677
-0.242376
-0.317924
-0.318906
-0.32415
-0.325937
-0.326063
-0.325985
-0.808759
-0.773577
-0.707834
-0.624277
-0.533157
-0.439326
-0.345129
-0.253407
-0.168268
-0.095741
-0.0596406
-0.0819746
-0.196181
-0.284697
-0.309525
-0.328538
-0.326944
-0.325411
-0.324804
-0.324636
-0.836985
-0.802825
-0.738237
-0.656327
-0.567359
-0.476291
-0.385557
-0.298103
-0.218424
-0.151808
-0.117165
-0.152586
-0.245387
-0.321239
-0.330822
-0.329197
-0.327713
-0.32507
-0.324215
-0.323834
-0.860858
-0.828171
-0.765492
-0.686087
-0.599915
-0.512199
-0.425441
-0.342575
-0.268241
-0.207746
-0.173867
-0.21206
-0.282799
-0.34978
-0.38408
-0.357089
-0.336752
-0.33026
-0.328221
-0.327163
-0.878032
-0.847544
-0.7876
-0.711819
-0.629431
-0.545818
-0.463606
-0.385713
-0.316573
-0.262021
-0.230704
-0.258049
-0.297522
-0.350538
-0.356706
-0.351854
-0.351909
-0.349451
-0.346406
-0.344764
-0.886193
-0.858482
-0.802676
-0.731625
-0.654254
-0.575785
-0.498836
-0.42627
-0.362333
-0.313171
-0.280556
-0.296218
-0.288844
-0.287693
-0.300514
-0.332014
-0.349863
-0.353971
-0.354205
-0.35486
-0.882505
-0.858895
-0.808858
-0.743739
-0.672768
-0.600581
-0.529725
-0.463011
-0.404424
-0.360207
-0.321395
-0.335807
-0.317378
-0.275472
-0.304226
-0.337486
-0.348993
-0.353186
-0.355435
-0.356267
-0.863376
-0.845874
-0.804347
-0.74683
-0.683683
-0.618916
-0.554981
-0.494514
-0.44165
-0.401771
-0.368286
-0.381749
-0.411068
-0.416012
-0.421633
-0.399799
-0.384177
-0.378118
-0.375654
-0.374928
-0.830438
-0.81837
-0.787631
-0.74032
-0.686354
-0.630112
-0.573584
-0.5195
-0.472069
-0.437262
-0.409236
-0.419321
-0.476665
-0.58504
-0.529772
-0.444207
-0.39453
-0.375231
-0.368198
-0.365863
-0.788317
-0.780854
-0.761593
-0.725677
-0.681693
-0.634342
-0.585168
-0.537019
-0.493918
-0.462923
-0.436688
-0.406591
-0.345556
-0.346885
-0.312852
-0.293172
-0.292342
-0.290304
-0.288963
-0.287451
-0.745432
-0.741261
-0.730965
-0.707152
-0.672564
-0.632995
-0.590398
-0.546702
-0.506016
-0.472752
-0.442721
-0.360583
-0.186796
-0.0150388
0.0269331
-0.0446295
-0.148674
-0.217965
-0.241131
-0.243308
-0.71076
-0.708542
-0.703152
-0.688009
-0.662052
-0.628382
-0.590792
-0.550054
-0.50857
-0.472291
-0.446747
-0.380872
-0.31347
-0.209669
-0.248904
-0.445843
-0.545647
-0.546185
-0.517705
-0.515584
-0.68555
-0.684483
-0.68242
-0.674039
-0.653897
-0.624514
-0.588972
-0.548608
-0.504813
-0.46316
-0.430263
-0.440074
-0.607718
-1.01379
-1.44916
-1.62839
-1.61957
-1.46429
-1.2956
-1.22627
-0.66936
-0.668907
-0.668165
-0.66406
-0.649435
-0.622179
-0.586306
-0.544173
-0.496763
-0.442527
-0.402175
-0.390015
-0.541546
-0.773181
-1.05091
-1.16465
-1.07179
-0.879748
-0.717808
-0.641071
-0.659098
-0.658971
-0.658547
-0.657153
-0.64708
-0.621261
-0.583966
-0.539056
-0.484794
-0.419957
-0.361838
-0.293721
-0.213149
-0.0883464
0.075123
0.2375
0.463089
0.636379
0.722513
0.756116
-0.651488
-0.651404
-0.65103
-0.650613
-0.644338
-0.621837
-0.583526
-0.534101
-0.473248
-0.400546
-0.309455
-0.210318
-0.0223166
0.330735
0.737699
1.14039
1.45213
1.61946
1.68554
1.70309
-0.646639
-0.646378
-0.645594
-0.644373
-0.641892
-0.624806
-0.585585
-0.53072
-0.464828
-0.379446
-0.274533
-0.164801
0.0657266
0.466349
0.910405
1.31803
1.6245
1.78407
1.84178
1.85386
-0.645799
-0.645845
-0.645888
-0.645289
-0.645307
-0.633076
-0.590543
-0.531779
-0.46087
-0.370053
-0.262528
-0.149826
0.031912
0.401499
0.776272
1.11127
1.35928
1.48686
1.5295
1.53689
-0.645384
-0.646888
-0.651147
-0.659203
-0.66528
-0.645962
-0.597486
-0.538396
-0.464656
-0.372103
-0.267411
-0.163987
-0.0267727
0.261972
0.544449
0.783603
0.953162
1.034
1.06076
1.06487
-0.648112
-0.64964
-0.650552
-0.647699
-0.644285
-0.630186
-0.599659
-0.551127
-0.477227
-0.384068
-0.285328
-0.190803
-0.0856464
0.118418
0.312873
0.459035
0.553243
0.598066
0.617182
0.623148
-0.681266
-0.680119
-0.6654
-0.620287
-0.571773
-0.578617
-0.603055
-0.571911
-0.495095
-0.39917
-0.307408
-0.227422
-0.146775
0.000853081
0.13451
0.225023
0.279952
0.308892
0.325601
0.332239
-0.741028
-0.737801
-0.732563
-0.71207
-0.693223
-0.686226
-0.684706
-0.614167
-0.517272
-0.414497
-0.329191
-0.260502
-0.198239
-0.084739
0.0197118
0.0949298
0.143964
0.171966
0.186836
0.191587
-0.868421
-0.883283
-0.928009
-0.981077
-0.991215
-0.952115
-0.842729
-0.684016
-0.543562
-0.426487
-0.342264
-0.286061
-0.240225
-0.142772
-0.0506445
0.0198928
0.0731528
0.10511
0.11868
0.121357
-1.00496
-1.03212
-1.08455
-1.12805
-1.1367
-1.0881
-0.933936
-0.726615
-0.554811
-0.427227
-0.34308
-0.295678
-0.25711
-0.172898
-0.0915788
-0.0299625
0.0181388
0.0461482
0.0565838
0.057669
-0.991542
-1.01143
-1.04945
-1.08261
-1.08876
-1.03668
-0.878307
-0.685619
-0.524924
-0.404852
-0.328334
-0.284694
-0.246287
-0.183097
-0.117298
-0.0665974
-0.0260403
-0.00327998
0.0053044
0.00505778
-0.772947
-0.793793
-0.830762
-0.869389
-0.88273
-0.834396
-0.702141
-0.564818
-0.447359
-0.356962
-0.29515
-0.255367
-0.220969
-0.174477
-0.12899
-0.090523
-0.0615344
-0.044254
-0.0385819
-0.038976
-0.423217
-0.438008
-0.466595
-0.502022
-0.526637
-0.516177
-0.467205
-0.404425
-0.345199
-0.293048
-0.250348
-0.217498
-0.192508
-0.164722
-0.133867
-0.107239
-0.0871603
-0.0760491
-0.0727335
-0.0740461
-0.100749
-0.108509
-0.127421
-0.158945
-0.195822
-0.224678
-0.243187
-0.248781
-0.242121
-0.223928
-0.202438
-0.181463
-0.166087
-0.151926
-0.135039
-0.120246
-0.10894
-0.103497
-0.102505
-0.104046
0.0895151
0.0853641
0.0722277
0.0447884
0.0012346
-0.0516361
-0.0988505
-0.13475
-0.156253
-0.163199
-0.157809
-0.147647
-0.140796
-0.139305
-0.136193
-0.133113
-0.132069
-0.133125
-0.134394
-0.135535
0.156853
0.15429
0.144589
0.12197
0.083549
0.0340431
-0.0179987
-0.0636581
-0.0971504
-0.116243
-0.120849
-0.118079
-0.118333
-0.125337
-0.133748
-0.142513
-0.150353
-0.157442
-0.160292
-0.160876
0.157856
0.156132
0.149205
0.132571
0.103481
0.0643471
0.0202184
-0.0222213
-0.0581485
-0.0833344
-0.0940654
-0.0949413
-0.0972383
-0.112495
-0.129715
-0.14503
-0.158088
-0.166834
-0.169699
-0.169957
0.133605
0.132511
0.127843
0.116393
0.0959233
0.0672332
0.0324726
-0.0033962
-0.0366871
-0.0635218
-0.0787848
-0.0831532
-0.0869889
-0.105571
-0.125072
-0.141062
-0.15342
-0.160519
-0.162567
-0.162836
0.10377
0.103148
0.10012
0.0924836
0.0784568
0.0580067
0.0318204
0.00284274
-0.0268407
-0.0544342
-0.0756028
-0.0885754
-0.0981118
-0.112575
-0.125448
-0.135673
-0.143557
-0.147222
-0.148183
-0.14851
0.0758436
0.0754235
0.0736295
0.06864
0.0592096
0.0448708
0.02559
0.00278244
-0.0230477
-0.05151
-0.0807976
-0.109185
-0.125706
-0.128895
-0.129211
-0.131762
-0.133332
-0.133982
-0.134122
-0.134422
0.0524782
0.0522311
0.0510685
0.0478943
0.0416483
0.0317492
0.0177977
0.000163211
-0.0215917
-0.0492639
-0.0847182
-0.126131
-0.147753
-0.137613
-0.128341
-0.123261
-0.122335
-0.12189
-0.121562
-0.121628
0.0335838
0.0334831
0.0328039
0.0309323
0.027059
0.0205637
0.011015
-0.00181242
-0.0187796
-0.0428033
-0.0775322
-0.12023
-0.137005
-0.121658
-0.1099
-0.105811
-0.105093
-0.104871
-0.104427
-0.104267
0.018748
0.0187218
0.0183916
0.0174221
0.0153203
0.0115957
0.00582393
-0.00225269
-0.013504
-0.0303395
-0.0556061
-0.0845082
-0.0906902
-0.0817357
-0.0754413
-0.0752732
-0.0766652
-0.0772405
-0.0768972
-0.0766125
0.00714619
0.00723538
0.00717949
0.00695127
0.00646492
0.00538999
0.00346145
0.000534371
-0.00363936
-0.00970015
-0.0186873
-0.0310362
-0.0372017
-0.0328653
-0.0309
-0.0322241
-0.03524
-0.0367256
-0.0367292
-0.0362056
-0.669014
-0.161218
0.148325
0.358135
0.518157
0.639113
0.736182
0.820412
0.921999
0.914672
0.0558746
0.209915
0.369595
0.504208
0.614567
0.703735
0.776962
0.831796
0.854015
0.86043
0.323034
0.422816
0.527702
0.619334
0.697076
0.761706
0.81291
0.848982
0.872368
0.889591
0.506987
0.575369
0.647947
0.713418
0.769824
0.817095
0.855113
0.884682
0.908021
0.926696
0.64532
0.69541
0.747248
0.795974
0.838739
0.875479
0.906401
0.932146
0.953281
0.971709
0.757296
0.794029
0.835796
0.87388
0.908596
0.939407
0.966203
0.989012
1.00733
1.02532
0.853895
0.884112
0.919394
0.95236
0.982993
1.01079
1.03522
1.05585
1.07159
1.08928
0.942932
0.971476
1.00476
1.03631
1.06575
1.09244
1.11568
1.13475
1.1483
1.16584
1.03306
1.06423
1.09909
1.13174
1.16149
1.18787
1.21029
1.22804
1.23999
1.25767
1.13645
1.17265
1.21016
1.24429
1.27414
1.29966
1.32074
1.33707
1.34832
1.36651
1.26524
1.30517
1.34274
1.37556
1.40331
1.42674
1.44623
1.46157
1.47338
1.49181
1.42603
1.4628
1.49423
1.5207
1.54343
1.56388
1.5824
1.59847
1.61254
1.63053
1.60999
1.63526
1.65512
1.67374
1.69156
1.70831
1.72401
1.74003
1.75724
1.77633
1.79574
1.80743
1.8209
1.83577
1.84954
1.86159
1.87239
1.88382
1.89814
1.91672
1.97899
1.99351
1.99866
1.99922
2.00104
2.00838
2.02226
2.04021
2.05282
2.06633
2.25144
2.19708
2.14988
2.11839
2.10528
2.10986
2.13312
2.17783
2.24518
2.34068
0.722775
0.718094
0.710702
0.698817
0.685843
0.674383
0.665276
0.658495
0.654023
0.65214
0.653406
0.657439
0.663655
0.672001
0.682592
0.695208
0.708283
0.718176
0.72415
0.727552
0.644773
0.651859
0.657842
0.662063
0.663353
0.661602
0.658011
0.654158
0.651161
0.649865
0.650984
0.654075
0.658238
0.66259
0.665798
0.66634
0.663648
0.658524
0.651681
0.645815
0.635583
0.63859
0.64185
0.644349
0.646371
0.647839
0.648207
0.647496
0.646448
0.646022
0.646923
0.648705
0.650404
0.651149
0.650545
0.649001
0.64697
0.644197
0.640925
0.638587
0.629857
0.631313
0.633551
0.635799
0.637461
0.638686
0.639696
0.640393
0.640738
0.641102
0.641836
0.64261
0.642919
0.642636
0.64196
0.640874
0.639141
0.636923
0.635146
0.634061
0.624562
0.625384
0.626855
0.628662
0.630417
0.631875
0.633017
0.634011
0.634921
0.635758
0.636469
0.636855
0.636858
0.636518
0.635758
0.634516
0.632991
0.631469
0.630457
0.629798
0.619505
0.620063
0.621144
0.622567
0.624102
0.625632
0.627037
0.628265
0.629402
0.630482
0.6313
0.631691
0.631671
0.631219
0.630372
0.629301
0.628154
0.627096
0.626416
0.625953
0.614596
0.615014
0.615881
0.617095
0.618436
0.61987
0.621353
0.622801
0.624168
0.625461
0.626458
0.626949
0.62694
0.626515
0.625829
0.62502
0.62416
0.623379
0.622882
0.622529
0.609777
0.610106
0.610822
0.61189
0.613138
0.614502
0.615975
0.617539
0.619132
0.620684
0.621906
0.622548
0.622673
0.622439
0.621985
0.621395
0.620757
0.620191
0.619824
0.619541
0.604964
0.605231
0.605842
0.606812
0.608002
0.609335
0.610826
0.612478
0.614266
0.616107
0.617619
0.618513
0.618888
0.618902
0.618681
0.618314
0.617878
0.617487
0.617216
0.616982
0.600066
0.600289
0.600826
0.601736
0.602893
0.604234
0.605782
0.607556
0.609555
0.611716
0.6136
0.614847
0.615541
0.615834
0.61586
0.615726
0.615485
0.615246
0.61505
0.614851
0.594991
0.595181
0.59567
0.59655
0.597711
0.5991
0.600747
0.602694
0.60496
0.607506
0.609852
0.611533
0.612601
0.613214
0.613515
0.613615
0.613572
0.613473
0.613339
0.613163
0.589648
0.589813
0.590274
0.591155
0.592361
0.593842
0.595636
0.597817
0.600426
0.603454
0.606362
0.608558
0.610063
0.611044
0.611654
0.611997
0.612169
0.612198
0.612114
0.611955
0.583938
0.584085
0.584536
0.585447
0.586739
0.588359
0.590362
0.59285
0.595894
0.599523
0.60311
0.605921
0.607939
0.609341
0.6103
0.61094
0.611322
0.611471
0.611431
0.611282
0.577749
0.577881
0.578339
0.57931
0.580731
0.582546
0.58483
0.587713
0.591306
0.595672
0.600081
0.603628
0.606254
0.608147
0.609504
0.61047
0.611088
0.61136
0.611359
0.611215
0.570947
0.57107
0.571548
0.57261
0.574209
0.576283
0.578931
0.582315
0.586593
0.591862
0.597265
0.601689
0.605035
0.607509
0.609327
0.610665
0.611546
0.611946
0.61198
0.611838
0.563382
0.56349
0.564
0.565188
0.56702
0.569426
0.572537
0.576555
0.581679
0.588051
0.594651
0.600122
0.604317
0.607476
0.609847
0.611618
0.612792
0.613324
0.613391
0.613246
0.554822
0.554939
0.555493
0.55685
0.558967
0.561797
0.565499
0.57031
0.576482
0.584197
0.592235
0.59895
0.604149
0.608112
0.611147
0.613422
0.614924
0.615597
0.615693
0.615542
0.544992
0.545116
0.545762
0.547321
0.549814
0.553193
0.55764
0.563443
0.57091
0.580261
0.590022
0.598207
0.604589
0.609499
0.613308
0.616169
0.618045
0.618866
0.618988
0.618827
0.533578
0.533704
0.534468
0.536299
0.539272
0.543352
0.548741
0.555793
0.564869
0.576212
0.588025
0.597933
0.605696
0.611717
0.616415
0.619966
0.622254
0.623224
0.623367
0.623192
0.520084
0.520227
0.521152
0.523346
0.526943
0.531931
0.538537
0.547179
0.55826
0.572022
0.586266
0.598183
0.607527
0.614829
0.62057
0.624898
0.627626
0.62874
0.628895
0.628703
0.503848
0.50403
0.505188
0.507874
0.512306
0.518505
0.526712
0.537404
0.550999
0.567692
0.584788
0.599007
0.610154
0.618905
0.625818
0.631017
0.6342
0.635438
0.635591
0.63538
0.483916
0.484177
0.485686
0.489073
0.494671
0.502539
0.512908
0.526287
0.543047
0.56327
0.583664
0.600478
0.613634
0.623999
0.632191
0.638333
0.641948
0.643272
0.643406
0.643175
0.458844
0.459253
0.461321
0.465781
0.473116
0.483392
0.496772
0.513717
0.534452
0.558877
0.583016
0.602684
0.618014
0.630134
0.6397
0.646783
0.650756
0.652102
0.652196
0.651946
0.42629
0.427
0.430042
0.436343
0.446481
0.460401
0.478065
0.499736
0.525395
0.554718
0.583006
0.605722
0.623338
0.637275
0.64828
0.656212
0.660393
0.661671
0.661704
0.66144
0.382074
0.383502
0.388626
0.39857
0.413604
0.433173
0.456886
0.484667
0.516241
0.5511
0.583837
0.6097
0.629642
0.645392
0.657781
0.666352
0.670493
0.671596
0.671553
0.671285
0.318407
0.322854
0.333578
0.350783
0.374148
0.402169
0.433944
0.469194
0.507543
0.548394
0.585709
0.614702
0.636892
0.65434
0.667853
0.676719
0.680528
0.681331
0.681215
0.680962
0.242568
0.250907
0.270537
0.298424
0.332428
0.369926
0.410318
0.453491
0.49913
0.54667
0.589386
0.622235
0.647244
0.666691
0.681392
0.690277
0.69367
0.694275
0.694202
0.694067
0.166552
0.180347
0.209173
0.247573
0.291743
0.338618
0.38765
0.438815
0.491827
0.546146
0.594359
0.631096
0.658859
0.680384
0.69608
0.704427
0.707051
0.707425
0.707386
0.707331
0.103539
0.120999
0.155595
0.201912
0.25436
0.309474
0.366476
0.425215
0.485305
0.546139
0.599551
0.639895
0.67013
0.693169
0.709181
0.717182
0.719539
0.719918
0.719942
0.719927
0.0517443
0.0713282
0.110392
0.162549
0.221437
0.283345
0.347235
0.412788
0.479443
0.54644
0.604797
0.648532
0.681046
0.70551
0.722113
0.730019
0.732177
0.732593
0.732669
0.732684
0.00841076
0.0292324
0.0716488
0.128438
0.192656
0.26025
0.330062
0.401651
0.474291
0.547055
0.610142
0.657164
0.691929
0.717888
0.735124
0.743008
0.745331
0.745812
0.745923
0.745973
-0.0288388
-0.0072323
0.0378471
0.0983986
0.16711
0.23962
0.314637
0.391634
0.469765
0.547949
0.615569
0.665797
0.702784
0.7302
0.74823
0.756572
0.759052
0.759542
0.759652
0.759717
-0.0616807
-0.039532
0.0077096
0.0714298
0.143967
0.220781
0.300466
0.382396
0.46563
0.548934
0.620913
0.674267
0.713468
0.742408
0.761317
0.770121
0.772813
0.773335
0.773424
0.773494
-0.0913556
-0.0688131
-0.0197382
0.046702
0.122567
0.203191
0.287083
0.373546
0.46155
0.549746
0.625958
0.682378
0.723731
0.754134
0.773876
0.783278
0.786117
0.786676
0.786736
0.786802
-0.118856
-0.095909
-0.045254
0.0235809
0.102399
0.186417
0.274111
0.36475
0.457256
0.550167
0.63052
0.689943
0.733386
0.765196
0.785761
0.795657
0.798716
0.799252
0.799273
0.799329
-0.144714
-0.121354
-0.0692696
0.00159188
0.0830772
0.170138
0.261283
0.355786
0.452545
0.550008
0.634451
0.696846
0.742327
0.775457
0.796762
0.807004
0.810229
0.810765
0.810753
0.810786
-0.169389
-0.145561
-0.0923287
-0.0195421
0.0643253
0.154121
0.248413
0.34648
0.447241
0.549134
0.637657
0.703047
0.75053
0.784889
0.806778
0.817233
0.820537
0.821071
0.821022
0.821026
-0.193174
-0.16887
-0.11465
-0.0400202
0.0459599
0.138214
0.235357
0.336711
0.441244
0.547438
0.640076
0.708533
0.75802
0.793485
0.815814
0.826364
0.829661
0.830135
0.830077
0.830056
-0.216261
-0.191473
-0.136224
-0.0599935
0.0278656
0.122321
0.222043
0.326415
0.434487
0.544841
0.641641
0.713311
0.76489
0.80142
0.824026
0.834498
0.837692
0.838135
0.838037
0.837997
-0.238755
-0.213477
-0.157171
-0.0795501
0.00998829
0.106413
0.20845
0.315562
0.426916
0.541278
0.642296
0.717394
0.771256
0.808853
0.831562
0.841804
0.844792
0.845152
0.845027
0.844969
-0.260669
-0.234923
-0.177622
-0.0987228
-0.00768462
0.0904808
0.194579
0.304159
0.418522
0.536703
0.641975
0.720777
0.777226
0.81599
0.838641
0.848402
0.851069
0.851308
0.851153
0.851078
-0.282036
-0.255807
-0.197568
-0.117506
-0.0251405
0.0745504
0.180469
0.292243
0.40934
0.531091
0.640615
0.723421
0.782874
0.823063
0.845543
0.854498
0.856602
0.856661
0.856487
0.856407
-0.30281
-0.276101
-0.216971
-0.135881
-0.0423507
0.0586793
0.166182
0.279879
0.399415
0.524442
0.638132
0.725233
0.788204
0.830291
0.852691
0.860488
0.861615
0.861322
0.861131
0.861075
-0.323003
-0.295767
-0.235841
-0.153808
-0.0592595
0.0429232
0.151796
0.267155
0.388808
0.516794
0.63446
0.726076
0.793122
0.837801
0.860604
0.867125
0.866636
0.865466
0.865211
0.865305
-0.342531
-0.314817
-0.254137
-0.171255
-0.075822
0.0273548
0.137381
0.254139
0.37762
0.50821
0.629546
0.725773
0.797422
0.845475
0.869669
0.875535
0.873027
0.87002
0.86881
0.868922
-0.361467
-0.333235
-0.271813
-0.188179
-0.0919709
0.0120552
0.123053
0.240962
0.365967
0.49877
0.623374
0.724128
0.800793
0.852868
0.879682
0.886616
0.883336
0.877394
0.871171
0.855456
-0.379744
-0.351021
-0.289009
-0.204782
-0.107996
-0.00329228
0.108412
0.227184
0.353361
0.487989
0.615449
0.720628
0.802991
0.859675
0.89005
0.900277
0.898474
0.890306
0.877371
0.893228
-0.397459
-0.36811
-0.305683
-0.221038
-0.123833
-0.0186381
0.0934561
0.212825
0.339784
0.475747
0.605536
0.714574
0.803242
0.864814
0.897748
0.9111
0.911581
0.899772
0.841717
0.829941
-0.415228
-0.38496
-0.321576
-0.236653
-0.138943
-0.0335631
0.0783869
0.198151
0.325526
0.462238
0.593624
0.70541
0.800524
0.86731
0.898031
0.910651
0.902211
0.862926
0.796566
0.757353
-0.434354
-0.403123
-0.336228
-0.251274
-0.152732
-0.0478066
0.0636316
0.183383
0.310716
0.447501
0.579588
0.692853
0.792428
0.865537
0.907959
0.884583
0.852348
0.785474
0.713245
0.670261
-0.00802377
0.108343
0.231465
0.362791
0.49846
0.622512
0.726697
0.554281
-0.451705
-0.435963
-0.397006
-0.325123
-0.233886
-0.133793
-0.0256077
0.0896325
0.211977
0.342138
0.476758
0.600276
0.703012
0.786726
0.83763
0.783083
0.640352
0.550069
0.479283
-0.470778
-0.458035
-0.413571
-0.340496
-0.248824
-0.148434
-0.0407014
0.0740605
0.195568
0.324409
0.456917
0.577273
0.674225
0.743137
0.739572
0.628439
0.481526
0.374401
0.284783
-0.493104
-0.480772
-0.433491
-0.35937
-0.267741
-0.167063
-0.0592896
0.0551461
0.175713
0.302954
0.432387
0.547574
0.633616
0.684146
0.642579
0.477971
0.313183
0.180734
0.0638485
-0.515567
-0.503191
-0.454391
-0.378995
-0.287102
-0.186463
-0.0790064
0.0346865
0.15401
0.279163
0.404925
0.513949
0.592139
0.614513
0.524282
0.330791
0.136749
-0.0365929
-0.200259
-0.537485
-0.525461
-0.475901
-0.399479
-0.307222
-0.206625
-0.099634
0.0131523
0.131032
0.253717
0.375245
0.477274
0.54557
0.529119
0.395237
0.192961
-0.0223976
-0.218263
-0.400132
-0.559964
-0.548188
-0.498306
-0.421253
-0.328709
-0.228092
-0.121499
-0.00957668
0.106778
0.226809
0.343816
0.437925
0.491712
0.452584
0.276269
0.0762534
-0.135726
-0.32842
-0.44556
-0.515009
-0.583765
-0.572135
-0.521973
-0.44459
-0.35196
-0.251436
-0.14532
-0.0343937
0.0801839
0.197123
0.309024
0.394709
0.431989
0.366549
0.168862
-0.0238731
-0.208732
-0.346264
-0.39059
-0.414266
-0.609072
-0.597535
-0.54717
-0.469605
-0.377049
-0.276833
-0.171389
-0.0617423
0.0506849
0.163978
0.270039
0.346904
0.362601
0.258962
0.0720006
-0.106732
-0.262847
-0.344983
-0.365554
-0.370465
-0.636138
-0.624577
-0.574005
-0.496317
-0.403965
-0.304237
-0.199725
-0.0916587
0.0182297
0.127359
0.226769
0.294523
0.281338
0.155658
-0.0177022
-0.184859
-0.306496
-0.351148
-0.350434
-0.351373
-0.664877
-0.653402
-0.602507
-0.524734
-0.432704
-0.33365
-0.230325
-0.124144
-0.0171891
0.0872924
0.179416
0.236437
0.205279
0.0584518
-0.100184
-0.254975
-0.322027
-0.3391
-0.340598
-0.340299
-0.695148
-0.683686
-0.632569
-0.554773
-0.46318
-0.365019
-0.263136
-0.159176
-0.0555442
0.0438455
0.128304
0.172968
0.136586
-0.0256825
-0.174549
-0.292157
-0.341034
-0.333821
-0.333674
-0.333737
-0.726458
-0.714915
-0.66393
-0.586187
-0.495202
-0.398165
-0.298017
-0.196624
-0.0966878
-0.00266758
0.0736982
0.108593
0.0565579
-0.100044
-0.234382
-0.31533
-0.332637
-0.330065
-0.329665
-0.329328
-0.758305
-0.746662
-0.695971
-0.618557
-0.528397
-0.432755
-0.334668
-0.2362
-0.140359
-0.0518221
0.0163348
0.0401385
-0.0289588
-0.163192
-0.279781
-0.303715
-0.320096
-0.32568
-0.326488
-0.32645
-0.789706
-0.778033
-0.727838
-0.651212
-0.562197
-0.468291
-0.372628
-0.27744
-0.186059
-0.103201
-0.0419228
-0.0333794
-0.103912
-0.21878
-0.297618
-0.343711
-0.329785
-0.326595
-0.325525
-0.325282
-0.818823
-0.807948
-0.758618
-0.683115
-0.595774
-0.504039
-0.41123
-0.319688
-0.233025
-0.156156
-0.0994761
-0.100298
-0.170665
-0.267056
-0.325463
-0.333536
-0.329136
-0.325633
-0.324372
-0.323988
-0.844826
-0.834259
-0.786941
-0.713033
-0.628022
-0.53901
-0.449581
-0.362096
-0.280282
-0.209471
-0.156997
-0.158938
-0.22798
-0.304137
-0.349818
-0.342044
-0.335069
-0.328347
-0.325396
-0.32467
-0.86514
-0.855226
-0.810341
-0.739545
-0.657575
-0.57203
-0.486567
-0.403622
-0.326768
-0.261712
-0.214529
-0.211846
-0.267883
-0.327276
-0.37109
-0.36974
-0.34973
-0.339995
-0.336253
-0.334495
-0.877712
-0.868843
-0.827242
-0.760443
-0.682756
-0.601685
-0.520961
-0.443029
-0.371376
-0.311675
-0.268964
-0.259372
-0.291874
-0.306897
-0.315047
-0.333722
-0.349118
-0.356298
-0.355287
-0.353951
-0.879953
-0.872667
-0.835475
-0.773984
-0.701768
-0.626421
-0.551358
-0.479037
-0.41294
-0.358154
-0.317954
-0.301574
-0.315126
-0.275643
-0.28117
-0.315622
-0.338638
-0.34606
-0.349428
-0.351199
-0.870001
-0.864133
-0.832764
-0.778272
-0.713141
-0.644742
-0.57638
-0.510369
-0.450114
-0.400291
-0.363495
-0.34212
-0.36312
-0.352733
-0.349751
-0.358994
-0.363399
-0.36352
-0.363947
-0.364247
-0.844474
-0.840326
-0.816477
-0.771869
-0.715838
-0.655676
-0.594917
-0.535704
-0.4814
-0.437087
-0.404566
-0.384419
-0.421199
-0.527183
-0.550616
-0.468786
-0.414194
-0.389842
-0.380856
-0.377632
-0.806745
-0.804155
-0.788584
-0.755015
-0.709925
-0.659123
-0.606466
-0.55411
-0.50539
-0.465728
-0.441289
-0.421637
-0.421511
-0.483497
-0.526767
-0.443695
-0.372468
-0.344424
-0.335793
-0.332532
-0.763534
-0.761897
-0.75413
-0.731543
-0.697619
-0.65622
-0.61146
-0.565285
-0.521128
-0.483618
-0.459371
-0.415179
-0.317532
-0.179837
-0.123481
-0.158816
-0.20239
-0.234391
-0.246287
-0.248402
-0.724778
-0.723718
-0.720109
-0.707583
-0.682854
-0.649598
-0.611351
-0.570167
-0.528083
-0.489913
-0.461001
-0.408638
-0.291861
-0.117962
0.0695323
0.0461633
-0.0983846
-0.213444
-0.26332
-0.281509
-0.69684
-0.696242
-0.693861
-0.687567
-0.670078
-0.642789
-0.608814
-0.570274
-0.528795
-0.486925
-0.453076
-0.423376
-0.431563
-0.581281
-0.887711
-1.18056
-1.34334
-1.33825
-1.20859
-1.08835
-0.676319
-0.675862
-0.674942
-0.672525
-0.661508
-0.638389
-0.606172
-0.567828
-0.524592
-0.476538
-0.435427
-0.39683
-0.51337
-0.811998
-1.24452
-1.55497
-1.57693
-1.43485
-1.24922
-1.1045
-0.66389
-0.663776
-0.663433
-0.662053
-0.656326
-0.636327
-0.604324
-0.564217
-0.516468
-0.462317
-0.403582
-0.363804
-0.344373
-0.401938
-0.443452
-0.478025
-0.401306
-0.225236
-0.0747381
0.0225261
-0.654964
-0.654987
-0.65479
-0.654571
-0.651702
-0.635506
-0.603727
-0.560472
-0.508947
-0.447112
-0.371766
-0.302087
-0.188255
0.0168622
0.316564
0.630836
0.940813
1.16728
1.27756
1.32037
-0.648644
-0.648644
-0.648335
-0.647717
-0.645754
-0.63557
-0.60507
-0.55908
-0.502206
-0.430837
-0.342225
-0.239087
-0.0900352
0.215785
0.6587
1.09654
1.47719
1.72107
1.82704
1.85881
-0.645739
-0.645642
-0.645156
-0.643925
-0.642585
-0.638356
-0.610423
-0.560828
-0.497589
-0.420949
-0.322797
-0.20779
-0.0686917
0.241523
0.661769
1.06244
1.39893
1.61111
1.7032
1.72754
-0.645799
-0.646275
-0.647579
-0.650293
-0.65353
-0.65134
-0.61991
-0.56576
-0.500087
-0.41906
-0.31815
-0.207057
-0.0988039
0.158804
0.505391
0.814246
1.0711
1.2273
1.29036
1.30564
-0.643492
-0.644864
-0.647554
-0.654585
-0.664379
-0.660031
-0.624666
-0.573409
-0.509821
-0.425223
-0.327128
-0.224974
-0.131861
0.0575179
0.313874
0.527303
0.688643
0.78083
0.818691
0.829677
-0.65987
-0.660851
-0.659377
-0.644049
-0.617026
-0.59967
-0.604039
-0.584983
-0.526282
-0.439722
-0.344621
-0.250399
-0.170894
-0.0351904
0.13954
0.275976
0.3669
0.416278
0.440884
0.452692
-0.707401
-0.706274
-0.698733
-0.666437
-0.613115
-0.587559
-0.617031
-0.616131
-0.550485
-0.456574
-0.362016
-0.279981
-0.215704
-0.112947
0.0176315
0.115092
0.178837
0.214839
0.235859
0.246505
-0.796856
-0.79237
-0.805665
-0.830552
-0.85215
-0.83452
-0.803443
-0.707873
-0.588188
-0.474285
-0.375939
-0.302976
-0.252219
-0.17132
-0.0665715
0.0191745
0.0810419
0.121487
0.143288
0.151397
-0.950475
-0.954168
-0.995283
-1.05818
-1.09215
-1.07351
-0.991465
-0.805347
-0.628508
-0.486207
-0.382079
-0.318053
-0.277495
-0.208495
-0.114912
-0.0373733
0.0211386
0.0634775
0.0836244
0.0898628
-1.02129
-1.03229
-1.06902
-1.11121
-1.13659
-1.11702
-1.02227
-0.819049
-0.625861
-0.477324
-0.374532
-0.314352
-0.276485
-0.218508
-0.140351
-0.0768933
-0.0263643
0.00948439
0.0259079
0.0299116
-0.903304
-0.912245
-0.943637
-0.981882
-1.00751
-0.991961
-0.887013
-0.713127
-0.557428
-0.432785
-0.344843
-0.290844
-0.255981
-0.208709
-0.150235
-0.100885
-0.0608372
-0.0329766
-0.0200526
-0.0165673
-0.601349
-0.612884
-0.639878
-0.679396
-0.711228
-0.708038
-0.639186
-0.53754
-0.439403
-0.360217
-0.298083
-0.253941
-0.222985
-0.189152
-0.150178
-0.115207
-0.0866362
-0.0669412
-0.0580875
-0.0568031
-0.246307
-0.253072
-0.27019
-0.299373
-0.334034
-0.35498
-0.354638
-0.337013
-0.308294
-0.27588
-0.241705
-0.21233
-0.188259
-0.170483
-0.146234
-0.123511
-0.105053
-0.0929001
-0.0879946
-0.088255
0.0140456
0.0107061
0.000932959
-0.0212257
-0.0576975
-0.103429
-0.144232
-0.174613
-0.192945
-0.195679
-0.186468
-0.171545
-0.157749
-0.150794
-0.14078
-0.13125
-0.123432
-0.118979
-0.118023
-0.119002
0.136
0.133948
0.127602
0.109922
0.0762315
0.0273956
-0.0269374
-0.0755256
-0.111302
-0.132728
-0.139379
-0.135189
-0.129316
-0.131327
-0.133543
-0.137077
-0.140181
-0.144415
-0.148093
-0.149324
0.163065
0.16186
0.157399
0.144062
0.117304
0.0770629
0.0298308
-0.0179563
-0.0590051
-0.0886675
-0.103657
-0.106282
-0.104725
-0.112142
-0.125464
-0.137981
-0.150534
-0.160736
-0.166543
-0.167577
0.147522
0.14687
0.143828
0.134492
0.115377
0.0857887
0.0487307
0.00851866
-0.028936
-0.0600532
-0.0801003
-0.0869963
-0.0869924
-0.097819
-0.117905
-0.135916
-0.150969
-0.1618
-0.167013
-0.167796
0.11884
0.118559
0.116575
0.110325
0.0972565
0.0764203
0.048924
0.016981
-0.0154057
-0.0451186
-0.0681036
-0.080872
-0.0855115
-0.0975203
-0.116173
-0.131555
-0.143832
-0.152108
-0.155342
-0.155902
0.0892664
0.0892277
0.0880148
0.0839932
0.0752715
0.0608801
0.0409734
0.0165017
-0.0104946
-0.0384273
-0.0656532
-0.0887227
-0.104952
-0.116187
-0.124387
-0.130699
-0.136226
-0.139542
-0.140612
-0.14097
0.0635119
0.063524
0.0627675
0.0601894
0.0544707
0.044672
0.0304808
0.0120583
-0.00995436
-0.0357347
-0.0664305
-0.102149
-0.132466
-0.138694
-0.13218
-0.128884
-0.128001
-0.128168
-0.127989
-0.12804
0.0423925
0.0424728
0.0419975
0.040419
0.0368136
0.0303117
0.0204743
0.00705748
-0.0101237
-0.032555
-0.0631879
-0.104278
-0.142634
-0.141882
-0.126806
-0.117756
-0.115183
-0.114643
-0.114159
-0.113902
0.025602
0.0256903
0.0254469
0.0245937
0.0225333
0.0185955
0.0123168
0.00333655
-0.00880408
-0.0253215
-0.0512058
-0.0866787
-0.116458
-0.11037
-0.0986938
-0.0923007
-0.0920674
-0.0926503
-0.0924746
-0.0920595
0.0125097
0.012603
0.0125375
0.0122156
0.0112312
0.00928787
0.00600555
0.00118634
-0.00563249
-0.015897
-0.0308868
-0.0514249
-0.0638303
-0.0577199
-0.0538258
-0.0545984
-0.0566402
-0.0584629
-0.0586318
-0.058199
0.00721385
0.00721826
0.00710243
0.00674954
0.00602126
0.00454953
0.00213387
-0.00140331
-0.00629536
-0.0137144
-0.0247008
-0.0361746
-0.035808
-0.0318572
-0.0311185
-0.0338259
-0.0361273
-0.0368589
-0.036514
-0.0123517
-0.374408
-0.0468871
0.170823
0.356538
0.505573
0.623307
0.716713
0.796244
0.852438
0.847414
0.106761
0.258851
0.393355
0.512481
0.613452
0.697364
0.766159
0.819038
0.851394
0.864833
0.364315
0.459292
0.548872
0.631406
0.702775
0.763233
0.812648
0.850345
0.877903
0.896736
0.539364
0.602861
0.668833
0.728565
0.781042
0.826043
0.86366
0.894199
0.919268
0.93691
0.673246
0.718996
0.769811
0.814396
0.854894
0.890641
0.92159
0.947915
0.970081
0.98529
0.782675
0.819911
0.859055
0.895654
0.929327
0.959995
0.987264
1.01081
1.03044
1.04306
0.878673
0.911123
0.944591
0.977641
1.00854
1.03702
1.0625
1.08434
1.10189
1.11233
0.968791
1.00029
1.03338
1.06656
1.09734
1.12543
1.15021
1.17096
1.18676
1.19573
1.06301
1.09811
1.13398
1.16932
1.20112
1.22919
1.25321
1.27277
1.28714
1.29588
1.17542
1.2161
1.25483
1.29136
1.32298
1.34985
1.37229
1.3903
1.40372
1.41379
1.31888
1.3619
1.39931
1.43241
1.46018
1.48382
1.50436
1.52165
1.53555
1.54774
1.49661
1.53359
1.56162
1.58557
1.60658
1.62588
1.64406
1.6611
1.67725
1.69258
1.69391
1.71329
1.72897
1.7451
1.76168
1.77709
1.79069
1.8038
1.81929
1.83717
1.88287
1.89061
1.90247
1.91413
1.92399
1.93315
1.94338
1.9547
1.96602
1.97331
2.10169
2.09995
2.09186
2.07486
2.06346
2.06284
2.075
2.09983
2.13351
2.1611
2.51022
2.3234
2.22184
2.16441
2.13536
2.12871
2.14398
2.18461
2.26037
2.40666
-0.422004
-0.423363
-0.383004
-0.310039
-0.218086
-0.117084
0.823355
0.883123
0.868868
0.787275
0.709928
0.634939
0.410207
0.194115
-0.0660459
-0.410826
-0.762235
)
;

boundaryField
{
    wall-4
    {
        type            zeroGradient;
    }
    pressure-outlet-7
    {
        type            fixedValue;
        value           uniform 0;
    }
    velocity-inlet-6
    {
        type            zeroGradient;
    }
    velocity-inlet-5
    {
        type            zeroGradient;
    }
    frontAndBackPlanes
    {
        type            empty;
    }
}


// ************************************************************************* //
