0.490941 	0.00611418 	3.00277 	0
0.561075 	0.00611418 	3.00277 	0
0.63121 	0.00611418 	3.00277 	0
0.701344 	0.00611418 	3.00277 	0
0.771478 	0.00611418 	3.00277 	0
0.841613 	0.00611418 	3.00277 	0
0.911747 	0.00611418 	3.00277 	0
0.981881 	0.00611418 	3.00277 	0
1.05202 	0.00611418 	3.00277 	0
1.12215 	0.00611418 	3.00277 	0
1.19228 	0.00611418 	3.00277 	0
1.26242 	0.0115052 	3.00804 	0
1.33255 	0.0115052 	3.00804 	0
1.40269 	0.0115052 	3.00804 	0
1.47282 	0.0115052 	3.00804 	0
1.54296 	0.0115052 	3.00804 	0
1.61309 	0.0115052 	3.00804 	0
1.68323 	0.0115052 	3.00804 	0
1.75336 	0.0115052 	3.00804 	0
1.82349 	0.0149055 	3.02372 	4.02218e-19
1.89363 	0.0149055 	3.02372 	4.02218e-19
1.96376 	0.0149055 	3.02372 	4.02218e-19
2.0339 	0.0149055 	3.02372 	4.02218e-19
2.10403 	0.0149055 	3.02372 	4.02218e-19
2.17417 	0.0149055 	3.02372 	4.02218e-19
2.2443 	0.0149055 	3.02372 	4.02218e-19
2.31443 	0.0149055 	3.02372 	4.02218e-19
2.38457 	0.0149055 	3.02372 	4.02218e-19
2.4547 	0.0149055 	3.02372 	4.02218e-19
2.52484 	0.0149055 	3.02372 	4.02218e-19
2.59497 	0.00742398 	3.03695 	-6.37094e-19
2.66511 	0.00742398 	3.03695 	-6.37094e-19
2.73524 	0.00742398 	3.03695 	-6.37094e-19
2.80538 	0.00742398 	3.03695 	-6.37094e-19
2.87551 	0.00742398 	3.03695 	-6.37094e-19
2.94564 	0.00742398 	3.03695 	-6.37094e-19
3.01578 	0.00742398 	3.03695 	-6.37094e-19
3.08591 	0.00742398 	3.03695 	-6.37094e-19
3.15605 	0.00742398 	3.03695 	-6.37094e-19
3.22618 	0.00742398 	3.03695 	-6.37094e-19
3.29632 	0.0201659 	3.0433 	6.41904e-19
3.36645 	0.0201659 	3.0433 	6.41904e-19
3.43659 	0.0201659 	3.0433 	6.41904e-19
3.50672 	0.0201659 	3.0433 	6.41904e-19
3.57685 	0.0201659 	3.0433 	6.41904e-19
3.64699 	0.0201659 	3.0433 	6.41904e-19
3.71712 	0.0201659 	3.0433 	6.41904e-19
3.78726 	0.0201659 	3.0433 	6.41904e-19
3.85739 	0.0201659 	3.0433 	6.41904e-19
3.92753 	0.0201659 	3.0433 	6.41904e-19
3.99766 	0.0201659 	3.0433 	6.41904e-19
4.06779 	0.00360667 	3.05032 	-1.80673e-20
4.13793 	0.00360667 	3.05032 	-1.80673e-20
4.20806 	0.00360667 	3.05032 	-1.80673e-20
4.2782 	0.00360667 	3.05032 	-1.80673e-20
4.34833 	0.00360667 	3.05032 	-1.80673e-20
4.41847 	0.00360667 	3.05032 	-1.80673e-20
4.4886 	0.0165923 	3.05766 	0
4.55874 	0.0165923 	3.05766 	0
4.62887 	0.0165923 	3.05766 	0
4.699 	0.0165923 	3.05766 	0
4.76914 	0.0165923 	3.05766 	0
4.83927 	0.0165923 	3.05766 	0
4.90941 	0.0165923 	3.05766 	0
4.97954 	0.0165923 	3.05766 	0
5.04968 	0.0165923 	3.05766 	0
5.11981 	0.0165923 	3.05766 	0
5.18994 	0.00571818 	3.06487 	-8.53257e-21
5.26008 	0.00571818 	3.06487 	-8.53257e-21
5.33021 	0.00571818 	3.06487 	-8.53257e-21
5.40035 	0.00571818 	3.06487 	-8.53257e-21
5.47048 	0.00571818 	3.06487 	-8.53257e-21
5.54062 	0.00571818 	3.06487 	-8.53257e-21
5.61075 	0.00571818 	3.06487 	-8.53257e-21
5.68089 	0.0114228 	3.0744 	0
5.75102 	0.0114228 	3.0744 	0
5.82115 	0.0114228 	3.0744 	0
5.89129 	0.0114228 	3.0744 	0
5.96142 	0.0114228 	3.0744 	0
6.03156 	0.0114228 	3.0744 	0
6.10169 	0.0114228 	3.0744 	0
6.17183 	0.0114228 	3.0744 	0
6.24196 	0.0114228 	3.0744 	0
6.3121 	0.00697824 	3.08212 	0
6.38223 	0.00697824 	3.08212 	0
6.45236 	0.00697824 	3.08212 	0
6.5225 	0.00697824 	3.08212 	0
6.59263 	0.00697824 	3.08212 	0
6.66277 	0.00697824 	3.08212 	0
6.7329 	0.00697824 	3.08212 	0
6.80304 	0.00697824 	3.08212 	0
6.87317 	0.00634746 	3.09173 	2.85462e-19
6.9433 	0.00634746 	3.09173 	2.85462e-19
7.01344 	0.00634746 	3.09173 	2.85462e-19
7.08357 	0.00634746 	3.09173 	2.85462e-19
7.15371 	0.00634746 	3.09173 	2.85462e-19
7.22384 	0.00634746 	3.09173 	2.85462e-19
7.29398 	0.00634746 	3.09173 	2.85462e-19
7.36411 	0.00634746 	3.09173 	2.85462e-19
7.43425 	0.00634746 	3.09173 	2.85462e-19
7.50438 	0.00844165 	3.09941 	-2.12101e-18
7.57451 	0.00844165 	3.09941 	-2.12101e-18
7.64465 	0.00844165 	3.09941 	-2.12101e-18
7.71478 	0.00844165 	3.09941 	-2.12101e-18
7.78492 	0.00844165 	3.09941 	-2.12101e-18
7.85505 	0.00844165 	3.09941 	-2.12101e-18
7.92519 	0.00844165 	3.09941 	-2.12101e-18
7.99532 	0.00844165 	3.09941 	-2.12101e-18
8.06545 	0.00155488 	3.10529 	2.13709e-18
8.13559 	0.00155488 	3.10529 	2.13709e-18
8.20572 	0.00155488 	3.10529 	2.13709e-18
8.27586 	0.00155488 	3.10529 	2.13709e-18
8.34599 	0.00155488 	3.10529 	2.13709e-18
8.41613 	0.00155488 	3.10529 	2.13709e-18
8.48626 	0.00155488 	3.10529 	2.13709e-18
8.5564 	0.00155488 	3.10529 	2.13709e-18
8.62653 	0.00155488 	3.10529 	2.13709e-18
8.69666 	0.011159 	3.11934 	1.7376e-18
8.7668 	0.011159 	3.11934 	1.7376e-18
8.83693 	0.011159 	3.11934 	1.7376e-18
8.90707 	0.011159 	3.11934 	1.7376e-18
8.9772 	0.011159 	3.11934 	1.7376e-18
9.04734 	0.011159 	3.11934 	1.7376e-18
9.11747 	0.011159 	3.11934 	1.7376e-18
9.18761 	0.011159 	3.11934 	1.7376e-18
9.25774 	0.00527451 	3.11862 	-1.58777e-18
9.32787 	0.00527451 	3.11862 	-1.58777e-18
9.39801 	0.00527451 	3.11862 	-1.58777e-18
9.46814 	0.00527451 	3.11862 	-1.58777e-18
9.53828 	0.00527451 	3.11862 	-1.58777e-18
9.60841 	0.00527451 	3.11862 	-1.58777e-18
9.67855 	0.00527451 	3.11862 	-1.58777e-18
9.74868 	0.00527451 	3.11862 	-1.58777e-18
9.81881 	0.0174748 	3.12948 	-5.42782e-19
9.88895 	0.0174748 	3.12948 	-5.42782e-19
9.95908 	0.0174748 	3.12948 	-5.42782e-19
10.0292 	0.0174748 	3.12948 	-5.42782e-19
10.0994 	0.0174748 	3.12948 	-5.42782e-19
10.1695 	0.0174748 	3.12948 	-5.42782e-19
10.2396 	0.0174748 	3.12948 	-5.42782e-19
10.3098 	0.0174748 	3.12948 	-5.42782e-19
10.3799 	0.0174748 	3.12948 	-5.42782e-19
10.45 	0.0174748 	3.12948 	-5.42782e-19
10.5202 	0.0174748 	3.12948 	-5.42782e-19
10.5903 	0.0174748 	3.12948 	-5.42782e-19
10.6604 	0.0155009 	3.12559 	7.98887e-19
10.7306 	0.0347502 	3.13956 	0
10.8007 	0.0347502 	3.13956 	0
10.8708 	0.0347502 	3.13956 	0
10.941 	0.0347502 	3.13956 	0
11.0111 	0.0347502 	3.13956 	0
11.0812 	0.0347502 	3.13956 	0
11.1514 	0.0347502 	3.13956 	0
11.2215 	0.0347502 	3.13956 	0
11.2916 	0.0347502 	3.13956 	0
11.3618 	0.0347502 	3.13956 	0
11.4319 	0.0347502 	3.13956 	0
11.502 	0.0347502 	3.13956 	0
11.5722 	0.0347502 	3.13956 	0
11.6423 	0.0347502 	3.13956 	0
11.7124 	0.0219227 	3.12966 	0
11.7826 	0.0742126 	3.16002 	9.01976e-19
11.8527 	0.0742126 	3.16002 	9.01976e-19
11.9228 	0.0742126 	3.16002 	9.01976e-19
11.993 	0.0742126 	3.16002 	9.01976e-19
12.0631 	0.0742126 	3.16002 	9.01976e-19
12.1332 	0.0742126 	3.16002 	9.01976e-19
12.2034 	0.0669948 	3.18525 	-4.45278e-19
12.2735 	0.0669948 	3.18525 	-4.45278e-19
12.3437 	0.0669948 	3.18525 	-4.45278e-19
12.4138 	0.0669948 	3.18525 	-4.45278e-19
12.4839 	0.0669948 	3.18525 	-4.45278e-19
12.5541 	0.0669948 	3.18525 	-4.45278e-19
12.6242 	0.0669948 	3.18525 	-4.45278e-19
12.6943 	0.0669948 	3.18525 	-4.45278e-19
12.7645 	0.0669948 	3.18525 	-4.45278e-19
12.8346 	0.0340766 	3.17718 	4.09331e-19
12.9047 	0.133733 	3.22007 	-1.98434e-19
12.9749 	0.133733 	3.22007 	-1.98434e-19
13.045 	0.133733 	3.22007 	-1.98434e-19
13.1151 	0.133733 	3.22007 	-1.98434e-19
13.1853 	0.133733 	3.22007 	-1.98434e-19
13.2554 	0.133733 	3.22007 	-1.98434e-19
13.3255 	0.133733 	3.22007 	-1.98434e-19
13.3957 	0.138507 	3.19248 	1.39723e-18
13.4658 	0.138507 	3.19248 	1.39723e-18
13.5359 	0.138507 	3.19248 	1.39723e-18
13.6061 	0.138507 	3.19248 	1.39723e-18
13.6762 	0.138507 	3.19248 	1.39723e-18
13.7463 	0.138507 	3.19248 	1.39723e-18
13.8165 	0.106313 	2.86524 	-1.1579e-18
13.8866 	0.129908 	2.95902 	5.31941e-19
13.9567 	0.129908 	2.95902 	5.31941e-19
14.0269 	0.240478 	3.03141 	-1.77674e-18
14.097 	0.240478 	3.03141 	-1.77674e-18
14.1671 	0.240478 	3.03141 	-1.77674e-18
14.2373 	0.240478 	3.03141 	-1.77674e-18
14.3074 	0.240478 	3.03141 	-1.77674e-18
14.3776 	0.240478 	3.03141 	-1.77674e-18
14.4477 	0.240478 	3.03141 	-1.77674e-18
14.5178 	0.240478 	3.03141 	-1.77674e-18
14.588 	0.240478 	3.03141 	-1.77674e-18
14.6581 	0.240478 	3.03141 	-1.77674e-18
14.7282 	0.240478 	3.03141 	-1.77674e-18
14.7984 	0.240478 	3.03141 	-1.77674e-18
14.8685 	0.240478 	3.03141 	-1.77674e-18
14.9386 	0.333586 	3.18948 	0
15.0088 	0.333586 	3.18948 	0
15.0789 	0.333586 	3.18948 	0
15.149 	0.333586 	3.18948 	0
15.2192 	0.333586 	3.18948 	0
15.2893 	0.336246 	3.41466 	-2.14826e-19
15.3594 	0.336246 	3.41466 	-2.14826e-19
15.4296 	0.336246 	3.41466 	-2.14826e-19
15.4997 	0.336246 	3.41466 	-2.14826e-19
15.5698 	0.336246 	3.41466 	-2.14826e-19
15.64 	0.336246 	3.41466 	-2.14826e-19
15.7101 	0.391127 	3.48466 	0
15.7802 	0.391127 	3.48466 	0
15.8504 	0.64198 	3.54018 	1.26313e-18
15.9205 	0.64198 	3.54018 	1.26313e-18
15.9906 	0.64198 	3.54018 	1.26313e-18
16.0608 	0.64198 	3.54018 	1.26313e-18
16.1309 	0.64198 	3.54018 	1.26313e-18
16.201 	0.64198 	3.54018 	1.26313e-18
16.2712 	0.64198 	3.54018 	1.26313e-18
16.3413 	0.64198 	3.54018 	1.26313e-18
16.4114 	0.64198 	3.54018 	1.26313e-18
16.4816 	0.64198 	3.54018 	1.26313e-18
16.5517 	0.64198 	3.54018 	1.26313e-18
16.6219 	0.64198 	3.54018 	1.26313e-18
16.692 	0.64198 	3.54018 	1.26313e-18
16.7621 	0.64198 	3.54018 	1.26313e-18
16.8323 	0.863838 	3.10878 	7.23394e-20
16.9024 	0.863838 	3.10878 	7.23394e-20
16.9725 	0.863838 	3.10878 	7.23394e-20
17.0427 	0.863838 	3.10878 	7.23394e-20
17.1128 	0.863838 	3.10878 	7.23394e-20
17.1829 	0.863838 	3.10878 	7.23394e-20
17.2531 	0.863838 	3.10878 	7.23394e-20
17.3232 	0.863838 	3.10878 	7.23394e-20
17.3933 	0.863838 	3.10878 	7.23394e-20
17.4635 	0.863838 	3.10878 	7.23394e-20
17.5336 	0.908138 	3.02497 	-3.36175e-20
17.6037 	0.908138 	3.02497 	-3.36175e-20
17.6739 	0.908138 	3.02497 	-3.36175e-20
17.744 	1.03707 	3.15458 	1.30026e-19
17.8141 	1.03707 	3.15458 	1.30026e-19
17.8843 	1.03707 	3.15458 	1.30026e-19
17.9544 	1.03707 	3.15458 	1.30026e-19
18.0245 	1.03707 	3.15458 	1.30026e-19
18.0947 	1.03707 	3.15458 	1.30026e-19
18.1648 	1.03707 	3.15458 	1.30026e-19
18.2349 	1.03707 	3.15458 	1.30026e-19
18.3051 	1.03707 	3.15458 	1.30026e-19
18.3752 	1.00085 	2.75399 	-9.88872e-20
18.4453 	1.00085 	2.75399 	-9.88872e-20
18.5155 	1.00085 	2.75399 	-9.88872e-20
18.5856 	1.00085 	2.75399 	-9.88872e-20
18.6557 	1.00085 	2.75399 	-9.88872e-20
18.7259 	1.00085 	2.75399 	-9.88872e-20
18.796 	1.00085 	2.75399 	-9.88872e-20
18.8662 	1.04143 	2.81481 	-1.64153e-19
18.9363 	1.04143 	2.81481 	-1.64153e-19
19.0064 	1.04143 	2.81481 	-1.64153e-19
19.0766 	1.04143 	2.81481 	-1.64153e-19
19.1467 	1.04143 	2.81481 	-1.64153e-19
19.2168 	1.04143 	2.81481 	-1.64153e-19
19.287 	1.04143 	2.81481 	-1.64153e-19
19.3571 	1.04143 	2.81481 	-1.64153e-19
19.4272 	1.04143 	2.81481 	-1.64153e-19
19.4974 	1.04143 	2.81481 	-1.64153e-19
19.5675 	1.04143 	2.81481 	-1.64153e-19
19.6376 	1.04143 	2.81481 	-1.64153e-19
19.7078 	1.04143 	2.81481 	-1.64153e-19
19.7779 	0.986985 	2.43777 	-1.12899e-19
19.848 	0.986985 	2.43777 	-1.12899e-19
19.9182 	0.986985 	2.43777 	-1.12899e-19
19.9883 	0.986985 	2.43777 	-1.12899e-19
20.0584 	0.986985 	2.43777 	-1.12899e-19
20.1286 	0.986985 	2.43777 	-1.12899e-19
20.1987 	0.986985 	2.43777 	-1.12899e-19
20.2688 	0.993753 	2.43087 	2.95478e-19
20.339 	0.993753 	2.43087 	2.95478e-19
20.4091 	0.993753 	2.43087 	2.95478e-19
20.4792 	0.993753 	2.43087 	2.95478e-19
20.5494 	0.993753 	2.43087 	2.95478e-19
20.6195 	0.993753 	2.43087 	2.95478e-19
20.6896 	0.993753 	2.43087 	2.95478e-19
20.7598 	0.993753 	2.43087 	2.95478e-19
20.8299 	0.993753 	2.43087 	2.95478e-19
20.9 	0.993753 	2.43087 	2.95478e-19
20.9702 	0.993753 	2.43087 	2.95478e-19
21.0403 	0.993753 	2.43087 	2.95478e-19
21.1105 	0.993753 	2.43087 	2.95478e-19
21.1806 	0.993753 	2.43087 	2.95478e-19
21.2507 	0.993753 	2.43087 	2.95478e-19
21.3209 	0.993753 	2.43087 	2.95478e-19
21.391 	0.993753 	2.43087 	2.95478e-19
21.4611 	0.694211 	1.89056 	-4.05778e-19
21.5313 	0.694211 	1.89056 	-4.05778e-19
21.6014 	0.694211 	1.89056 	-4.05778e-19
21.6715 	0.604963 	1.38321 	-4.0994e-20
21.7417 	0.604963 	1.38321 	-4.0994e-20
21.8118 	0.604963 	1.38321 	-4.0994e-20
21.8819 	0.604963 	1.38321 	-4.0994e-20
21.9521 	0.604963 	1.38321 	-4.0994e-20
22.0222 	0.929147 	2.33067 	1.00107e-19
22.0923 	0.929147 	2.33067 	1.00107e-19
22.1625 	0.929147 	2.33067 	1.00107e-19
22.2326 	0.929147 	2.33067 	1.00107e-19
22.3027 	0.929147 	2.33067 	1.00107e-19
22.3729 	0.929147 	2.33067 	1.00107e-19
22.443 	0.929147 	2.33067 	1.00107e-19
22.5131 	0.929147 	2.33067 	1.00107e-19
22.5833 	0.929147 	2.33067 	1.00107e-19
22.6534 	0.929147 	2.33067 	1.00107e-19
22.7235 	0.929147 	2.33067 	1.00107e-19
22.7937 	0.929147 	2.33067 	1.00107e-19
22.8638 	0.929147 	2.33067 	1.00107e-19
22.9339 	0.929147 	2.33067 	1.00107e-19
23.0041 	0.929147 	2.33067 	1.00107e-19
23.0742 	0.929147 	2.33067 	1.00107e-19
23.1443 	0.929147 	2.33067 	1.00107e-19
23.2145 	0.929147 	2.33067 	1.00107e-19
23.2846 	0.929147 	2.33067 	1.00107e-19
23.3548 	0.929147 	2.33067 	1.00107e-19
23.4249 	0.929147 	2.33067 	1.00107e-19
23.495 	0.896972 	2.30997 	-8.32399e-20
23.5652 	0.896972 	2.30997 	-8.32399e-20
23.6353 	0.896972 	2.30997 	-8.32399e-20
23.7054 	0.896972 	2.30997 	-8.32399e-20
23.7756 	0.896972 	2.30997 	-8.32399e-20
23.8457 	0.896972 	2.30997 	-8.32399e-20
23.9158 	0.896972 	2.30997 	-8.32399e-20
23.986 	0.834409 	2.1664 	3.82831e-21
24.0561 	0.834409 	2.1664 	3.82831e-21
24.1262 	0.834409 	2.1664 	3.82831e-21
24.1964 	0.834409 	2.1664 	3.82831e-21
24.2665 	0.834409 	2.1664 	3.82831e-21
24.3366 	0.834409 	2.1664 	3.82831e-21
24.4068 	0.834409 	2.1664 	3.82831e-21
24.4769 	0.834409 	2.1664 	3.82831e-21
24.547 	0.834409 	2.1664 	3.82831e-21
24.6172 	0.834409 	2.1664 	3.82831e-21
24.6873 	0.834409 	2.1664 	3.82831e-21
24.7574 	0.834409 	2.1664 	3.82831e-21
24.8276 	0.834409 	2.1664 	3.82831e-21
24.8977 	0.834409 	2.1664 	3.82831e-21
24.9678 	0.834409 	2.1664 	3.82831e-21
25.038 	0.834409 	2.1664 	3.82831e-21
25.1081 	0.834409 	2.1664 	3.82831e-21
25.1782 	0.492372 	1.33179 	0
25.2484 	0.492372 	1.33179 	0
25.3185 	0.492372 	1.33179 	0
25.3886 	0.492372 	1.33179 	0
25.4588 	0.492372 	1.33179 	0
25.5289 	0.492372 	1.33179 	0
25.5991 	0.492372 	1.33179 	0
25.6692 	0.492372 	1.33179 	0
25.7393 	0.492372 	1.33179 	0
25.8095 	0.492372 	1.33179 	0
25.8796 	0.492372 	1.33179 	0
25.9497 	0.492372 	1.33179 	0
26.0199 	0.492372 	1.33179 	0
26.09 	0.492372 	1.33179 	0
26.1601 	0.492372 	1.33179 	0
26.2303 	0.496754 	1.35838 	-2.75582e-19
26.3004 	0.496754 	1.35838 	-2.75582e-19
26.3705 	0.496754 	1.35838 	-2.75582e-19
26.4407 	0.496754 	1.35838 	-2.75582e-19
26.5108 	0.496754 	1.35838 	-2.75582e-19
26.5809 	0.496754 	1.35838 	-2.75582e-19
26.6511 	0.496754 	1.35838 	-2.75582e-19
26.7212 	0.496754 	1.35838 	-2.75582e-19
26.7913 	0.496754 	1.35838 	-2.75582e-19
26.8615 	0.496754 	1.35838 	-2.75582e-19
26.9316 	0.496754 	1.35838 	-2.75582e-19
27.0017 	0.496754 	1.35838 	-2.75582e-19
27.0719 	0.496754 	1.35838 	-2.75582e-19
27.142 	0.496754 	1.35838 	-2.75582e-19
27.2121 	0.496754 	1.35838 	-2.75582e-19
27.2823 	0.496754 	1.35838 	-2.75582e-19
27.3524 	0.490331 	1.35888 	3.02729e-19
27.4225 	0.490331 	1.35888 	3.02729e-19
27.4927 	0.490331 	1.35888 	3.02729e-19
27.5628 	0.490331 	1.35888 	3.02729e-19
27.6329 	0.490331 	1.35888 	3.02729e-19
27.7031 	0.490331 	1.35888 	3.02729e-19
27.7732 	0.490331 	1.35888 	3.02729e-19
27.8434 	0.490331 	1.35888 	3.02729e-19
27.9135 	0.490331 	1.35888 	3.02729e-19
27.9836 	0.490331 	1.35888 	3.02729e-19
28.0538 	0.490331 	1.35888 	3.02729e-19
28.1239 	0.490331 	1.35888 	3.02729e-19
28.194 	0.490331 	1.35888 	3.02729e-19
28.2642 	0.490331 	1.35888 	3.02729e-19
28.3343 	0.490331 	1.35888 	3.02729e-19
28.4044 	0.490331 	1.35888 	3.02729e-19
28.4746 	0.490331 	1.35888 	3.02729e-19
28.5447 	0.490331 	1.35888 	3.02729e-19
28.6148 	0.490331 	1.35888 	3.02729e-19
28.685 	0.490331 	1.35888 	3.02729e-19
28.7551 	0.490331 	1.35888 	3.02729e-19
28.8252 	0.490331 	1.35888 	3.02729e-19
28.8954 	0.490331 	1.35888 	3.02729e-19
28.9655 	0.436653 	1.28493 	7.76417e-21
29.0356 	0.436653 	1.28493 	7.76417e-21
29.1058 	0.436653 	1.28493 	7.76417e-21
29.1759 	0.436653 	1.28493 	7.76417e-21
29.246 	0.436653 	1.28493 	7.76417e-21
29.3162 	0.436653 	1.28493 	7.76417e-21
29.3863 	0.436653 	1.28493 	7.76417e-21
29.4564 	0.436653 	1.28493 	7.76417e-21
29.5266 	0.436653 	1.28493 	7.76417e-21
29.5967 	0.436653 	1.28493 	7.76417e-21
29.6668 	0.436653 	1.28493 	7.76417e-21
29.737 	0.436653 	1.28493 	7.76417e-21
29.8071 	0.436653 	1.28493 	7.76417e-21
29.8773 	0.436653 	1.28493 	7.76417e-21
29.9474 	0.436653 	1.28493 	7.76417e-21
30.0175 	0.436653 	1.28493 	7.76417e-21
30.0877 	0.436653 	1.28493 	7.76417e-21
30.1578 	0.436653 	1.28493 	7.76417e-21
30.2279 	0.436653 	1.28493 	7.76417e-21
30.2981 	0.436653 	1.28493 	7.76417e-21
30.3682 	0.436653 	1.28493 	7.76417e-21
30.4383 	0.436653 	1.28493 	7.76417e-21
30.5085 	0.436653 	1.28493 	7.76417e-21
30.5786 	0.436653 	1.28493 	7.76417e-21
30.6487 	0.436653 	1.28493 	7.76417e-21
30.7189 	0.436653 	1.28493 	7.76417e-21
30.789 	0.374489 	1.3077 	-7.17507e-20
30.8591 	0.374489 	1.3077 	-7.17507e-20
30.9293 	0.374489 	1.3077 	-7.17507e-20
30.9994 	0.374489 	1.3077 	-7.17507e-20
31.0695 	0.374489 	1.3077 	-7.17507e-20
31.1397 	0.374489 	1.3077 	-7.17507e-20
31.2098 	0.374489 	1.3077 	-7.17507e-20
31.2799 	0.374489 	1.3077 	-7.17507e-20
31.3501 	0.374489 	1.3077 	-7.17507e-20
31.4202 	0.374489 	1.3077 	-7.17507e-20
31.4903 	0.374489 	1.3077 	-7.17507e-20
31.5605 	0.374489 	1.3077 	-7.17507e-20
31.6306 	0.374489 	1.3077 	-7.17507e-20
31.7007 	0.374489 	1.3077 	-7.17507e-20
31.7709 	0.374489 	1.3077 	-7.17507e-20
31.841 	0.374489 	1.3077 	-7.17507e-20
31.9111 	0.374489 	1.3077 	-7.17507e-20
31.9813 	0.374489 	1.3077 	-7.17507e-20
32.0514 	0.374489 	1.3077 	-7.17507e-20
32.1216 	0.374489 	1.3077 	-7.17507e-20
32.1917 	0.374489 	1.3077 	-7.17507e-20
32.2618 	0.374489 	1.3077 	-7.17507e-20
32.332 	0.374489 	1.3077 	-7.17507e-20
32.4021 	0.374489 	1.3077 	-7.17507e-20
32.4722 	0.374489 	1.3077 	-7.17507e-20
32.5424 	0.374489 	1.3077 	-7.17507e-20
32.6125 	0.374489 	1.3077 	-7.17507e-20
32.6826 	0.374489 	1.3077 	-7.17507e-20
32.7528 	0.374489 	1.3077 	-7.17507e-20
32.8229 	0.374489 	1.3077 	-7.17507e-20
32.893 	0.374489 	1.3077 	-7.17507e-20
32.9632 	0.374489 	1.3077 	-7.17507e-20
33.0333 	0.374489 	1.3077 	-7.17507e-20
33.1034 	0.374489 	1.3077 	-7.17507e-20
33.1736 	0.374489 	1.3077 	-7.17507e-20
33.2437 	0.374489 	1.3077 	-7.17507e-20
33.3138 	0.374489 	1.3077 	-7.17507e-20
33.384 	0.374489 	1.3077 	-7.17507e-20
33.4541 	0.374489 	1.3077 	-7.17507e-20
33.5242 	0.374489 	1.3077 	-7.17507e-20
33.5944 	0.374489 	1.3077 	-7.17507e-20
33.6645 	0.374489 	1.3077 	-7.17507e-20
33.7346 	0.371818 	1.38097 	3.65631e-20
33.8048 	0.371818 	1.38097 	3.65631e-20
33.8749 	0.371818 	1.38097 	3.65631e-20
33.945 	0.371818 	1.38097 	3.65631e-20
34.0152 	0.371818 	1.38097 	3.65631e-20
34.0853 	0.371818 	1.38097 	3.65631e-20
34.1554 	0.279034 	1.33882 	-1.03354e-19
34.2256 	0.279034 	1.33882 	-1.03354e-19
34.2957 	0.279034 	1.33882 	-1.03354e-19
34.3659 	0.279034 	1.33882 	-1.03354e-19
34.436 	0.279034 	1.33882 	-1.03354e-19
34.5061 	0.279034 	1.33882 	-1.03354e-19
34.5763 	0.279034 	1.33882 	-1.03354e-19
34.6464 	0.279034 	1.33882 	-1.03354e-19
34.7165 	0.267993 	1.61702 	1.12521e-19
34.7867 	0.267993 	1.61702 	1.12521e-19
34.8568 	0.267993 	1.61702 	1.12521e-19
34.9269 	0.267993 	1.61702 	1.12521e-19
34.9971 	0.267993 	1.61702 	1.12521e-19
35.0672 	0.267993 	1.61702 	1.12521e-19
35.1373 	0.267993 	1.61702 	1.12521e-19
35.2075 	0.267993 	1.61702 	1.12521e-19
35.2776 	0.267993 	1.61702 	1.12521e-19
35.3477 	0.267993 	1.61702 	1.12521e-19
35.4179 	0.267993 	1.61702 	1.12521e-19
35.488 	0.267993 	1.61702 	1.12521e-19
35.5581 	0.267993 	1.61702 	1.12521e-19
35.6283 	0.267993 	1.61702 	1.12521e-19
35.6984 	0.267993 	1.61702 	1.12521e-19
35.7685 	0.267993 	1.61702 	1.12521e-19
35.8387 	0.267993 	1.61702 	1.12521e-19
35.9088 	0.267993 	1.61702 	1.12521e-19
35.9789 	0.267993 	1.61702 	1.12521e-19
36.0491 	0.243893 	1.5799 	0
36.1192 	0.243893 	1.5799 	0
36.1893 	0.243893 	1.5799 	0
36.2595 	0.243893 	1.5799 	0
36.3296 	0.243893 	1.5799 	0
36.3997 	0.243893 	1.5799 	0
36.4699 	0.243893 	1.5799 	0
36.54 	0.243893 	1.5799 	0
36.6102 	0.243893 	1.5799 	0
36.6803 	0.243893 	1.5799 	0
36.7504 	0.243893 	1.5799 	0
36.8206 	0.243893 	1.5799 	0
36.8907 	0.194256 	1.46364 	6.27021e-20
36.9608 	0.194256 	1.46364 	6.27021e-20
37.031 	0.194256 	1.46364 	6.27021e-20
37.1011 	0.194256 	1.46364 	6.27021e-20
37.1712 	0.194256 	1.46364 	6.27021e-20
37.2414 	0.194256 	1.46364 	6.27021e-20
37.3115 	0.194256 	1.46364 	6.27021e-20
37.3816 	0.194256 	1.46364 	6.27021e-20
37.4518 	0.194256 	1.46364 	6.27021e-20
37.5219 	0.194256 	1.46364 	6.27021e-20
37.592 	0.194256 	1.46364 	6.27021e-20
37.6622 	0.194256 	1.46364 	6.27021e-20
37.7323 	0.194256 	1.46364 	6.27021e-20
37.8024 	0.194256 	1.46364 	6.27021e-20
37.8726 	0.194256 	1.46364 	6.27021e-20
37.9427 	0.194256 	1.46364 	6.27021e-20
38.0128 	0.194256 	1.46364 	6.27021e-20
38.083 	0.194256 	1.46364 	6.27021e-20
38.1531 	0.194256 	1.46364 	6.27021e-20
38.2232 	0.136917 	1.59975 	-7.19305e-20
38.2934 	0.136917 	1.59975 	-7.19305e-20
38.3635 	0.136917 	1.59975 	-7.19305e-20
38.4336 	0.136917 	1.59975 	-7.19305e-20
38.5038 	0.136917 	1.59975 	-7.19305e-20
38.5739 	0.136917 	1.59975 	-7.19305e-20
38.644 	0.136917 	1.59975 	-7.19305e-20
38.7142 	0.136917 	1.59975 	-7.19305e-20
38.7843 	0.136917 	1.59975 	-7.19305e-20
38.8545 	0.136917 	1.59975 	-7.19305e-20
38.9246 	0.136917 	1.59975 	-7.19305e-20
38.9947 	0.136917 	1.59975 	-7.19305e-20
39.0649 	0.136917 	1.59975 	-7.19305e-20
39.135 	0.136917 	1.59975 	-7.19305e-20
39.2051 	0.119241 	1.57832 	0
39.2753 	0.119241 	1.57832 	0
39.3454 	0.119241 	1.57832 	0
39.4155 	0.119241 	1.57832 	0
39.4857 	0.119241 	1.57832 	0
39.5558 	0.119241 	1.57832 	0
39.6259 	0.119241 	1.57832 	0
39.6961 	0.119241 	1.57832 	0
39.7662 	0.119241 	1.57832 	0
39.8363 	0.119241 	1.57832 	0
39.9065 	0.119241 	1.57832 	0
39.9766 	0.119241 	1.57832 	0
40.0467 	0.119241 	1.57832 	0
40.1169 	0.119241 	1.57832 	0
40.187 	0.119241 	1.57832 	0
40.2571 	0.119241 	1.57832 	0
40.3273 	0.119241 	1.57832 	0
40.3974 	0.119241 	1.57832 	0
40.4675 	0.119241 	1.57832 	0
40.5377 	0.119241 	1.57832 	0
40.6078 	0.119241 	1.57832 	0
40.6779 	0.118632 	1.54238 	-1.28689e-20
40.7481 	0.118632 	1.54238 	-1.28689e-20
40.8182 	0.118632 	1.54238 	-1.28689e-20
40.8883 	0.118632 	1.54238 	-1.28689e-20
40.9585 	0.118632 	1.54238 	-1.28689e-20
41.0286 	0.118632 	1.54238 	-1.28689e-20
41.0988 	0.118632 	1.54238 	-1.28689e-20
41.1689 	0.118632 	1.54238 	-1.28689e-20
41.239 	0.092787 	1.54892 	2.41108e-20
41.3092 	0.092787 	1.54892 	2.41108e-20
41.3793 	0.092787 	1.54892 	2.41108e-20
41.4494 	0.092787 	1.54892 	2.41108e-20
41.5196 	0.092787 	1.54892 	2.41108e-20
41.5897 	0.092787 	1.54892 	2.41108e-20
41.6598 	0.092787 	1.54892 	2.41108e-20
41.73 	0.092787 	1.54892 	2.41108e-20
41.8001 	0.092787 	1.54892 	2.41108e-20
41.8702 	0.092787 	1.54892 	2.41108e-20
41.9404 	0.092787 	1.54892 	2.41108e-20
42.0105 	0.092787 	1.54892 	2.41108e-20
42.0806 	0.092787 	1.54892 	2.41108e-20
42.1508 	0.092787 	1.54892 	2.41108e-20
42.2209 	0.092787 	1.54892 	2.41108e-20
42.291 	0.092787 	1.54892 	2.41108e-20
42.3612 	0.092787 	1.54892 	2.41108e-20
42.4313 	0.092787 	1.54892 	2.41108e-20
42.5014 	0.092787 	1.54892 	2.41108e-20
42.5716 	0.092787 	1.54892 	2.41108e-20
42.6417 	0.092787 	1.54892 	2.41108e-20
42.7118 	0.0926765 	1.54592 	0
42.782 	0.0926765 	1.54592 	0
42.8521 	0.0926765 	1.54592 	0
42.9222 	0.0926765 	1.54592 	0
42.9924 	0.0499798 	1.5898 	0
43.0625 	0.0499798 	1.5898 	0
43.1327 	0.0499798 	1.5898 	0
43.2028 	0.0499798 	1.5898 	0
43.2729 	0.0499798 	1.5898 	0
43.3431 	0.0499798 	1.5898 	0
43.4132 	0.0499798 	1.5898 	0
43.4833 	0.0499798 	1.5898 	0
43.5535 	0.0499798 	1.5898 	0
43.6236 	0.0499798 	1.5898 	0
43.6937 	0.0499798 	1.5898 	0
43.7639 	0.0499798 	1.5898 	0
43.834 	0.0499798 	1.5898 	0
43.9041 	0.0499798 	1.5898 	0
43.9743 	0.0499798 	1.5898 	0
44.0444 	0.0499798 	1.5898 	0
44.1145 	0.0499798 	1.5898 	0
44.1847 	0.0499798 	1.5898 	0
44.2548 	0.0499798 	1.5898 	0
44.3249 	0.0499798 	1.5898 	0
44.3951 	0.0499798 	1.5898 	0
44.4652 	0.0499798 	1.5898 	0
44.5353 	0.0499798 	1.5898 	0
44.6055 	0.0499798 	1.5898 	0
44.6756 	0.0499798 	1.5898 	0
44.7457 	0.0499798 	1.5898 	0
44.8159 	0.0406636 	1.61598 	0
44.886 	0.0406636 	1.61598 	0
44.9561 	0.0406636 	1.61598 	0
45.0263 	0.0406636 	1.61598 	0
45.0964 	0.0406636 	1.61598 	0
45.1665 	0.0406636 	1.61598 	0
45.2367 	0.0406636 	1.61598 	0
45.3068 	0.0406636 	1.61598 	0
45.377 	0.0406636 	1.61598 	0
45.4471 	0.0406636 	1.61598 	0
45.5172 	0.0406636 	1.61598 	0
45.5874 	0.0406636 	1.61598 	0
45.6575 	0.0406636 	1.61598 	0
45.7276 	0.0406636 	1.61598 	0
45.7978 	0.0406636 	1.61598 	0
45.8679 	0.0406636 	1.61598 	0
45.938 	0.0406636 	1.61598 	0
46.0082 	0.0406636 	1.61598 	0
46.0783 	0.0406636 	1.61598 	0
46.1484 	0.0406636 	1.61598 	0
46.2186 	0.0406636 	1.61598 	0
46.2887 	0.0406636 	1.61598 	0
46.3588 	0.0406636 	1.61598 	0
46.429 	0.0406636 	1.61598 	0
46.4991 	0.0406636 	1.61598 	0
46.5692 	0.0406636 	1.61598 	0
46.6394 	0.0471352 	1.59192 	-2.66022e-20
46.7095 	0.0471352 	1.59192 	-2.66022e-20
46.7796 	0.0471352 	1.59192 	-2.66022e-20
46.8498 	0.0471352 	1.59192 	-2.66022e-20
46.9199 	0.0471352 	1.59192 	-2.66022e-20
46.99 	0.0471352 	1.59192 	-2.66022e-20
47.0602 	0.0471352 	1.59192 	-2.66022e-20
47.1303 	0.0471352 	1.59192 	-2.66022e-20
47.2004 	0.0471352 	1.59192 	-2.66022e-20
47.2706 	0.0471352 	1.59192 	-2.66022e-20
47.3407 	0.0471352 	1.59192 	-2.66022e-20
47.4108 	0.0471352 	1.59192 	-2.66022e-20
47.481 	0.036613 	1.5304 	4.12708e-20
47.5511 	0.036613 	1.5304 	4.12708e-20
47.6213 	0.036613 	1.5304 	4.12708e-20
47.6914 	0.036613 	1.5304 	4.12708e-20
47.7615 	0.036613 	1.5304 	4.12708e-20
47.8317 	0.036613 	1.5304 	4.12708e-20
47.9018 	0.036613 	1.5304 	4.12708e-20
47.9719 	0.036613 	1.5304 	4.12708e-20
48.0421 	0.036613 	1.5304 	4.12708e-20
48.1122 	0.036613 	1.5304 	4.12708e-20
48.1823 	0.036613 	1.5304 	4.12708e-20
48.2525 	0.036613 	1.5304 	4.12708e-20
48.3226 	0.036613 	1.5304 	4.12708e-20
48.3927 	0.036613 	1.5304 	4.12708e-20
48.4629 	0.036613 	1.5304 	4.12708e-20
48.533 	0.036613 	1.5304 	4.12708e-20
48.6031 	0.036613 	1.5304 	4.12708e-20
48.6733 	0.036613 	1.5304 	4.12708e-20
48.7434 	0.0345637 	1.4843 	0
48.8135 	0.0345637 	1.4843 	0
48.8837 	0.0345637 	1.4843 	0
48.9538 	0.0345637 	1.4843 	0
49.0239 	0.0345637 	1.4843 	0
49.0941 	0.0345637 	1.4843 	0
49.1642 	0.0345637 	1.4843 	0
49.2343 	0.0345637 	1.4843 	0
49.3045 	0.0345637 	1.4843 	0
49.3746 	0.0345637 	1.4843 	0
49.4447 	0.0345637 	1.4843 	0
49.5149 	0.0345637 	1.4843 	0
49.585 	0.0345637 	1.4843 	0
49.6551 	0.0345637 	1.4843 	0
49.7253 	0.0345637 	1.4843 	0
49.7954 	0.0345637 	1.4843 	0
49.8656 	0.0345637 	1.4843 	0
49.9357 	0.0345637 	1.4843 	0
50.0058 	0.0345637 	1.4843 	0
50.076 	0.0345637 	1.4843 	0
50.1461 	0.0345637 	1.4843 	0
50.2162 	0.0345637 	1.4843 	0
50.2864 	0.0345637 	1.4843 	0
50.3565 	0.0345637 	1.4843 	0
50.4266 	0.0345637 	1.4843 	0
50.4968 	0.00343536 	1.98431 	2.63293e-21
50.5669 	0.00343536 	1.98431 	2.63293e-21
50.637 	0.00343536 	1.98431 	2.63293e-21
50.7072 	0.00343536 	1.98431 	2.63293e-21
50.7773 	0.00343536 	1.98431 	2.63293e-21
50.8474 	0.00343536 	1.98431 	2.63293e-21
50.9176 	0.00343536 	1.98431 	2.63293e-21
50.9877 	0.0122871 	1.98279 	8.20848e-22
51.0578 	0.0122871 	1.98279 	8.20848e-22
51.128 	-0.00250783 	1.68858 	-2.96439e-21
51.1981 	-0.00250783 	1.68858 	-2.96439e-21
51.2682 	-0.00250783 	1.68858 	-2.96439e-21
51.3384 	-0.00250783 	1.68858 	-2.96439e-21
51.4085 	-0.00250783 	1.68858 	-2.96439e-21
51.4786 	-0.00250783 	1.68858 	-2.96439e-21
51.5488 	-0.00250783 	1.68858 	-2.96439e-21
51.6189 	-0.00250783 	1.68858 	-2.96439e-21
51.689 	-0.00250783 	1.68858 	-2.96439e-21
51.7592 	-0.00250783 	1.68858 	-2.96439e-21
51.8293 	-0.00250783 	1.68858 	-2.96439e-21
51.8994 	-0.00250783 	1.68858 	-2.96439e-21
51.9696 	-0.00250783 	1.68858 	-2.96439e-21
52.0397 	-0.00250783 	1.68858 	-2.96439e-21
52.1099 	-0.00250783 	1.68858 	-2.96439e-21
52.18 	-0.00250783 	1.68858 	-2.96439e-21
52.2501 	-0.00250783 	1.68858 	-2.96439e-21
52.3203 	-0.00250783 	1.68858 	-2.96439e-21
52.3904 	-0.00250783 	1.68858 	-2.96439e-21
52.4605 	-0.00250783 	1.68858 	-2.96439e-21
52.5307 	-0.00250783 	1.68858 	-2.96439e-21
52.6008 	-0.00250783 	1.68858 	-2.96439e-21
52.6709 	-0.00250783 	1.68858 	-2.96439e-21
52.7411 	-0.00250783 	1.68858 	-2.96439e-21
52.8112 	-0.00250783 	1.68858 	-2.96439e-21
52.8813 	-0.00250783 	1.68858 	-2.96439e-21
52.9515 	-0.00250783 	1.68858 	-2.96439e-21
53.0216 	-0.00250783 	1.68858 	-2.96439e-21
53.0917 	-0.00250783 	1.68858 	-2.96439e-21
53.1619 	-0.00250783 	1.68858 	-2.96439e-21
53.232 	-0.00250783 	1.68858 	-2.96439e-21
53.3021 	-0.00250783 	1.68858 	-2.96439e-21
53.3723 	-0.00250783 	1.68858 	-2.96439e-21
53.4424 	0.00307141 	1.8354 	-2.06692e-21
53.5125 	0.00307141 	1.8354 	-2.06692e-21
53.5827 	0.00307141 	1.8354 	-2.06692e-21
53.6528 	0.00307141 	1.8354 	-2.06692e-21
53.7229 	0.00307141 	1.8354 	-2.06692e-21
53.7931 	0.00307141 	1.8354 	-2.06692e-21
53.8632 	0.00307141 	1.8354 	-2.06692e-21
53.9333 	0.00307141 	1.8354 	-2.06692e-21
54.0035 	0.00307141 	1.8354 	-2.06692e-21
54.0736 	0.00307141 	1.8354 	-2.06692e-21
54.1437 	0.00307141 	1.8354 	-2.06692e-21
54.2139 	0.00307141 	1.8354 	-2.06692e-21
54.284 	0.00307141 	1.8354 	-2.06692e-21
54.3542 	-0.00340204 	1.85148 	2.50412e-21
54.4243 	-0.00340204 	1.85148 	2.50412e-21
54.4944 	-0.00340204 	1.85148 	2.50412e-21
54.5646 	-0.00340204 	1.85148 	2.50412e-21
54.6347 	-0.00340204 	1.85148 	2.50412e-21
54.7048 	-0.00340204 	1.85148 	2.50412e-21
54.775 	-0.00340204 	1.85148 	2.50412e-21
54.8451 	-0.00340204 	1.85148 	2.50412e-21
54.9152 	-0.00340204 	1.85148 	2.50412e-21
54.9854 	-0.00340204 	1.85148 	2.50412e-21
55.0555 	-0.00340204 	1.85148 	2.50412e-21
55.1256 	0.011188 	1.68459 	0
55.1958 	0.011188 	1.68459 	0
55.2659 	0.011188 	1.68459 	0
55.336 	0.011188 	1.68459 	0
55.4062 	0.011188 	1.68459 	0
55.4763 	0.011188 	1.68459 	0
55.5464 	0.011188 	1.68459 	0
55.6166 	0.011188 	1.68459 	0
55.6867 	0.011188 	1.68459 	0
55.7568 	0.011188 	1.68459 	0
55.827 	0.011188 	1.68459 	0
55.8971 	0.011188 	1.68459 	0
55.9672 	0.011188 	1.68459 	0
56.0374 	0.011188 	1.68459 	0
56.1075 	0.011188 	1.68459 	0
56.1776 	0.011188 	1.68459 	0
56.2478 	0.011188 	1.68459 	0
56.3179 	0.011188 	1.68459 	0
56.3881 	-0.010147 	1.93668 	-1.33876e-21
56.4582 	-0.010147 	1.93668 	-1.33876e-21
56.5283 	-0.010147 	1.93668 	-1.33876e-21
56.5985 	-0.010147 	1.93668 	-1.33876e-21
56.6686 	-0.010147 	1.93668 	-1.33876e-21
56.7387 	-0.010147 	1.93668 	-1.33876e-21
56.8089 	-0.010147 	1.93668 	-1.33876e-21
56.879 	-0.010147 	1.93668 	-1.33876e-21
56.9491 	0.00171946 	1.88354 	1.00971e-20
57.0193 	0.00171946 	1.88354 	1.00971e-20
57.0894 	0.00171946 	1.88354 	1.00971e-20
57.1595 	0.00171946 	1.88354 	1.00971e-20
57.2297 	0.00171946 	1.88354 	1.00971e-20
57.2998 	0.00171946 	1.88354 	1.00971e-20
57.3699 	0.00171946 	1.88354 	1.00971e-20
57.4401 	0.00171946 	1.88354 	1.00971e-20
57.5102 	0.00171946 	1.88354 	1.00971e-20
57.5803 	0.00171946 	1.88354 	1.00971e-20
57.6505 	0.00171946 	1.88354 	1.00971e-20
57.7206 	0.00171946 	1.88354 	1.00971e-20
57.7907 	0.00171946 	1.88354 	1.00971e-20
57.8609 	0.00171946 	1.88354 	1.00971e-20
57.931 	0.00171946 	1.88354 	1.00971e-20
58.0011 	0.00171946 	1.88354 	1.00971e-20
58.0713 	0.00171946 	1.88354 	1.00971e-20
58.1414 	0.00171946 	1.88354 	1.00971e-20
58.2115 	0.00171946 	1.88354 	1.00971e-20
58.2817 	0.00171946 	1.88354 	1.00971e-20
58.3518 	0.00171946 	1.88354 	1.00971e-20
58.4219 	0.00171946 	1.88354 	1.00971e-20
58.4921 	0.00171946 	1.88354 	1.00971e-20
58.5622 	-0.0182689 	2.02252 	0
58.6324 	-0.0182689 	2.02252 	0
58.7025 	-0.0182689 	2.02252 	0
58.7726 	-0.0182689 	2.02252 	0
58.8428 	-0.0182689 	2.02252 	0
58.9129 	-0.00467992 	1.75914 	-3.01165e-20
58.983 	-0.00467992 	1.75914 	-3.01165e-20
59.0532 	-0.00467992 	1.75914 	-3.01165e-20
59.1233 	-0.00467992 	1.75914 	-3.01165e-20
59.1934 	-0.00467992 	1.75914 	-3.01165e-20
59.2636 	-0.00467992 	1.75914 	-3.01165e-20
59.3337 	-0.00467992 	1.75914 	-3.01165e-20
59.4038 	-0.00467992 	1.75914 	-3.01165e-20
59.474 	-0.00467992 	1.75914 	-3.01165e-20
59.5441 	-0.00467992 	1.75914 	-3.01165e-20
59.6142 	-0.00467992 	1.75914 	-3.01165e-20
59.6844 	-0.00467992 	1.75914 	-3.01165e-20
59.7545 	-0.00467992 	1.75914 	-3.01165e-20
59.8246 	-0.00467992 	1.75914 	-3.01165e-20
59.8948 	-0.00467992 	1.75914 	-3.01165e-20
59.9649 	-0.00467992 	1.75914 	-3.01165e-20
60.035 	-0.00467992 	1.75914 	-3.01165e-20
60.1052 	-0.00467992 	1.75914 	-3.01165e-20
60.1753 	-0.00467992 	1.75914 	-3.01165e-20
60.2454 	-0.00467992 	1.75914 	-3.01165e-20
60.3156 	-0.00467992 	1.75914 	-3.01165e-20
60.3857 	-0.00467992 	1.75914 	-3.01165e-20
60.4558 	-0.00467992 	1.75914 	-3.01165e-20
60.526 	-0.00467992 	1.75914 	-3.01165e-20
60.5961 	-0.00467992 	1.75914 	-3.01165e-20
60.6662 	0.00113221 	1.65128 	-4.34727e-21
60.7364 	0.00113221 	1.65128 	-4.34727e-21
60.8065 	0.00113221 	1.65128 	-4.34727e-21
60.8767 	0.00113221 	1.65128 	-4.34727e-21
60.9468 	0.00113221 	1.65128 	-4.34727e-21
61.0169 	0.00113221 	1.65128 	-4.34727e-21
61.0871 	0.00113221 	1.65128 	-4.34727e-21
61.1572 	0.00113221 	1.65128 	-4.34727e-21
61.2273 	0.00113221 	1.65128 	-4.34727e-21
61.2975 	0.00113221 	1.65128 	-4.34727e-21
61.3676 	0.00113221 	1.65128 	-4.34727e-21
61.4377 	0.00113221 	1.65128 	-4.34727e-21
61.5079 	0.00113221 	1.65128 	-4.34727e-21
61.578 	0.00113221 	1.65128 	-4.34727e-21
61.6481 	0.00390124 	1.6206 	-3.26581e-20
61.7183 	0.00390124 	1.6206 	-3.26581e-20
61.7884 	0.00302343 	1.5721 	-3.48154e-20
61.8585 	0.00302343 	1.5721 	-3.48154e-20
61.9287 	0.00302343 	1.5721 	-3.48154e-20
61.9988 	0.00302343 	1.5721 	-3.48154e-20
62.0689 	0.00302343 	1.5721 	-3.48154e-20
62.1391 	0.00302343 	1.5721 	-3.48154e-20
62.2092 	-0.0201133 	2.02514 	0
62.2793 	-0.0201133 	2.02514 	0
62.3495 	-0.0201133 	2.02514 	0
62.4196 	-0.0201133 	2.02514 	0
62.4897 	-0.0201133 	2.02514 	0
62.5599 	-0.0201133 	2.02514 	0
62.63 	-0.0201133 	2.02514 	0
62.7001 	-0.0201133 	2.02514 	0
62.7703 	-0.0201133 	2.02514 	0
62.8404 	-0.0201133 	2.02514 	0
62.9105 	-0.0201133 	2.02514 	0
62.9807 	-0.0201133 	2.02514 	0
63.0508 	-0.0201133 	2.02514 	0
63.121 	-0.0201133 	2.02514 	0
63.1911 	-0.0201133 	2.02514 	0
63.2612 	-0.0201133 	2.02514 	0
63.3314 	-0.0201133 	2.02514 	0
63.4015 	-0.0201133 	2.02514 	0
63.4716 	-0.0201133 	2.02514 	0
63.5418 	-0.0201133 	2.02514 	0
63.6119 	-0.0201133 	2.02514 	0
63.682 	-0.0201133 	2.02514 	0
63.7522 	-0.0201133 	2.02514 	0
63.8223 	-0.0201133 	2.02514 	0
63.8924 	-0.0201133 	2.02514 	0
63.9626 	-0.0201133 	2.02514 	0
64.0327 	-0.0201133 	2.02514 	0
64.1028 	-0.0201133 	2.02514 	0
64.173 	-0.0240102 	2.01769 	7.01032e-22
64.2431 	-0.0240102 	2.01769 	7.01032e-22
64.3132 	-0.0240102 	2.01769 	7.01032e-22
64.3834 	-0.0240102 	2.01769 	7.01032e-22
64.4535 	-0.0240102 	2.01769 	7.01032e-22
64.5236 	-0.0240102 	2.01769 	7.01032e-22
64.5938 	-0.0240102 	2.01769 	7.01032e-22
64.6639 	-0.0240102 	2.01769 	7.01032e-22
64.734 	-0.0240102 	2.01769 	7.01032e-22
64.8042 	-0.0240102 	2.01769 	7.01032e-22
64.8743 	-0.014151 	2.01212 	0
64.9444 	-0.014151 	2.01212 	0
65.0146 	-0.014151 	2.01212 	0
65.0847 	-0.014151 	2.01212 	0
65.1548 	-0.014151 	2.01212 	0
65.225 	-0.014151 	2.01212 	0
65.2951 	-0.014151 	2.01212 	0
65.3653 	-0.014151 	2.01212 	0
65.4354 	-0.014151 	2.01212 	0
65.5055 	-0.014151 	2.01212 	0
65.5757 	-0.014151 	2.01212 	0
65.6458 	-0.014151 	2.01212 	0
65.7159 	-0.014151 	2.01212 	0
65.7861 	-0.014151 	2.01212 	0
65.8562 	-0.014151 	2.01212 	0
65.9263 	-0.014151 	2.01212 	0
65.9965 	-0.014151 	2.01212 	0
66.0666 	-0.014151 	2.01212 	0
66.1367 	-0.014151 	2.01212 	0
66.2069 	-0.014151 	2.01212 	0
66.277 	-0.014151 	2.01212 	0
66.3471 	-0.014151 	2.01212 	0
66.4173 	-0.014151 	2.01212 	0
66.4874 	-0.014151 	2.01212 	0
66.5575 	-0.014151 	2.01212 	0
66.6277 	-0.014151 	2.01212 	0
66.6978 	-0.014151 	2.01212 	0
66.7679 	-0.014151 	2.01212 	0
66.8381 	-0.014151 	2.01212 	0
66.9082 	-0.014151 	2.01212 	0
66.9783 	-0.0291534 	1.73747 	0
67.0485 	-0.0291534 	1.73747 	0
67.1186 	-0.0291534 	1.73747 	0
67.1887 	-0.0291534 	1.73747 	0
67.2589 	-0.0291534 	1.73747 	0
67.329 	-0.0291534 	1.73747 	0
67.3991 	-0.0306249 	1.69472 	0
67.4693 	-0.0306249 	1.69472 	0
67.5394 	-0.0256107 	1.98675 	0
67.6096 	-0.0256107 	1.98675 	0
67.6797 	-0.0256107 	1.98675 	0
67.7498 	-0.0256107 	1.98675 	0
67.82 	-0.0256107 	1.98675 	0
67.8901 	-0.0256107 	1.98675 	0
67.9602 	-0.0256107 	1.98675 	0
68.0304 	-0.0256107 	1.98675 	0
68.1005 	-0.0256107 	1.98675 	0
68.1706 	-0.0256107 	1.98675 	0
68.2408 	-0.0256107 	1.98675 	0
68.3109 	-0.0256107 	1.98675 	0
68.381 	-0.0256107 	1.98675 	0
68.4512 	-0.0256107 	1.98675 	0
68.5213 	-0.0256107 	1.98675 	0
68.5914 	-0.0256107 	1.98675 	0
68.6616 	-0.0256107 	1.98675 	0
68.7317 	-0.0256107 	1.98675 	0
68.8018 	-0.0256107 	1.98675 	0
68.872 	-0.0256107 	1.98675 	0
68.9421 	-0.0256107 	1.98675 	0
69.0122 	-0.0256107 	1.98675 	0
