0.490941 	1.12323
0.561075 	1.12323
0.63121 	1.12323
0.701344 	1.12323
0.771478 	1.12323
0.841613 	1.12323
0.911747 	1.12323
0.981881 	1.12323
1.05202 	1.12323
1.12215 	1.12323
1.19228 	1.12323
1.26242 	1.0971
1.33255 	1.0971
1.40269 	1.0971
1.47282 	1.0971
1.54296 	1.0971
1.61309 	1.0971
1.68323 	1.0971
1.75336 	1.0971
1.82349 	1.04727
1.89363 	1.04727
1.96376 	1.04727
2.0339 	1.04727
2.10403 	1.04727
2.17417 	1.04727
2.2443 	1.04727
2.31443 	1.04727
2.38457 	1.04727
2.4547 	1.04727
2.52484 	1.04727
2.59497 	1.01253
2.66511 	1.01253
2.73524 	1.01253
2.80538 	1.01253
2.87551 	1.01253
2.94564 	1.01253
3.01578 	1.01253
3.08591 	1.01253
3.15605 	1.01253
3.22618 	1.01253
3.29632 	0.98017
3.36645 	0.98017
3.43659 	0.98017
3.50672 	0.98017
3.57685 	0.98017
3.64699 	0.98017
3.71712 	0.98017
3.78726 	0.98017
3.85739 	0.98017
3.92753 	0.98017
3.99766 	0.98017
4.06779 	0.962055
4.13793 	0.962055
4.20806 	0.962055
4.2782 	0.962055
4.34833 	0.962055
4.41847 	0.962055
4.4886 	0.937167
4.55874 	0.937167
4.62887 	0.937167
4.699 	0.937167
4.76914 	0.937167
4.83927 	0.937167
4.90941 	0.937167
4.97954 	0.937167
5.04968 	0.937167
5.11981 	0.937167
5.18994 	0.914787
5.26008 	0.914787
5.33021 	0.914787
5.40035 	0.914787
5.47048 	0.914787
5.54062 	0.914787
5.61075 	0.914787
5.68089 	0.885942
5.75102 	0.885942
5.82115 	0.885942
5.89129 	0.885942
5.96142 	0.885942
6.03156 	0.885942
6.10169 	0.885942
6.17183 	0.885942
6.24196 	0.885942
6.3121 	0.857395
6.38223 	0.857395
6.45236 	0.857395
6.5225 	0.857395
6.59263 	0.857395
6.66277 	0.857395
6.7329 	0.857395
6.80304 	0.857395
6.87317 	0.831215
6.9433 	0.831215
7.01344 	0.831215
7.08357 	0.831215
7.15371 	0.831215
7.22384 	0.831215
7.29398 	0.831215
7.36411 	0.831215
7.43425 	0.831215
7.50438 	0.799519
7.57451 	0.799519
7.64465 	0.799519
7.71478 	0.799519
7.78492 	0.799519
7.85505 	0.799519
7.92519 	0.799519
7.99532 	0.799519
8.06545 	0.781195
8.13559 	0.781195
8.20572 	0.781195
8.27586 	0.781195
8.34599 	0.781195
8.41613 	0.781195
8.48626 	0.781195
8.5564 	0.781195
8.62653 	0.781195
8.69666 	0.747984
8.7668 	0.747984
8.83693 	0.747984
8.90707 	0.747984
8.9772 	0.747984
9.04734 	0.747984
9.11747 	0.747984
9.18761 	0.747984
9.25774 	0.717196
9.32787 	0.717196
9.39801 	0.717196
9.46814 	0.717196
9.53828 	0.717196
9.60841 	0.717196
9.67855 	0.717196
9.74868 	0.717196
9.81881 	0.701056
9.88895 	0.701056
9.95908 	0.701056
10.0292 	0.701056
10.0994 	0.701056
10.1695 	0.701056
10.2396 	0.701056
10.3098 	0.701056
10.3799 	0.701056
10.45 	0.701056
10.5202 	0.701056
10.5903 	0.701056
10.6604 	0.722319
10.7306 	0.67035
10.8007 	0.67035
10.8708 	0.67035
10.941 	0.67035
11.0111 	0.67035
11.0812 	0.67035
11.1514 	0.67035
11.2215 	0.67035
11.2916 	0.67035
11.3618 	0.67035
11.4319 	0.67035
11.502 	0.67035
11.5722 	0.67035
11.6423 	0.67035
11.7124 	0.677604
11.7826 	0.618295
11.8527 	0.618295
11.9228 	0.618295
11.993 	0.618295
12.0631 	0.618295
12.1332 	0.618295
12.2034 	0.524055
12.2735 	0.524055
12.3437 	0.524055
12.4138 	0.524055
12.4839 	0.524055
12.5541 	0.524055
12.6242 	0.524055
12.6943 	0.524055
12.7645 	0.524055
12.8346 	0.411974
12.9047 	0.399094
12.9749 	0.399094
13.045 	0.399094
13.1151 	0.399094
13.1853 	0.399094
13.2554 	0.399094
13.3255 	0.399094
13.3957 	0.622637
13.4658 	0.622637
13.5359 	0.622637
13.6061 	0.622637
13.6762 	0.622637
13.7463 	0.622637
13.8165 	0.700512
13.8866 	0.916921
13.9567 	0.916921
14.0269 	0.336065
14.097 	0.336065
14.1671 	0.336065
14.2373 	0.336065
14.3074 	0.336065
14.3776 	0.336065
14.4477 	0.336065
14.5178 	0.336065
14.588 	0.336065
14.6581 	0.336065
14.7282 	0.336065
14.7984 	0.336065
14.8685 	0.336065
14.9386 	0.163386
15.0088 	0.163386
15.0789 	0.163386
15.149 	0.163386
15.2192 	0.163386
15.2893 	-0.342515
15.3594 	-0.342515
15.4296 	-0.342515
15.4997 	-0.342515
15.5698 	-0.342515
15.64 	-0.342515
15.7101 	-0.831469
15.7802 	-0.831469
15.8504 	-0.721666
15.9205 	-0.721666
15.9906 	-0.721666
16.0608 	-0.721666
16.1309 	-0.721666
16.201 	-0.721666
16.2712 	-0.721666
16.3413 	-0.721666
16.4114 	-0.721666
16.4816 	-0.721666
16.5517 	-0.721666
16.6219 	-0.721666
16.692 	-0.721666
16.7621 	-0.721666
16.8323 	-0.266831
16.9024 	-0.266831
16.9725 	-0.266831
17.0427 	-0.266831
17.1128 	-0.266831
17.1829 	-0.266831
17.2531 	-0.266831
17.3232 	-0.266831
17.3933 	-0.266831
17.4635 	-0.266831
17.5336 	-0.169033
17.6037 	-0.169033
17.6739 	-0.169033
17.744 	-0.259914
17.8141 	-0.259914
17.8843 	-0.259914
17.9544 	-0.259914
18.0245 	-0.259914
18.0947 	-0.259914
18.1648 	-0.259914
18.2349 	-0.259914
18.3051 	-0.259914
18.3752 	0.0277442
18.4453 	0.0277442
18.5155 	0.0277442
18.5856 	0.0277442
18.6557 	0.0277442
18.7259 	0.0277442
18.796 	0.0277442
18.8662 	0.0861191
18.9363 	0.0861191
19.0064 	0.0861191
19.0766 	0.0861191
19.1467 	0.0861191
19.2168 	0.0861191
19.287 	0.0861191
19.3571 	0.0861191
19.4272 	0.0861191
19.4974 	0.0861191
19.5675 	0.0861191
19.6376 	0.0861191
19.7078 	0.0861191
19.7779 	0.231116
19.848 	0.231116
19.9182 	0.231116
19.9883 	0.231116
20.0584 	0.231116
20.1286 	0.231116
20.1987 	0.231116
20.2688 	0.224641
20.339 	0.224641
20.4091 	0.224641
20.4792 	0.224641
20.5494 	0.224641
20.6195 	0.224641
20.6896 	0.224641
20.7598 	0.224641
20.8299 	0.224641
20.9 	0.224641
20.9702 	0.224641
21.0403 	0.224641
21.1105 	0.224641
21.1806 	0.224641
21.2507 	0.224641
21.3209 	0.224641
21.391 	0.224641
21.4611 	0.239982
21.5313 	0.239982
21.6014 	0.239982
21.6715 	0.13394
21.7417 	0.13394
21.8118 	0.13394
21.8819 	0.13394
21.9521 	0.13394
22.0222 	-0.00119608
22.0923 	-0.00119608
22.1625 	-0.00119608
22.2326 	-0.00119608
22.3027 	-0.00119608
22.3729 	-0.00119608
22.443 	-0.00119608
22.5131 	-0.00119608
22.5833 	-0.00119608
22.6534 	-0.00119608
22.7235 	-0.00119608
22.7937 	-0.00119608
22.8638 	-0.00119608
22.9339 	-0.00119608
23.0041 	-0.00119608
23.0742 	-0.00119608
23.1443 	-0.00119608
23.2145 	-0.00119608
23.2846 	-0.00119608
23.3548 	-0.00119608
23.4249 	-0.00119608
23.495 	0.189217
23.5652 	0.189217
23.6353 	0.189217
23.7054 	0.189217
23.7756 	0.189217
23.8457 	0.189217
23.9158 	0.189217
23.986 	0.318909
24.0561 	0.318909
24.1262 	0.318909
24.1964 	0.318909
24.2665 	0.318909
24.3366 	0.318909
24.4068 	0.318909
24.4769 	0.318909
24.547 	0.318909
24.6172 	0.318909
24.6873 	0.318909
24.7574 	0.318909
24.8276 	0.318909
24.8977 	0.318909
24.9678 	0.318909
25.038 	0.318909
25.1081 	0.318909
25.1782 	0.266185
25.2484 	0.266185
25.3185 	0.266185
25.3886 	0.266185
25.4588 	0.266185
25.5289 	0.266185
25.5991 	0.266185
25.6692 	0.266185
25.7393 	0.266185
25.8095 	0.266185
25.8796 	0.266185
25.9497 	0.266185
26.0199 	0.266185
26.09 	0.266185
26.1601 	0.266185
26.2303 	0.171518
26.3004 	0.171518
26.3705 	0.171518
26.4407 	0.171518
26.5108 	0.171518
26.5809 	0.171518
26.6511 	0.171518
26.7212 	0.171518
26.7913 	0.171518
26.8615 	0.171518
26.9316 	0.171518
27.0017 	0.171518
27.0719 	0.171518
27.142 	0.171518
27.2121 	0.171518
27.2823 	0.171518
27.3524 	0.109285
27.4225 	0.109285
27.4927 	0.109285
27.5628 	0.109285
27.6329 	0.109285
27.7031 	0.109285
27.7732 	0.109285
27.8434 	0.109285
27.9135 	0.109285
27.9836 	0.109285
28.0538 	0.109285
28.1239 	0.109285
28.194 	0.109285
28.2642 	0.109285
28.3343 	0.109285
28.4044 	0.109285
28.4746 	0.109285
28.5447 	0.109285
28.6148 	0.109285
28.685 	0.109285
28.7551 	0.109285
28.8252 	0.109285
28.8954 	0.109285
28.9655 	0.0589114
29.0356 	0.0589114
29.1058 	0.0589114
29.1759 	0.0589114
29.246 	0.0589114
29.3162 	0.0589114
29.3863 	0.0589114
29.4564 	0.0589114
29.5266 	0.0589114
29.5967 	0.0589114
29.6668 	0.0589114
29.737 	0.0589114
29.8071 	0.0589114
29.8773 	0.0589114
29.9474 	0.0589114
30.0175 	0.0589114
30.0877 	0.0589114
30.1578 	0.0589114
30.2279 	0.0589114
30.2981 	0.0589114
30.3682 	0.0589114
30.4383 	0.0589114
30.5085 	0.0589114
30.5786 	0.0589114
30.6487 	0.0589114
30.7189 	0.0589114
30.789 	0.0545419
30.8591 	0.0545419
30.9293 	0.0545419
30.9994 	0.0545419
31.0695 	0.0545419
31.1397 	0.0545419
31.2098 	0.0545419
31.2799 	0.0545419
31.3501 	0.0545419
31.4202 	0.0545419
31.4903 	0.0545419
31.5605 	0.0545419
31.6306 	0.0545419
31.7007 	0.0545419
31.7709 	0.0545419
31.841 	0.0545419
31.9111 	0.0545419
31.9813 	0.0545419
32.0514 	0.0545419
32.1216 	0.0545419
32.1917 	0.0545419
32.2618 	0.0545419
32.332 	0.0545419
32.4021 	0.0545419
32.4722 	0.0545419
32.5424 	0.0545419
32.6125 	0.0545419
32.6826 	0.0545419
32.7528 	0.0545419
32.8229 	0.0545419
32.893 	0.0545419
32.9632 	0.0545419
33.0333 	0.0545419
33.1034 	0.0545419
33.1736 	0.0545419
33.2437 	0.0545419
33.3138 	0.0545419
33.384 	0.0545419
33.4541 	0.0545419
33.5242 	0.0545419
33.5944 	0.0545419
33.6645 	0.0545419
33.7346 	0.0138566
33.8048 	0.0138566
33.8749 	0.0138566
33.945 	0.0138566
34.0152 	0.0138566
34.0853 	0.0138566
34.1554 	0.012657
34.2256 	0.012657
34.2957 	0.012657
34.3659 	0.012657
34.436 	0.012657
34.5061 	0.012657
34.5763 	0.012657
34.6464 	0.012657
34.7165 	0.208813
34.7867 	0.208813
34.8568 	0.208813
34.9269 	0.208813
34.9971 	0.208813
35.0672 	0.208813
35.1373 	0.208813
35.2075 	0.208813
35.2776 	0.208813
35.3477 	0.208813
35.4179 	0.208813
35.488 	0.208813
35.5581 	0.208813
35.6283 	0.208813
35.6984 	0.208813
35.7685 	0.208813
35.8387 	0.208813
35.9088 	0.208813
35.9789 	0.208813
36.0491 	0.18088
36.1192 	0.18088
36.1893 	0.18088
36.2595 	0.18088
36.3296 	0.18088
36.3997 	0.18088
36.4699 	0.18088
36.54 	0.18088
36.6102 	0.18088
36.6803 	0.18088
36.7504 	0.18088
36.8206 	0.18088
36.8907 	0.0533585
36.9608 	0.0533585
37.031 	0.0533585
37.1011 	0.0533585
37.1712 	0.0533585
37.2414 	0.0533585
37.3115 	0.0533585
37.3816 	0.0533585
37.4518 	0.0533585
37.5219 	0.0533585
37.592 	0.0533585
37.6622 	0.0533585
37.7323 	0.0533585
37.8024 	0.0533585
37.8726 	0.0533585
37.9427 	0.0533585
38.0128 	0.0533585
38.083 	0.0533585
38.1531 	0.0533585
38.2232 	0.0767917
38.2934 	0.0767917
38.3635 	0.0767917
38.4336 	0.0767917
38.5038 	0.0767917
38.5739 	0.0767917
38.644 	0.0767917
38.7142 	0.0767917
38.7843 	0.0767917
38.8545 	0.0767917
38.9246 	0.0767917
38.9947 	0.0767917
39.0649 	0.0767917
39.135 	0.0767917
39.2051 	0.0379403
39.2753 	0.0379403
39.3454 	0.0379403
39.4155 	0.0379403
39.4857 	0.0379403
39.5558 	0.0379403
39.6259 	0.0379403
39.6961 	0.0379403
39.7662 	0.0379403
39.8363 	0.0379403
39.9065 	0.0379403
39.9766 	0.0379403
40.0467 	0.0379403
40.1169 	0.0379403
40.187 	0.0379403
40.2571 	0.0379403
40.3273 	0.0379403
40.3974 	0.0379403
40.4675 	0.0379403
40.5377 	0.0379403
40.6078 	0.0379403
40.6779 	0.0237442
40.7481 	0.0237442
40.8182 	0.0237442
40.8883 	0.0237442
40.9585 	0.0237442
41.0286 	0.0237442
41.0988 	0.0237442
41.1689 	0.0237442
41.239 	0.0226123
41.3092 	0.0226123
41.3793 	0.0226123
41.4494 	0.0226123
41.5196 	0.0226123
41.5897 	0.0226123
41.6598 	0.0226123
41.73 	0.0226123
41.8001 	0.0226123
41.8702 	0.0226123
41.9404 	0.0226123
42.0105 	0.0226123
42.0806 	0.0226123
42.1508 	0.0226123
42.2209 	0.0226123
42.291 	0.0226123
42.3612 	0.0226123
42.4313 	0.0226123
42.5014 	0.0226123
42.5716 	0.0226123
42.6417 	0.0226123
42.7118 	0.00930461
42.782 	0.00930461
42.8521 	0.00930461
42.9222 	0.00930461
42.9924 	0.0256246
43.0625 	0.0256246
43.1327 	0.0256246
43.2028 	0.0256246
43.2729 	0.0256246
43.3431 	0.0256246
43.4132 	0.0256246
43.4833 	0.0256246
43.5535 	0.0256246
43.6236 	0.0256246
43.6937 	0.0256246
43.7639 	0.0256246
43.834 	0.0256246
43.9041 	0.0256246
43.9743 	0.0256246
44.0444 	0.0256246
44.1145 	0.0256246
44.1847 	0.0256246
44.2548 	0.0256246
44.3249 	0.0256246
44.3951 	0.0256246
44.4652 	0.0256246
44.5353 	0.0256246
44.6055 	0.0256246
44.6756 	0.0256246
44.7457 	0.0256246
44.8159 	0.00790807
44.886 	0.00790807
44.9561 	0.00790807
45.0263 	0.00790807
45.0964 	0.00790807
45.1665 	0.00790807
45.2367 	0.00790807
45.3068 	0.00790807
45.377 	0.00790807
45.4471 	0.00790807
45.5172 	0.00790807
45.5874 	0.00790807
45.6575 	0.00790807
45.7276 	0.00790807
45.7978 	0.00790807
45.8679 	0.00790807
45.938 	0.00790807
46.0082 	0.00790807
46.0783 	0.00790807
46.1484 	0.00790807
46.2186 	0.00790807
46.2887 	0.00790807
46.3588 	0.00790807
46.429 	0.00790807
46.4991 	0.00790807
46.5692 	0.00790807
46.6394 	-0.0207811
46.7095 	-0.0207811
46.7796 	-0.0207811
46.8498 	-0.0207811
46.9199 	-0.0207811
46.99 	-0.0207811
47.0602 	-0.0207811
47.1303 	-0.0207811
47.2004 	-0.0207811
47.2706 	-0.0207811
47.3407 	-0.0207811
47.4108 	-0.0207811
47.481 	-0.0222353
47.5511 	-0.0222353
47.6213 	-0.0222353
47.6914 	-0.0222353
47.7615 	-0.0222353
47.8317 	-0.0222353
47.9018 	-0.0222353
47.9719 	-0.0222353
48.0421 	-0.0222353
48.1122 	-0.0222353
48.1823 	-0.0222353
48.2525 	-0.0222353
48.3226 	-0.0222353
48.3927 	-0.0222353
48.4629 	-0.0222353
48.533 	-0.0222353
48.6031 	-0.0222353
48.6733 	-0.0222353
48.7434 	-0.0300206
48.8135 	-0.0300206
48.8837 	-0.0300206
48.9538 	-0.0300206
49.0239 	-0.0300206
49.0941 	-0.0300206
49.1642 	-0.0300206
49.2343 	-0.0300206
49.3045 	-0.0300206
49.3746 	-0.0300206
49.4447 	-0.0300206
49.5149 	-0.0300206
49.585 	-0.0300206
49.6551 	-0.0300206
49.7253 	-0.0300206
49.7954 	-0.0300206
49.8656 	-0.0300206
49.9357 	-0.0300206
50.0058 	-0.0300206
50.076 	-0.0300206
50.1461 	-0.0300206
50.2162 	-0.0300206
50.2864 	-0.0300206
50.3565 	-0.0300206
50.4266 	-0.0300206
50.4968 	0.00101969
50.5669 	0.00101969
50.637 	0.00101969
50.7072 	0.00101969
50.7773 	0.00101969
50.8474 	0.00101969
50.9176 	0.00101969
50.9877 	-0.00708609
51.0578 	-0.00708609
51.128 	-0.0113703
51.1981 	-0.0113703
51.2682 	-0.0113703
51.3384 	-0.0113703
51.4085 	-0.0113703
51.4786 	-0.0113703
51.5488 	-0.0113703
51.6189 	-0.0113703
51.689 	-0.0113703
51.7592 	-0.0113703
51.8293 	-0.0113703
51.8994 	-0.0113703
51.9696 	-0.0113703
52.0397 	-0.0113703
52.1099 	-0.0113703
52.18 	-0.0113703
52.2501 	-0.0113703
52.3203 	-0.0113703
52.3904 	-0.0113703
52.4605 	-0.0113703
52.5307 	-0.0113703
52.6008 	-0.0113703
52.6709 	-0.0113703
52.7411 	-0.0113703
52.8112 	-0.0113703
52.8813 	-0.0113703
52.9515 	-0.0113703
53.0216 	-0.0113703
53.0917 	-0.0113703
53.1619 	-0.0113703
53.232 	-0.0113703
53.3021 	-0.0113703
53.3723 	-0.0113703
53.4424 	-0.00526973
53.5125 	-0.00526973
53.5827 	-0.00526973
53.6528 	-0.00526973
53.7229 	-0.00526973
53.7931 	-0.00526973
53.8632 	-0.00526973
53.9333 	-0.00526973
54.0035 	-0.00526973
54.0736 	-0.00526973
54.1437 	-0.00526973
54.2139 	-0.00526973
54.284 	-0.00526973
54.3542 	-0.00225491
54.4243 	-0.00225491
54.4944 	-0.00225491
54.5646 	-0.00225491
54.6347 	-0.00225491
54.7048 	-0.00225491
54.775 	-0.00225491
54.8451 	-0.00225491
54.9152 	-0.00225491
54.9854 	-0.00225491
55.0555 	-0.00225491
55.1256 	-0.00810172
55.1958 	-0.00810172
55.2659 	-0.00810172
55.336 	-0.00810172
55.4062 	-0.00810172
55.4763 	-0.00810172
55.5464 	-0.00810172
55.6166 	-0.00810172
55.6867 	-0.00810172
55.7568 	-0.00810172
55.827 	-0.00810172
55.8971 	-0.00810172
55.9672 	-0.00810172
56.0374 	-0.00810172
56.1075 	-0.00810172
56.1776 	-0.00810172
56.2478 	-0.00810172
56.3179 	-0.00810172
56.3881 	-0.00702316
56.4582 	-0.00702316
56.5283 	-0.00702316
56.5985 	-0.00702316
56.6686 	-0.00702316
56.7387 	-0.00702316
56.8089 	-0.00702316
56.879 	-0.00702316
56.9491 	-0.0110459
57.0193 	-0.0110459
57.0894 	-0.0110459
57.1595 	-0.0110459
57.2297 	-0.0110459
57.2998 	-0.0110459
57.3699 	-0.0110459
57.4401 	-0.0110459
57.5102 	-0.0110459
57.5803 	-0.0110459
57.6505 	-0.0110459
57.7206 	-0.0110459
57.7907 	-0.0110459
57.8609 	-0.0110459
57.931 	-0.0110459
58.0011 	-0.0110459
58.0713 	-0.0110459
58.1414 	-0.0110459
58.2115 	-0.0110459
58.2817 	-0.0110459
58.3518 	-0.0110459
58.4219 	-0.0110459
58.4921 	-0.0110459
58.5622 	-0.0103752
58.6324 	-0.0103752
58.7025 	-0.0103752
58.7726 	-0.0103752
58.8428 	-0.0103752
58.9129 	-0.03702
58.983 	-0.03702
59.0532 	-0.03702
59.1233 	-0.03702
59.1934 	-0.03702
59.2636 	-0.03702
59.3337 	-0.03702
59.4038 	-0.03702
59.474 	-0.03702
59.5441 	-0.03702
59.6142 	-0.03702
59.6844 	-0.03702
59.7545 	-0.03702
59.8246 	-0.03702
59.8948 	-0.03702
59.9649 	-0.03702
60.035 	-0.03702
60.1052 	-0.03702
60.1753 	-0.03702
60.2454 	-0.03702
60.3156 	-0.03702
60.3857 	-0.03702
60.4558 	-0.03702
60.526 	-0.03702
60.5961 	-0.03702
60.6662 	-0.0333547
60.7364 	-0.0333547
60.8065 	-0.0333547
60.8767 	-0.0333547
60.9468 	-0.0333547
61.0169 	-0.0333547
61.0871 	-0.0333547
61.1572 	-0.0333547
61.2273 	-0.0333547
61.2975 	-0.0333547
61.3676 	-0.0333547
61.4377 	-0.0333547
61.5079 	-0.0333547
61.578 	-0.0333547
61.6481 	-0.0245302
61.7183 	-0.0245302
61.7884 	-0.0323326
61.8585 	-0.0323326
61.9287 	-0.0323326
61.9988 	-0.0323326
62.0689 	-0.0323326
62.1391 	-0.0323326
62.2092 	-0.0107735
62.2793 	-0.0107735
62.3495 	-0.0107735
62.4196 	-0.0107735
62.4897 	-0.0107735
62.5599 	-0.0107735
62.63 	-0.0107735
62.7001 	-0.0107735
62.7703 	-0.0107735
62.8404 	-0.0107735
62.9105 	-0.0107735
62.9807 	-0.0107735
63.0508 	-0.0107735
63.121 	-0.0107735
63.1911 	-0.0107735
63.2612 	-0.0107735
63.3314 	-0.0107735
63.4015 	-0.0107735
63.4716 	-0.0107735
63.5418 	-0.0107735
63.6119 	-0.0107735
63.682 	-0.0107735
63.7522 	-0.0107735
63.8223 	-0.0107735
63.8924 	-0.0107735
63.9626 	-0.0107735
64.0327 	-0.0107735
64.1028 	-0.0107735
64.173 	-0.00268037
64.2431 	-0.00268037
64.3132 	-0.00268037
64.3834 	-0.00268037
64.4535 	-0.00268037
64.5236 	-0.00268037
64.5938 	-0.00268037
64.6639 	-0.00268037
64.734 	-0.00268037
64.8042 	-0.00268037
64.8743 	0.00385885
64.9444 	0.00385885
65.0146 	0.00385885
65.0847 	0.00385885
65.1548 	0.00385885
65.225 	0.00385885
65.2951 	0.00385885
65.3653 	0.00385885
65.4354 	0.00385885
65.5055 	0.00385885
65.5757 	0.00385885
65.6458 	0.00385885
65.7159 	0.00385885
65.7861 	0.00385885
65.8562 	0.00385885
65.9263 	0.00385885
65.9965 	0.00385885
66.0666 	0.00385885
66.1367 	0.00385885
66.2069 	0.00385885
66.277 	0.00385885
66.3471 	0.00385885
66.4173 	0.00385885
66.4874 	0.00385885
66.5575 	0.00385885
66.6277 	0.00385885
66.6978 	0.00385885
66.7679 	0.00385885
66.8381 	0.00385885
66.9082 	0.00385885
66.9783 	0.00111887
67.0485 	0.00111887
67.1186 	0.00111887
67.1887 	0.00111887
67.2589 	0.00111887
67.329 	0.00111887
67.3991 	-0.00933591
67.4693 	-0.00933591
67.5394 	-0.0106097
67.6096 	-0.0106097
67.6797 	-0.0106097
67.7498 	-0.0106097
67.82 	-0.0106097
67.8901 	-0.0106097
67.9602 	-0.0106097
68.0304 	-0.0106097
68.1005 	-0.0106097
68.1706 	-0.0106097
68.2408 	-0.0106097
68.3109 	-0.0106097
68.381 	-0.0106097
68.4512 	-0.0106097
68.5213 	-0.0106097
68.5914 	-0.0106097
68.6616 	-0.0106097
68.7317 	-0.0106097
68.8018 	-0.0106097
68.872 	-0.0106097
68.9421 	-0.0106097
69.0122 	-0.0106097
