/*--------------------------------*- C++ -*----------------------------------*\
| =========                 |                                                 |
| \\      /  F ield         | OpenFOAM: The Open Source CFD Toolbox           |
|  \\    /   O peration     | Version:  v2012                                 |
|   \\  /    A nd           | Website:  www.openfoam.com                      |
|    \\/     M anipulation  |                                                 |
\*---------------------------------------------------------------------------*/
FoamFile
{
    version     2.0;
    format      ascii;
    class       volScalarField;
    location    "61";
    object      p;
}
// * * * * * * * * * * * * * * * * * * * * * * * * * * * * * * * * * * * * * //

dimensions      [0 2 -2 0 0 0 0];


internalField   nonuniform List<scalar> 
8800
(
0.827726
0.779676
0.7413
0.712659
0.692036
0.677284
0.666684
0.659185
0.654355
0.652305
0.653603
0.657834
0.664523
0.673877
0.686644
0.70424
0.728691
0.762307
0.804757
0.861884
0.660254
0.667461
0.6759
0.679316
0.677402
0.671879
0.665168
0.659009
0.654258
0.651413
0.651154
0.653696
0.658234
0.664252
0.671177
0.677807
0.681946
0.681437
0.675379
0.666406
0.636956
0.643133
0.647332
0.650694
0.653195
0.653994
0.652887
0.650746
0.648718
0.647824
0.648815
0.651239
0.654096
0.656331
0.656878
0.655358
0.652518
0.648887
0.644355
0.640571
0.63181
0.634511
0.637232
0.639543
0.64119
0.642518
0.643429
0.643638
0.643383
0.643364
0.644144
0.645329
0.646143
0.6461
0.64532
0.644136
0.642396
0.639903
0.637481
0.635951
0.626602
0.628024
0.629825
0.63188
0.633634
0.634941
0.635971
0.63685
0.637539
0.638155
0.638832
0.639317
0.639373
0.639043
0.638362
0.637172
0.635485
0.633613
0.632294
0.631471
0.621574
0.622488
0.623725
0.625307
0.626962
0.628489
0.629765
0.63085
0.631861
0.632806
0.633526
0.633862
0.633829
0.633417
0.632564
0.631363
0.630023
0.628764
0.627946
0.627402
0.616681
0.617346
0.618305
0.619606
0.621023
0.622499
0.623952
0.625284
0.626506
0.627654
0.628518
0.628922
0.628872
0.628386
0.627585
0.626637
0.625634
0.624719
0.624138
0.623737
0.611897
0.612409
0.61319
0.614319
0.615598
0.616981
0.618444
0.619937
0.621391
0.622768
0.623825
0.624342
0.62435
0.623983
0.623392
0.622679
0.621919
0.621242
0.620812
0.620499
0.607156
0.607564
0.608218
0.609223
0.610431
0.611763
0.613222
0.614801
0.616456
0.618102
0.619405
0.62011
0.620309
0.620164
0.619801
0.619302
0.618744
0.61826
0.617941
0.617686
0.602375
0.602708
0.603274
0.6042
0.605359
0.606678
0.60817
0.609846
0.61169
0.613628
0.61525
0.61625
0.616726
0.616837
0.616705
0.616428
0.616065
0.615741
0.615506
0.615292
0.597468
0.597744
0.598249
0.599129
0.600271
0.601614
0.603181
0.604996
0.607069
0.609343
0.611367
0.612748
0.613559
0.613959
0.614079
0.614027
0.613856
0.613673
0.613505
0.61332
0.592346
0.592577
0.593044
0.593908
0.595072
0.596484
0.598167
0.600177
0.602543
0.605233
0.607751
0.60959
0.61079
0.611523
0.611924
0.612105
0.612128
0.612073
0.611961
0.611796
0.586917
0.587114
0.587561
0.588439
0.589666
0.59119
0.593045
0.595316
0.598058
0.601271
0.604386
0.60677
0.608426
0.609537
0.610254
0.610681
0.610915
0.610981
0.610916
0.610765
0.581081
0.58125
0.581694
0.582615
0.583947
0.585635
0.587728
0.59034
0.593558
0.59742
0.60126
0.604292
0.606484
0.608032
0.609108
0.609833
0.610274
0.610456
0.610431
0.610288
0.574719
0.574864
0.575322
0.576315
0.577798
0.579709
0.582118
0.585166
0.588985
0.593642
0.59836
0.602168
0.604995
0.607055
0.608539
0.609586
0.610266
0.610571
0.610583
0.610444
0.567694
0.567815
0.5683
0.569398
0.571083
0.573288
0.5761
0.579703
0.584267
0.589899
0.595677
0.600411
0.60399
0.606654
0.608621
0.610045
0.610985
0.611415
0.611461
0.611323
0.559824
0.559924
0.560451
0.561692
0.563638
0.566212
0.56954
0.57384
0.579329
0.58615
0.593207
0.599047
0.603514
0.606889
0.609433
0.611291
0.612528
0.613091
0.613168
0.613026
0.550885
0.550987
0.551569
0.552964
0.55524
0.5583
0.562284
0.567458
0.574092
0.582367
0.590959
0.598113
0.603627
0.607837
0.611063
0.613431
0.615001
0.615704
0.61581
0.615661
0.540563
0.540646
0.541319
0.54294
0.545649
0.549327
0.55414
0.560415
0.568473
0.578522
0.588952
0.597651
0.604397
0.60959
0.613599
0.616566
0.618513
0.619363
0.619495
0.619336
0.528487
0.528555
0.529328
0.531263
0.534531
0.539003
0.544877
0.552545
0.562376
0.574587
0.587206
0.597717
0.605892
0.612229
0.617147
0.620811
0.623168
0.624167
0.624319
0.624146
0.514107
0.514165
0.515081
0.517431
0.521435
0.526954
0.534209
0.543664
0.555714
0.570553
0.58576
0.598373
0.608183
0.615835
0.621807
0.62625
0.629046
0.630187
0.630351
0.630159
0.496659
0.496705
0.497834
0.500768
0.505781
0.512714
0.521812
0.533592
0.548437
0.566458
0.584689
0.599699
0.611359
0.620489
0.62763
0.63294
0.636184
0.637447
0.63761
0.637398
0.474988
0.475033
0.476506
0.480318
0.486784
0.495708
0.507332
0.522186
0.540558
0.562402
0.584106
0.601791
0.61549
0.626252
0.634656
0.640895
0.644557
0.645902
0.646045
0.645812
0.447342
0.447407
0.449472
0.454704
0.463422
0.475277
0.490463
0.509403
0.53218
0.558537
0.584154
0.604748
0.620639
0.63314
0.642903
0.650048
0.654044
0.655404
0.655506
0.655252
0.410699
0.410868
0.414143
0.421988
0.434504
0.450842
0.471108
0.495414
0.523579
0.555135
0.585034
0.608698
0.626861
0.641157
0.652296
0.660234
0.66441
0.665691
0.665729
0.665459
0.359259
0.360253
0.366771
0.379993
0.399113
0.422378
0.449649
0.48073
0.515239
0.552563
0.58698
0.613769
0.634201
0.650223
0.662664
0.671176
0.675298
0.676397
0.676357
0.676076
0.284292
0.291608
0.306622
0.329805
0.358772
0.391306
0.427122
0.465994
0.507539
0.551124
0.590385
0.620531
0.643414
0.661336
0.675021
0.683907
0.687831
0.688725
0.688639
0.688394
0.204021
0.22083
0.245134
0.27904
0.318291
0.360226
0.40465
0.451499
0.500472
0.550998
0.596014
0.63034
0.656244
0.676425
0.691558
0.700576
0.703999
0.704624
0.704561
0.704405
0.136468
0.156424
0.188508
0.231572
0.279925
0.330725
0.38352
0.438218
0.494497
0.55177
0.60226
0.640484
0.669185
0.691316
0.707337
0.716119
0.719142
0.719683
0.719675
0.719569
0.0811163
0.102932
0.140487
0.190022
0.245544
0.303821
0.364038
0.425953
0.4891
0.552808
0.608522
0.650412
0.681661
0.705483
0.722357
0.731252
0.734161
0.73474
0.734773
0.734692
0.0351757
0.0582147
0.0995406
0.154207
0.215471
0.279912
0.346484
0.414811
0.484267
0.554028
0.614713
0.660096
0.693775
0.719263
0.737108
0.746354
0.749485
0.749981
0.750037
0.749981
-0.00378837
0.0199491
0.0641475
0.122855
0.188963
0.258655
0.33075
0.404782
0.479986
0.555383
0.620785
0.669527
0.705589
0.732725
0.751594
0.761446
0.764762
0.765294
0.765354
0.765329
-0.0378014
-0.0136114
0.0328632
0.0949139
0.165117
0.239384
0.31638
0.395551
0.476035
0.556715
0.626609
0.678583
0.71694
0.745719
0.765546
0.77604
0.779652
0.780256
0.780333
0.780327
-0.068358
-0.0437763
0.00455438
0.0694619
0.143194
0.221473
0.302869
0.386743
0.472143
0.557821
0.632008
0.687085
0.727628
0.757923
0.778729
0.789781
0.793709
0.794444
0.794518
0.794518
-0.0964339
-0.0715027
-0.0215816
0.0457852
0.122623
0.204464
0.289827
0.378019
0.468022
0.558462
0.636794
0.694862
0.737485
0.76918
0.790879
0.802445
0.806641
0.807508
0.807579
0.807576
-0.122825
-0.0975017
-0.0461132
0.0233551
0.102979
0.187998
0.276945
0.369111
0.463438
0.558459
0.640853
0.701838
0.746459
0.779476
0.801905
0.813853
0.818252
0.819188
0.819242
0.81922
-0.147916
-0.122191
-0.0695584
0.00184167
0.0839495
0.171816
0.264012
0.359841
0.458243
0.557693
0.644105
0.708003
0.754566
0.788793
0.811782
0.824024
0.828522
0.829493
0.829525
0.829481
-0.172137
-0.145897
-0.092256
-0.0189913
0.0653197
0.155738
0.250889
0.350091
0.45232
0.556058
0.646495
0.713368
0.761875
0.797238
0.820734
0.833063
0.837588
0.838543
0.838544
0.838477
-0.195622
-0.168948
-0.114226
-0.0393158
0.0469562
0.139665
0.237487
0.339785
0.445598
0.55349
0.647992
0.71796
0.768504
0.80497
0.828825
0.841132
0.845592
0.84652
0.846501
0.846413
-0.218517
-0.191345
-0.135588
-0.0592334
0.0287949
0.12355
0.223769
0.328887
0.438039
0.549933
0.64855
0.721807
0.774556
0.812174
0.83629
0.848437
0.852726
0.85357
0.853517
0.853407
-0.24094
-0.213209
-0.156457
-0.0787836
0.0108031
0.107382
0.209743
0.317409
0.429634
0.545345
0.648116
0.724914
0.780149
0.819021
0.843287
0.855095
0.859086
0.859796
0.859697
0.859568
-0.262928
-0.234548
-0.176875
-0.0979723
-0.00699585
0.0911811
0.195444
0.305381
0.4204
0.539697
0.64663
0.727245
0.785348
0.825698
0.850037
0.861262
0.864758
0.865263
0.865119
0.864982
-0.28433
-0.255338
-0.196774
-0.11678
-0.0245776
0.0750049
0.180923
0.29287
0.410387
0.533005
0.644021
0.728728
0.790159
0.832395
0.856853
0.867189
0.869876
0.870053
0.869861
0.869729
-0.305124
-0.275549
-0.216151
-0.135165
-0.0418921
0.0589062
0.166266
0.279947
0.399669
0.525287
0.640233
0.729243
0.794509
0.839236
0.864159
0.873406
0.874764
0.874268
0.873987
0.873911
-0.32538
-0.295148
-0.234984
-0.153104
-0.0588818
0.0429637
0.151556
0.26671
0.388329
0.5166
0.635211
0.728642
0.798223
0.846166
0.872355
0.880815
0.880309
0.878316
0.877631
0.877818
-0.34493
-0.314122
-0.253217
-0.170538
-0.0754925
0.027258
0.136884
0.253267
0.376479
0.507034
0.628934
0.726749
0.801031
0.852848
0.881463
0.890445
0.888468
0.884052
0.881446
0.881086
-0.363865
-0.332469
-0.270867
-0.187499
-0.0917574
0.0117487
0.122198
0.239561
0.364052
0.496519
0.621264
0.723292
0.802642
0.858775
0.890869
0.902614
0.901661
0.894951
0.886466
0.87771
-0.382114
-0.350171
-0.288059
-0.204186
-0.10796
-0.00388932
0.10709
0.225121
0.350524
0.484435
0.611572
0.717506
0.802548
0.863288
0.89893
0.915235
0.916021
0.904256
0.883943
0.878227
-0.399503
-0.367241
-0.304616
-0.220415
-0.123784
-0.019336
0.0917755
0.210267
0.336193
0.471029
0.59992
0.70884
0.799926
0.865223
0.901507
0.917859
0.921129
0.895897
0.830171
0.801406
-0.415566
-0.384951
-0.320162
-0.235706
-0.138401
-0.0340805
0.0765661
0.195251
0.321306
0.456445
0.586277
0.69691
0.793447
0.863776
0.893921
0.904852
0.89219
0.837211
0.768769
0.727354
-0.465061
-0.401545
-0.33424
-0.251002
-0.153148
-0.0494097
0.0614869
0.179847
0.305541
0.440252
0.570065
0.681142
0.779115
0.855895
0.866004
0.86093
0.81006
0.739427
0.662773
0.620509
-0.432126
-0.415325
-0.355375
-0.27106
-0.175438
-0.0718222
0.0381562
0.155829
0.280503
0.413722
0.541671
0.651135
0.740653
0.823802
0.809519
0.694306
0.590104
0.516836
0.443958
0.475094
-0.46318
-0.43314
-0.371971
-0.288598
-0.192836
-0.0893189
0.0208596
0.137877
0.261485
0.392912
0.518093
0.62362
0.703191
0.74818
0.698673
0.5487
0.422547
0.332137
0.235134
0.284916
-0.486728
-0.454293
-0.391437
-0.307971
-0.212127
-0.108677
0.00139091
0.117572
0.23977
0.368771
0.490141
0.589436
0.65966
0.668445
0.561138
0.390559
0.241229
0.124537
-0.00268861
0.0325525
-0.509781
-0.475986
-0.411831
-0.327499
-0.23161
-0.128324
-0.018783
0.0964178
0.216995
0.343167
0.45974
0.551031
0.605748
0.582603
0.423333
0.230091
0.0462327
-0.116661
-0.299883
-0.30934
-0.532338
-0.498087
-0.433034
-0.347965
-0.25194
-0.14889
-0.0400112
0.0740753
0.192764
0.315703
0.426745
0.510136
0.544727
0.484952
0.292117
0.083156
-0.126374
-0.303801
-0.548861
-0.80876
-0.555224
-0.520933
-0.455363
-0.369815
-0.273611
-0.170736
-0.0624527
0.0504838
0.167172
0.28662
0.391803
0.46653
0.479395
0.368633
0.177118
-0.03396
-0.236974
-0.40056
-0.477917
-0.584675
-0.5794
-0.54499
-0.47914
-0.393354
-0.297112
-0.194507
-0.0869152
0.0246961
0.139055
0.254486
0.353399
0.416793
0.404506
0.259338
0.0739369
-0.120616
-0.287811
-0.379265
-0.402542
-0.418735
-0.605127
-0.570565
-0.504526
-0.41866
-0.322569
-0.220412
-0.113754
-0.00377448
0.107828
0.218573
0.310751
0.359571
0.328895
0.157261
-0.0199916
-0.189829
-0.317905
-0.356622
-0.368612
-0.369838
-0.632613
-0.59782
-0.53158
-0.445731
-0.349931
-0.248452
-0.142987
-0.0349763
0.0734281
0.178872
0.263455
0.297313
0.245297
0.0632839
-0.105033
-0.255639
-0.332436
-0.349822
-0.350746
-0.350519
-0.661913
-0.626814
-0.56032
-0.474564
-0.379213
-0.278615
-0.174616
-0.0689228
0.0358686
0.135467
0.211485
0.232938
0.145269
-0.0224572
-0.182615
-0.305023
-0.342544
-0.340507
-0.340021
-0.339429
-0.69273
-0.657371
-0.59064
-0.505067
-0.410324
-0.310842
-0.208609
-0.105586
-0.00480757
0.0884782
0.155763
0.160352
0.0541542
-0.10215
-0.243995
-0.319439
-0.330211
-0.332933
-0.333452
-0.333202
-0.724518
-0.689018
-0.622292
-0.537004
-0.443072
-0.344972
-0.244809
-0.144836
-0.0484071
0.0382631
0.0968659
0.0866325
-0.0283173
-0.170105
-0.286811
-0.325773
-0.329757
-0.329582
-0.329193
-0.32892
-0.75679
-0.721167
-0.654828
-0.569968
-0.477108
-0.380677
-0.28293
-0.186387
-0.0946492
-0.0144255
0.0336038
0.0159157
-0.103729
-0.225441
-0.315743
-0.327145
-0.325467
-0.326195
-0.326395
-0.32615
-0.788661
-0.753101
-0.687302
-0.603376
-0.511877
-0.417472
-0.32251
-0.229752
-0.143103
-0.0688703
-0.0311444
-0.0492576
-0.169749
-0.267985
-0.320245
-0.330639
-0.32809
-0.326659
-0.325895
-0.325592
-0.818535
-0.783714
-0.718743
-0.636268
-0.546592
-0.454647
-0.362882
-0.274229
-0.193
-0.124548
-0.0907717
-0.120446
-0.222882
-0.310285
-0.319886
-0.328622
-0.328795
-0.326048
-0.324909
-0.324426
-0.844776
-0.811062
-0.748064
-0.667413
-0.580187
-0.491245
-0.403165
-0.318943
-0.243176
-0.180774
-0.147325
-0.186684
-0.264558
-0.33453
-0.363913
-0.346498
-0.332583
-0.325919
-0.324237
-0.323561
-0.865254
-0.833224
-0.773118
-0.695408
-0.611356
-0.526083
-0.442243
-0.362836
-0.292441
-0.236365
-0.205116
-0.241358
-0.289041
-0.339453
-0.380872
-0.359833
-0.343839
-0.338616
-0.33697
-0.335674
-0.877684
-0.848342
-0.791951
-0.718302
-0.638558
-0.557791
-0.478852
-0.404658
-0.339715
-0.289864
-0.260408
-0.290561
-0.297144
-0.293941
-0.30739
-0.358035
-0.388924
-0.394268
-0.389684
-0.388746
-0.879347
-0.854023
-0.802589
-0.734244
-0.660034
-0.584925
-0.511559
-0.443064
-0.383793
-0.3402
-0.307545
-0.348274
-0.353414
-0.298579
-0.335744
-0.393877
-0.416391
-0.417951
-0.417094
-0.418251
-0.86814
-0.847673
-0.802834
-0.74158
-0.674239
-0.605851
-0.538946
-0.476529
-0.423205
-0.385573
-0.353303
-0.414533
-0.528743
-0.592289
-0.555262
-0.490503
-0.448785
-0.432756
-0.428697
-0.427725
-0.841694
-0.826332
-0.790807
-0.739024
-0.680136
-0.619496
-0.559614
-0.503374
-0.455818
-0.423259
-0.395048
-0.461435
-0.601982
-0.860609
-0.760051
-0.541957
-0.437045
-0.403858
-0.392138
-0.387694
-0.802676
-0.792747
-0.767236
-0.726706
-0.677643
-0.625521
-0.572665
-0.522263
-0.478799
-0.4507
-0.42603
-0.392843
-0.311558
-0.312792
-0.314256
-0.273554
-0.25917
-0.255423
-0.252754
-0.249752
-0.757829
-0.75218
-0.736934
-0.707393
-0.668676
-0.624629
-0.578407
-0.532288
-0.490765
-0.459582
-0.427042
-0.279729
-0.00486487
0.310255
0.327749
0.123171
-0.056695
-0.140452
-0.160609
-0.163733
-0.71689
-0.713507
-0.706086
-0.686499
-0.656231
-0.619072
-0.578071
-0.53472
-0.49217
-0.455552
-0.42816
-0.32854
-0.21515
-0.0564611
-0.144364
-0.392786
-0.475242
-0.452878
-0.42282
-0.438265
-0.686799
-0.684663
-0.680781
-0.668632
-0.64477
-0.612398
-0.574175
-0.531597
-0.485828
-0.446299
-0.415622
-0.468994
-0.796793
-1.43578
-1.99902
-2.19936
-2.11224
-1.87284
-1.66845
-1.55243
-0.66388
-0.663043
-0.661726
-0.655586
-0.637162
-0.607319
-0.569388
-0.52451
-0.475181
-0.420466
-0.379689
-0.40942
-0.707775
-1.09402
-1.43433
-1.48792
-1.30479
-1.04892
-0.861468
-0.770671
-0.650609
-0.650297
-0.649659
-0.646775
-0.633316
-0.604637
-0.564433
-0.516368
-0.459033
-0.388799
-0.327128
-0.263431
-0.226479
-0.123566
0.0264622
0.219119
0.496948
0.696728
0.801909
0.840508
-0.641729
-0.641444
-0.64066
-0.639544
-0.631531
-0.604575
-0.561732
-0.50836
-0.443136
-0.365425
-0.26646
-0.150565
0.0362657
0.411763
0.854454
1.2922
1.63112
1.81673
1.89164
1.9103
-0.637746
-0.637434
-0.636683
-0.636374
-0.632421
-0.608112
-0.561635
-0.502172
-0.430845
-0.336996
-0.222329
-0.102077
0.141852
0.578397
1.0654
1.5061
1.82858
1.99533
2.05653
2.06914
-0.63634
-0.637106
-0.639177
-0.642011
-0.640322
-0.61428
-0.564552
-0.501636
-0.422935
-0.322345
-0.208451
-0.0884347
0.101211
0.502869
0.913636
1.27581
1.53452
1.66571
1.70978
1.71777
-0.63111
-0.632188
-0.634014
-0.635521
-0.633991
-0.612193
-0.570135
-0.507969
-0.424085
-0.322353
-0.211199
-0.102629
0.0392643
0.351664
0.658534
0.91649
1.09498
1.17988
1.20853
1.21337
-0.643631
-0.64193
-0.629338
-0.600492
-0.584873
-0.595476
-0.582551
-0.522179
-0.43335
-0.330313
-0.22704
-0.128982
-0.0232519
0.193564
0.406491
0.568706
0.672621
0.721853
0.742386
0.747812
-0.697884
-0.692848
-0.678122
-0.653103
-0.641032
-0.650169
-0.628112
-0.548066
-0.445817
-0.337482
-0.242758
-0.163546
-0.0806705
0.0764249
0.217686
0.314109
0.373864
0.404864
0.421857
0.428396
-0.810351
-0.819294
-0.847354
-0.878708
-0.875536
-0.839623
-0.727156
-0.586437
-0.45648
-0.343313
-0.258406
-0.196025
-0.13821
-0.0164926
0.0933885
0.16977
0.217938
0.244707
0.259121
0.263665
-0.934027
-0.957809
-1.00322
-1.03512
-1.02865
-0.971075
-0.79569
-0.60873
-0.456921
-0.340793
-0.262425
-0.213539
-0.172929
-0.074697
0.0152191
0.0832062
0.131979
0.161002
0.173777
0.176683
-0.91723
-0.937394
-0.974287
-1.00303
-0.997504
-0.923829
-0.74877
-0.572468
-0.428544
-0.320857
-0.251662
-0.211299
-0.181598
-0.0934559
-0.0157235
0.039305
0.0814542
0.105798
0.115478
0.116394
-0.687311
-0.708412
-0.744716
-0.778721
-0.781184
-0.713201
-0.587418
-0.465761
-0.362216
-0.279722
-0.222552
-0.18782
-0.15259
-0.0927508
-0.036312
0.00649583
0.0395999
0.0587192
0.0657792
0.0661091
-0.338434
-0.351105
-0.375388
-0.405347
-0.422902
-0.409388
-0.37195
-0.322253
-0.273042
-0.223792
-0.180751
-0.145798
-0.110792
-0.0718167
-0.0361172
-0.00731662
0.016208
0.0299076
0.0355816
0.0353255
-0.045985
-0.0519156
-0.0678284
-0.0955199
-0.131215
-0.162232
-0.182246
-0.189785
-0.183502
-0.163994
-0.137022
-0.106242
-0.0764198
-0.0543389
-0.0326295
-0.0136913
0.000419479
0.00902223
0.0111276
0.0101328
0.10932
0.106224
0.0951583
0.0701217
0.0298386
-0.0189469
-0.0628012
-0.0951633
-0.111939
-0.112285
-0.097417
-0.0746583
-0.0553749
-0.0467663
-0.0365508
-0.0245432
-0.0139975
-0.00839324
-0.00723549
-0.00855569
0.155161
0.153329
0.145304
0.125341
0.0909601
0.0471385
0.00259048
-0.0357563
-0.0622395
-0.0732339
-0.0681327
-0.0547244
-0.0445902
-0.044052
-0.0399953
-0.0345679
-0.0294287
-0.027382
-0.0278771
-0.0293099
0.148308
0.147033
0.141428
0.127268
0.102326
0.0690458
0.032111
-0.00288008
-0.030943
-0.0478087
-0.0502775
-0.0448354
-0.0428069
-0.0479173
-0.0487985
-0.0480793
-0.0480367
-0.0501087
-0.0516
-0.0526303
0.123457
0.122625
0.118905
0.109403
0.0922469
0.0682983
0.0398035
0.0107167
-0.0152115
-0.0341862
-0.0419756
-0.0425318
-0.044636
-0.0549352
-0.0610872
-0.0640889
-0.0669034
-0.0701916
-0.0719965
-0.0727042
0.0956844
0.0951715
0.0927546
0.086499
0.0749107
0.0580597
0.0368113
0.0134031
-0.00966088
-0.029701
-0.0423816
-0.0485765
-0.0542548
-0.0661498
-0.0736046
-0.0782943
-0.0822555
-0.0854368
-0.0869431
-0.0875153
0.0704194
0.070077
0.0685381
0.0644318
0.0565997
0.0447276
0.0289237
0.0101987
-0.0104095
-0.0318775
-0.0509056
-0.0656805
-0.0763809
-0.0857184
-0.0900692
-0.0925795
-0.0952008
-0.0973271
-0.0982874
-0.098786
0.0494342
0.0491927
0.048149
0.0454177
0.0400587
0.0316082
0.0197379
0.00459179
-0.0138642
-0.0366043
-0.0631136
-0.090244
-0.107405
-0.110184
-0.107456
-0.105919
-0.106359
-0.107468
-0.10797
-0.10831
0.0327654
0.0326191
0.0319171
0.0301267
0.0265189
0.0205258
0.0116526
-0.000526633
-0.0169861
-0.0401055
-0.0721958
-0.10935
-0.130805
-0.125851
-0.116519
-0.112743
-0.112595
-0.113535
-0.113712
-0.113761
0.0201563
0.0200607
0.0196012
0.0184612
0.0161215
0.0120052
0.00554811
-0.00387597
-0.017304
-0.0389623
-0.0710495
-0.110176
-0.129237
-0.119433
-0.109375
-0.106613
-0.107882
-0.109201
-0.109148
-0.108947
0.0110552
0.0109909
0.0107172
0.0100894
0.008695
0.00610624
0.00178593
-0.00484857
-0.0150408
-0.0314089
-0.0574582
-0.0876757
-0.0982159
-0.0888151
-0.0839158
-0.0847924
-0.0880401
-0.0898555
-0.089707
-0.089388
0.00483326
0.00481483
0.00471206
0.00443476
0.00377711
0.0024728
0.000207443
-0.00346219
-0.00943889
-0.0193057
-0.0344193
-0.0509352
-0.0532915
-0.046521
-0.046802
-0.050198
-0.0540784
-0.0556041
-0.055417
-0.0551404
0.000639594
0.000668224
0.000637534
0.000667353
0.000790656
0.000769099
0.000486518
-0.000116754
-0.00101892
-0.00239074
-0.00462925
-0.00728855
-0.0109533
-0.0110385
-0.0119329
-0.0123402
-0.0133327
-0.0123646
-0.01172
-0.0115003
-0.113751
0.0736343
0.273589
0.44129
0.5748
0.679671
0.766683
0.839918
0.870119
0.853996
0.20983
0.332716
0.461173
0.57193
0.665013
0.742025
0.804014
0.847514
0.870123
0.883037
0.428207
0.511382
0.598663
0.676211
0.742664
0.798165
0.842147
0.874565
0.898421
0.916341
0.58717
0.646274
0.707357
0.764028
0.813104
0.854692
0.888892
0.916554
0.939064
0.957354
0.711703
0.754028
0.800858
0.843796
0.882153
0.915664
0.944402
0.968641
0.988425
1.00639
0.815096
0.848006
0.886306
0.92157
0.953914
0.983028
1.00856
1.03021
1.04724
1.06484
0.90737
0.936159
0.970078
1.00217
1.032
1.05912
1.08291
1.10272
1.11732
1.13477
0.995774
1.02514
1.05903
1.0911
1.12066
1.14722
1.17011
1.18853
1.20116
1.21862
1.09098
1.12452
1.16088
1.19455
1.22454
1.25066
1.27254
1.2896
1.30103
1.31883
1.20579
1.24432
1.28251
1.31668
1.3459
1.37054
1.3908
1.40649
1.4178
1.43614
1.35045
1.38991
1.42543
1.45581
1.48135
1.50338
1.52237
1.53788
1.55051
1.56864
1.52514
1.55718
1.58295
1.60527
1.6253
1.64402
1.66164
1.67818
1.69391
1.7121
1.71272
1.73027
1.74578
1.76236
1.7785
1.79304
1.80606
1.82002
1.8371
1.85678
1.89429
1.90526
1.9174
1.92818
1.93743
1.94698
1.95786
1.96944
1.97939
1.99456
2.1053
2.10731
2.09215
2.07692
2.07053
2.0762
2.0948
2.12521
2.15734
2.18809
2.41121
2.27416
2.19786
2.15575
2.13831
2.14235
2.1697
2.22584
2.32929
2.54458
0.724016
0.720641
0.714715
0.70491
0.69197
0.679552
0.669247
0.661312
0.655672
0.652411
0.652067
0.654833
0.659975
0.667244
0.676695
0.688392
0.701529
0.713524
0.720983
0.725705
0.642022
0.647908
0.654813
0.660054
0.662903
0.662579
0.65968
0.655768
0.652217
0.649948
0.649814
0.652039
0.655749
0.660121
0.664081
0.666091
0.664984
0.660898
0.655008
0.647964
0.634353
0.6367
0.640051
0.64296
0.645179
0.646983
0.647949
0.647703
0.646686
0.645809
0.646
0.647449
0.649285
0.650579
0.650636
0.649473
0.647671
0.645333
0.642181
0.639219
0.629191
0.630278
0.632144
0.634527
0.636489
0.637885
0.638987
0.639855
0.640338
0.640604
0.641119
0.641929
0.642493
0.642477
0.641966
0.641102
0.639704
0.637652
0.635544
0.634131
0.624071
0.624725
0.625834
0.627556
0.629363
0.630983
0.632255
0.633292
0.634228
0.635072
0.635831
0.636379
0.636546
0.63636
0.635813
0.634793
0.633362
0.631795
0.630475
0.629693
0.619114
0.619569
0.620353
0.621649
0.623145
0.624682
0.626154
0.62745
0.628599
0.629686
0.63063
0.631211
0.631368
0.631115
0.630433
0.629439
0.628305
0.627173
0.626266
0.625746
0.614281
0.614621
0.615231
0.616298
0.617589
0.618971
0.620425
0.621884
0.623268
0.624567
0.625706
0.626425
0.626628
0.626369
0.625773
0.624996
0.624151
0.623293
0.622626
0.622246
0.609529
0.609793
0.610285
0.611193
0.612361
0.61366
0.615063
0.616567
0.618126
0.61967
0.62105
0.621952
0.622277
0.622171
0.621787
0.621237
0.620598
0.619966
0.61948
0.619189
0.604779
0.604989
0.605398
0.606196
0.607285
0.608536
0.609928
0.611476
0.613169
0.614955
0.616625
0.617787
0.618351
0.618488
0.618339
0.618011
0.617578
0.617138
0.616791
0.616564
0.599947
0.600116
0.600467
0.601192
0.602234
0.603465
0.604885
0.606517
0.608366
0.610408
0.612422
0.613943
0.614831
0.615258
0.615362
0.615263
0.615043
0.614776
0.614544
0.614363
0.594943
0.59508
0.595389
0.59607
0.597096
0.598351
0.599838
0.601597
0.603656
0.606009
0.608445
0.610412
0.611691
0.612452
0.612843
0.61299
0.61298
0.61288
0.612747
0.612601
0.58968
0.58979
0.590072
0.590733
0.591778
0.593102
0.594701
0.59664
0.598978
0.601726
0.60468
0.607184
0.608922
0.610069
0.610786
0.611199
0.611406
0.611476
0.611429
0.61131
0.58406
0.584148
0.584414
0.58508
0.58618
0.587615
0.58938
0.591568
0.594262
0.597511
0.601103
0.60425
0.606531
0.608127
0.609209
0.609935
0.610386
0.610613
0.610642
0.610544
0.577977
0.578044
0.578303
0.578998
0.58019
0.581784
0.583779
0.586295
0.589445
0.593318
0.597689
0.60161
0.604536
0.606657
0.60816
0.609234
0.609952
0.610352
0.610453
0.610373
0.571301
0.571348
0.571609
0.572354
0.573679
0.575488
0.577786
0.580722
0.584449
0.589095
0.594413
0.599265
0.602957
0.6057
0.607696
0.60916
0.61019
0.610773
0.610946
0.610879
0.563877
0.563907
0.564173
0.564992
0.566494
0.568583
0.571269
0.574739
0.579187
0.584782
0.591252
0.597221
0.601825
0.605299
0.607882
0.609811
0.61119
0.611974
0.612217
0.612161
0.555509
0.555525
0.555796
0.556708
0.55845
0.560883
0.564068
0.568215
0.573562
0.580326
0.58819
0.595496
0.601181
0.605515
0.60879
0.611276
0.613053
0.614056
0.614371
0.614322
0.545894
0.545882
0.546212
0.547269
0.549284
0.552176
0.555998
0.560997
0.567468
0.575671
0.585224
0.594119
0.601078
0.606426
0.610511
0.61365
0.615885
0.617129
0.617517
0.617472
0.534737
0.5347
0.535075
0.536326
0.538714
0.542193
0.546825
0.552903
0.560783
0.570762
0.582351
0.593128
0.601577
0.608111
0.613148
0.617032
0.619798
0.6213
0.621757
0.621712
0.521557
0.521493
0.521947
0.523451
0.526325
0.53057
0.536251
0.543714
0.553371
0.565538
0.579574
0.592563
0.602738
0.61064
0.616785
0.621533
0.624888
0.626658
0.627179
0.627128
0.505705
0.505613
0.506192
0.508047
0.511572
0.516841
0.523914
0.533186
0.545108
0.559977
0.576934
0.592493
0.604641
0.614096
0.621504
0.627223
0.631222
0.63326
0.633829
0.633767
0.486242
0.486125
0.486906
0.489274
0.493714
0.500407
0.509379
0.521063
0.535903
0.554109
0.574516
0.593008
0.607373
0.618558
0.62735
0.634153
0.638823
0.641103
0.641697
0.641616
0.461749
0.461618
0.462734
0.465898
0.47172
0.480498
0.492166
0.507135
0.525747
0.548035
0.572455
0.594226
0.611011
0.624083
0.634361
0.642329
0.64764
0.6501
0.650684
0.650575
0.429917
0.429812
0.431536
0.436074
0.444198
0.456222
0.471848
0.491327
0.514762
0.541954
0.570938
0.596286
0.61564
0.630699
0.642551
0.651671
0.657517
0.660053
0.660578
0.660435
0.386599
0.386663
0.389718
0.397118
0.409523
0.426847
0.448332
0.47389
0.503331
0.536234
0.570252
0.599366
0.621355
0.638421
0.651824
0.662023
0.66818
0.670623
0.67104
0.670862
0.324039
0.325243
0.332692
0.346551
0.366776
0.392528
0.422254
0.45554
0.492077
0.531348
0.570683
0.603617
0.628199
0.647197
0.662014
0.673
0.679183
0.681301
0.681553
0.681356
0.249618
0.251685
0.266034
0.289853
0.320924
0.35662
0.395319
0.43683
0.48096
0.527232
0.572712
0.610357
0.638288
0.659743
0.676272
0.688011
0.694052
0.695917
0.696128
0.696024
0.173072
0.179468
0.200799
0.234799
0.276297
0.321667
0.369312
0.419106
0.470924
0.524321
0.576114
0.618608
0.649953
0.673926
0.692301
0.704578
0.710093
0.711489
0.711631
0.711597
0.110574
0.119104
0.144956
0.186015
0.235689
0.289307
0.345043
0.402616
0.461792
0.522051
0.579893
0.626958
0.661472
0.687676
0.707313
0.719852
0.725235
0.726485
0.726646
0.726668
0.059636
0.0687795
0.0981695
0.144455
0.200273
0.260523
0.323097
0.387532
0.453422
0.520119
0.583721
0.635138
0.67262
0.700889
0.72187
0.734928
0.740166
0.741577
0.741828
0.741891
0.0170344
0.026447
0.0582726
0.108558
0.169417
0.235172
0.303531
0.373962
0.445904
0.518557
0.587588
0.643157
0.683498
0.713803
0.736129
0.749775
0.755392
0.757022
0.757296
0.757384
-0.0196326
-0.0101159
0.023532
0.0770232
0.142061
0.212524
0.285933
0.361676
0.439084
0.51723
0.591379
0.650921
0.69403
0.726321
0.749964
0.764492
0.770571
0.772354
0.772656
0.772734
-0.0520413
-0.0424895
-0.00744211
0.0487637
0.117301
0.191824
0.269705
0.35023
0.432654
0.515931
0.594938
0.658286
0.704054
0.738247
0.763174
0.77851
0.785096
0.78705
0.787366
0.787432
-0.0814681
-0.0718726
-0.0356767
0.0228728
0.0944049
0.172485
0.25435
0.339227
0.426293
0.514406
0.59805
0.665058
0.71337
0.749334
0.775474
0.791558
0.798646
0.800733
0.801055
0.801089
-0.10879
-0.099149
-0.0619381
-0.00137123
0.0728289
0.154068
0.239496
0.328335
0.419711
0.512406
0.600536
0.671103
0.721868
0.759516
0.786722
0.80342
0.810933
0.813141
0.813465
0.813478
-0.134581
-0.124866
-0.0867033
-0.0244448
0.0521704
0.136228
0.224863
0.317317
0.412704
0.509765
0.602274
0.676361
0.729517
0.768767
0.796923
0.814084
0.821834
0.824143
0.824465
0.824451
-0.159317
-0.149451
-0.110431
-0.0466283
0.0321578
0.118726
0.210256
0.306014
0.405138
0.506361
0.603168
0.680801
0.736354
0.777128
0.806143
0.82365
0.831489
0.833798
0.834118
0.834078
-0.183269
-0.173186
-0.133438
-0.0681063
0.0126049
0.101407
0.195553
0.294329
0.396913
0.502105
0.603157
0.684403
0.742438
0.784742
0.814498
0.8322
0.840021
0.842299
0.84259
0.842529
-0.206545
-0.196262
-0.15575
-0.0890218
-0.00661041
0.0841979
0.180687
0.282198
0.38798
0.49693
0.602181
0.68717
0.747834
0.791745
0.822174
0.839949
0.847649
0.84983
0.850071
0.849983
-0.229313
-0.218746
-0.177471
-0.109469
-0.0255415
0.0670546
0.165635
0.269611
0.378325
0.49081
0.600186
0.689076
0.752614
0.798294
0.829376
0.847062
0.854504
0.856518
0.856693
0.856582
-0.251539
-0.240702
-0.1987
-0.129497
-0.0441978
0.0499823
0.15042
0.256596
0.36796
0.483726
0.597123
0.690074
0.756818
0.804529
0.836283
0.853704
0.860692
0.862443
0.862519
0.862383
-0.27329
-0.262143
-0.219375
-0.149091
-0.0625655
0.0330069
0.135078
0.243203
0.356932
0.475695
0.592949
0.690093
0.760426
0.810568
0.843145
0.860109
0.866335
0.867656
0.867616
0.867465
-0.294392
-0.283013
-0.239486
-0.168217
-0.0806034
0.0161935
0.119669
0.229498
0.345309
0.466769
0.587638
0.689047
0.763362
0.816467
0.850251
0.866679
0.871744
0.872302
0.872056
0.871908
-0.31498
-0.303265
-0.259024
-0.186861
-0.0982847
-0.000422704
0.104282
0.215558
0.333174
0.457022
0.581189
0.686829
0.765479
0.822159
0.857834
0.874026
0.877589
0.876719
0.875932
0.875807
-0.334902
-0.322874
-0.277965
-0.204978
-0.115535
-0.01676
0.0889968
0.201501
0.320631
0.446516
0.573636
0.683332
0.766579
0.827416
0.865868
0.882808
0.885199
0.882131
0.879758
0.878983
-0.354209
-0.341888
-0.296257
-0.222518
-0.13232
-0.0327513
0.0738954
0.187405
0.307789
0.435382
0.565044
0.678445
0.766427
0.831848
0.873837
0.893129
0.896111
0.891531
0.885215
0.87657
-0.372826
-0.360269
-0.31398
-0.23964
-0.148852
-0.0486659
0.0586504
0.172878
0.294214
0.423133
0.554902
0.671621
0.764573
0.835143
0.881101
0.904329
0.910697
0.9061
0.895558
0.891935
-0.390702
-0.378009
-0.331125
-0.256309
-0.165126
-0.0644806
0.0432817
0.157902
0.279863
0.409648
0.543018
0.662442
0.760238
0.836507
0.885704
0.912166
0.920992
0.919748
0.882028
0.835007
-0.407545
-0.394442
-0.347615
-0.272434
-0.181198
-0.0803001
0.027754
0.142597
0.264791
0.394971
0.529296
0.650634
0.752254
0.835224
0.88558
0.907655
0.916109
0.896023
0.839107
0.778427
-0.425156
-0.409436
-0.363171
-0.287401
-0.196651
-0.0957846
0.0117866
0.127007
0.249119
0.379252
0.513724
0.635972
0.739158
0.831771
0.878385
0.908578
0.877105
0.827057
0.755778
0.688924
-0.412331
-0.392008
-0.340963
-0.260772
-0.163749
-0.0600327
0.0529058
0.171054
0.296453
0.430766
0.56026
0.671257
0.76775
0.862188
0.890838
0.815808
0.761492
0.693858
0.62031
0.57202
-0.431922
-0.41872
-0.381548
-0.310469
-0.220205
-0.120577
-0.0127101
0.102012
0.223495
0.352619
0.485657
0.606952
0.707793
0.795675
0.865236
0.847073
0.72795
0.641598
0.576548
0.494993
-0.45278
-0.438423
-0.396382
-0.324155
-0.233264
-0.133985
-0.027195
0.0865788
0.207127
0.334899
0.466339
0.585886
0.683645
0.758837
0.785282
0.700976
0.56014
0.463677
0.387797
0.301337
-0.473881
-0.461415
-0.415231
-0.341991
-0.251054
-0.151304
-0.0445194
0.0689809
0.188662
0.314984
0.443673
0.558766
0.647406
0.706911
0.683041
0.548944
0.397701
0.281306
0.184103
0.052978
-0.49693
-0.484357
-0.43608
-0.361588
-0.270547
-0.170718
-0.0640715
0.0488647
0.167447
0.291885
0.417137
0.526551
0.605547
0.643305
0.581925
0.39965
0.222486
0.073827
-0.063305
-0.250099
-0.519336
-0.506979
-0.457545
-0.381823
-0.290376
-0.190625
-0.0843902
0.0276937
0.144904
0.26704
0.388326
0.491236
0.562251
0.564844
0.453629
0.256793
0.0496887
-0.141066
-0.312018
-0.689594
-0.5419
-0.52978
-0.479795
-0.40323
-0.311426
-0.211666
-0.105858
0.00533855
0.121039
0.240592
0.357485
0.453004
0.512085
0.482054
0.329081
0.128523
-0.0859548
-0.285438
-0.453606
-0.746023
-0.565378
-0.553391
-0.503108
-0.426029
-0.33399
-0.234215
-0.128796
-0.0184772
0.0956348
0.21239
0.324587
0.412234
0.455816
0.407173
0.216744
0.021766
-0.177826
-0.34422
-0.413138
-0.451689
-0.590309
-0.578447
-0.527869
-0.450504
-0.358438
-0.258834
-0.153968
-0.0447671
0.0674125
0.180843
0.287678
0.366675
0.393197
0.308156
0.115745
-0.0684485
-0.236322
-0.342859
-0.378393
-0.38696
-0.616945
-0.605039
-0.554238
-0.47668
-0.384716
-0.285475
-0.181392
-0.0735835
0.0362785
0.145845
0.246566
0.316689
0.316781
0.201978
0.0232535
-0.146699
-0.287644
-0.3434
-0.354853
-0.358685
-0.645373
-0.633365
-0.582285
-0.504574
-0.412824
-0.31414
-0.211071
-0.104969
0.00219729
0.107429
0.201272
0.26183
0.237375
0.102434
-0.0619482
-0.220912
-0.320658
-0.346676
-0.344807
-0.344927
-0.67535
-0.663544
-0.611969
-0.534152
-0.442726
-0.344784
-0.242993
-0.13891
-0.0348143
0.065615
0.152115
0.200938
0.166727
0.0111877
-0.139213
-0.278165
-0.321287
-0.331828
-0.335808
-0.336066
-0.706712
-0.694913
-0.643067
-0.565244
-0.474283
-0.3773
-0.277061
-0.17533
-0.0746922
0.0205883
0.0993314
0.137002
0.0948533
-0.067093
-0.206695
-0.303195
-0.342921
-0.332868
-0.331358
-0.331199
-0.738937
-0.727084
-0.675272
-0.597516
-0.5072
-0.411433
-0.31304
-0.214014
-0.117228
-0.0272734
0.0432952
0.0721442
0.00967835
-0.135606
-0.260115
-0.310576
-0.326657
-0.328029
-0.327841
-0.32761
-0.771296
-0.759425
-0.707706
-0.63038
-0.541017
-0.446758
-0.35056
-0.254597
-0.162059
-0.0775717
-0.0146651
-0.000149318
-0.0707435
-0.193862
-0.29227
-0.320063
-0.323107
-0.326244
-0.326254
-0.326133
-0.802503
-0.791012
-0.739457
-0.663164
-0.575019
-0.482647
-0.389039
-0.296507
-0.208551
-0.129875
-0.0724319
-0.0709989
-0.140261
-0.245916
-0.314083
-0.355797
-0.334962
-0.32786
-0.325936
-0.325364
-0.831022
-0.820043
-0.76953
-0.69441
-0.608218
-0.51823
-0.42769
-0.338981
-0.255822
-0.183267
-0.129683
-0.133261
-0.20215
-0.284974
-0.342067
-0.332045
-0.331442
-0.327365
-0.324962
-0.324233
-0.855193
-0.844891
-0.795894
-0.722967
-0.639351
-0.552361
-0.465478
-0.381054
-0.30284
-0.236336
-0.187552
-0.189548
-0.251034
-0.308643
-0.357102
-0.36225
-0.345209
-0.33162
-0.32751
-0.326655
-0.872583
-0.863202
-0.81656
-0.746836
-0.666875
-0.58376
-0.501161
-0.421547
-0.348512
-0.287798
-0.244459
-0.242047
-0.287661
-0.303376
-0.311104
-0.344726
-0.356661
-0.362813
-0.361546
-0.358716
-0.881044
-0.872518
-0.829409
-0.764046
-0.688939
-0.610854
-0.533384
-0.459079
-0.391629
-0.336517
-0.297525
-0.29354
-0.328629
-0.285079
-0.27957
-0.340779
-0.395333
-0.41694
-0.415175
-0.411472
-0.876456
-0.869414
-0.832605
-0.772701
-0.703789
-0.631993
-0.560626
-0.492298
-0.430748
-0.38122
-0.348149
-0.344963
-0.410766
-0.427063
-0.401291
-0.424114
-0.43154
-0.426456
-0.423648
-0.423494
-0.857109
-0.852315
-0.823431
-0.771362
-0.710068
-0.645816
-0.581501
-0.519662
-0.464064
-0.420607
-0.395852
-0.405543
-0.501948
-0.707288
-0.784295
-0.615286
-0.49507
-0.44397
-0.42857
-0.423339
-0.823572
-0.820112
-0.800421
-0.75905
-0.707266
-0.65168
-0.595017
-0.539805
-0.489637
-0.451343
-0.431135
-0.427415
-0.464534
-0.584061
-0.64851
-0.51046
-0.400152
-0.354709
-0.338213
-0.331846
-0.780441
-0.778258
-0.767012
-0.737824
-0.696417
-0.650012
-0.601099
-0.551839
-0.506103
-0.469372
-0.450044
-0.39404
-0.22726
0.0186698
0.0811081
0.00792133
-0.0950745
-0.16065
-0.179801
-0.183142
-0.736296
-0.735016
-0.729453
-0.712129
-0.681205
-0.642595
-0.600754
-0.556461
-0.512588
-0.474168
-0.446468
-0.374461
-0.162645
0.141546
0.372273
0.245915
0.0272854
-0.118117
-0.16954
-0.192822
-0.70029
-0.699609
-0.696783
-0.686706
-0.6648
-0.633475
-0.596481
-0.555155
-0.511572
-0.46992
-0.436189
-0.411475
-0.433962
-0.636552
-0.963766
-1.30721
-1.46215
-1.43411
-1.25177
-1.11668
-0.67435
-0.673574
-0.671999
-0.667802
-0.65253
-0.626044
-0.59115
-0.550541
-0.50551
-0.455993
-0.41849
-0.38728
-0.621405
-1.12815
-1.7605
-2.05641
-2.00124
-1.77991
-1.50646
-1.33206
-0.656555
-0.656262
-0.655595
-0.653624
-0.644755
-0.621588
-0.587014
-0.544776
-0.494299
-0.437299
-0.37571
-0.324264
-0.383043
-0.53174
-0.633521
-0.663304
-0.519605
-0.288845
-0.102146
0.0145609
-0.645678
-0.645602
-0.645172
-0.644312
-0.639936
-0.620214
-0.584916
-0.538592
-0.483018
-0.417159
-0.33549
-0.261482
-0.149646
0.0504161
0.36202
0.6999
1.04676
1.30299
1.43206
1.48473
-0.639067
-0.638935
-0.638289
-0.637316
-0.635794
-0.621707
-0.585681
-0.534399
-0.472934
-0.395555
-0.29909
-0.184539
-0.0219192
0.302412
0.783936
1.26354
1.67084
1.92988
2.04296
2.07697
-0.637302
-0.637318
-0.637473
-0.637826
-0.637849
-0.627987
-0.589261
-0.533436
-0.465023
-0.380223
-0.27331
-0.15025
-0.00380928
0.329489
0.789573
1.22949
1.5869
1.80654
1.90213
1.92721
-0.633437
-0.634303
-0.636421
-0.640552
-0.644042
-0.633219
-0.593234
-0.537234
-0.465463
-0.374931
-0.265722
-0.148831
-0.0353607
0.239056
0.61694
0.952371
1.22519
1.38625
1.45192
1.46849
-0.631911
-0.632929
-0.631628
-0.625089
-0.61645
-0.610658
-0.592137
-0.547861
-0.473814
-0.378028
-0.272876
-0.165909
-0.0707557
0.127844
0.406363
0.639509
0.814868
0.913523
0.954102
0.966088
-0.665373
-0.664272
-0.653902
-0.624522
-0.591601
-0.590294
-0.608634
-0.571464
-0.488856
-0.387069
-0.28519
-0.188404
-0.106196
0.0340355
0.219835
0.369544
0.470403
0.525621
0.55232
0.564232
-0.747795
-0.743588
-0.745761
-0.749582
-0.7539
-0.743475
-0.718832
-0.621859
-0.508874
-0.394744
-0.294367
-0.213979
-0.15449
-0.0442637
0.0948332
0.195492
0.261178
0.298091
0.319159
0.329606
-0.88366
-0.885785
-0.917607
-0.965651
-0.983789
-0.957786
-0.856951
-0.684216
-0.526718
-0.398773
-0.298711
-0.230934
-0.188452
-0.107746
-0.000404428
0.0871019
0.147739
0.184731
0.204797
0.212689
-0.949056
-0.959765
-0.994187
-1.03098
-1.04649
-1.01401
-0.890146
-0.690498
-0.517803
-0.38606
-0.291841
-0.23555
-0.204066
-0.133997
-0.0421641
0.0299688
0.0833873
0.121781
0.140739
0.146707
-0.824062
-0.833667
-0.865756
-0.902801
-0.921459
-0.888002
-0.760144
-0.599427
-0.458769
-0.347507
-0.2675
-0.219314
-0.189484
-0.133036
-0.0584747
-0.00125174
0.0413482
0.0704099
0.0837773
0.0877698
-0.512312
-0.52272
-0.547391
-0.580895
-0.605925
-0.594194
-0.525083
-0.438084
-0.35522
-0.28478
-0.225955
-0.184157
-0.153494
-0.108458
-0.0594734
-0.019991
0.0131031
0.0369678
0.0486282
0.0509277
-0.174514
-0.180063
-0.193959
-0.218797
-0.249518
-0.268148
-0.272012
-0.261827
-0.240726
-0.21121
-0.176076
-0.142014
-0.10965
-0.0776703
-0.0464394
-0.0207756
-0.000914392
0.0136843
0.0204273
0.0217354
0.0500939
0.0474183
0.0395976
0.0200547
-0.0133903
-0.0576488
-0.0985221
-0.127871
-0.143309
-0.142656
-0.127741
-0.102829
-0.0764422
-0.0582278
-0.0425783
-0.0260933
-0.0120817
-0.00227585
0.00198201
0.00178706
0.142514
0.141191
0.136335
0.120921
0.0901567
0.0456334
-0.00226538
-0.0448386
-0.0751535
-0.0901131
-0.0879667
-0.0725888
-0.0544832
-0.0461391
-0.0418115
-0.0340034
-0.0252597
-0.0188932
-0.0168514
-0.0176909
0.15601
0.155136
0.151679
0.140368
0.116993
0.0819681
0.0413604
0.00115704
-0.0319859
-0.0536065
-0.0600125
-0.0535649
-0.0443657
-0.0442968
-0.0447878
-0.042135
-0.0393443
-0.038279
-0.0393248
-0.0405672
0.137053
0.136575
0.134219
0.126521
0.11034
0.0853733
0.0544197
0.0214203
-0.00878528
-0.0320684
-0.0439807
-0.0441748
-0.0413992
-0.0462282
-0.0535898
-0.0555861
-0.056886
-0.0592402
-0.061593
-0.0628328
0.109524
0.109307
0.107756
0.102694
0.091851
0.0745703
0.0518926
0.0260386
0.000222699
-0.0221558
-0.0371235
-0.0429354
-0.0449032
-0.0541897
-0.0644251
-0.0695624
-0.0733193
-0.0767551
-0.0794754
-0.0804058
0.0825319
0.0824813
0.0814894
0.0782021
0.0710054
0.0591451
0.0428098
0.0230156
0.00135173
-0.0202107
-0.0388162
-0.0512584
-0.0589386
-0.069198
-0.0784524
-0.0831832
-0.0867812
-0.0902774
-0.092414
-0.0931118
0.0593324
0.0593293
0.0586367
0.0564673
0.0516625
0.043443
0.0315619
0.0162437
-0.00203
-0.022879
-0.0453782
-0.0674734
-0.0853603
-0.0953679
-0.0991025
-0.0993365
-0.100625
-0.102092
-0.103168
-0.103581
0.0405014
0.0405392
0.0400702
0.0386248
0.035412
0.0296768
0.0210145
0.00911991
-0.0063107
-0.0263693
-0.0526058
-0.0849594
-0.113687
-0.122048
-0.116546
-0.111538
-0.110105
-0.110942
-0.111629
-0.11175
0.0259224
0.0259656
0.0256555
0.0247231
0.0226249
0.0187294
0.0124874
0.00337452
-0.00936283
-0.0277319
-0.0551542
-0.0924209
-0.128024
-0.131424
-0.119691
-0.112963
-0.111442
-0.112599
-0.113201
-0.112984
0.0151579
0.015201
0.0150075
0.0144392
0.0131371
0.0106323
0.00637332
-0.000224116
-0.0100597
-0.0251091
-0.0495526
-0.0841506
-0.114328
-0.111895
-0.10148
-0.0976285
-0.0987669
-0.100968
-0.101608
-0.101201
0.00761043
0.00765448
0.00754697
0.0072638
0.0065794
0.00517469
0.00264592
-0.00146168
-0.00793671
-0.0184091
-0.035304
-0.0592314
-0.0764354
-0.0713552
-0.066273
-0.066822
-0.070622
-0.0735867
-0.0741724
-0.073829
0.000665499
0.000650791
0.000639496
0.000731608
0.000807021
0.000668628
0.000225564
-0.000524688
-0.0015652
-0.00338578
-0.00604921
-0.00845423
-0.010641
-0.0113798
-0.0116968
-0.0131873
-0.0127931
-0.0119836
-0.0115942
-0.033964
-1.01745
-0.406329
0.0154475
0.266231
0.449399
0.589138
0.697554
0.786361
0.881662
0.958722
-0.0739856
0.124626
0.297391
0.44547
0.568677
0.669001
0.750668
0.817016
0.857304
0.862838
0.258229
0.373905
0.482827
0.582274
0.667543
0.739356
0.798018
0.842272
0.871491
0.88959
0.46569
0.543945
0.619426
0.689604
0.751029
0.80331
0.846279
0.880085
0.906488
0.925367
0.617749
0.670844
0.729275
0.780603
0.826696
0.8667
0.90067
0.929025
0.952617
0.969358
0.738548
0.779214
0.823938
0.863771
0.900443
0.933402
0.962312
0.987189
1.00807
1.0221
0.840116
0.874783
0.910643
0.944861
0.976812
1.0062
1.03242
1.05507
1.07363
1.08526
0.932687
0.964054
0.99699
1.02958
1.06019
1.08841
1.11349
1.13478
1.15144
1.16116
1.02329
1.05621
1.09059
1.12462
1.15588
1.18406
1.20856
1.22878
1.24383
1.25266
1.12496
1.16286
1.20048
1.23665
1.26865
1.29637
1.3197
1.33849
1.3523
1.3617
1.25159
1.29433
1.33327
1.36872
1.39893
1.42444
1.44591
1.46338
1.47677
1.488
1.41288
1.45442
1.48796
1.51695
1.54133
1.5628
1.58234
1.59968
1.61463
1.62835
1.6033
1.63272
1.65431
1.67343
1.69167
1.709
1.72511
1.7408
1.75749
1.77472
1.79985
1.81046
1.82273
1.83725
1.85178
1.86468
1.87595
1.88678
1.89949
1.91505
1.98679
1.99638
2.00599
2.00801
2.00857
2.01277
2.02358
2.03991
2.05724
2.06194
2.29142
2.23255
2.18083
2.14081
2.11842
2.11433
2.12787
2.16158
2.21756
2.29689
0.858755
0.801647
0.759256
0.725723
0.701398
0.683991
0.671506
0.662554
0.656419
0.652925
0.652541
0.655425
0.660898
0.66887
0.679809
0.694793
0.71557
0.744313
0.78276
0.830849
0.663127
0.672157
0.678301
0.678915
0.674941
0.668552
0.661973
0.656445
0.652582
0.650924
0.652111
0.655735
0.661063
0.667636
0.674636
0.680359
0.682406
0.679076
0.670724
0.663538
0.638655
0.640753
0.645351
0.649105
0.652114
0.653868
0.653649
0.65187
0.649642
0.648058
0.648078
0.649924
0.652682
0.65536
0.656853
0.656331
0.654029
0.650814
0.646707
0.642272
0.632445
0.633345
0.63585
0.638489
0.64043
0.641891
0.643056
0.643628
0.643531
0.643291
0.643651
0.644741
0.645821
0.646229
0.645771
0.64477
0.643358
0.641218
0.638615
0.636592
0.62696
0.627425
0.628834
0.630882
0.632818
0.634342
0.635479
0.636434
0.63722
0.63784
0.638488
0.639118
0.639398
0.639246
0.638751
0.637834
0.636367
0.634524
0.632861
0.631837
0.621824
0.622113
0.623028
0.624499
0.626144
0.627756
0.629163
0.630324
0.631364
0.632346
0.633201
0.633742
0.633887
0.633672
0.633041
0.631991
0.63069
0.629367
0.628288
0.627662
0.616868
0.617072
0.617758
0.618927
0.620307
0.62176
0.62324
0.624639
0.625908
0.627095
0.628131
0.628776
0.628951
0.628675
0.628011
0.627118
0.626141
0.625154
0.624378
0.623937
0.612041
0.612196
0.61274
0.613721
0.614944
0.61628
0.617707
0.619195
0.620675
0.622094
0.623347
0.624151
0.6244
0.6242
0.623705
0.623044
0.622304
0.621561
0.62099
0.62066
0.607269
0.607391
0.607837
0.608684
0.609809
0.611084
0.612478
0.614
0.615626
0.617291
0.61881
0.619829
0.62026
0.620268
0.620003
0.619563
0.619024
0.618487
0.618076
0.61782
0.602465
0.602564
0.602941
0.603698
0.60476
0.606
0.607403
0.608988
0.610753
0.612661
0.614495
0.615825
0.616541
0.616817
0.616794
0.616578
0.616249
0.615894
0.615608
0.615406
0.59754
0.597621
0.597948
0.598647
0.599678
0.600918
0.60237
0.604059
0.606004
0.608192
0.610406
0.612139
0.613213
0.6138
0.614047
0.614066
0.613948
0.613763
0.613583
0.613421
0.592402
0.592469
0.592762
0.593429
0.59446
0.595749
0.597289
0.59913
0.601319
0.603856
0.606537
0.608761
0.610258
0.611205
0.611758
0.612032
0.61213
0.612108
0.612019
0.611888
0.586959
0.587016
0.587287
0.587947
0.589014
0.590394
0.592072
0.594126
0.59663
0.599613
0.602869
0.60568
0.607677
0.609038
0.609938
0.610497
0.610823
0.610966
0.610958
0.610851
0.581111
0.581158
0.581418
0.582094
0.583234
0.584749
0.586625
0.588966
0.591872
0.595415
0.599377
0.602894
0.605482
0.607327
0.60862
0.609513
0.610088
0.610394
0.61046
0.610372
0.574738
0.574776
0.575034
0.575748
0.576999
0.578701
0.580844
0.583556
0.586976
0.591214
0.596035
0.6004
0.603692
0.606108
0.607859
0.609117
0.609972
0.610461
0.6106
0.610527
0.567699
0.567728
0.567992
0.568765
0.570171
0.572122
0.574608
0.577793
0.581859
0.586954
0.592819
0.598205
0.602332
0.605422
0.607714
0.609397
0.610578
0.611259
0.611468
0.611408
0.559821
0.559839
0.560115
0.56097
0.56258
0.564845
0.567771
0.571557
0.576428
0.582576
0.589709
0.596317
0.601438
0.605322
0.608253
0.610441
0.611993
0.612885
0.613167
0.613115
0.550862
0.550887
0.551194
0.552147
0.554003
0.55667
0.560163
0.564708
0.570583
0.578028
0.586695
0.594762
0.601058
0.605875
0.609559
0.612345
0.614325
0.615447
0.615802
0.615756
0.540524
0.540538
0.540887
0.541986
0.544171
0.547366
0.551575
0.557077
0.564209
0.573253
0.583776
0.593573
0.601249
0.607164
0.61173
0.615204
0.617679
0.619055
0.619482
0.619438
0.528428
0.528436
0.528825
0.530121
0.532742
0.536616
0.541744
0.548466
0.557179
0.568193
0.580949
0.592789
0.602072
0.609264
0.614856
0.619129
0.622167
0.623808
0.624303
0.624257
0.514023
0.514027
0.514479
0.516041
0.519237
0.524007
0.530339
0.53864
0.549355
0.562801
0.578233
0.592462
0.603597
0.612245
0.619035
0.624211
0.627869
0.629783
0.630336
0.630281
0.496544
0.496543
0.497089
0.499032
0.503022
0.509014
0.516963
0.527346
0.540629
0.557078
0.575689
0.592671
0.605904
0.616199
0.624317
0.630511
0.634835
0.637009
0.637601
0.637531
0.47483
0.474824
0.475532
0.478069
0.483223
0.490954
0.501152
0.514342
0.530944
0.551091
0.573432
0.593523
0.60908
0.62119
0.630748
0.63806
0.643056
0.645446
0.646048
0.645955
0.447122
0.447114
0.44811
0.451634
0.458635
0.468982
0.482429
0.499469
0.520345
0.544978
0.571612
0.595141
0.613203
0.627258
0.638353
0.646834
0.652434
0.654959
0.655528
0.655403
0.410378
0.410384
0.412008
0.417444
0.427723
0.442218
0.460488
0.482789
0.509074
0.539023
0.570473
0.597688
0.618365
0.634431
0.647111
0.656711
0.662766
0.665293
0.665777
0.665614
0.358782
0.359011
0.362719
0.372569
0.388951
0.410273
0.435554
0.464776
0.497642
0.533661
0.570314
0.60134
0.624648
0.642695
0.656897
0.667465
0.673723
0.676081
0.676432
0.676232
0.284871
0.287196
0.298071
0.317314
0.343811
0.374671
0.40888
0.446266
0.486548
0.529218
0.571459
0.606568
0.632713
0.652923
0.668737
0.680109
0.686385
0.688492
0.688724
0.688525
0.206319
0.212472
0.231706
0.261091
0.298343
0.339023
0.382214
0.427874
0.475852
0.525696
0.574359
0.614468
0.644149
0.666961
0.684695
0.696862
0.702817
0.704479
0.704616
0.704496
0.138607
0.145115
0.170939
0.209017
0.255459
0.305166
0.356984
0.410757
0.466313
0.523181
0.578028
0.622835
0.655802
0.680984
0.70018
0.712606
0.71813
0.719551
0.719698
0.719631
0.0831873
0.090123
0.119904
0.164155
0.217435
0.274535
0.333824
0.394938
0.45755
0.521078
0.581835
0.6311
0.667119
0.694406
0.714871
0.727742
0.733192
0.734594
0.734772
0.734739
0.0372314
0.0444942
0.0767997
0.125746
0.184424
0.247528
0.313088
0.38061
0.449599
0.519332
0.585687
0.639202
0.678125
0.707439
0.729221
0.742682
0.748459
0.749855
0.750022
0.750013
-0.00176168
0.00567363
0.0397547
0.0922214
0.155434
0.223621
0.294571
0.367726
0.442462
0.517908
0.589531
0.647106
0.688844
0.720169
0.743237
0.757512
0.763697
0.765144
0.76534
0.765345
-0.0358115
-0.0282721
0.00709076
0.0624972
0.129469
0.202024
0.277724
0.355912
0.435871
0.51662
0.593225
0.65469
0.699143
0.732412
0.75681
0.771845
0.778471
0.780077
0.780321
0.78033
-0.0664025
-0.0587628
-0.0223599
0.0355674
0.105713
0.182061
0.26198
0.344727
0.429514
0.51524
0.596586
0.661779
0.708832
0.743929
0.769546
0.785365
0.792378
0.794239
0.794511
0.794517
-0.0944974
-0.0867744
-0.0494671
0.0106211
0.083526
0.163223
0.246911
0.333812
0.42307
0.5135
0.5994
0.668196
0.717745
0.754566
0.781305
0.797814
0.805187
0.807266
0.807576
0.80758
-0.120859
-0.113028
-0.0748551
-0.0130073
0.0624435
0.145128
0.232192
0.322877
0.416292
0.511193
0.601525
0.673852
0.725814
0.764278
0.791987
0.809049
0.816717
0.81893
0.819251
0.819227
-0.145949
-0.137983
-0.0989487
-0.0356084
0.0421303
0.127476
0.217589
0.311731
0.409017
0.508182
0.602847
0.6787
0.73305
0.773071
0.801681
0.819106
0.826937
0.829236
0.829542
0.829498
-0.170139
-0.16201
-0.122226
-0.057424
0.0223607
0.110074
0.202942
0.300243
0.401128
0.50436
0.603294
0.682723
0.739501
0.781039
0.810449
0.828115
0.835999
0.838271
0.838579
0.838506
-0.193594
-0.185241
-0.144874
-0.0786072
0.00298323
0.0928154
0.188159
0.288337
0.392553
0.499647
0.602806
0.685907
0.745232
0.788326
0.81843
0.836209
0.844038
0.846281
0.846546
0.846455
-0.216448
-0.207949
-0.166826
-0.099285
-0.0160873
0.0756363
0.173197
0.275976
0.383259
0.494001
0.601327
0.688244
0.75031
0.795083
0.825847
0.843613
0.851238
0.853363
0.853572
0.853463
-0.238792
-0.230106
-0.18825
-0.119526
-0.0348845
0.0585254
0.15806
0.263171
0.373238
0.487394
0.5988
0.689702
0.7548
0.801458
0.832871
0.850459
0.857724
0.85964
0.859769
0.859631
-0.260646
-0.251762
-0.209184
-0.139345
-0.0534059
0.0414971
0.14277
0.249954
0.362531
0.479837
0.595185
0.69022
0.758711
0.807583
0.839721
0.856943
0.863606
0.865179
0.865204
0.865047
-0.281961
-0.272884
-0.229559
-0.158711
-0.0716173
0.0245868
0.127389
0.23639
0.351198
0.47135
0.590444
0.689719
0.761998
0.813549
0.846667
0.863363
0.869073
0.87008
0.869954
0.869791
-0.302687
-0.293413
-0.249369
-0.177604
-0.0894819
0.00786024
0.11198
0.222557
0.339306
0.462002
0.584559
0.688099
0.764548
0.819362
0.853993
0.870232
0.874577
0.874533
0.874088
0.873948
-0.322823
-0.31334
-0.268603
-0.195991
-0.10696
-0.00861544
0.0966289
0.208548
0.32695
0.451859
0.577556
0.685255
0.766184
0.824877
0.86183
0.878228
0.881095
0.879185
0.877821
0.877664
-0.342304
-0.332618
-0.287223
-0.213829
-0.12399
-0.0247899
0.0814174
0.194451
0.314239
0.441021
0.569465
0.681075
0.766691
0.829779
0.869932
0.887832
0.890234
0.886172
0.882465
0.880984
-0.361155
-0.351274
-0.305208
-0.231125
-0.140599
-0.0406785
0.066325
0.180238
0.301146
0.429456
0.560222
0.675336
0.765788
0.833695
0.877662
0.898758
0.903127
0.898655
0.890776
0.875891
-0.379389
-0.369342
-0.322651
-0.248057
-0.157031
-0.0565782
0.0509789
0.165452
0.287137
0.416544
0.549186
0.667349
0.762804
0.836142
0.8839
0.908949
0.917179
0.911405
0.901616
0.864722
-0.397247
-0.386561
-0.339496
-0.264479
-0.173165
-0.0723548
0.0355624
0.150311
0.272434
0.402475
0.536404
0.656893
0.756833
0.836251
0.886392
0.911721
0.91985
0.915474
0.863902
0.806567
-0.416007
-0.401697
-0.35554
-0.280251
-0.189198
-0.0882299
0.0198119
0.134815
0.257006
0.387207
0.52171
0.643649
0.746444
0.83369
0.882649
0.895769
0.902027
0.868198
0.802975
0.739191
-0.435676
-0.435273
-0.376092
-0.293061
-0.202057
-0.101491
0.00423634
0.119618
0.241585
0.371539
0.505736
0.627954
0.730998
0.830469
0.848663
0.863591
0.837993
0.775392
0.701276
0.631124
-0.411658
-0.408367
-0.350032
-0.266917
-0.170991
-0.0673395
0.0432772
0.161245
0.286312
0.42012
0.549012
0.65948
0.753264
0.847667
0.856888
0.76026
0.677197
0.609915
0.537983
0.398348
-0.450731
-0.423655
-0.363078
-0.279181
-0.183515
-0.0799326
0.0301057
0.147475
0.271678
0.404097
0.530779
0.6386
0.722747
0.786882
0.75584
0.624416
0.506972
0.42584
0.343148
0.186416
-0.475204
-0.44368
-0.381559
-0.298299
-0.202456
-0.0989859
0.0112088
0.127824
0.250755
0.381013
0.504424
0.607043
0.682088
0.709787
0.631211
0.470286
0.334674
0.233713
0.121797
-0.100211
-0.49869
-0.465232
-0.401594
-0.317692
-0.22183
-0.118446
-0.00859631
0.107111
0.228522
0.356152
0.475225
0.57057
0.633973
0.625764
0.491869
0.309505
0.14446
0.00691431
-0.146937
-0.506592
-0.521381
-0.487091
-0.422344
-0.337573
-0.241624
-0.138448
-0.0292393
0.0854176
0.205084
0.329683
0.443557
0.530832
0.575709
0.538055
0.356531
0.153821
-0.0502756
-0.220289
-0.464284
-0.978491
-0.543924
-0.509553
-0.444099
-0.358729
-0.262603
-0.159651
-0.0510836
0.0624209
0.180118
0.301318
0.409436
0.488597
0.513169
0.426349
0.2323
0.0203042
-0.189387
-0.373536
-0.546744
-1.10169
-0.567464
-0.532959
-0.467117
-0.381378
-0.285117
-0.182355
-0.0744018
0.0379132
0.153486
0.271006
0.373086
0.442328
0.442491
0.312799
0.124294
-0.0804124
-0.268553
-0.392951
-0.426389
-0.470965
-0.592413
-0.557782
-0.4917
-0.405807
-0.309599
-0.207198
-0.100038
0.010799
0.123826
0.236991
0.332589
0.38881
0.366598
0.207344
0.0259811
-0.155647
-0.302142
-0.361994
-0.382994
-0.388141
-0.619071
-0.584203
-0.517937
-0.432003
-0.336018
-0.234171
-0.128075
-0.0190431
0.0910174
0.199173
0.287659
0.328522
0.290078
0.109151
-0.0634189
-0.222707
-0.331239
-0.35551
-0.357879
-0.358437
-0.64758
-0.612356
-0.545866
-0.459956
-0.364341
-0.263277
-0.158512
-0.051617
0.0550308
0.157608
0.23792
0.265798
0.195581
0.019443
-0.144473
-0.283085
-0.331939
-0.344547
-0.345021
-0.344557
-0.677802
-0.642182
-0.575445
-0.489652
-0.394553
-0.294487
-0.191334
-0.0869278
0.0158965
0.112385
0.183854
0.19762
0.0978699
-0.06354
-0.213741
-0.320839
-0.333357
-0.334685
-0.336132
-0.3358
-0.709273
-0.673467
-0.606493
-0.520916
-0.426516
-0.327695
-0.226459
-0.124915
-0.026269
0.0637101
0.126521
0.123295
0.0121671
-0.137117
-0.267314
-0.310601
-0.328591
-0.3312
-0.3313
-0.331078
-0.741633
-0.705522
-0.638667
-0.553434
-0.459967
-0.362665
-0.263669
-0.165365
-0.0712315
0.0121512
0.0655348
0.0506097
-0.0674674
-0.198566
-0.30133
-0.342011
-0.330899
-0.327982
-0.327713
-0.327485
-0.773943
-0.737774
-0.671422
-0.58671
-0.494455
-0.39899
-0.302592
-0.207903
-0.118658
-0.0414807
0.000559214
-0.0162505
-0.138321
-0.245456
-0.31991
-0.320301
-0.32495
-0.326283
-0.326212
-0.32603
-0.805137
-0.769478
-0.703449
-0.620016
-0.529312
-0.436083
-0.342664
-0.251925
-0.167968
-0.0966175
-0.0620583
-0.084387
-0.197849
-0.28912
-0.314013
-0.331141
-0.328603
-0.326633
-0.325573
-0.325202
-0.833616
-0.798986
-0.734051
-0.652226
-0.563614
-0.473108
-0.383122
-0.296644
-0.218168
-0.152705
-0.119315
-0.155071
-0.244609
-0.323752
-0.338227
-0.333423
-0.329782
-0.325829
-0.324508
-0.32396
-0.85766
-0.824506
-0.761452
-0.682038
-0.596179
-0.50899
-0.422959
-0.341093
-0.268024
-0.208821
-0.176314
-0.215438
-0.278261
-0.340156
-0.385173
-0.358798
-0.336709
-0.328739
-0.327024
-0.326079
-0.874881
-0.843938
-0.783586
-0.707725
-0.625587
-0.54244
-0.460967
-0.384124
-0.316417
-0.263538
-0.233985
-0.266177
-0.291719
-0.320882
-0.334016
-0.351361
-0.361298
-0.362585
-0.360076
-0.357709
-0.882927
-0.854791
-0.798521
-0.727337
-0.650139
-0.572074
-0.495824
-0.42442
-0.362257
-0.315597
-0.285339
-0.317493
-0.313381
-0.269855
-0.303289
-0.370435
-0.411188
-0.417175
-0.412901
-0.411543
-0.878965
-0.85492
-0.804359
-0.739045
-0.668145
-0.596281
-0.526057
-0.460586
-0.40424
-0.363699
-0.33012
-0.381074
-0.425636
-0.401833
-0.409845
-0.431167
-0.429207
-0.424493
-0.423355
-0.424069
-0.859247
-0.841417
-0.799315
-0.74146
-0.678252
-0.613666
-0.550244
-0.490922
-0.440616
-0.405523
-0.385115
-0.446477
-0.594923
-0.784243
-0.707807
-0.545555
-0.461857
-0.434245
-0.425036
-0.422382
-0.82539
-0.813083
-0.781762
-0.733994
-0.679795
-0.623485
-0.567167
-0.513902
-0.468652
-0.439216
-0.419113
-0.445225
-0.508283
-0.654659
-0.588799
-0.444641
-0.371307
-0.344702
-0.334215
-0.330302
-0.781996
-0.774369
-0.754601
-0.718081
-0.673612
-0.625856
-0.576434
-0.528426
-0.486144
-0.45736
-0.431545
-0.327843
-0.105808
0.0762782
0.0552103
-0.0443754
-0.135618
-0.174204
-0.182406
-0.182704
-0.737483
-0.733223
-0.722536
-0.69801
-0.662602
-0.622228
-0.578872
-0.534262
-0.492776
-0.458255
-0.425097
-0.282345
-0.0300342
0.30176
0.344268
0.133651
-0.061675
-0.149698
-0.183551
-0.195479
-0.700991
-0.698734
-0.693055
-0.677155
-0.650122
-0.615464
-0.576268
-0.533759
-0.48968
-0.452813
-0.427348
-0.407485
-0.50939
-0.791454
-1.14444
-1.41656
-1.46798
-1.35425
-1.16632
-1.1091
-0.67403
-0.672904
-0.670681
-0.661724
-0.640476
-0.609476
-0.571711
-0.528345
-0.4811
-0.434858
-0.400686
-0.465471
-0.842422
-1.44819
-1.96811
-2.06076
-1.90606
-1.64296
-1.38863
-1.31396
-0.656472
-0.655946
-0.655103
-0.65068
-0.63484
-0.605534
-0.566718
-0.52054
-0.467669
-0.403832
-0.352827
-0.331526
-0.459709
-0.588845
-0.663638
-0.619085
-0.400217
-0.189151
-0.0309172
0.0398656
-0.645675
-0.645429
-0.644784
-0.643161
-0.632307
-0.604132
-0.562924
-0.512451
-0.450572
-0.377292
-0.297797
-0.199302
-0.0675341
0.198647
0.527615
0.877378
1.19145
1.38082
1.4656
1.49371
-0.639048
-0.638686
-0.637738
-0.636971
-0.631284
-0.606006
-0.561703
-0.504774
-0.436644
-0.350929
-0.240123
-0.12232
0.110665
0.538685
1.02614
1.48024
1.82286
2.00017
2.06691
2.08208
-0.637292
-0.637376
-0.63762
-0.638316
-0.635894
-0.611697
-0.562869
-0.501014
-0.425965
-0.327151
-0.212726
-0.0905261
0.129504
0.556952
1.01411
1.42276
1.71563
1.8669
1.92027
1.9304
-0.633814
-0.635115
-0.638325
-0.642633
-0.641747
-0.616112
-0.566796
-0.503841
-0.422296
-0.321164
-0.207664
-0.0929395
0.0718533
0.431295
0.789119
1.1006
1.32027
1.42832
1.46393
1.47026
-0.632578
-0.632782
-0.629026
-0.619966
-0.612418
-0.604035
-0.573804
-0.513902
-0.427891
-0.325719
-0.218738
-0.11535
0.00541015
0.270161
0.52932
0.735822
0.874076
0.93896
0.962543
0.96749
-0.665218
-0.661111
-0.641553
-0.605364
-0.586132
-0.60336
-0.597948
-0.533508
-0.439646
-0.334357
-0.234513
-0.144797
-0.0501602
0.129057
0.300873
0.42565
0.503282
0.541376
0.55981
0.566214
-0.74547
-0.743974
-0.746664
-0.754708
-0.749114
-0.741005
-0.674752
-0.566207
-0.451544
-0.340595
-0.251612
-0.18158
-0.111706
0.0287704
0.150726
0.231752
0.28255
0.310032
0.325716
0.331414
-0.880813
-0.89854
-0.943133
-0.979825
-0.97497
-0.922388
-0.77138
-0.602886
-0.459162
-0.343862
-0.261896
-0.206889
-0.158494
-0.0526209
0.0467206
0.120461
0.168815
0.196573
0.21003
0.21367
-0.950627
-0.974762
-1.01369
-1.04222
-1.03664
-0.968524
-0.790496
-0.599601
-0.44758
-0.333353
-0.259512
-0.215583
-0.180987
-0.0865803
-0.00314707
0.0581259
0.10526
0.133361
0.144987
0.146685
-0.826151
-0.848376
-0.884669
-0.916148
-0.913264
-0.836966
-0.678324
-0.526751
-0.399639
-0.30279
-0.239245
-0.203094
-0.169341
-0.0956926
-0.0273777
0.0214391
0.0580555
0.0787613
0.0865145
0.0877137
-0.516133
-0.533318
-0.563898
-0.596082
-0.606139
-0.564818
-0.48209
-0.395372
-0.319004
-0.252967
-0.202589
-0.167753
-0.1322
-0.0839035
-0.0388238
-0.00261217
0.0268204
0.0440235
0.050703
0.050433
-0.176835
-0.185666
-0.205075
-0.234104
-0.261473
-0.27118
-0.268804
-0.252239
-0.226999
-0.193547
-0.158636
-0.124567
-0.0916195
-0.0612702
-0.0332448
-0.0101789
0.00738949
0.0179461
0.0216299
0.0210508
0.0488034
0.0446124
0.031518
0.00498136
-0.0345177
-0.0793278
-0.11455
-0.137464
-0.14481
-0.136634
-0.116042
-0.0894697
-0.0647872
-0.0500571
-0.0343196
-0.0187233
-0.00642025
0.000549894
0.0021798
0.00092759
0.141815
0.139654
0.130282
0.107533
0.0692026
0.0215191
-0.0245158
-0.061639
-0.0846231
-0.0911253
-0.0813516
-0.0633446
-0.0486789
-0.0442178
-0.038335
-0.0295806
-0.0215165
-0.0173813
-0.0169899
-0.0184326
0.155583
0.154046
0.147284
0.130292
0.100678
0.0620458
0.0208648
-0.0164676
-0.0444128
-0.0588194
-0.0578684
-0.0488986
-0.0428634
-0.0452793
-0.0436386
-0.0406456
-0.0384268
-0.0387876
-0.0398839
-0.0411133
0.136863
0.135826
0.131239
0.11959
0.0988331
0.0704911
0.0378949
0.00581752
-0.0214485
-0.0397238
-0.0451676
-0.0427535
-0.0430517
-0.0509438
-0.0548688
-0.0561792
-0.0578508
-0.0605275
-0.0623639
-0.063239
0.109477
0.108813
0.105804
0.0980827
0.0839686
0.063852
0.0391682
0.012984
-0.0114563
-0.0309332
-0.0410926
-0.0440419
-0.0481989
-0.060274
-0.0673381
-0.071413
-0.0750826
-0.0783252
-0.0800844
-0.0807177
0.0825385
0.0821787
0.0802296
0.075165
0.0656513
0.0515327
0.0332487
0.0123466
-0.00944088
-0.030224
-0.0457544
-0.0556458
-0.0635371
-0.07456
-0.0811032
-0.0851804
-0.0887229
-0.0915893
-0.0928448
-0.0933924
0.0593949
0.0590965
0.0577997
0.0544595
0.0479944
0.0379852
0.0242836
0.00745938
-0.0120481
-0.0341786
-0.0568026
-0.0774405
-0.0916504
-0.0981315
-0.0993155
-0.0996802
-0.101315
-0.102745
-0.103399
-0.103822
0.0405641
0.040385
0.0395134
0.0372891
0.0328768
0.0257459
0.0154699
0.00187236
-0.0156031
-0.0387154
-0.0683671
-0.101007
-0.121307
-0.119865
-0.113549
-0.110591
-0.110393
-0.111362
-0.111699
-0.111902
0.0259796
0.0258623
0.0252949
0.0238555
0.0209361
0.0159358
0.00831528
-0.00246968
-0.0175682
-0.0402394
-0.0730591
-0.11284
-0.134091
-0.125641
-0.115409
-0.111577
-0.112015
-0.113051
-0.1131
-0.11301
0.0152077
0.0151328
0.0147914
0.0139002
0.0120663
0.00875803
0.00339967
-0.00463002
-0.016714
-0.0360255
-0.0659997
-0.102158
-0.116978
-0.106187
-0.0986146
-0.0977963
-0.099973
-0.101531
-0.101414
-0.101136
0.00765303
0.00761646
0.00743254
0.00699253
0.00598657
0.00407788
0.000823407
-0.00434486
-0.0125206
-0.0258363
-0.046926
-0.0705293
-0.0754705
-0.0685308
-0.0657717
-0.0686669
-0.0723864
-0.074136
-0.0740105
-0.0737439
0.00257401
0.00262052
0.00256738
0.00246864
0.00225082
0.00175436
0.000730295
-0.00106158
-0.0038664
-0.00833799
-0.0157588
-0.0258926
-0.0323744
-0.0276983
-0.0269838
-0.0289791
-0.0324263
-0.0342948
-0.0343004
-0.0338597
-0.668023
-0.158995
0.15136
0.362199
0.523372
0.645739
0.744381
0.830225
0.93255
0.924837
0.0595111
0.21426
0.374769
0.510238
0.621567
0.711785
0.785981
0.841532
0.864057
0.8704
0.328539
0.428844
0.534365
0.626655
0.705088
0.770362
0.822088
0.858508
0.882074
0.899242
0.513691
0.582485
0.655545
0.721471
0.778321
0.825969
0.864273
0.894039
0.917478
0.936119
0.652816
0.703261
0.755383
0.80443
0.847458
0.884419
0.915508
0.941368
0.962563
0.980972
0.765383
0.802292
0.844259
0.882539
0.917419
0.94836
0.975258
0.998137
1.01649
1.03447
0.862307
0.892634
0.92805
0.961131
0.991863
1.01973
1.04423
1.0649
1.08067
1.09835
0.951548
0.980158
1.01352
1.04515
1.07464
1.10138
1.12466
1.14376
1.15732
1.17486
1.0418
1.073
1.10792
1.14061
1.17039
1.1968
1.21925
1.23701
1.24898
1.26665
1.14526
1.18148
1.21903
1.25318
1.28305
1.30859
1.32968
1.34602
1.35728
1.37547
1.2741
1.31404
1.35163
1.38446
1.41222
1.43566
1.45516
1.47051
1.48233
1.50076
1.43491
1.47169
1.50313
1.52961
1.55234
1.5728
1.59133
1.6074
1.62147
1.63947
1.61888
1.64416
1.66402
1.68265
1.70047
1.71723
1.73293
1.74895
1.76617
1.78526
1.80464
1.81633
1.8298
1.84468
1.85845
1.8705
1.8813
1.89274
1.90706
1.92564
1.9879
2.00242
2.00757
2.00813
2.00995
2.01729
2.03117
2.04913
2.06174
2.07525
2.26035
2.20599
2.15879
2.1273
2.11419
2.11877
2.14204
2.18674
2.2541
2.3496
0.722539
0.717858
0.710464
0.698577
0.6856
0.674135
0.665021
0.658231
0.653746
0.651846
0.653094
0.657112
0.663315
0.671654
0.682239
0.694851
0.707922
0.717814
0.723787
0.727188
0.644542
0.651626
0.657608
0.661826
0.663113
0.661358
0.657759
0.653896
0.650886
0.649572
0.650672
0.653746
0.657896
0.662239
0.66544
0.665979
0.663283
0.658155
0.651312
0.645446
0.63536
0.638366
0.641624
0.64412
0.646138
0.6476
0.64796
0.647238
0.646175
0.64573
0.646609
0.648373
0.650058
0.650793
0.650181
0.648631
0.646596
0.64382
0.640547
0.638208
0.629646
0.631101
0.633337
0.635581
0.637238
0.638456
0.639456
0.640141
0.640469
0.640811
0.641521
0.642273
0.642566
0.642271
0.641586
0.640493
0.638754
0.636533
0.634753
0.633669
0.624366
0.625187
0.626655
0.628458
0.630208
0.631657
0.632788
0.633768
0.634658
0.635469
0.636151
0.636513
0.636496
0.636142
0.63537
0.63412
0.632588
0.631061
0.630046
0.629388
0.619329
0.619886
0.620964
0.622382
0.62391
0.625431
0.626822
0.628033
0.629147
0.630196
0.63098
0.631341
0.631298
0.630828
0.629966
0.628884
0.627729
0.626665
0.625983
0.62552
0.614445
0.614863
0.615725
0.616934
0.618266
0.619689
0.621156
0.622584
0.623924
0.62518
0.626135
0.626591
0.626553
0.626105
0.625401
0.624578
0.623708
0.622919
0.62242
0.622067
0.609656
0.609985
0.610697
0.611758
0.612996
0.614346
0.615802
0.617341
0.618901
0.62041
0.621582
0.622181
0.62227
0.622007
0.62153
0.620923
0.620271
0.619696
0.619325
0.619044
0.60488
0.605147
0.605753
0.606715
0.607893
0.609211
0.61068
0.612304
0.614052
0.615841
0.617294
0.618134
0.618465
0.618443
0.618193
0.617804
0.617351
0.616948
0.616673
0.616441
0.600027
0.600249
0.600782
0.601683
0.602826
0.604148
0.605671
0.607412
0.609364
0.611462
0.613274
0.614456
0.615094
0.615343
0.615333
0.61517
0.614907
0.614655
0.614455
0.614256
0.595006
0.595196
0.595679
0.596549
0.597694
0.599062
0.600679
0.602585
0.604797
0.607267
0.609526
0.611127
0.612127
0.612686
0.612941
0.613005
0.612935
0.612818
0.612679
0.612505
0.589728
0.589893
0.590348
0.591217
0.592405
0.593862
0.595622
0.597754
0.600298
0.603236
0.606038
0.608138
0.609559
0.610473
0.611025
0.611319
0.611457
0.611467
0.611379
0.611222
0.584096
0.584243
0.584688
0.585586
0.586857
0.588449
0.590413
0.592845
0.595813
0.599333
0.602794
0.605488
0.607404
0.608721
0.609609
0.610189
0.610527
0.610652
0.610606
0.61046
0.578001
0.578134
0.578585
0.579542
0.58094
0.582722
0.584962
0.587782
0.591284
0.595524
0.599783
0.603185
0.605685
0.607473
0.608741
0.60963
0.610193
0.610437
0.61043
0.61029
0.571313
0.571435
0.571907
0.572954
0.574527
0.576566
0.579163
0.582475
0.586648
0.591769
0.596992
0.601242
0.604434
0.606777
0.608482
0.609726
0.61054
0.610906
0.610933
0.610796
0.563877
0.563993
0.564496
0.565668
0.567471
0.569838
0.572892
0.576826
0.581829
0.588027
0.594415
0.599678
0.603687
0.606685
0.608914
0.61057
0.61166
0.612154
0.612214
0.612074
0.555496
0.555609
0.556152
0.557498
0.559581
0.562367
0.566004
0.57072
0.576752
0.584264
0.592054
0.598523
0.603497
0.607264
0.610123
0.612254
0.613656
0.614285
0.614375
0.614231
0.545862
0.545987
0.546626
0.548161
0.550623
0.553955
0.55833
0.564026
0.571335
0.580453
0.589923
0.597817
0.603929
0.6086
0.612196
0.614881
0.616637
0.617409
0.617527
0.617374
0.534687
0.534812
0.535567
0.537379
0.540319
0.544347
0.549658
0.556591
0.565489
0.576568
0.588045
0.597612
0.605053
0.610788
0.615227
0.618563
0.620711
0.621631
0.621772
0.621606
0.521485
0.521627
0.522541
0.524714
0.528278
0.53321
0.53973
0.548238
0.559118
0.572581
0.586442
0.597963
0.606936
0.613895
0.619324
0.623399
0.625972
0.627037
0.627194
0.627012
0.505606
0.505786
0.506931
0.509594
0.51399
0.520128
0.528239
0.538783
0.552152
0.568508
0.585171
0.598943
0.609656
0.618012
0.624561
0.629463
0.632481
0.633679
0.633841
0.633641
0.48611
0.486366
0.487859
0.491221
0.49678
0.504581
0.514843
0.528056
0.544566
0.564416
0.584328
0.600639
0.613301
0.623208
0.630985
0.636791
0.640247
0.641548
0.6417
0.641479
0.461576
0.461978
0.464025
0.468455
0.475743
0.485942
0.4992
0.515958
0.536417
0.560431
0.584041
0.603149
0.617933
0.629529
0.638622
0.645361
0.649197
0.650549
0.650671
0.650429
0.429697
0.430395
0.433408
0.439664
0.449737
0.463558
0.481075
0.502529
0.527877
0.556755
0.584475
0.606586
0.623607
0.636977
0.647456
0.655051
0.659149
0.660474
0.660544
0.660284
0.386346
0.38775
0.392821
0.402688
0.417623
0.437053
0.460578
0.488105
0.519336
0.553719
0.585861
0.611084
0.630385
0.645519
0.65736
0.665647
0.669788
0.670981
0.67098
0.670712
0.323844
0.328219
0.338823
0.355875
0.379068
0.406888
0.438417
0.47337
0.511345
0.551701
0.588409
0.616741
0.638254
0.655066
0.668046
0.676721
0.680632
0.68155
0.681473
0.681216
0.249326
0.257525
0.276925
0.304552
0.338304
0.375544
0.415651
0.458504
0.50377
0.550848
0.593021
0.625289
0.649672
0.668578
0.682826
0.691731
0.695359
0.696114
0.696086
0.695958
0.174601
0.188188
0.216675
0.254732
0.298576
0.345129
0.39384
0.444676
0.497347
0.551286
0.599076
0.635382
0.662692
0.683777
0.699345
0.708093
0.7111
0.711618
0.711616
0.711578
0.11267
0.12988
0.164096
0.210002
0.262073
0.316828
0.373487
0.431904
0.491692
0.552232
0.605368
0.645451
0.675433
0.698302
0.714582
0.72332
0.726146
0.72661
0.726657
0.726667
0.0617617
0.0810754
0.119731
0.171437
0.229915
0.291436
0.354963
0.420188
0.486566
0.553358
0.611593
0.65525
0.687709
0.712284
0.729524
0.738351
0.741126
0.741766
0.741853
0.741906
0.019133
0.0396775
0.0816677
0.137982
0.201756
0.268934
0.338365
0.409631
0.482034
0.554666
0.617743
0.664822
0.699695
0.725958
0.744145
0.753388
0.756485
0.75722
0.757329
0.757412
-0.0175803
0.00375492
0.0483987
0.108454
0.176693
0.248764
0.323386
0.400055
0.477953
0.556035
0.62371
0.674086
0.711303
0.739235
0.758431
0.768379
0.771779
0.77258
0.772694
0.772775
-0.0500381
-0.0281472
0.0186569
0.0818632
0.153899
0.230247
0.309507
0.391083
0.474072
0.557286
0.629351
0.682893
0.722358
0.751889
0.772075
0.782709
0.786406
0.787302
0.787399
0.787476
-0.0794654
-0.0571591
-0.00852935
0.0573854
0.13272
0.212843
0.296278
0.382362
0.470103
0.55819
0.634465
0.69105
0.732642
0.763632
0.784801
0.796044
0.800065
0.800995
0.801073
0.801132
-0.106827
-0.0840926
-0.03386
0.0343932
0.112666
0.196149
0.283352
0.373576
0.465775
0.55853
0.638901
0.698434
0.742063
0.774421
0.796427
0.808149
0.812445
0.813409
0.813471
0.813508
-0.13265
-0.109468
-0.0578397
0.0124613
0.0933688
0.179856
0.270469
0.364508
0.460906
0.558159
0.642567
0.705004
0.750601
0.784228
0.806895
0.818935
0.823418
0.824418
0.824458
0.824464
-0.157373
-0.133671
-0.0809393
-0.00867721
0.0745641
0.163745
0.25746
0.355014
0.45536
0.556974
0.645393
0.710768
0.758296
0.793091
0.81633
0.828564
0.833086
0.834064
0.834099
0.834075
-0.181276
-0.157111
-0.103287
-0.0292331
0.056085
0.147685
0.244207
0.344995
0.449046
0.554882
0.647345
0.715745
0.765253
0.801162
0.824836
0.837112
0.841601
0.842558
0.842561
0.84251
-0.204537
-0.17987
-0.124958
-0.04934
0.0378313
0.131595
0.23065
0.334397
0.441914
0.551826
0.648379
0.719963
0.771579
0.808608
0.832597
0.844814
0.84917
0.850059
0.850027
0.849951
-0.227246
-0.202038
-0.146079
-0.0690655
0.0197583
0.115456
0.21678
0.323208
0.433932
0.547757
0.64845
0.723439
0.77739
0.815613
0.83981
0.851795
0.855926
0.856704
0.856636
0.856539
-0.249393
-0.223703
-0.166732
-0.0884345
0.00186349
0.0992691
0.202611
0.311451
0.425105
0.542644
0.647496
0.726165
0.782783
0.822351
0.846654
0.858196
0.861957
0.862564
0.862446
0.862333
-0.271032
-0.244823
-0.186894
-0.107432
-0.0158303
0.0830719
0.188194
0.299171
0.415478
0.536475
0.645461
0.728087
0.787792
0.829018
0.853393
0.8642
0.867333
0.867692
0.867532
0.867414
-0.292086
-0.265367
-0.20653
-0.126033
-0.0332859
0.0669292
0.173597
0.286442
0.405107
0.529262
0.642271
0.729104
0.792389
0.835779
0.860397
0.870187
0.872279
0.872183
0.871965
0.871867
-0.312565
-0.285293
-0.225641
-0.144196
-0.0504423
0.0509023
0.158905
0.27336
0.394061
0.521052
0.637871
0.729082
0.796449
0.842688
0.868112
0.876865
0.877329
0.876215
0.875823
0.875846
-0.332381
-0.304606
-0.244178
-0.161882
-0.0672509
0.035068
0.144193
0.259998
0.38245
0.511917
0.632223
0.727856
0.799748
0.849557
0.876806
0.885278
0.883858
0.880714
0.8792
0.879137
-0.351601
-0.323287
-0.262095
-0.17904
-0.0836401
0.0195108
0.129581
0.246491
0.370392
0.501946
0.625323
0.725247
0.80198
0.855893
0.886131
0.896145
0.89428
0.88847
0.881838
0.865785
-0.370158
-0.341332
-0.27953
-0.195874
-0.0999009
0.00391039
0.114662
0.232391
0.357389
0.490634
0.616649
0.720702
0.802837
0.861279
0.895293
0.909192
0.909437
0.902077
0.888924
0.904397
-0.388148
-0.358674
-0.296438
-0.212355
-0.115968
-0.0116826
0.0994378
0.21772
0.343426
0.477871
0.605982
0.713548
0.801573
0.864603
0.901143
0.918356
0.921992
0.911008
0.852899
0.840649
-0.406199
-0.375748
-0.312554
-0.228181
-0.131312
-0.0268504
0.08411
0.202745
0.328795
0.463859
0.593337
0.70327
0.79726
0.864964
0.89887
0.915312
0.909645
0.871776
0.805368
0.765941
-0.425628
-0.394093
-0.327403
-0.242988
-0.145341
-0.0413288
0.0691021
0.187689
0.313631
0.448644
0.578609
0.689633
0.787645
0.860992
0.905445
0.885955
0.856515
0.791291
0.719575
0.676831
-0.00225805
0.112998
0.23481
0.364494
0.498055
0.619605
0.72131
0.558673
-0.443225
-0.427528
-0.388516
-0.317006
-0.226474
-0.127229
-0.0200333
0.0940844
0.215088
0.343547
0.475939
0.596775
0.696704
0.779114
0.830678
0.780117
0.640031
0.551562
0.481964
-0.462608
-0.449802
-0.405315
-0.332614
-0.241645
-0.142102
-0.0353696
0.0782514
0.198385
0.325466
0.455641
0.573195
0.66727
0.73503
0.732585
0.624742
0.480283
0.374878
0.286347
-0.48525
-0.472847
-0.425493
-0.351707
-0.26077
-0.160949
-0.0541783
0.0591024
0.178272
0.303714
0.430753
0.543125
0.626494
0.676058
0.635694
0.47405
0.311326
0.180415
0.0646549
-0.508065
-0.495589
-0.446668
-0.371579
-0.280356
-0.180572
-0.0741139
0.0384203
0.156334
0.279666
0.40301
0.509261
0.584906
0.606677
0.51843
0.327063
0.134706
-0.0373787
-0.200128
-0.530338
-0.518186
-0.46847
-0.392336
-0.300724
-0.200971
-0.0949663
0.016665
0.133132
0.253993
0.373112
0.472437
0.53832
0.521827
0.389976
0.189667
-0.0242742
-0.219095
-0.400221
-0.55317
-0.54126
-0.491181
-0.414395
-0.322467
-0.222676
-0.117054
-0.00627714
0.108672
0.226896
0.341536
0.433262
0.484761
0.445626
0.271656
0.0734868
-0.137143
-0.328882
-0.445304
-0.514591
-0.577331
-0.565561
-0.515169
-0.438025
-0.345981
-0.246262
-0.141098
-0.0313013
0.0818886
0.197053
0.306671
0.390145
0.425524
0.360759
0.164882
-0.0260341
-0.209542
-0.346056
-0.389969
-0.413684
-0.603005
-0.591322
-0.540698
-0.463342
-0.371341
-0.271904
-0.167388
-0.0588486
0.0522186
0.163786
0.267675
0.342445
0.356836
0.254154
0.0687292
-0.108311
-0.263097
-0.344474
-0.364984
-0.369918
-0.630447
-0.618732
-0.567879
-0.490365
-0.398532
-0.299554
-0.19594
-0.0889532
0.0196131
0.12708
0.224451
0.290259
0.276111
0.151616
-0.0201396
-0.185762
-0.306265
-0.350857
-0.350017
-0.350888
-0.659567
-0.647934
-0.596731
-0.519096
-0.427549
-0.329209
-0.226751
-0.121613
-0.0159343
0.0869603
0.177188
0.232439
0.200619
0.0550666
-0.101939
-0.255207
-0.321274
-0.338465
-0.340138
-0.339816
-0.690223
-0.678607
-0.627142
-0.549448
-0.458298
-0.360813
-0.259759
-0.156805
-0.0543968
0.0434969
0.126199
0.169319
0.132618
-0.0285775
-0.175996
-0.291889
-0.340666
-0.333315
-0.333302
-0.333396
-0.721912
-0.710216
-0.658845
-0.581164
-0.490579
-0.39418
-0.29482
-0.194392
-0.095628
-0.00300029
0.0717356
0.105318
0.0530133
-0.10278
-0.235892
-0.3151
-0.332045
-0.329781
-0.329345
-0.329068
-0.754132
-0.742323
-0.691236
-0.613803
-0.524014
-0.428969
-0.331626
-0.234083
-0.139369
-0.0521282
0.0145187
0.0370786
-0.032021
-0.165965
-0.281877
-0.303893
-0.320336
-0.325767
-0.3264
-0.326299
-0.785882
-0.774021
-0.723405
-0.646723
-0.558029
-0.464667
-0.369708
-0.27541
-0.185122
-0.103502
-0.0435239
-0.0364162
-0.106174
-0.221784
-0.301511
-0.348179
-0.332063
-0.327709
-0.326167
-0.325721
-0.81527
-0.80424
-0.754438
-0.678856
-0.591768
-0.500527
-0.408383
-0.317707
-0.232122
-0.156493
-0.10085
-0.103328
-0.172145
-0.268662
-0.331111
-0.336331
-0.331449
-0.327131
-0.325333
-0.324647
-0.841485
-0.830763
-0.782982
-0.70892
-0.624094
-0.535537
-0.446741
-0.360112
-0.279398
-0.209889
-0.15836
-0.16206
-0.228779
-0.300318
-0.351874
-0.347263
-0.337452
-0.328476
-0.324713
-0.323962
-0.86192
-0.851849
-0.806497
-0.735467
-0.653625
-0.568482
-0.483631
-0.401549
-0.325887
-0.262292
-0.216191
-0.216082
-0.270168
-0.313338
-0.343918
-0.363417
-0.350301
-0.34059
-0.337548
-0.33644
-0.874463
-0.865443
-0.823366
-0.756283
-0.678665
-0.597919
-0.517774
-0.440727
-0.370439
-0.312554
-0.271351
-0.267542
-0.308511
-0.289
-0.291475
-0.335798
-0.376816
-0.393595
-0.392026
-0.388752
-0.876477
-0.869056
-0.831391
-0.769565
-0.69734
-0.622243
-0.547673
-0.476275
-0.41175
-0.359417
-0.322737
-0.318781
-0.362165
-0.328637
-0.312383
-0.36958
-0.409517
-0.41808
-0.417383
-0.417299
-0.866136
-0.860152
-0.828296
-0.773382
-0.708112
-0.639849
-0.571889
-0.506756
-0.44821
-0.401611
-0.372357
-0.37196
-0.463849
-0.589852
-0.586776
-0.520227
-0.466308
-0.438499
-0.43022
-0.427906
-0.839885
-0.835647
-0.811353
-0.766247
-0.709915
-0.649722
-0.589161
-0.530644
-0.477911
-0.437348
-0.410242
-0.420374
-0.510479
-0.742748
-0.858656
-0.620575
-0.478842
-0.415855
-0.396624
-0.38941
-0.801074
-0.798432
-0.782459
-0.748362
-0.702815
-0.6517
-0.598915
-0.546783
-0.49902
-0.462084
-0.444124
-0.412712
-0.350225
-0.297718
-0.318079
-0.291608
-0.264415
-0.256948
-0.254032
-0.2514
-0.756409
-0.754745
-0.746711
-0.723544
-0.689022
-0.64691
-0.601591
-0.554979
-0.510562
-0.473118
-0.449172
-0.37743
-0.150576
0.169974
0.364284
0.232193
0.0240378
-0.109977
-0.152445
-0.163689
-0.715899
-0.714825
-0.711078
-0.697991
-0.672482
-0.638057
-0.598911
-0.556499
-0.51273
-0.473187
-0.441871
-0.385448
-0.27424
-0.136191
-0.0573252
-0.279426
-0.453451
-0.466902
-0.437998
-0.423025
-0.686192
-0.685575
-0.683089
-0.676366
-0.657962
-0.629459
-0.593944
-0.553132
-0.509231
-0.463865
-0.429468
-0.416741
-0.58446
-1.09809
-1.76769
-2.13735
-2.18085
-2.00473
-1.76032
-1.59007
-0.664041
-0.66355
-0.662532
-0.659929
-0.6481
-0.623435
-0.589087
-0.547827
-0.500291
-0.447056
-0.399642
-0.350751
-0.540035
-0.897318
-1.28968
-1.49338
-1.4169
-1.17479
-0.943117
-0.8036
-0.650645
-0.650496
-0.650048
-0.64853
-0.642225
-0.620563
-0.585805
-0.541446
-0.488279
-0.427335
-0.354375
-0.298638
-0.244894
-0.189647
-0.0414638
0.104386
0.361256
0.610335
0.759126
0.826999
-0.641725
-0.641647
-0.641123
-0.640465
-0.637687
-0.620508
-0.584806
-0.535894
-0.478004
-0.406289
-0.316768
-0.218928
-0.0782046
0.205316
0.627716
1.08421
1.47785
1.74272
1.86332
1.90437
-0.637789
-0.637642
-0.637115
-0.636251
-0.635303
-0.623997
-0.58673
-0.533299
-0.468313
-0.386629
-0.283944
-0.16171
0.002293
0.341714
0.825705
1.29564
1.68654
1.92883
2.03516
2.06507
-0.636206
-0.636602
-0.637967
-0.640645
-0.642551
-0.631583
-0.591284
-0.534736
-0.464131
-0.376429
-0.267658
-0.146983
-0.0197776
0.288561
0.713745
1.10415
1.42194
1.61383
1.69502
1.71535
-0.630535
-0.631614
-0.632964
-0.634967
-0.636317
-0.626179
-0.593469
-0.541767
-0.468812
-0.375429
-0.26742
-0.155486
-0.0530486
0.184641
0.511817
0.79461
1.01797
1.14694
1.19872
1.21246
-0.643189
-0.643441
-0.637594
-0.618338
-0.590209
-0.589339
-0.595057
-0.557409
-0.480467
-0.382345
-0.279705
-0.177109
-0.08681
0.0768658
0.305774
0.494444
0.628364
0.702126
0.734478
0.746033
-0.699009
-0.696138
-0.687046
-0.665364
-0.644105
-0.64221
-0.648934
-0.592456
-0.498423
-0.391156
-0.289737
-0.201136
-0.130728
-0.00538143
0.152069
0.271146
0.348661
0.391612
0.414743
0.426219
-0.813281
-0.811594
-0.830843
-0.86702
-0.881981
-0.862518
-0.793859
-0.655854
-0.51924
-0.397793
-0.297824
-0.224082
-0.17344
-0.0803066
0.0423966
0.135386
0.19752
0.233143
0.253274
0.262324
-0.935038
-0.941752
-0.979743
-1.02275
-1.03844
-1.00755
-0.893285
-0.698206
-0.527252
-0.395678
-0.296807
-0.235276
-0.199781
-0.124771
-0.0275099
0.0522006
0.109867
0.148793
0.169008
0.175977
-0.914153
-0.924508
-0.955497
-0.991294
-1.00672
-0.972782
-0.843201
-0.65633
-0.495302
-0.370289
-0.282219
-0.230279
-0.198996
-0.137019
-0.0514689
0.013976
0.0619606
0.0959768
0.111925
0.116751
-0.683289
-0.6955
-0.725415
-0.764116
-0.786358
-0.758808
-0.651748
-0.524696
-0.410599
-0.318371
-0.248414
-0.203669
-0.173743
-0.123044
-0.0619024
-0.0138115
0.0244546
0.0508478
0.0634256
0.0664547
-0.3354
-0.343248
-0.361989
-0.390299
-0.417624
-0.420304
-0.392642
-0.347658
-0.297297
-0.248484
-0.201363
-0.162763
-0.1312
-0.0919871
-0.052736
-0.0210261
0.00509368
0.0244079
0.0335186
0.0360275
-0.0442564
-0.0480205
-0.0583545
-0.0802945
-0.112982
-0.148301
-0.174015
-0.187622
-0.188599
-0.175263
-0.151255
-0.122488
-0.0910673
-0.0665747
-0.0432875
-0.0225488
-0.00612206
0.00544643
0.0107385
0.0109279
0.110495
0.108288
0.102166
0.084671
0.0516858
0.00545401
-0.0421149
-0.0809579
-0.105691
-0.114289
-0.106478
-0.0862171
-0.063738
-0.0512872
-0.0422424
-0.030529
-0.0188598
-0.0104914
-0.00734291
-0.00776214
0.155746
0.154623
0.150513
0.137149
0.109845
0.0695076
0.0244789
-0.0179876
-0.0508138
-0.0699047
-0.0724319
-0.0616511
-0.0480023
-0.0441485
-0.0422366
-0.037422
-0.0317743
-0.0280821
-0.0274843
-0.0286454
0.148604
0.147943
0.14507
0.135679
0.116107
0.0863688
0.0506794
0.0139076
-0.0181618
-0.0411078
-0.0506829
-0.0476768
-0.0422348
-0.0460113
-0.0487027
-0.0484247
-0.0478846
-0.048753
-0.0508891
-0.0521672
0.123567
0.123237
0.121321
0.115069
0.101792
0.0809731
0.054371
0.0250399
-0.00298683
-0.0259538
-0.0394053
-0.0424307
-0.0419011
-0.0490389
-0.0586146
-0.0627944
-0.0654493
-0.0688238
-0.0713228
-0.0723609
0.0956754
0.0955798
0.0943251
0.0902413
0.0814074
0.067092
0.0478464
0.0252124
0.00155058
-0.0203581
-0.0370319
-0.0459414
-0.0504952
-0.0603511
-0.0705159
-0.076101
-0.0802045
-0.083918
-0.0864362
-0.0872271
0.0703779
0.0703219
0.0695473
0.0668983
0.0610263
0.0511646
0.0372489
0.0198727
-1.24912e-05
-0.0212106
-0.0417658
-0.059019
-0.0709462
-0.0812282
-0.0884327
-0.0912488
-0.0939037
-0.0963474
-0.0979522
-0.0985203
0.0493691
0.049396
0.0488159
0.0470636
0.0431071
0.0362406
0.0260957
0.0125825
-0.00422337
-0.0247076
-0.0492836
-0.0767902
-0.100586
-0.109749
-0.108958
-0.106318
-0.106119
-0.106983
-0.107805
-0.108102
0.032705
0.0327465
0.0323612
0.0312077
0.0285946
0.0238441
0.0164782
0.00602742
-0.0081054
-0.0274517
-0.0548367
-0.0907935
-0.123881
-0.129988
-0.12073
-0.114109
-0.112161
-0.11312
-0.113734
-0.113674
0.0201029
0.0201458
0.0198939
0.0191507
0.0174779
0.0143277
0.00910716
0.00126869
-0.00996714
-0.0269304
-0.0534235
-0.0904016
-0.124548
-0.125302
-0.113308
-0.107325
-0.107025
-0.108673
-0.10931
-0.108973
0.0110112
0.0110494
0.0108857
0.0104625
0.00951759
0.00758115
0.00419797
-0.00118572
-0.0094053
-0.0222001
-0.0431872
-0.072823
-0.0973112
-0.0934118
-0.0858788
-0.083764
-0.0864421
-0.0892393
-0.089919
-0.089482
0.00479694
0.00483724
0.00477688
0.00460854
0.00416788
0.00322697
0.00148065
-0.00140957
-0.00608554
-0.0137883
-0.026121
-0.0430598
-0.0537373
-0.0489098
-0.0458192
-0.0483369
-0.0521755
-0.055167
-0.0556001
-0.0552361
0.00261293
0.00260065
0.00252279
0.00238273
0.0020562
0.00132285
-5.73262e-05
-0.00231416
-0.00576808
-0.0116267
-0.0207608
-0.0305858
-0.0309802
-0.0268
-0.0275019
-0.0308736
-0.0335379
-0.0344557
-0.0341009
-0.0115278
-0.372877
-0.0441628
0.174568
0.361194
0.511226
0.630129
0.724839
0.805587
0.862557
0.857676
0.110826
0.263782
0.39898
0.518849
0.620622
0.705379
0.774967
0.828453
0.861171
0.87473
0.370132
0.465641
0.555817
0.638869
0.710801
0.771792
0.821651
0.859669
0.887422
0.906326
0.546313
0.610261
0.676461
0.736672
0.789505
0.834826
0.872696
0.903416
0.928599
0.946286
0.680921
0.726935
0.777997
0.822849
0.863577
0.899512
0.930612
0.957044
0.97928
0.994518
0.79085
0.828213
0.86755
0.904305
0.938118
0.9689
0.996259
1.01988
1.03954
1.05218
0.887141
0.91968
0.953257
0.986405
1.01738
1.04593
1.07147
1.09335
1.11093
1.12138
0.977444
1.009
1.04215
1.07538
1.10622
1.13435
1.15916
1.17994
1.19576
1.20474
1.07177
1.10691
1.14281
1.17819
1.21001
1.23811
1.26215
1.28172
1.2961
1.30486
1.18424
1.22494
1.26369
1.30024
1.33188
1.35877
1.38122
1.39924
1.41267
1.42275
1.32774
1.37077
1.40819
1.44131
1.46909
1.49274
1.51328
1.53058
1.54448
1.55668
1.50549
1.54248
1.57051
1.59447
1.61549
1.6348
1.65298
1.67003
1.68617
1.70151
1.7028
1.72219
1.73787
1.75401
1.77059
1.78601
1.7996
1.81272
1.82821
1.84609
1.89177
1.89951
1.91138
1.92304
1.9329
1.94206
1.9523
1.96362
1.97494
1.98223
2.1106
2.10886
2.10077
2.08377
2.07237
2.07176
2.08392
2.10875
2.14243
2.17002
2.51913
2.33231
2.23075
2.17332
2.14428
2.13762
2.15289
2.19352
2.26929
2.41558
-0.413306
-0.414653
-0.374295
-0.301623
-0.210474
-0.110344
0.816593
0.877748
0.86683
0.787878
0.712629
0.63887
0.413502
0.196162
-0.0647844
-0.410195
-0.762691
)
;

boundaryField
{
    wall-4
    {
        type            zeroGradient;
    }
    pressure-outlet-7
    {
        type            fixedValue;
        value           uniform 0;
    }
    velocity-inlet-6
    {
        type            zeroGradient;
    }
    velocity-inlet-5
    {
        type            zeroGradient;
    }
    frontAndBackPlanes
    {
        type            empty;
    }
}


// ************************************************************************* //
