/*--------------------------------*- C++ -*----------------------------------*\
| =========                 |                                                 |
| \\      /  F ield         | OpenFOAM: The Open Source CFD Toolbox           |
|  \\    /   O peration     | Version:  v2012                                 |
|   \\  /    A nd           | Website:  www.openfoam.com                      |
|    \\/     M anipulation  |                                                 |
\*---------------------------------------------------------------------------*/
FoamFile
{
    version     2.0;
    format      ascii;
    class       volScalarField;
    location    "56";
    object      p;
}
// * * * * * * * * * * * * * * * * * * * * * * * * * * * * * * * * * * * * * //

dimensions      [0 2 -2 0 0 0 0];


internalField   nonuniform List<scalar> 
8800
(
0.890335
0.842284
0.803907
0.775264
0.754638
0.739883
0.729278
0.721772
0.716931
0.714868
0.716152
0.72037
0.72705
0.736396
0.749158
0.766752
0.791199
0.824814
0.867263
0.924389
0.722866
0.730072
0.73851
0.741925
0.740008
0.734483
0.727767
0.721601
0.716841
0.713984
0.71371
0.716238
0.720764
0.726773
0.733692
0.740317
0.744454
0.743943
0.737884
0.728909
0.699573
0.705749
0.709947
0.713306
0.715805
0.716599
0.715486
0.713337
0.711297
0.710388
0.711363
0.713773
0.716618
0.718845
0.719386
0.717862
0.715019
0.711385
0.706853
0.703068
0.694435
0.697135
0.699854
0.702163
0.703806
0.705129
0.706033
0.706233
0.705965
0.705929
0.706691
0.70786
0.708661
0.708609
0.707821
0.706632
0.704888
0.702392
0.699969
0.698439
0.689238
0.690659
0.692458
0.69451
0.696259
0.697561
0.698582
0.699451
0.700124
0.700721
0.701376
0.701844
0.701885
0.701543
0.700854
0.699657
0.697965
0.696089
0.694768
0.693945
0.684224
0.685137
0.686372
0.68795
0.6896
0.69112
0.692387
0.693459
0.694452
0.695374
0.69607
0.696384
0.696332
0.695907
0.695043
0.693833
0.692487
0.691224
0.690404
0.689859
0.679349
0.680013
0.680969
0.682266
0.683677
0.685146
0.686588
0.687905
0.689106
0.690227
0.69106
0.691438
0.691366
0.690863
0.690048
0.68909
0.688078
0.687157
0.686574
0.686173
0.674586
0.675099
0.675877
0.677
0.678272
0.679646
0.681096
0.682572
0.684001
0.685346
0.686367
0.686851
0.686832
0.686443
0.685835
0.685109
0.684338
0.683654
0.683222
0.682909
0.669872
0.67028
0.670931
0.671931
0.67313
0.674452
0.675895
0.677454
0.679081
0.680689
0.681947
0.682612
0.682777
0.682605
0.68222
0.681704
0.681133
0.680639
0.680317
0.680063
0.665125
0.665457
0.66602
0.66694
0.668089
0.669395
0.67087
0.672522
0.674332
0.676224
0.677792
0.678742
0.679177
0.679254
0.679095
0.678797
0.678416
0.67808
0.677842
0.677629
0.660257
0.660533
0.661035
0.661908
0.663039
0.664368
0.665914
0.667701
0.669733
0.671951
0.67391
0.675232
0.675991
0.676349
0.676434
0.676355
0.676162
0.675965
0.675793
0.675609
0.655183
0.655415
0.655878
0.656734
0.657886
0.659281
0.66094
0.662915
0.665234
0.667857
0.670297
0.672063
0.673201
0.673881
0.67424
0.674385
0.674377
0.674307
0.674192
0.674028
0.649813
0.65001
0.650453
0.651323
0.652536
0.654041
0.655868
0.658099
0.660784
0.663918
0.66694
0.669235
0.670814
0.67186
0.672522
0.672906
0.673103
0.673149
0.673079
0.67293
0.644048
0.644217
0.644657
0.645569
0.646886
0.648551
0.650613
0.65318
0.656334
0.660102
0.66383
0.666754
0.668851
0.670316
0.671324
0.671992
0.672388
0.672547
0.672517
0.672377
0.637772
0.637917
0.63837
0.639354
0.64082
0.642706
0.64508
0.648077
0.65182
0.656369
0.660953
0.664629
0.66734
0.669298
0.670697
0.671674
0.672297
0.672574
0.67258
0.672445
0.630851
0.630971
0.631451
0.632539
0.634207
0.636384
0.639156
0.642698
0.647175
0.65268
0.658301
0.662878
0.666317
0.668856
0.670716
0.672047
0.672921
0.67332
0.67336
0.673226
0.623109
0.623207
0.62373
0.624957
0.626883
0.629429
0.63271
0.636942
0.642328
0.649001
0.655874
0.661531
0.66583
0.669053
0.671465
0.67321
0.674365
0.67489
0.674962
0.674826
0.614319
0.614421
0.614997
0.616381
0.618637
0.621662
0.625595
0.630693
0.637213
0.645319
0.653697
0.660633
0.665946
0.669971
0.673036
0.675264
0.676735
0.677397
0.677499
0.677357
0.60418
0.604263
0.60493
0.606538
0.609225
0.612866
0.617623
0.623813
0.631744
0.641602
0.651785
0.66023
0.666737
0.671707
0.675521
0.678318
0.680149
0.680956
0.681086
0.680934
0.592323
0.59239
0.593156
0.595078
0.598323
0.602754
0.608566
0.616139
0.625828
0.637824
0.650164
0.660382
0.668279
0.674355
0.679037
0.682499
0.684725
0.685679
0.685833
0.685668
0.578209
0.578265
0.579174
0.581509
0.585485
0.590958
0.598144
0.607492
0.619382
0.633982
0.64888
0.661166
0.670659
0.678005
0.6837
0.687906
0.690559
0.69166
0.69183
0.691648
0.561075
0.561119
0.562242
0.56516
0.570142
0.577023
0.586045
0.597711
0.612385
0.630146
0.648037
0.66268
0.67398
0.682759
0.689583
0.694622
0.697718
0.698952
0.699127
0.698925
0.539786
0.53983
0.541295
0.545086
0.551515
0.56038
0.571917
0.586642
0.604827
0.626392
0.64773
0.665017
0.678327
0.688696
0.696739
0.702686
0.70621
0.707544
0.707709
0.707485
0.512612
0.512674
0.514724
0.519925
0.528587
0.540371
0.555455
0.57425
0.596819
0.622881
0.648117
0.668297
0.683771
0.69585
0.705221
0.71207
0.71596
0.717337
0.717469
0.717223
0.476526
0.47669
0.479943
0.487744
0.500183
0.516428
0.536568
0.56071
0.588657
0.61991
0.649425
0.672662
0.690391
0.70425
0.714989
0.722662
0.726785
0.728119
0.728193
0.727927
0.425779
0.426759
0.433233
0.446381
0.465387
0.488527
0.515645
0.546541
0.580819
0.617835
0.651873
0.678248
0.698247
0.713854
0.725908
0.734232
0.738383
0.739567
0.739565
0.739283
0.351683
0.358931
0.373849
0.396895
0.425699
0.458057
0.493679
0.532334
0.573634
0.616927
0.655855
0.68564
0.708132
0.725685
0.739104
0.74796
0.752042
0.753058
0.753004
0.752758
0.272261
0.288945
0.313104
0.346823
0.385857
0.42758
0.471796
0.518441
0.567208
0.617506
0.662268
0.696346
0.72199
0.741929
0.757021
0.766321
0.770081
0.770847
0.770813
0.770663
0.205435
0.225256
0.257166
0.299989
0.348092
0.39865
0.451214
0.505696
0.561774
0.618874
0.669223
0.707322
0.735903
0.75796
0.774219
0.783549
0.78702
0.787694
0.787702
0.787604
0.15067
0.172346
0.209715
0.258981
0.314215
0.372218
0.432186
0.49389
0.556874
0.620473
0.676133
0.718002
0.749242
0.773116
0.790448
0.800077
0.803599
0.804362
0.804399
0.804339
0.105174
0.128081
0.169223
0.223599
0.284552
0.348703
0.415019
0.483135
0.552437
0.622117
0.682807
0.728246
0.762003
0.787663
0.806101
0.816423
0.820272
0.820966
0.821039
0.821012
0.0665233
0.0901439
0.134149
0.192573
0.258349
0.327728
0.399544
0.473349
0.548402
0.623744
0.689191
0.738033
0.774232
0.801669
0.82122
0.832282
0.836473
0.837241
0.837344
0.837346
0.0327053
0.0567975
0.103087
0.164842
0.234694
0.308625
0.385326
0.464266
0.544598
0.625222
0.695156
0.74723
0.785727
0.814828
0.835458
0.84718
0.851742
0.85267
0.85281
0.852824
0.00223863
0.026742
0.0748982
0.139508
0.21287
0.290795
0.371881
0.455504
0.54073
0.626328
0.700528
0.755668
0.79631
0.826881
0.84851
0.860832
0.865742
0.86688
0.867024
0.867035
-0.0258361
-0.000957424
0.0487806
0.115854
0.192314
0.27378
0.358808
0.446728
0.536536
0.626871
0.705181
0.763243
0.805899
0.837818
0.86029
0.873096
0.878282
0.879558
0.879707
0.879704
-0.052302
-0.0270083
0.0242755
0.093364
0.172611
0.257232
0.345827
0.437701
0.531811
0.626692
0.709017
0.769942
0.814512
0.847688
0.870788
0.883961
0.889326
0.89069
0.890842
0.890828
-0.0775362
-0.0518086
0.000658116
0.0717661
0.153464
0.240913
0.33274
0.428255
0.52641
0.625686
0.711987
0.77578
0.822232
0.856555
0.880236
0.893565
0.899009
0.900436
0.900556
0.900511
-0.101952
-0.0756407
-0.0221748
0.0507947
0.13467
0.224655
0.319416
0.418281
0.520236
0.623767
0.714057
0.780792
0.829167
0.864591
0.888741
0.90216
0.907618
0.909026
0.909122
0.909056
-0.125676
-0.0989713
-0.0443166
0.0302827
0.116103
0.208366
0.30578
0.40772
0.513232
0.620879
0.715201
0.785019
0.835434
0.872
0.89655
0.909948
0.915315
0.916656
0.916739
0.916647
-0.148851
-0.121602
-0.0659084
0.0101451
0.0977119
0.192009
0.291805
0.396545
0.505366
0.616975
0.715381
0.788493
0.841144
0.878934
0.903806
0.917058
0.922253
0.923491
0.923513
0.923392
-0.171582
-0.143736
-0.0870386
-0.0096477
0.0794707
0.175581
0.277506
0.384775
0.49664
0.612023
0.714549
0.791204
0.846391
0.885543
0.910658
0.923613
0.928486
0.92955
0.929507
0.929363
-0.193891
-0.16537
-0.10773
-0.029096
0.0614082
0.15911
0.262926
0.372449
0.487079
0.606003
0.712645
0.793107
0.851223
0.891994
0.917297
0.929728
0.934091
0.934906
0.934802
0.934655
-0.215622
-0.186464
-0.127914
-0.0481789
0.0435551
0.142658
0.248123
0.35964
0.47674
0.598935
0.7096
0.794123
0.855624
0.898434
0.924018
0.935667
0.939191
0.939615
0.939437
0.939279
-0.236749
-0.206986
-0.147581
-0.0668467
0.0259661
0.126283
0.233186
0.346424
0.4657
0.590844
0.705364
0.794124
0.859495
0.904939
0.931213
0.941943
0.944108
0.943773
0.943463
0.943353
-0.25734
-0.226898
-0.166707
-0.0850682
0.00870313
0.110067
0.2182
0.332902
0.454049
0.581791
0.699886
0.792969
0.862642
0.911399
0.939226
0.949433
0.949753
0.947784
0.946992
0.947118
-0.277221
-0.246184
-0.185231
-0.102782
-0.00817639
0.0940938
0.203262
0.319185
0.4419
0.571872
0.69315
0.790488
0.864778
0.917439
0.948006
0.959116
0.958109
0.953658
0.950796
0.950208
-0.296484
-0.264841
-0.203167
-0.120018
-0.0247058
0.0783215
0.188317
0.305214
0.429187
0.561014
0.685017
0.786412
0.865594
0.922515
0.956865
0.971205
0.971513
0.965289
0.956317
0.94731
-0.315054
-0.282849
-0.220643
-0.136972
-0.0411723
0.0624207
0.172953
0.290513
0.415375
0.548587
0.674844
0.779951
0.864529
0.925888
0.964036
0.983362
0.985899
0.974644
0.95461
0.948314
-0.332753
-0.300217
-0.237477
-0.153452
-0.0572631
0.0467154
0.15739
0.275404
0.400769
0.534847
0.66271
0.770582
0.86081
0.926422
0.965262
0.984627
0.990071
0.965571
0.899669
0.870734
-0.349109
-0.318195
-0.253281
-0.168947
-0.0721708
0.03172
0.141935
0.260141
0.385617
0.519941
0.648603
0.757939
0.853201
0.923403
0.955961
0.9696
0.959088
0.905074
0.836718
0.79533
-0.399184
-0.335027
-0.267651
-0.184365
-0.0872146
0.0161586
0.126614
0.2445
0.369602
0.503448
0.631971
0.74149
0.837837
0.91446
0.926382
0.923286
0.874753
0.805518
0.729376
0.687384
-0.366109
-0.349196
-0.289243
-0.205146
-0.109851
-0.00661201
0.102943
0.220148
0.344219
0.476519
0.603047
0.710645
0.798212
0.880552
0.868539
0.756044
0.653589
0.581476
0.509255
0.541111
-0.39763
-0.367333
-0.306101
-0.222877
-0.127463
-0.0243584
0.0854025
0.201963
0.32497
0.455463
0.579178
0.682747
0.760973
0.805212
0.757545
0.6101
0.485623
0.396335
0.299911
0.350369
-0.421565
-0.388854
-0.325864
-0.2425
-0.14702
-0.0439764
0.0656929
0.181433
0.303045
0.431121
0.551054
0.648424
0.717237
0.725905
0.620669
0.451956
0.304099
0.188543
0.0620503
0.0975219
-0.445038
-0.410932
-0.346612
-0.262377
-0.166808
-0.0639004
0.0452704
0.160055
0.280075
0.405348
0.520575
0.610124
0.663252
0.640805
0.483472
0.291862
0.109237
-0.0526436
-0.235145
-0.244186
-0.468029
-0.433443
-0.3682
-0.283217
-0.187468
-0.0847618
0.0237819
0.137488
0.255659
0.377745
0.487543
0.569347
0.603055
0.544154
0.352976
0.145495
-0.0629287
-0.239466
-0.483868
-0.743766
-0.491366
-0.456724
-0.390938
-0.305449
-0.209485
-0.106918
0.0010713
0.113673
0.229896
0.34856
0.452593
0.526112
0.538487
0.428744
0.238694
0.0289999
-0.172917
-0.33568
-0.412443
-0.519096
-0.51602
-0.481248
-0.415158
-0.329399
-0.23336
-0.131021
-0.023674
0.087659
0.201623
0.316359
0.414274
0.476729
0.464181
0.320184
0.136245
-0.0570273
-0.223119
-0.31385
-0.336942
-0.353127
-0.54226
-0.507329
-0.441029
-0.355156
-0.259226
-0.157283
-0.0508129
0.0589584
0.170252
0.28042
0.371769
0.41992
0.38927
0.218968
0.0430155
-0.125643
-0.252738
-0.291038
-0.302935
-0.304156
-0.570303
-0.535135
-0.468613
-0.38272
-0.287036
-0.185711
-0.0803648
0.0275219
0.135723
0.240735
0.324655
0.357908
0.30643
0.12593
-0.0411453
-0.190735
-0.266782
-0.284105
-0.284863
-0.28459
-0.600213
-0.564732
-0.497932
-0.412093
-0.316807
-0.216296
-0.112336
-0.00666532
0.0980507
0.197391
0.272922
0.294052
0.207187
0.0410953
-0.117692
-0.239396
-0.276799
-0.27432
-0.273589
-0.272915
-0.631698
-0.595951
-0.528889
-0.443189
-0.348455
-0.248985
-0.146696
-0.0435785
0.0572813
0.150504
0.217483
0.221852
0.116823
-0.0377039
-0.177866
-0.252361
-0.263195
-0.26589
-0.266422
-0.266099
-0.664218
-0.628328
-0.561242
-0.475783
-0.381797
-0.283624
-0.183296
-0.0830903
0.0136092
0.100429
0.158881
0.148302
0.034583
-0.10473
-0.218953
-0.258019
-0.261652
-0.261603
-0.261318
-0.26107
-0.697296
-0.661284
-0.594557
-0.509475
-0.416494
-0.319896
-0.221859
-0.124919
-0.0326946
0.0479223
0.0959924
0.0777034
-0.0416931
-0.159254
-0.246154
-0.256357
-0.256174
-0.256981
-0.257237
-0.25708
-0.73006
-0.694115
-0.627894
-0.5437
-0.452006
-0.357334
-0.261939
-0.168588
-0.0812021
-0.00629678
0.0318206
0.0124033
-0.11014
-0.203597
-0.248221
-0.26106
-0.258556
-0.256671
-0.255768
-0.255433
-0.760913
-0.725723
-0.660307
-0.577514
-0.487569
-0.395246
-0.302896
-0.213411
-0.13114
-0.0616836
-0.0271815
-0.058451
-0.16801
-0.25495
-0.255218
-0.263268
-0.261327
-0.257204
-0.255243
-0.254406
-0.788251
-0.754177
-0.690723
-0.609712
-0.522141
-0.432709
-0.343881
-0.25855
-0.181361
-0.117463
-0.0830929
-0.121672
-0.213723
-0.303889
-0.321466
-0.293197
-0.268592
-0.256609
-0.253
-0.251448
-0.809955
-0.777605
-0.717043
-0.638914
-0.554456
-0.46858
-0.383827
-0.30302
-0.230713
-0.17225
-0.13956
-0.167751
-0.230843
-0.330971
-0.367894
-0.312679
-0.278154
-0.263344
-0.258294
-0.255797
-0.823796
-0.794166
-0.73731
-0.663224
-0.583002
-0.501555
-0.421545
-0.34569
-0.278179
-0.224537
-0.19138
-0.199886
-0.193262
-0.242056
-0.254253
-0.288986
-0.310473
-0.312819
-0.30685
-0.30524
-0.827081
-0.801505
-0.749622
-0.68081
-0.606073
-0.530233
-0.455731
-0.385396
-0.322808
-0.273896
-0.232715
-0.230509
-0.145567
-0.0449648
-0.156424
-0.267629
-0.327626
-0.338871
-0.340027
-0.341407
-0.817676
-0.797028
-0.751783
-0.690045
-0.62218
-0.553073
-0.485047
-0.420837
-0.364097
-0.320162
-0.270932
-0.28997
-0.235154
-0.0665654
-0.19143
-0.316569
-0.363424
-0.375097
-0.380673
-0.38389
-0.793306
-0.777817
-0.74194
-0.689686
-0.630274
-0.568977
-0.508184
-0.450552
-0.400606
-0.362836
-0.327831
-0.425883
-0.632216
-0.819416
-0.794583
-0.637059
-0.529116
-0.487701
-0.475185
-0.472803
-0.756623
-0.746646
-0.720839
-0.679817
-0.630227
-0.577508
-0.524155
-0.47304
-0.429064
-0.400836
-0.394556
-0.536346
-0.848009
-1.23262
-1.19641
-0.769779
-0.535134
-0.459653
-0.442387
-0.437028
-0.714303
-0.708684
-0.693225
-0.663157
-0.623762
-0.57917
-0.53257
-0.486936
-0.446707
-0.421238
-0.408501
-0.419417
-0.27816
-0.0931974
0.0720968
0.0105844
-0.138624
-0.223715
-0.236463
-0.230794
-0.675891
-0.67259
-0.665107
-0.644905
-0.613682
-0.575696
-0.534411
-0.491261
-0.451467
-0.419261
-0.407134
-0.306268
-0.106802
0.0785847
0.052678
-0.164366
-0.300895
-0.262225
-0.212959
-0.218654
-0.64784
-0.645848
-0.64208
-0.629314
-0.604281
-0.570367
-0.531324
-0.488813
-0.444555
-0.407267
-0.394026
-0.361972
-0.366942
-0.464542
-0.625717
-0.843439
-0.967225
-0.930352
-0.850298
-0.792266
-0.626087
-0.625321
-0.624146
-0.617717
-0.59804
-0.56629
-0.526536
-0.480804
-0.431785
-0.384284
-0.353879
-0.363318
-0.392927
-0.534616
-0.705696
-0.76873
-0.773557
-0.695671
-0.600735
-0.549699
-0.61326
-0.612909
-0.612345
-0.609617
-0.595135
-0.563756
-0.52058
-0.47016
-0.41352
-0.345554
-0.288018
-0.212027
-0.189256
-0.177895
-0.218409
-0.203522
-0.0766751
0.109925
0.249224
0.306676
-0.604983
-0.604776
-0.60432
-0.604047
-0.594678
-0.563068
-0.515833
-0.45878
-0.389721
-0.307229
-0.21011
-0.0639362
0.129101
0.330754
0.555715
0.783908
1.0405
1.25108
1.3739
1.41627
-0.599405
-0.599706
-0.600415
-0.601614
-0.594701
-0.563813
-0.51319
-0.448971
-0.370084
-0.270739
-0.149268
-0.0260863
0.216961
0.538421
0.950151
1.35187
1.67034
1.87485
1.96959
1.99537
-0.59202
-0.592602
-0.593531
-0.593985
-0.588544
-0.562876
-0.514396
-0.445983
-0.358063
-0.250098
-0.126956
-0.000857601
0.196467
0.555945
0.976854
1.35876
1.65372
1.82429
1.89697
1.91433
-0.593565
-0.59133
-0.582179
-0.567809
-0.563874
-0.562066
-0.52468
-0.451702
-0.355449
-0.243491
-0.122518
-0.000309133
0.141889
0.447856
0.801147
1.10593
1.33439
1.46134
1.51291
1.5244
-0.636964
-0.631064
-0.616409
-0.60005
-0.597769
-0.601339
-0.555765
-0.465785
-0.357697
-0.241501
-0.128347
-0.0198593
0.0807138
0.293165
0.564407
0.788313
0.955232
1.04345
1.07823
1.08503
-0.734578
-0.739013
-0.755661
-0.773641
-0.769371
-0.731075
-0.616293
-0.484203
-0.358771
-0.239335
-0.135878
-0.0474462
0.028801
0.178287
0.362754
0.514316
0.625104
0.683117
0.705291
0.709708
-0.838508
-0.858332
-0.89671
-0.920193
-0.908004
-0.827702
-0.655461
-0.487857
-0.351059
-0.234836
-0.144723
-0.07333
-0.0195738
0.0878132
0.213139
0.310425
0.378444
0.412732
0.425
0.427208
-0.805884
-0.825227
-0.859434
-0.883164
-0.86804
-0.773677
-0.605477
-0.449262
-0.321353
-0.22012
-0.147675
-0.0943441
-0.0541644
0.0159412
0.0967432
0.161036
0.202512
0.2233
0.231398
0.23225
-0.568457
-0.58627
-0.61528
-0.639534
-0.631042
-0.560364
-0.455519
-0.353615
-0.264843
-0.191355
-0.13913
-0.10279
-0.0745996
-0.02186
0.027977
0.0652229
0.0895626
0.101669
0.106078
0.106216
-0.242711
-0.252238
-0.270352
-0.292953
-0.305609
-0.295225
-0.268079
-0.230604
-0.19119
-0.151597
-0.122587
-0.105919
-0.0933719
-0.0556915
-0.0175849
0.00912603
0.0234762
0.0298095
0.0319467
0.0317083
0.0111479
0.00709581
-0.00504437
-0.0285521
-0.0604611
-0.0913022
-0.112829
-0.121914
-0.118953
-0.108446
-0.101205
-0.102385
-0.102502
-0.0739799
-0.0452435
-0.0255509
-0.0138223
-0.0086402
-0.00696831
-0.00732882
0.137502
0.135164
0.125792
0.10337
0.0664834
0.0234182
-0.0149806
-0.0434728
-0.0602786
-0.0673383
-0.0730109
-0.0836935
-0.0885537
-0.0626103
-0.0397565
-0.0281488
-0.0231949
-0.0218564
-0.0216539
-0.0221465
0.174192
0.172528
0.165355
0.147401
0.116884
0.0791107
0.040988
0.00840794
-0.0152491
-0.0294802
-0.0384989
-0.0473707
-0.0478432
-0.0314256
-0.020872
-0.0168641
-0.0160346
-0.0162813
-0.0165271
-0.0170148
0.16997
0.168792
0.163791
0.151162
0.129197
0.100683
0.0696626
0.0408887
0.0177425
0.0028158
-0.00314597
-0.00325505
0.00312047
0.0111125
0.0112008
0.00861995
0.00546274
0.00367762
0.00286665
0.00225447
0.151671
0.150934
0.147702
0.139375
0.124505
0.104385
0.0811925
0.058625
0.0400698
0.029273
0.0300008
0.0390328
0.0522126
0.052073
0.0442531
0.0375723
0.0327982
0.0305638
0.0294303
0.0286834
0.130261
0.129849
0.12788
0.122634
0.112966
0.099428
0.0832632
0.0670261
0.053827
0.0478161
0.0542359
0.0706829
0.0864695
0.0815364
0.0697412
0.0619351
0.0581
0.0563328
0.0554202
0.0545944
0.109327
0.109177
0.108068
0.104901
0.0988246
0.0900337
0.0792417
0.0682888
0.0597739
0.05784
0.0679179
0.086809
0.102358
0.0954299
0.0850415
0.0790754
0.0761807
0.0751867
0.0739955
0.0729117
0.0900281
0.0899506
0.0893511
0.0875326
0.0838554
0.0783609
0.0714729
0.0645272
0.0595529
0.0601806
0.0709687
0.0883849
0.100438
0.0923526
0.0841754
0.0801227
0.0790975
0.0788093
0.0778776
0.0769935
0.0721897
0.0722071
0.0719193
0.0709517
0.0688825
0.0656109
0.0614231
0.057166
0.0542923
0.0556068
0.0643985
0.0772011
0.0837634
0.0765379
0.0722938
0.0715669
0.072373
0.0722614
0.0715184
0.0707203
0.0556792
0.0557272
0.0556393
0.0552153
0.0541723
0.0523822
0.0499464
0.047385
0.0455548
0.0461512
0.0507179
0.0566611
0.0586131
0.0531115
0.0520831
0.0545355
0.0567386
0.0573399
0.0567802
0.0561065
0.0404308
0.0404786
0.0404907
0.0403809
0.0399957
0.0391735
0.0378696
0.0363026
0.0348385
0.0340565
0.0332443
0.0304109
0.0248528
0.0212213
0.0267415
0.0328173
0.0365215
0.0372905
0.0370596
0.0365811
0.0264537
0.0264851
0.0265349
0.0266167
0.026611
0.026364
0.0257594
0.0248521
0.0234181
0.0214209
0.0163375
0.0053188
-0.00508244
-0.00339292
0.00569946
0.0134012
0.0168049
0.0176182
0.0175671
0.0172953
0.0138159
0.01382
0.0138487
0.0139919
0.0141674
0.0142129
0.014048
0.0135612
0.01278
0.010632
0.004521
-0.00890611
-0.0221868
-0.0163285
-0.00581274
0.00138818
0.0037757
0.00391389
0.00376836
0.0036111
0.00251238
0.00251151
0.00249657
0.00255339
0.0027462
0.00290941
0.00296113
0.00291368
0.00269493
0.00240428
0.00137925
-0.00188448
-0.00725729
-0.00542657
-0.00381446
-0.00344737
-0.00426593
-0.00435043
-0.00263977
-0.00157701
-0.0479698
0.139604
0.339894
0.508001
0.64207
0.747648
0.835379
0.909175
0.939505
0.923339
0.276549
0.399648
0.528423
0.639556
0.733074
0.810534
0.872895
0.916627
0.93934
0.952218
0.49561
0.579003
0.666544
0.744367
0.811108
0.866862
0.911036
0.943579
0.9675
0.9854
0.655032
0.714302
0.775607
0.832463
0.881714
0.923448
0.957757
0.985493
1.00804
1.02632
0.779909
0.82236
0.869306
0.912376
0.950838
0.984436
1.01324
1.03752
1.05733
1.07529
0.883512
0.916497
0.954884
0.990224
1.02263
1.0518
1.07737
1.09906
1.1161
1.1337
0.975919
1.00475
1.03873
1.07087
1.10073
1.12789
1.1517
1.17154
1.18615
1.20359
1.06441
1.0938
1.12772
1.15983
1.1894
1.21599
1.23889
1.25732
1.26996
1.28742
1.15966
1.19322
1.2296
1.26329
1.2933
1.31942
1.34131
1.35838
1.36982
1.38761
1.27451
1.31305
1.35124
1.38543
1.41466
1.4393
1.45957
1.47526
1.48658
1.50492
1.41918
1.45864
1.49418
1.52456
1.55011
1.57214
1.59113
1.60665
1.61928
1.63741
1.59388
1.62592
1.6517
1.67402
1.69405
1.71278
1.7304
1.74694
1.76268
1.78087
1.78147
1.79902
1.81454
1.83111
1.84726
1.8618
1.87482
1.88879
1.90587
1.92554
1.96305
1.97401
1.98615
1.99694
2.00619
2.01574
2.02662
2.0382
2.04815
2.06332
2.17405
2.17607
2.16091
2.14568
2.13929
2.14495
2.16356
2.19397
2.2261
2.25685
2.47996
2.34292
2.26662
2.22451
2.20707
2.21111
2.23846
2.2946
2.39805
2.61334
0.786626
0.78325
0.777324
0.767518
0.754576
0.742154
0.731845
0.723903
0.718254
0.714982
0.714623
0.717375
0.722506
0.729766
0.739211
0.750904
0.764038
0.776032
0.783489
0.78821
0.704636
0.710521
0.717425
0.722665
0.725512
0.725184
0.722281
0.718361
0.714801
0.71252
0.71237
0.71458
0.718278
0.722641
0.726594
0.7286
0.72749
0.723401
0.717509
0.710465
0.696973
0.69932
0.70267
0.705577
0.707793
0.709593
0.710553
0.7103
0.709273
0.708382
0.708555
0.709988
0.71181
0.713095
0.713145
0.711976
0.71017
0.707829
0.704674
0.701711
0.691821
0.692907
0.694772
0.697153
0.699112
0.700503
0.701598
0.702458
0.702929
0.703179
0.703675
0.704465
0.705015
0.704987
0.704467
0.703596
0.702193
0.700137
0.698026
0.696612
0.686713
0.687368
0.688475
0.690194
0.691997
0.693612
0.694876
0.695903
0.696825
0.69765
0.698387
0.698913
0.699062
0.698862
0.698303
0.697275
0.695838
0.694265
0.692942
0.692159
0.681772
0.682227
0.68301
0.684303
0.685794
0.687324
0.688788
0.690072
0.691205
0.692269
0.693187
0.693741
0.693876
0.693605
0.692911
0.691906
0.690764
0.689626
0.688714
0.688194
0.676959
0.6773
0.677907
0.678971
0.680256
0.68163
0.683075
0.68452
0.685884
0.687158
0.688264
0.688952
0.689127
0.688847
0.688234
0.687444
0.686588
0.685722
0.68505
0.684669
0.672231
0.672496
0.672986
0.67389
0.675052
0.676342
0.677733
0.679221
0.680758
0.682271
0.683613
0.684474
0.684767
0.684633
0.684228
0.683661
0.683008
0.682366
0.681875
0.681583
0.667511
0.667722
0.668129
0.668923
0.670004
0.671245
0.672623
0.674152
0.675819
0.677569
0.679192
0.680306
0.680829
0.680932
0.680756
0.680406
0.679956
0.679503
0.67915
0.678922
0.662715
0.662885
0.663234
0.663954
0.664988
0.666207
0.667611
0.66922
0.671038
0.673037
0.674995
0.676457
0.677295
0.67768
0.67775
0.677623
0.677381
0.677098
0.67686
0.676678
0.657755
0.657893
0.6582
0.658875
0.659892
0.661134
0.662602
0.664334
0.666357
0.668658
0.671025
0.672922
0.674139
0.674848
0.675197
0.675305
0.675273
0.675151
0.675009
0.674863
0.652545
0.652656
0.652936
0.653591
0.654625
0.655934
0.657511
0.659419
0.661714
0.664399
0.667273
0.669691
0.671354
0.672439
0.673101
0.673472
0.673641
0.673686
0.673629
0.67351
0.64699
0.647078
0.647342
0.648003
0.64909
0.650508
0.652248
0.654401
0.657045
0.66022
0.663716
0.66676
0.668949
0.670466
0.671482
0.672151
0.672556
0.672753
0.67277
0.672672
0.640985
0.641053
0.64131
0.641998
0.643177
0.644751
0.646719
0.649195
0.652287
0.656076
0.660333
0.66413
0.666943
0.668965
0.670386
0.671388
0.672048
0.672411
0.672499
0.672418
0.634404
0.634451
0.63471
0.635448
0.636759
0.638546
0.640814
0.643704
0.647363
0.651911
0.657095
0.661798
0.665355
0.667977
0.66987
0.671244
0.672201
0.67274
0.672898
0.672832
0.627094
0.627124
0.627388
0.628199
0.629687
0.631752
0.634403
0.63782
0.64219
0.647671
0.653983
0.659778
0.66422
0.667549
0.670003
0.671818
0.67311
0.67384
0.674067
0.674012
0.618867
0.618884
0.619151
0.62006
0.621778
0.624186
0.627332
0.631419
0.636677
0.64331
0.650992
0.658093
0.663585
0.667745
0.670861
0.67321
0.67488
0.675818
0.676115
0.676068
0.609417
0.609404
0.609733
0.610779
0.612779
0.615641
0.619421
0.624354
0.630727
0.638784
0.648127
0.656783
0.663512
0.668649
0.672543
0.67551
0.677616
0.678787
0.679157
0.679116
0.59846
0.598423
0.598795
0.600036
0.602405
0.605854
0.610439
0.616444
0.624214
0.634028
0.645382
0.655882
0.664062
0.670347
0.675153
0.678835
0.681445
0.682866
0.683307
0.683268
0.585522
0.585459
0.585908
0.587399
0.590253
0.594466
0.600094
0.607476
0.617008
0.628989
0.642761
0.65544
0.66531
0.672924
0.678793
0.683299
0.686475
0.68816
0.688668
0.688626
0.569961
0.56987
0.570443
0.572283
0.575785
0.581017
0.58803
0.597213
0.608999
0.623666
0.640331
0.655545
0.667349
0.67647
0.683562
0.688998
0.692796
0.694751
0.695315
0.695264
0.550846
0.550729
0.551501
0.553853
0.558268
0.56492
0.573827
0.585412
0.600105
0.618092
0.638183
0.656298
0.670277
0.681092
0.689526
0.696001
0.700459
0.702667
0.703268
0.7032
0.52678
0.526648
0.527752
0.530893
0.536682
0.545407
0.556998
0.571854
0.590301
0.612353
0.636438
0.657809
0.674185
0.686849
0.69673
0.704342
0.709447
0.711863
0.71247
0.712377
0.495459
0.495352
0.49706
0.501566
0.509644
0.521597
0.537127
0.556474
0.579727
0.606662
0.635303
0.660241
0.679171
0.693799
0.705225
0.713989
0.719657
0.722188
0.722756
0.722632
0.45276
0.452819
0.455851
0.463201
0.475533
0.492763
0.514125
0.539529
0.568777
0.601424
0.635094
0.663793
0.685346
0.701977
0.714964
0.724817
0.730866
0.733358
0.733834
0.733675
0.39099
0.392177
0.399574
0.413341
0.433444
0.459059
0.48862
0.521717
0.558031
0.597028
0.636023
0.668577
0.692753
0.711327
0.725765
0.736494
0.742682
0.744906
0.745217
0.745033
0.317411
0.319448
0.333704
0.357377
0.388266
0.423771
0.46227
0.503574
0.547487
0.593526
0.638728
0.676067
0.703683
0.724802
0.741084
0.752796
0.759055
0.761121
0.761394
0.761304
0.241673
0.248012
0.269215
0.303014
0.344288
0.389428
0.436852
0.486435
0.538048
0.591241
0.642832
0.685134
0.716299
0.740094
0.75838
0.770926
0.776885
0.778539
0.778747
0.778719
0.179835
0.188298
0.214018
0.254851
0.304255
0.357607
0.413091
0.470431
0.529405
0.589503
0.647233
0.694219
0.728671
0.754839
0.77463
0.787694
0.793622
0.795127
0.795404
0.79544
0.129417
0.138491
0.167742
0.213787
0.26931
0.329265
0.39157
0.455775
0.521486
0.588059
0.651604
0.703026
0.740533
0.768871
0.790159
0.803899
0.809915
0.811767
0.812135
0.812217
0.0871958
0.0965444
0.128234
0.17828
0.238825
0.304266
0.37234
0.442526
0.514277
0.586816
0.655831
0.711464
0.751902
0.78236
0.805092
0.81977
0.826289
0.828442
0.828855
0.828945
0.0507845
0.0602459
0.0937702
0.147024
0.211726
0.281851
0.354952
0.430432
0.507649
0.585694
0.659844
0.719472
0.762699
0.795204
0.819357
0.834933
0.842131
0.844454
0.844913
0.84498
0.0185187
0.0280259
0.0629627
0.118931
0.18712
0.261284
0.33884
0.419092
0.501315
0.584475
0.663464
0.726875
0.772744
0.807118
0.832599
0.849057
0.856834
0.859375
0.859873
0.859943
-0.0108636
-0.00130019
0.0347938
0.0931223
0.164288
0.241993
0.323511
0.408094
0.494934
0.582907
0.666508
0.733535
0.781891
0.817977
0.844622
0.861789
0.870125
0.872862
0.873378
0.873429
-0.0382206
-0.0285987
0.00855238
0.0688539
0.142692
0.223541
0.308599
0.397123
0.488255
0.580787
0.668837
0.739373
0.790099
0.827814
0.855447
0.873188
0.881879
0.884764
0.885305
0.885333
-0.0641138
-0.0544093
-0.0162818
0.0456934
0.121956
0.205598
0.293846
0.385968
0.481086
0.577954
0.670343
0.744352
0.797408
0.83664
0.865195
0.88335
0.892183
0.895159
0.895738
0.895739
-0.0890239
-0.0791465
-0.0401713
0.0234058
0.101816
0.187944
0.279072
0.374476
0.473304
0.574303
0.670956
0.748468
0.803888
0.844598
0.873946
0.892399
0.901307
0.904307
0.904859
0.904845
-0.113196
-0.103088
-0.063374
0.00177901
0.0820841
0.170434
0.264159
0.36256
0.464827
0.569762
0.670624
0.751719
0.809606
0.851839
0.881934
0.900597
0.909482
0.912425
0.912935
0.912879
-0.136734
-0.126417
-0.0858852
-0.0193402
0.0626552
0.153002
0.249055
0.350173
0.455614
0.564273
0.669295
0.754115
0.814642
0.858517
0.889354
0.90811
0.916863
0.919693
0.920141
0.920066
-0.159787
-0.149173
-0.107858
-0.0400251
0.0434873
0.135613
0.233745
0.337312
0.445659
0.557818
0.666924
0.755632
0.819055
0.864763
0.896347
0.915065
0.923583
0.926218
0.92657
0.926458
-0.182326
-0.171425
-0.129358
-0.06031
0.0245757
0.11828
0.218259
0.324011
0.434986
0.55039
0.663469
0.756214
0.822868
0.870703
0.903088
0.921605
0.929683
0.932019
0.932244
0.932097
-0.204406
-0.193182
-0.150318
-0.080179
0.00593967
0.101034
0.202639
0.310329
0.423647
0.542011
0.658893
0.75579
0.826047
0.876427
0.909787
0.927955
0.93531
0.937164
0.937237
0.937075
-0.22584
-0.214372
-0.170725
-0.0995898
-0.0123742
0.0839464
0.186952
0.296336
0.411716
0.532738
0.653174
0.754271
0.828502
0.881953
0.916698
0.93451
0.940755
0.941775
0.941589
0.941415
-0.246765
-0.234948
-0.190564
-0.118521
-0.0303332
0.0670556
0.171289
0.282114
0.39928
0.522651
0.646318
0.751554
0.830077
0.887175
0.923997
0.94185
0.946689
0.946203
0.945384
0.945209
-0.267022
-0.254881
-0.209807
-0.136926
-0.0478583
0.0504471
0.155733
0.267782
0.386447
0.511817
0.638362
0.747537
0.83057
0.891829
0.931598
0.950582
0.954426
0.951688
0.94917
0.948268
-0.286661
-0.274216
-0.228397
-0.15475
-0.0649132
0.0341898
0.140369
0.253423
0.373329
0.500371
0.629377
0.742122
0.829753
0.895503
0.938948
0.960718
0.965494
0.961379
0.954978
0.946049
-0.305603
-0.292915
-0.246414
-0.172151
-0.0817101
0.0180093
0.124865
0.238637
0.359481
0.487813
0.618835
0.734739
0.827136
0.897815
0.945322
0.971443
0.98011
0.976377
0.966131
0.96203
-0.323796
-0.310968
-0.263853
-0.189089
-0.0982409
0.00192697
0.109242
0.223407
0.344865
0.474027
0.606554
0.72498
0.82196
0.897966
0.948717
0.978317
0.989597
0.989765
0.952265
0.905121
-0.340941
-0.327706
-0.28064
-0.205469
-0.114558
-0.0141594
0.09347
0.207855
0.329537
0.459062
0.592453
0.712593
0.813098
0.895294
0.947103
0.971933
0.983289
0.964653
0.907908
0.847071
-0.358852
-0.342956
-0.296481
-0.220649
-0.13028
-0.0299017
0.0772666
0.192027
0.313622
0.44307
0.576523
0.697373
0.799125
0.890444
0.93823
0.971003
0.941721
0.893466
0.822921
0.756186
-0.346087
-0.325634
-0.274625
-0.194297
-0.0979386
0.0054365
0.117924
0.2356
0.360403
0.493831
0.621994
0.731326
0.826088
0.919682
0.951127
0.877882
0.825452
0.759209
0.68634
0.638423
-0.365798
-0.352629
-0.315265
-0.244285
-0.154349
-0.0550298
0.0524223
0.1667
0.287663
0.416074
0.547986
0.66765
0.766693
0.853095
0.922961
0.907736
0.790832
0.705901
0.641832
0.560776
-0.387019
-0.372591
-0.33035
-0.258207
-0.167656
-0.0686723
0.0376874
0.151031
0.271063
0.398112
0.528373
0.646192
0.742043
0.815914
0.842846
0.761434
0.622631
0.527583
0.452551
0.366546
-0.408487
-0.395924
-0.349521
-0.276248
-0.185661
-0.0862602
0.0201073
0.13319
0.252366
0.377963
0.505468
0.618794
0.705697
0.763744
0.740981
0.609305
0.459905
0.344858
0.248569
0.117685
-0.431939
-0.419256
-0.370716
-0.296177
-0.205435
-0.105958
0.000299859
0.112839
0.230937
0.354665
0.478767
0.586501
0.664304
0.700436
0.640634
0.460367
0.284756
0.13731
0.00108506
-0.185113
-0.454774
-0.442287
-0.392558
-0.316792
-0.225598
-0.126167
-0.0202877
0.0914287
0.208187
0.329647
0.449837
0.551244
0.621059
0.622911
0.513268
0.318106
0.112317
-0.0773876
-0.247512
-0.624642
-0.477779
-0.465522
-0.415214
-0.338591
-0.247
-0.14753
-0.0420393
0.0688278
0.18412
0.303045
0.418923
0.512969
0.571303
0.54086
0.389528
0.190504
-0.0227416
-0.221274
-0.388657
-0.680643
-0.501722
-0.489595
-0.438965
-0.361803
-0.269936
-0.17042
-0.0652754
0.0447616
0.158521
0.274714
0.386001
0.472328
0.515403
0.466773
0.277929
0.0844017
-0.113975
-0.279385
-0.347698
-0.38611
-0.527149
-0.515144
-0.464202
-0.386728
-0.29479
-0.195408
-0.0907658
0.0182107
0.130107
0.243063
0.349116
0.427087
0.453222
0.368827
0.177652
-0.00517532
-0.171861
-0.277534
-0.312797
-0.321327
-0.554319
-0.54227
-0.49109
-0.413395
-0.321516
-0.222451
-0.118531
-0.0108787
0.0987863
0.20799
0.308077
0.377405
0.377329
0.263524
0.0860154
-0.0827142
-0.222641
-0.27787
-0.289154
-0.292918
-0.58333
-0.571178
-0.519705
-0.441827
-0.350115
-0.251553
-0.14858
-0.0425513
0.0645226
0.169527
0.262915
0.322801
0.298384
0.164774
0.00183224
-0.156085
-0.255148
-0.280771
-0.278755
-0.278751
-0.613943
-0.601995
-0.55001
-0.471993
-0.380557
-0.282676
-0.180901
-0.076796
0.0273326
0.127694
0.213938
0.262254
0.228427
0.0743602
-0.0744339
-0.212173
-0.255021
-0.265279
-0.269149
-0.269273
-0.646006
-0.634061
-0.581794
-0.503734
-0.412709
-0.315719
-0.215407
-0.113538
-0.0127218
0.08268
0.161382
0.198676
0.156784
-0.00324425
-0.14072
-0.235911
-0.275127
-0.265386
-0.263918
-0.263757
-0.679001
-0.667002
-0.614755
-0.536721
-0.446286
-0.350437
-0.251868
-0.15257
-0.0554364
0.0348631
0.105605
0.134061
0.0713433
-0.0715753
-0.192715
-0.240483
-0.257741
-0.259261
-0.259287
-0.259146
-0.712213
-0.700199
-0.648033
-0.57038
-0.480841
-0.386416
-0.289932
-0.193536
-0.10045
-0.0153581
0.047963
0.0620131
-0.00994284
-0.130772
-0.223306
-0.250508
-0.253357
-0.2564
-0.256415
-0.25638
-0.744353
-0.732723
-0.680709
-0.604067
-0.515674
-0.423049
-0.329032
-0.235884
-0.147132
-0.0675306
-0.00945176
-0.00792669
-0.081179
-0.187489
-0.248275
-0.285758
-0.266013
-0.25852
-0.256174
-0.255292
-0.773919
-0.762803
-0.711833
-0.636322
-0.549823
-0.459488
-0.368409
-0.278884
-0.194622
-0.120711
-0.0663152
-0.0689172
-0.143578
-0.238259
-0.288851
-0.272303
-0.267967
-0.260219
-0.25562
-0.254045
-0.799264
-0.788833
-0.739385
-0.666038
-0.582049
-0.49462
-0.407064
-0.321617
-0.24193
-0.173507
-0.123523
-0.122252
-0.187174
-0.275285
-0.346896
-0.326275
-0.28824
-0.263377
-0.253887
-0.251375
-0.817973
-0.808478
-0.761397
-0.691231
-0.610855
-0.527219
-0.443809
-0.362964
-0.288039
-0.224718
-0.178829
-0.168783
-0.202924
-0.258389
-0.300037
-0.307249
-0.293242
-0.286632
-0.280843
-0.276293
-0.827953
-0.819319
-0.775799
-0.709986
-0.634417
-0.555738
-0.477387
-0.401672
-0.331913
-0.273311
-0.228543
-0.207998
-0.197275
-0.134153
-0.176576
-0.242124
-0.306125
-0.331924
-0.331891
-0.328778
-0.825059
-0.817946
-0.780796
-0.720424
-0.651025
-0.578611
-0.50634
-0.436545
-0.372481
-0.31831
-0.274845
-0.249369
-0.226573
-0.0649265
-0.0391847
-0.207137
-0.314075
-0.345436
-0.35165
-0.354178
-0.807655
-0.80282
-0.773665
-0.721129
-0.659333
-0.594498
-0.52934
-0.466185
-0.408457
-0.360299
-0.324097
-0.317236
-0.373585
-0.398623
-0.377378
-0.422819
-0.432643
-0.424722
-0.423959
-0.425
-0.776335
-0.772852
-0.752972
-0.711161
-0.658855
-0.602704
-0.545385
-0.489268
-0.437942
-0.397371
-0.373059
-0.415575
-0.631089
-1.05894
-1.26213
-0.995143
-0.693369
-0.5511
-0.508566
-0.497013
-0.735647
-0.733469
-0.72213
-0.692535
-0.650535
-0.603563
-0.554112
-0.504675
-0.458908
-0.42394
-0.411151
-0.451824
-0.549345
-0.656035
-0.665745
-0.503327
-0.400862
-0.375935
-0.356753
-0.347139
-0.694053
-0.692802
-0.687269
-0.669571
-0.63792
-0.598536
-0.556248
-0.511877
-0.469556
-0.433947
-0.41939
-0.378176
-0.237075
0.0673799
0.371533
0.34186
0.126119
-0.0608155
-0.128994
-0.141923
-0.660403
-0.659754
-0.657096
-0.64672
-0.623896
-0.591399
-0.553577
-0.512227
-0.469063
-0.430589
-0.405192
-0.372412
-0.28187
-0.241733
-0.306459
-0.498899
-0.699651
-0.709157
-0.621301
-0.544922
-0.636118
-0.635388
-0.633987
-0.629736
-0.613508
-0.585503
-0.549146
-0.507467
-0.462478
-0.415912
-0.381795
-0.381463
-0.369918
-0.4637
-0.632741
-0.778754
-0.880801
-0.899804
-0.827613
-0.748948
-0.618966
-0.618671
-0.61804
-0.616221
-0.606819
-0.581988
-0.545137
-0.500649
-0.449933
-0.394373
-0.34444
-0.303645
-0.308493
-0.356011
-0.469212
-0.578216
-0.569536
-0.458468
-0.315944
-0.219093
-0.608682
-0.608561
-0.608146
-0.607468
-0.60326
-0.581219
-0.542097
-0.49222
-0.433627
-0.367071
-0.285911
-0.203901
-0.0672224
0.036498
0.141397
0.240395
0.387715
0.605985
0.779186
0.868337
-0.602136
-0.602142
-0.60207
-0.602352
-0.601087
-0.582393
-0.540447
-0.484809
-0.418619
-0.336355
-0.23254
-0.117386
0.0736193
0.331262
0.63712
0.978503
1.30935
1.56887
1.72701
1.7926
-0.595794
-0.596251
-0.597274
-0.598935
-0.598456
-0.582206
-0.540167
-0.481767
-0.406746
-0.312944
-0.199123
-0.0747824
0.0896578
0.370897
0.784452
1.21436
1.57745
1.83235
1.96443
2.01042
-0.589322
-0.589813
-0.588376
-0.584351
-0.579339
-0.572231
-0.543041
-0.486054
-0.403921
-0.303371
-0.186928
-0.0567856
0.0672442
0.329355
0.712724
1.08274
1.39571
1.59985
1.70048
1.73319
-0.608933
-0.607587
-0.597945
-0.576665
-0.561739
-0.569969
-0.561958
-0.500941
-0.409225
-0.300385
-0.184797
-0.0654397
0.0435232
0.218686
0.533494
0.82177
1.056
1.2064
1.27681
1.29882
-0.680709
-0.676913
-0.674178
-0.671726
-0.672753
-0.672501
-0.629809
-0.530878
-0.41713
-0.299467
-0.185519
-0.0811873
0.0113308
0.125754
0.346363
0.554035
0.719602
0.823371
0.870897
0.885665
-0.797146
-0.79825
-0.82228
-0.857359
-0.865965
-0.837243
-0.723587
-0.564114
-0.420251
-0.295839
-0.187373
-0.0988507
-0.0261717
0.0571511
0.211441
0.348586
0.453152
0.518764
0.548038
0.556506
-0.84555
-0.855676
-0.886995
-0.918673
-0.925496
-0.881498
-0.737779
-0.555831
-0.40294
-0.282327
-0.185633
-0.113925
-0.0591938
-0.0031811
0.0999726
0.19306
0.25956
0.297771
0.31466
0.319942
-0.706427
-0.715509
-0.744747
-0.776932
-0.78654
-0.739568
-0.610611
-0.471455
-0.348418
-0.249237
-0.173159
-0.121074
-0.0806811
-0.0392993
0.0271355
0.0840995
0.124597
0.148713
0.15919
0.16228
-0.402049
-0.410622
-0.429968
-0.454725
-0.470111
-0.451342
-0.394971
-0.326642
-0.259618
-0.199605
-0.149812
-0.117227
-0.0931064
-0.0629787
-0.0162101
0.0211668
0.0449888
0.0572449
0.0623966
0.0637364
-0.0982945
-0.102525
-0.112735
-0.132156
-0.156763
-0.176229
-0.184516
-0.179541
-0.164288
-0.14186
-0.120171
-0.108199
-0.10346
-0.085287
-0.0515123
-0.0223982
-0.00436122
0.00503739
0.00857168
0.00927726
0.0901234
0.0881084
0.0822466
0.0657981
0.0351611
-0.00485496
-0.0421517
-0.0698624
-0.0848403
-0.0884157
-0.0874149
-0.0910475
-0.100141
-0.0861774
-0.0571327
-0.0363204
-0.0248209
-0.0193979
-0.0175147
-0.0172423
0.164183
0.162919
0.158677
0.144889
0.117097
0.0777948
0.0361795
-0.000313304
-0.0270658
-0.0431062
-0.0517775
-0.0614898
-0.0719874
-0.059649
-0.0390672
-0.027082
-0.0222151
-0.0210243
-0.0210583
-0.0213173
0.175438
0.174596
0.17149
0.161346
0.140471
0.110016
0.0753699
0.0416864
0.0135679
-0.00604123
-0.0173049
-0.0236463
-0.0264312
-0.0165706
-0.00715252
-0.00552229
-0.00616925
-0.00737417
-0.00805568
-0.00848007
0.161842
0.161361
0.159277
0.152458
0.138173
0.116636
0.0905825
0.0636216
0.0397083
0.022212
0.0141248
0.0159206
0.0228015
0.0304875
0.0309773
0.0262062
0.0209637
0.0176978
0.0162465
0.0154161
0.141087
0.140871
0.13958
0.135251
0.125921
0.111395
0.093068
0.0732244
0.0551894
0.0424548
0.0399353
0.0492394
0.0649164
0.0711518
0.0627457
0.053977
0.047683
0.0446122
0.0433639
0.0424329
0.119633
0.119608
0.118865
0.116245
0.110384
0.100954
0.0886527
0.0749821
0.0624328
0.0543299
0.056487
0.0711466
0.0905157
0.09614
0.0843317
0.0747403
0.0697624
0.0679919
0.0669488
0.0657907
0.0994195
0.0994366
0.0990936
0.0975909
0.0940524
0.0881261
0.0801749
0.0711968
0.06312
0.0588309
0.0638584
0.0799243
0.0984489
0.102261
0.0906478
0.0833402
0.0799472
0.0788577
0.0780006
0.0769313
0.0808712
0.0809639
0.0807803
0.0799756
0.0779482
0.0743849
0.0694807
0.0638527
0.0589496
0.0569969
0.0625966
0.0765038
0.0907604
0.0919744
0.0819853
0.0776393
0.0767905
0.0769679
0.0763303
0.0754253
0.0637071
0.06381
0.0637625
0.0633958
0.0623485
0.0603699
0.0574879
0.054091
0.0511383
0.0501023
0.0540848
0.0630141
0.0714804
0.069927
0.0639553
0.063363
0.0648447
0.0658198
0.0654549
0.0646892
0.0478361
0.0479304
0.0479437
0.047841
0.0474082
0.0464636
0.0449245
0.0429463
0.0410386
0.0399713
0.0410223
0.0430582
0.043788
0.0397564
0.038084
0.0416922
0.045632
0.0474002
0.0474491
0.0469827
0.0332233
0.0332968
0.0333222
0.0333508
0.0333167
0.0329979
0.0322928
0.0311793
0.0298333
0.0283001
0.0265442
0.0213275
0.0125312
0.00686204
0.0111294
0.0191286
0.0246876
0.026695
0.0270338
0.0268596
0.019915
0.0199615
0.0199811
0.0200971
0.02022
0.0202602
0.0200677
0.0195741
0.0187357
0.0168826
0.0139267
0.00365708
-0.0120089
-0.0158535
-0.00655415
0.00306006
0.00816908
0.00981631
0.00985007
0.00983178
0.00251828
0.0024994
0.00251163
0.00263581
0.00284149
0.00295052
0.00294589
0.00284961
0.00262143
0.00204209
-1.24804e-05
-0.00454273
-0.00699593
-0.00499704
-0.00293318
-0.00396076
-0.00458791
-0.00355015
-0.00193074
0.00042854
-0.952566
-0.340937
0.0809359
0.332064
0.515772
0.656198
0.765461
0.855252
0.951243
1.02828
-0.00799023
0.190969
0.36404
0.512477
0.636138
0.737013
0.819249
0.886047
0.92657
0.932154
0.325128
0.441082
0.550285
0.650032
0.735653
0.807822
0.86679
0.911259
0.940601
0.958745
0.53324
0.611693
0.687401
0.757805
0.819462
0.871955
0.915091
0.949017
0.975494
0.994403
0.685713
0.739002
0.797529
0.849049
0.895284
0.935414
0.969482
0.997908
1.02155
1.03831
0.80682
0.847563
0.89241
0.932343
0.969109
1.00214
1.03111
1.05603
1.07694
1.09099
0.908568
0.94329
0.979228
1.01351
1.04552
1.07495
1.10121
1.12388
1.14246
1.1541
1.00126
1.03266
1.06564
1.09827
1.12892
1.15717
1.18227
1.20358
1.22025
1.22998
1.09194
1.12488
1.15929
1.19334
1.22462
1.25282
1.27733
1.29756
1.31263
1.32146
1.19366
1.23157
1.2692
1.30538
1.33739
1.36512
1.38846
1.40727
1.42108
1.43048
1.32031
1.36306
1.402
1.43746
1.46768
1.4932
1.51467
1.53215
1.54554
1.55677
1.48161
1.52316
1.5567
1.5857
1.61009
1.63156
1.6511
1.66845
1.6834
1.69711
1.67204
1.70147
1.72306
1.74218
1.76042
1.77776
1.79387
1.80956
1.82625
1.84349
1.8686
1.87922
1.89148
1.90601
1.92053
1.93344
1.94471
1.95554
1.96825
1.98381
2.05555
2.06513
2.07475
2.07677
2.07733
2.08153
2.09234
2.10866
2.126
2.1307
2.36018
2.30131
2.24959
2.20956
2.18718
2.18308
2.19663
2.23034
2.28632
2.36565
0.921364
0.864256
0.821863
0.788329
0.764002
0.746592
0.734102
0.725145
0.719001
0.715496
0.715097
0.717967
0.723429
0.731393
0.742326
0.757306
0.77808
0.806821
0.845266
0.893354
0.725738
0.734767
0.740911
0.741523
0.737546
0.731153
0.724569
0.719033
0.715159
0.713488
0.714659
0.71827
0.723589
0.730153
0.737148
0.742868
0.744913
0.741582
0.733227
0.726041
0.701272
0.703369
0.707966
0.711718
0.714725
0.716476
0.716251
0.714466
0.712228
0.71063
0.710634
0.712464
0.715209
0.717878
0.719365
0.718837
0.716531
0.713313
0.709205
0.70477
0.69507
0.69597
0.698473
0.70111
0.703048
0.704504
0.705664
0.706228
0.70612
0.705865
0.706207
0.707278
0.708345
0.708743
0.708276
0.707268
0.705852
0.703709
0.701103
0.699079
0.689595
0.69006
0.691468
0.693514
0.695445
0.696965
0.698095
0.699041
0.699814
0.700417
0.701044
0.701654
0.701917
0.701752
0.701247
0.700322
0.698849
0.697002
0.695336
0.694311
0.684474
0.684763
0.685676
0.687144
0.688784
0.690391
0.69179
0.69294
0.693965
0.694927
0.695757
0.696274
0.696399
0.696168
0.695525
0.694465
0.693158
0.691828
0.690746
0.69012
0.679535
0.67974
0.680424
0.68159
0.682965
0.68441
0.685881
0.687268
0.688519
0.689682
0.690689
0.691305
0.691455
0.69116
0.69048
0.689576
0.688589
0.687595
0.686814
0.686373
0.67473
0.674885
0.675429
0.676406
0.677623
0.67895
0.680366
0.681839
0.683298
0.68469
0.685908
0.686675
0.686894
0.686671
0.686157
0.68548
0.684728
0.683976
0.6834
0.683069
0.669986
0.670108
0.670552
0.671395
0.672513
0.673779
0.67516
0.676665
0.678267
0.679899
0.681375
0.682351
0.682744
0.682722
0.682432
0.681973
0.681419
0.68087
0.680453
0.680196
0.665215
0.665314
0.665689
0.666441
0.667496
0.668724
0.670113
0.671677
0.673413
0.675282
0.677065
0.678341
0.679012
0.679251
0.679197
0.678957
0.678608
0.678238
0.677946
0.677742
0.660329
0.66041
0.660736
0.661429
0.662451
0.663679
0.665114
0.666778
0.66869
0.67083
0.672982
0.674651
0.67567
0.67621
0.676418
0.676407
0.676264
0.676061
0.675872
0.67571
0.65524
0.655307
0.655599
0.656259
0.65728
0.658555
0.660075
0.661887
0.664035
0.666516
0.669123
0.671269
0.672699
0.673588
0.674093
0.67433
0.674391
0.674349
0.674251
0.674119
0.649856
0.649912
0.650182
0.650835
0.651892
0.653255
0.65491
0.65693
0.659387
0.662303
0.665471
0.668188
0.670102
0.671393
0.672232
0.672742
0.673028
0.673142
0.673122
0.673015
0.644078
0.644125
0.644384
0.645053
0.646181
0.647677
0.649527
0.65183
0.654683
0.658148
0.662005
0.665408
0.667894
0.66965
0.670869
0.671699
0.672222
0.672494
0.672547
0.672459
0.637791
0.63783
0.638086
0.638792
0.64003
0.641712
0.643825
0.646495
0.649852
0.654
0.658697
0.662926
0.666093
0.6684
0.670058
0.671238
0.672029
0.672474
0.672598
0.672526
0.630856
0.630885
0.631146
0.631913
0.633304
0.635233
0.637686
0.640822
0.644815
0.649804
0.655525
0.660748
0.664727
0.667684
0.66986
0.671443
0.672543
0.673175
0.673368
0.673309
0.623107
0.623123
0.623396
0.624245
0.625836
0.628078
0.630966
0.634696
0.639483
0.645508
0.652471
0.658891
0.663835
0.667559
0.670349
0.672413
0.673866
0.674697
0.674961
0.674912
0.614297
0.614323
0.614626
0.61557
0.617411
0.620051
0.623502
0.627984
0.633766
0.641073
0.649545
0.65739
0.663475
0.668099
0.671609
0.674244
0.676101
0.677154
0.677491
0.677448
0.604141
0.604155
0.604501
0.605591
0.60776
0.610925
0.615089
0.620522
0.627551
0.636438
0.646739
0.656278
0.663706
0.66939
0.673745
0.677036
0.679365
0.680662
0.681071
0.681033
0.592264
0.592273
0.592656
0.593944
0.596548
0.60039
0.605467
0.612113
0.620709
0.631548
0.644054
0.655599
0.664596
0.671517
0.676859
0.680912
0.683778
0.685334
0.685814
0.685775
0.578125
0.578129
0.578576
0.580128
0.583303
0.588036
0.594313
0.602527
0.613112
0.626361
0.641516
0.655418
0.666228
0.674565
0.68106
0.685979
0.68944
0.691267
0.69181
0.691766
0.560961
0.560959
0.5615
0.563433
0.567401
0.573351
0.581238
0.591527
0.604671
0.62091
0.639217
0.655836
0.668703
0.678642
0.686424
0.692318
0.696426
0.698518
0.699111
0.699054
0.539629
0.539622
0.540326
0.542849
0.547975
0.555657
0.565784
0.578868
0.595315
0.615235
0.637249
0.656949
0.672108
0.68383
0.693005
0.699984
0.704758
0.707085
0.707702
0.707624
0.512393
0.512383
0.513372
0.516873
0.523831
0.534116
0.547477
0.564394
0.585097
0.609483
0.635777
0.658898
0.676542
0.690181
0.70086
0.708984
0.714381
0.716877
0.717479
0.717372
0.476206
0.476211
0.477822
0.483225
0.493442
0.507855
0.526015
0.548173
0.574269
0.603962
0.635067
0.661868
0.68211
0.697741
0.709996
0.719246
0.725146
0.727692
0.728227
0.728083
0.425303
0.425528
0.429207
0.438998
0.455285
0.476487
0.50163
0.530684
0.563344
0.5991
0.635405
0.666028
0.68891
0.706531
0.720321
0.730585
0.736777
0.739213
0.739627
0.739443
0.35225
0.354553
0.36535
0.38448
0.410819
0.441513
0.475536
0.512717
0.55277
0.595175
0.637102
0.671862
0.69763
0.71745
0.732934
0.744143
0.75051
0.752778
0.75308
0.752891
0.274543
0.280644
0.299752
0.328976
0.366016
0.406482
0.449463
0.494917
0.542692
0.592323
0.640743
0.680597
0.710028
0.732581
0.750135
0.762433
0.768744
0.770653
0.77086
0.770751
0.207555
0.214015
0.239687
0.277562
0.323749
0.37321
0.424792
0.47834
0.533688
0.590367
0.645059
0.689735
0.72258
0.747651
0.766887
0.779738
0.785827
0.787524
0.787723
0.787669
0.152722
0.159611
0.18923
0.233259
0.286248
0.343066
0.402092
0.462974
0.525398
0.588791
0.649468
0.698699
0.734704
0.761994
0.782681
0.79617
0.80242
0.80419
0.8044
0.804386
0.107213
0.114432
0.146571
0.195288
0.25366
0.316459
0.381744
0.449032
0.517838
0.58745
0.653769
0.707321
0.746308
0.775733
0.797841
0.812219
0.818959
0.820774
0.821027
0.821032
0.068535
0.0759332
0.109859
0.162106
0.224985
0.292846
0.363498
0.436398
0.510941
0.586282
0.657903
0.715559
0.757411
0.788926
0.812484
0.82775
0.835051
0.837014
0.837319
0.837354
0.0346823
0.0421919
0.0774175
0.132602
0.199221
0.271427
0.34681
0.424732
0.504498
0.585142
0.661741
0.723284
0.767849
0.801317
0.826219
0.842397
0.850135
0.8524
0.852784
0.852819
0.00418385
0.0118016
0.0480818
0.105792
0.175575
0.251555
0.331139
0.413604
0.498177
0.583773
0.66509
0.730326
0.777457
0.812706
0.838838
0.855778
0.863981
0.866545
0.867001
0.867028
-0.0239074
-0.0161975
0.021023
0.080888
0.153408
0.232723
0.316052
0.402647
0.49167
0.581949
0.66779
0.73658
0.78613
0.823048
0.850243
0.867827
0.876395
0.879175
0.879688
0.879703
-0.0503389
-0.0425112
-0.0043892
0.0571709
0.132274
0.214556
0.301241
0.391603
0.484763
0.579487
0.669717
0.741989
0.793879
0.832365
0.860485
0.878555
0.88736
0.890279
0.890822
0.890832
-0.0755685
-0.0675894
-0.0285772
0.0344792
0.11186
0.196775
0.286494
0.380293
0.477297
0.576252
0.670781
0.746533
0.800763
0.840737
0.869715
0.888079
0.897014
0.900009
0.900555
0.900532
-0.0999529
-0.0918088
-0.0520774
0.0125407
0.0919355
0.179201
0.271658
0.368593
0.469172
0.572163
0.670927
0.750216
0.806852
0.848316
0.878047
0.896653
0.905623
0.908606
0.909144
0.909091
-0.123653
-0.115244
-0.0749057
-0.00882028
0.0723599
0.161734
0.256649
0.356443
0.460329
0.567151
0.670099
0.753039
0.812219
0.855256
0.88573
0.904475
0.91336
0.916265
0.91675
0.916701
-0.146766
-0.138238
-0.0970794
-0.0297211
0.0530629
0.14432
0.241438
0.343815
0.450745
0.561179
0.668255
0.754998
0.816936
0.861702
0.892915
0.911681
0.920369
0.923142
0.923552
0.923454
-0.169404
-0.160674
-0.11877
-0.0502089
0.0340189
0.126955
0.226036
0.33073
0.440418
0.554231
0.665344
0.756053
0.821049
0.86778
0.899755
0.918405
0.926748
0.929271
0.929568
0.929434
-0.191574
-0.182642
-0.139982
-0.0702926
0.0152342
0.10966
0.21047
0.317225
0.429402
0.546327
0.661331
0.756141
0.824552
0.873604
0.906445
0.924809
0.932581
0.934718
0.934881
0.934723
-0.213219
-0.204082
-0.160648
-0.0899398
-0.00325019
0.0924772
0.19481
0.303371
0.417758
0.537492
0.656185
0.755183
0.827385
0.879232
0.913218
0.931198
0.938059
0.939567
0.939534
0.939354
-0.234276
-0.224934
-0.180758
-0.10912
-0.021392
0.0754755
0.179123
0.289253
0.405561
0.5278
0.649892
0.753076
0.829423
0.884629
0.920311
0.93806
0.943626
0.944004
0.943583
0.943401
-0.254745
-0.245185
-0.200293
-0.127795
-0.0391467
0.0587265
0.163499
0.274966
0.39291
0.517323
0.642483
0.749721
0.830485
0.889611
0.927797
0.946035
0.950256
0.948708
0.947236
0.946981
-0.274555
-0.264785
-0.219214
-0.145921
-0.0564486
0.0422834
0.148021
0.260599
0.379915
0.506164
0.633993
0.745016
0.830354
0.893833
0.935375
0.955537
0.959528
0.955842
0.951935
0.950214
-0.293732
-0.283761
-0.237496
-0.163498
-0.0733251
0.0261298
0.132669
0.246126
0.366549
0.494291
0.624356
0.738738
0.828744
0.896891
0.942367
0.966154
0.972549
0.968752
0.960998
0.945674
-0.312286
-0.302144
-0.255233
-0.180705
-0.0900179
0.00996335
0.117065
0.231083
0.35227
0.481072
0.612919
0.730178
0.824951
0.898235
0.947555
0.975652
0.986352
0.98164
0.972181
0.9351
-0.330463
-0.319673
-0.272372
-0.197389
-0.106401
-0.0060814
0.101399
0.215691
0.337306
0.466708
0.599747
0.719139
0.818116
0.897032
0.948687
0.977023
0.988013
0.984967
0.933512
0.875986
-0.349559
-0.335102
-0.288721
-0.213404
-0.122682
-0.0222189
0.0854095
0.199953
0.321629
0.451161
0.584685
0.705323
0.806845
0.893041
0.943336
0.959255
0.967895
0.935743
0.870912
0.807115
-0.369585
-0.368848
-0.309412
-0.226354
-0.13586
-0.0357373
0.0695989
0.184523
0.30597
0.435225
0.568361
0.689084
0.790556
0.888418
0.908544
0.924718
0.901651
0.840923
0.76771
0.697817
-0.345409
-0.342122
-0.28376
-0.200797
-0.1053
-0.00199385
0.108193
0.22569
0.350159
0.483068
0.610592
0.719278
0.811193
0.904486
0.916505
0.822068
0.740825
0.674783
0.603556
0.464115
-0.384981
-0.357675
-0.297079
-0.213375
-0.118028
-0.0148481
0.0947691
0.211674
0.335275
0.466764
0.591991
0.697883
0.780241
0.843821
0.814603
0.685979
0.570248
0.490239
0.408149
0.251615
-0.409845
-0.378054
-0.315828
-0.232685
-0.137209
-0.0341531
0.0756317
0.191797
0.314133
0.443459
0.56541
0.666037
0.740053
0.766933
0.690484
0.531622
0.397605
0.297787
0.186491
-0.0352824
-0.433738
-0.399982
-0.336191
-0.252389
-0.156871
-0.0538815
0.0555828
0.17086
0.291697
0.418415
0.536091
0.629641
0.691333
0.683584
0.551671
0.371058
0.207363
0.0708893
-0.0821807
-0.441451
-0.456856
-0.422238
-0.357313
-0.272637
-0.176984
-0.0741698
0.0346855
0.148943
0.26807
0.391791
0.504372
0.589923
0.633604
0.596684
0.417024
0.215863
0.0128851
-0.15615
-0.399509
-0.913432
-0.47984
-0.445125
-0.379465
-0.294169
-0.198302
-0.0956759
0.0125758
0.125721
0.242925
0.363306
0.470218
0.547997
0.571887
0.486082
0.293518
0.0829584
-0.12565
-0.308987
-0.481451
-1.03656
-0.503844
-0.46898
-0.402908
-0.317213
-0.221175
-0.1187
-0.0110173
0.10099
0.21613
0.332908
0.433912
0.502071
0.501882
0.373267
0.186233
-0.0171526
-0.204175
-0.327756
-0.360844
-0.405405
-0.529288
-0.494289
-0.427954
-0.342072
-0.246048
-0.143887
-0.0369446
0.0736475
0.18632
0.298845
0.393533
0.448945
0.426602
0.26861
0.0886494
-0.0917624
-0.237189
-0.296466
-0.31736
-0.322506
-0.556481
-0.521239
-0.454697
-0.36874
-0.272894
-0.171232
-0.0652909
0.0435732
0.153376
0.261022
0.348768
0.389097
0.350827
0.171313
2.06992e-05
-0.158237
-0.265873
-0.289802
-0.292127
-0.292667
-0.585573
-0.549968
-0.483181
-0.397209
-0.301685
-0.200743
-0.0960584
0.0107616
0.117269
0.219497
0.299246
0.326605
0.257065
0.0825653
-0.0801013
-0.217846
-0.266264
-0.278652
-0.278891
-0.278362
-0.616434
-0.580425
-0.513366
-0.427471
-0.33241
-0.232394
-0.129234
-0.0247944
0.0780306
0.174357
0.245453
0.258872
0.16014
0.000441077
-0.148302
-0.254716
-0.267023
-0.268083
-0.269394
-0.268968
-0.648605
-0.612403
-0.545083
-0.459358
-0.364937
-0.266086
-0.164743
-0.063037
0.0357798
0.125805
0.18841
0.184863
0.0749165
-0.0722052
-0.200467
-0.242667
-0.260787
-0.263737
-0.263872
-0.263618
-0.681737
-0.645226
-0.577997
-0.492567
-0.399014
-0.301594
-0.202373
-0.103755
-0.00925271
0.0743987
0.127713
0.112335
-0.00495066
-0.132749
-0.232594
-0.273958
-0.262009
-0.259394
-0.259206
-0.259057
-0.714895
-0.678326
-0.611572
-0.526613
-0.434201
-0.338523
-0.241765
-0.146582
-0.0567378
0.0209644
0.0631663
0.0455987
-0.0771822
-0.179528
-0.24889
-0.250184
-0.255125
-0.256397
-0.25642
-0.256304
-0.747021
-0.710972
-0.644514
-0.560783
-0.469851
-0.376303
-0.282377
-0.190924
-0.106087
-0.0339112
0.00121073
-0.0227419
-0.140269
-0.227697
-0.244366
-0.262913
-0.260254
-0.257115
-0.255619
-0.255032
-0.776544
-0.741528
-0.676149
-0.593979
-0.505061
-0.414124
-0.323474
-0.236024
-0.156315
-0.0896283
-0.0555268
-0.0920793
-0.192673
-0.277089
-0.281875
-0.272262
-0.264275
-0.25738
-0.254621
-0.25361
-0.801754
-0.768231
-0.704734
-0.624915
-0.538679
-0.450953
-0.364088
-0.280966
-0.206235
-0.145095
-0.111684
-0.147107
-0.227287
-0.323352
-0.357465
-0.311129
-0.273156
-0.257161
-0.252153
-0.250511
-0.820296
-0.789013
-0.728199
-0.651912
-0.569331
-0.485539
-0.403074
-0.324689
-0.254778
-0.19876
-0.167193
-0.185055
-0.218979
-0.304274
-0.312995
-0.299475
-0.28984
-0.28352
-0.278298
-0.274865
-0.829856
-0.801406
-0.744684
-0.673052
-0.595342
-0.516567
-0.439197
-0.366015
-0.300935
-0.249597
-0.213573
-0.213604
-0.158144
-0.154122
-0.20348
-0.276526
-0.324168
-0.333562
-0.330176
-0.328393
-0.827595
-0.803317
-0.752314
-0.686533
-0.615091
-0.542498
-0.471126
-0.403767
-0.343906
-0.297813
-0.252046
-0.254545
-0.162172
0.0388338
-0.122016
-0.271765
-0.335937
-0.349478
-0.353016
-0.355507
-0.809809
-0.791822
-0.749325
-0.690984
-0.627244
-0.561972
-0.497495
-0.436534
-0.383128
-0.341645
-0.302948
-0.346108
-0.407141
-0.359872
-0.404848
-0.433894
-0.427444
-0.42371
-0.424483
-0.425726
-0.778161
-0.765764
-0.734112
-0.685849
-0.631119
-0.574184
-0.517151
-0.462825
-0.416109
-0.382522
-0.369106
-0.500659
-0.821807
-1.21837
-1.17824
-0.820906
-0.604293
-0.522311
-0.501026
-0.495517
-0.737204
-0.729563
-0.70955
-0.672509
-0.627432
-0.579143
-0.529282
-0.481189
-0.439475
-0.415125
-0.405939
-0.510063
-0.592685
-0.689947
-0.594294
-0.435132
-0.387284
-0.365548
-0.350795
-0.344825
-0.695237
-0.691055
-0.680225
-0.655118
-0.618896
-0.577899
-0.53424
-0.490238
-0.450706
-0.422323
-0.411133
-0.335
-0.0964979
0.245622
0.40276
0.237554
0.0242198
-0.110458
-0.13602
-0.143569
-0.661116
-0.658966
-0.653311
-0.636752
-0.608661
-0.572922
-0.533275
-0.490808
-0.44929
-0.413991
-0.40202
-0.330455
-0.251064
-0.256324
-0.388022
-0.616737
-0.725432
-0.67238
-0.572854
-0.544845
-0.635802
-0.6348
-0.632731
-0.623283
-0.600756
-0.568083
-0.529118
-0.485455
-0.438431
-0.397633
-0.376929
-0.376119
-0.401693
-0.546799
-0.710783
-0.83598
-0.904544
-0.872991
-0.775656
-0.744248
-0.618882
-0.61836
-0.617615
-0.613142
-0.596182
-0.564869
-0.523756
-0.475549
-0.423739
-0.36631
-0.323502
-0.300222
-0.324848
-0.401274
-0.540169
-0.587189
-0.525213
-0.385749
-0.257295
-0.197478
-0.608654
-0.608383
-0.607836
-0.606634
-0.594763
-0.563378
-0.517988
-0.464515
-0.401573
-0.325627
-0.250054
-0.132497
-0.013446
0.0901348
0.19071
0.301523
0.494853
0.703256
0.835217
0.885234
-0.602137
-0.602113
-0.602067
-0.602441
-0.594832
-0.563576
-0.514144
-0.453289
-0.379146
-0.288405
-0.173854
-0.0301267
0.195146
0.475624
0.804587
1.14833
1.45113
1.66113
1.76987
1.80324
-0.59599
-0.596649
-0.598058
-0.599802
-0.593507
-0.563671
-0.512966
-0.446436
-0.362897
-0.257756
-0.135271
-0.0158301
0.215367
0.56161
1.00387
1.40631
1.72115
1.91233
1.99573
2.01687
-0.58976
-0.5894
-0.586654
-0.581974
-0.577644
-0.560808
-0.517989
-0.447797
-0.355754
-0.245931
-0.12269
0.00365721
0.171515
0.516469
0.901716
1.25004
1.51283
1.6613
1.72308
1.73733
-0.60882
-0.604277
-0.588417
-0.566619
-0.562609
-0.571553
-0.536897
-0.457754
-0.356343
-0.242188
-0.125164
-0.00860509
0.110316
0.368514
0.684305
0.946472
1.14345
1.24974
1.29217
1.30108
-0.678928
-0.675434
-0.6719
-0.673233
-0.671762
-0.660962
-0.583526
-0.475145
-0.358824
-0.240581
-0.13156
-0.0333025
0.0541897
0.229874
0.455254
0.642479
0.780278
0.85284
0.881159
0.886171
-0.794682
-0.807785
-0.841485
-0.866027
-0.857744
-0.792707
-0.643601
-0.489958
-0.356661
-0.237754
-0.140793
-0.0608055
0.00368718
0.132366
0.283978
0.404668
0.4918
0.536763
0.55414
0.556752
-0.847197
-0.869508
-0.904112
-0.926648
-0.912254
-0.823649
-0.644915
-0.475683
-0.339598
-0.229232
-0.147192
-0.0849928
-0.0390855
0.047218
0.149299
0.229262
0.282322
0.308138
0.318432
0.319713
-0.708391
-0.728797
-0.761576
-0.786225
-0.772441
-0.681559
-0.539817
-0.407776
-0.296187
-0.207335
-0.144952
-0.100037
-0.0652683
-0.00548502
0.0573988
0.106253
0.138812
0.155073
0.161487
0.161948
-0.405289
-0.419003
-0.442484
-0.464882
-0.466038
-0.426164
-0.36155
-0.292455
-0.22903
-0.172502
-0.131418
-0.104471
-0.0840093
-0.0385789
0.00404679
0.034659
0.0524378
0.0604787
0.0634365
0.0633596
-0.100193
-0.106579
-0.121314
-0.144385
-0.167649
-0.18164
-0.183549
-0.172881
-0.153816
-0.129903
-0.112564
-0.106016
-0.099746
-0.0687706
-0.0355914
-0.0121367
0.00130028
0.00730699
0.0091961
0.00886593
0.0890722
0.0861211
0.0756242
0.0522218
0.0156733
-0.0243653
-0.0572586
-0.0788037
-0.087712
-0.0875963
-0.0881537
-0.0954371
-0.099102
-0.07131
-0.0452906
-0.0296812
-0.0214534
-0.0181857
-0.017198
-0.0176189
0.1635
0.161582
0.153296
0.132794
0.0984104
0.0568062
0.0170351
-0.0148239
-0.0362374
-0.0478244
-0.056114
-0.0672518
-0.0706623
-0.0491032
-0.0317778
-0.0240147
-0.0213113
-0.0210008
-0.0211438
-0.0216485
0.175028
0.173608
0.16755
0.152325
0.12614
0.0929714
0.0581296
0.0268661
0.0027422
-0.0126148
-0.0209614
-0.0257084
-0.0230222
-0.0105095
-0.00606159
-0.00558052
-0.00682364
-0.00778327
-0.00825905
-0.00878752
0.16164
0.160694
0.15664
0.146322
0.128157
0.104047
0.0769547
0.0511747
0.0300555
0.0168308
0.0145179
0.0184108
0.0294353
0.032359
0.028516
0.0234776
0.0190572
0.0168242
0.0157798
0.0150918
0.141016
0.140462
0.137921
0.131277
0.119228
0.102638
0.0831454
0.0638298
0.0479847
0.0396533
0.043174
0.0569703
0.0714631
0.0685307
0.0580239
0.0503951
0.0457618
0.0439681
0.042877
0.0420904
0.119648
0.119375
0.117875
0.113773
0.106075
0.0951258
0.081856
0.0684166
0.0576764
0.0538348
0.062495
0.0807973
0.0968512
0.0907453
0.0790932
0.0715153
0.0687401
0.067353
0.0663746
0.065367
0.0994656
0.0993466
0.0985405
0.0961175
0.0913707
0.0843809
0.0757054
0.0669247
0.0603644
0.0599576
0.070826
0.0894922
0.103476
0.0958542
0.086573
0.0812695
0.0793063
0.0785049
0.0774838
0.0765158
0.080938
0.080911
0.0804951
0.0791437
0.0763522
0.0720838
0.0666795
0.0612289
0.0574518
0.0586524
0.0687938
0.084214
0.0935513
0.0854705
0.0791936
0.076927
0.0769452
0.0767103
0.0758863
0.0750492
0.0637732
0.0638093
0.063641
0.0629737
0.0614866
0.0590262
0.0558128
0.0524994
0.0502794
0.0513499
0.0581681
0.0676044
0.0716893
0.0660483
0.0632035
0.0640118
0.0655475
0.0657047
0.0650709
0.0643282
0.0478956
0.0479443
0.0479114
0.0476825
0.0470063
0.0457663
0.0439668
0.0419492
0.0403481
0.0402837
0.0420714
0.0437189
0.0422762
0.0375666
0.0395344
0.0438781
0.0469005
0.0475329
0.0472315
0.0466707
0.0332714
0.0333083
0.0333398
0.0333571
0.0331995
0.0326988
0.031774
0.0305419
0.0291621
0.0277681
0.0243951
0.0170012
0.00884519
0.00763255
0.015138
0.0223683
0.025994
0.0270456
0.0269796
0.0266132
0.0199487
0.019965
0.020024
0.0201668
0.0202625
0.0201955
0.0198633
0.0192234
0.0179221
0.0153313
0.00948637
-0.00412207
-0.0162994
-0.0122605
-0.00141111
0.00632276
0.00921298
0.00988462
0.00987228
0.00965317
0.0079867
0.00801249
0.00802756
0.00814426
0.00827212
0.00841057
0.00844756
0.00828845
0.0077829
0.00709096
0.00483476
-0.00160834
-0.0174644
-0.0181177
-0.00944092
-0.00319911
-0.000754501
7.44679e-06
0.000113434
0.000326089
-0.602806
-0.0935418
0.217008
0.428296
0.590045
0.713205
0.812769
0.89954
1.00213
0.994154
0.125774
0.280748
0.44159
0.577459
0.689294
0.780089
0.854809
0.910712
0.933358
0.939658
0.395635
0.496157
0.601966
0.694585
0.773379
0.838989
0.890981
0.927566
0.951217
0.968358
0.581345
0.650336
0.723634
0.789788
0.846864
0.894703
0.933151
0.963014
0.986503
1.00513
0.720855
0.771468
0.823741
0.872951
0.916113
0.953186
0.984359
1.01028
1.03151
1.0499
0.833714
0.87071
0.912781
0.95116
0.986125
1.01713
1.04408
1.067
1.08537
1.10335
0.930799
0.961183
0.996669
1.02981
1.06059
1.08851
1.11303
1.13373
1.14951
1.16719
1.02014
1.04879
1.0822
1.11386
1.14339
1.17015
1.19345
1.21257
1.22613
1.24368
1.11046
1.14169
1.17663
1.20934
1.23914
1.26557
1.28802
1.3058
1.31777
1.33545
1.21396
1.2502
1.28775
1.32192
1.3518
1.37735
1.39845
1.4148
1.42606
1.44425
1.34282
1.38277
1.42037
1.45321
1.48098
1.50442
1.52393
1.53928
1.5511
1.56953
1.50365
1.54043
1.57188
1.59836
1.6211
1.64156
1.66009
1.67616
1.69024
1.70824
1.68763
1.71291
1.73277
1.7514
1.76923
1.78599
1.80169
1.81771
1.83493
1.85402
1.87339
1.88509
1.89856
1.91343
1.92721
1.93926
1.95006
1.9615
1.97582
1.9944
2.05665
2.07117
2.07633
2.07689
2.07871
2.08604
2.09993
2.11789
2.1305
2.14401
2.3291
2.27475
2.22755
2.19606
2.18295
2.18753
2.2108
2.2555
2.32286
2.41836
0.785149
0.780467
0.773072
0.761183
0.748204
0.736735
0.727616
0.720819
0.716323
0.714409
0.715642
0.719647
0.725841
0.734172
0.744753
0.757361
0.77043
0.78032
0.786293
0.789693
0.707156
0.71424
0.720219
0.724436
0.72572
0.72396
0.720357
0.716486
0.713464
0.712136
0.71322
0.71628
0.72042
0.724755
0.727951
0.728486
0.725787
0.720657
0.713814
0.707947
0.69798
0.700986
0.704242
0.706735
0.70875
0.710208
0.710561
0.70983
0.708755
0.708295
0.709156
0.710905
0.712578
0.713305
0.712687
0.711132
0.709093
0.706315
0.703039
0.700701
0.692276
0.69373
0.695964
0.698205
0.699858
0.701071
0.702064
0.702739
0.703053
0.703376
0.704066
0.704802
0.705081
0.704776
0.704083
0.702984
0.701241
0.699016
0.697235
0.69615
0.687008
0.687829
0.689295
0.691094
0.692839
0.694282
0.695405
0.696373
0.697247
0.698036
0.698695
0.699037
0.699004
0.698637
0.697856
0.696598
0.695061
0.69353
0.692513
0.691855
0.681987
0.682544
0.683619
0.685034
0.686556
0.688069
0.689451
0.690648
0.691742
0.692766
0.693523
0.69386
0.693797
0.693312
0.692438
0.691347
0.690184
0.689115
0.68843
0.687967
0.677123
0.67754
0.6784
0.679604
0.68093
0.682344
0.6838
0.685211
0.686528
0.687755
0.688677
0.689103
0.689042
0.688574
0.687855
0.68702
0.686141
0.685345
0.684843
0.684491
0.672359
0.672687
0.673396
0.674452
0.675682
0.677022
0.678464
0.679985
0.681518
0.682992
0.684124
0.684686
0.684745
0.684458
0.683962
0.683339
0.682675
0.682092
0.681719
0.681438
0.667613
0.667879
0.668482
0.669438
0.670607
0.671914
0.673366
0.674968
0.676686
0.678433
0.679836
0.680632
0.680925
0.680873
0.680599
0.680189
0.679721
0.67931
0.679031
0.678799
0.662795
0.663017
0.663547
0.664441
0.665574
0.666882
0.668387
0.670101
0.672016
0.674064
0.675817
0.676944
0.677536
0.677747
0.677706
0.677518
0.677236
0.676972
0.676769
0.676571
0.657819
0.658008
0.658488
0.65935
0.660484
0.661836
0.663431
0.665306
0.667473
0.669882
0.67207
0.673605
0.674548
0.67506
0.675276
0.675308
0.675216
0.675083
0.674941
0.674768
0.652594
0.652759
0.65321
0.654071
0.655246
0.656684
0.658418
0.660513
0.663006
0.66587
0.668587
0.670607
0.671959
0.672814
0.673318
0.673572
0.673678
0.67367
0.673578
0.673422
0.647027
0.647173
0.647614
0.648503
0.64976
0.651331
0.653266
0.655656
0.658562
0.661996
0.665355
0.66795
0.669781
0.671026
0.671852
0.67238
0.672679
0.672783
0.672733
0.672589
0.64101
0.641142
0.641589
0.642536
0.643918
0.645678
0.647884
0.650655
0.654088
0.658228
0.662364
0.665647
0.66804
0.669739
0.67093
0.671753
0.672268
0.672487
0.672474
0.672337
0.634416
0.634538
0.635006
0.636042
0.637597
0.63961
0.64217
0.645426
0.649517
0.654521
0.659599
0.663706
0.666769
0.669001
0.67061
0.671771
0.672525
0.672862
0.672884
0.67275
0.627094
0.627208
0.627709
0.628869
0.630653
0.632992
0.636002
0.639872
0.644781
0.65084
0.657058
0.662152
0.666007
0.668869
0.670976
0.672529
0.673548
0.674008
0.674063
0.673928
0.618854
0.618967
0.619503
0.620831
0.622899
0.625653
0.629241
0.633883
0.639808
0.647161
0.654753
0.661022
0.665811
0.669415
0.67212
0.674131
0.675444
0.676033
0.676119
0.67598
0.609385
0.60951
0.610142
0.611665
0.614105
0.617401
0.621723
0.627339
0.634528
0.643466
0.652707
0.660366
0.666255
0.670727
0.674137
0.676672
0.678323
0.679053
0.679168
0.679021
0.598411
0.598534
0.599283
0.60108
0.603997
0.607987
0.613239
0.620083
0.628846
0.639722
0.650937
0.660231
0.667412
0.672905
0.677126
0.68028
0.682308
0.683183
0.683323
0.683165
0.585451
0.585591
0.586497
0.588654
0.592192
0.597083
0.603536
0.611944
0.622672
0.635906
0.649474
0.660686
0.669361
0.676041
0.681205
0.685067
0.687505
0.688527
0.688687
0.688514
0.569863
0.570041
0.571175
0.57382
0.578187
0.584277
0.592316
0.602749
0.615952
0.632059
0.648398
0.661822
0.672196
0.680227
0.686471
0.691124
0.694
0.695161
0.695332
0.695141
0.550714
0.550967
0.552448
0.55579
0.561317
0.569065
0.579246
0.592339
0.60867
0.62825
0.647809
0.663736
0.676018
0.685563
0.692987
0.698515
0.701831
0.703111
0.703279
0.703067
0.526607
0.527003
0.529032
0.533435
0.540681
0.550817
0.56398
0.580601
0.600864
0.624592
0.647825
0.666528
0.680901
0.692098
0.700802
0.707248
0.710965
0.712321
0.712467
0.712234
0.495239
0.495929
0.498918
0.505135
0.515151
0.52889
0.546293
0.567592
0.592725
0.6213
0.648638
0.670331
0.686924
0.699863
0.709935
0.717252
0.721272
0.722632
0.722735
0.722482
0.452506
0.453897
0.458933
0.468737
0.483589
0.502912
0.526299
0.553654
0.584664
0.618743
0.650499
0.675296
0.694155
0.708871
0.720301
0.728356
0.732487
0.733751
0.733788
0.733523
0.390791
0.395131
0.405665
0.422606
0.445671
0.47334
0.504694
0.539441
0.57717
0.617216
0.653562
0.681502
0.702593
0.719011
0.731632
0.740188
0.744186
0.745192
0.745147
0.744891
0.317112
0.325247
0.344529
0.371988
0.405553
0.442595
0.4825
0.525141
0.570185
0.617007
0.658884
0.690845
0.714901
0.733501
0.747577
0.75661
0.760477
0.761363
0.761361
0.761239
0.243183
0.256679
0.284996
0.322839
0.366453
0.412779
0.461274
0.511903
0.564369
0.618103
0.665696
0.701818
0.728944
0.749876
0.765503
0.774667
0.778057
0.778717
0.778738
0.778707
0.18191
0.199016
0.233054
0.278705
0.330506
0.385001
0.441416
0.499614
0.559219
0.619622
0.672665
0.712679
0.742607
0.765502
0.782107
0.791474
0.794682
0.79533
0.795428
0.795449
0.131522
0.150724
0.189196
0.240626
0.298804
0.36004
0.423316
0.488335
0.554562
0.621259
0.679473
0.723149
0.755646
0.780369
0.798084
0.807729
0.811155
0.812039
0.812184
0.812248
0.0892756
0.109715
0.151519
0.207553
0.271006
0.337883
0.407047
0.478092
0.55034
0.622905
0.686011
0.733174
0.768161
0.794667
0.813533
0.823916
0.827712
0.828743
0.828909
0.828995
0.0528205
0.0740625
0.118525
0.178292
0.246188
0.317933
0.392267
0.468706
0.546457
0.624487
0.692212
0.742692
0.780056
0.808319
0.828266
0.839447
0.843659
0.844801
0.844954
0.845036
0.0205085
0.0423216
0.0889534
0.151863
0.223537
0.299539
0.378498
0.459836
0.542663
0.625809
0.697901
0.75153
0.791117
0.820953
0.842008
0.853896
0.858513
0.859769
0.859914
0.85999
-0.00887179
0.013376
0.0618291
0.12746
0.202415
0.282173
0.365285
0.451107
0.538663
0.626658
0.70293
0.759546
0.801206
0.832447
0.854431
0.866953
0.871944
0.873266
0.87341
0.873463
-0.0362647
-0.0135646
0.0365349
0.104437
0.182336
0.265432
0.352291
0.442233
0.534228
0.62686
0.707187
0.766683
0.810305
0.842858
0.865599
0.878524
0.883802
0.885189
0.885328
0.885348
-0.0621924
-0.0390099
0.0124569
0.082435
0.162949
0.249028
0.33928
0.433017
0.529183
0.626279
0.710596
0.772949
0.818458
0.852213
0.875593
0.888758
0.894192
0.895617
0.89575
0.895738
-0.0870818
-0.0633483
-0.0107918
0.0611875
0.144002
0.232757
0.326093
0.42332
0.523406
0.624831
0.71312
0.778371
0.825775
0.860641
0.88455
0.897864
0.903316
0.904737
0.904868
0.904825
-0.1112
-0.087003
-0.0332876
0.0404664
0.125337
0.216498
0.312621
0.41306
0.516824
0.622435
0.714733
0.782989
0.832361
0.868344
0.892689
0.906066
0.91146
0.912836
0.912918
0.912842
-0.134718
-0.110006
-0.0551601
0.0201529
0.106866
0.200178
0.298817
0.402196
0.509397
0.619044
0.715402
0.786838
0.838337
0.8755
0.900213
0.913525
0.918777
0.920067
0.920117
0.920014
-0.157712
-0.132428
-0.0765283
0.000194095
0.0885529
0.183787
0.284681
0.390722
0.5011
0.614619
0.715084
0.789932
0.843807
0.882251
0.907249
0.920362
0.925387
0.926533
0.926522
0.926393
-0.180162
-0.154377
-0.0974474
-0.019427
0.0704007
0.167334
0.270235
0.378669
0.491948
0.609137
0.713721
0.792247
0.848845
0.888762
0.913967
0.926679
0.931315
0.932252
0.932174
0.932017
-0.202126
-0.175797
-0.117889
-0.0386927
0.0524389
0.150863
0.255535
0.36609
0.481994
0.602593
0.711259
0.793721
0.853469
0.895192
0.920606
0.932667
0.936651
0.937289
0.937153
0.937005
-0.223509
-0.196648
-0.137814
-0.0575741
0.0347099
0.134444
0.240656
0.353065
0.471298
0.595005
0.707628
0.794248
0.857624
0.901664
0.927513
0.938691
0.941602
0.941712
0.941488
0.941356
-0.24432
-0.216887
-0.157217
-0.0760194
0.0172788
0.118142
0.225686
0.339693
0.459936
0.586425
0.702775
0.793692
0.861163
0.908176
0.93509
0.945442
0.946711
0.945701
0.945237
0.945217
-0.264468
-0.236513
-0.176047
-0.0939872
0.000198929
0.102037
0.210703
0.326052
0.448019
0.57693
0.696668
0.791893
0.863845
0.914492
0.943537
0.953929
0.9534
0.950215
0.948537
0.948374
-0.284015
-0.255505
-0.194253
-0.111423
-0.0164564
0.0862154
0.19583
0.312277
0.43567
0.566614
0.689311
0.788685
0.865353
0.920093
0.952437
0.964803
0.964008
0.958329
0.951445
0.93516
-0.302896
-0.273857
-0.211972
-0.128528
-0.0329817
0.0703516
0.180652
0.297912
0.42238
0.554957
0.680162
0.783488
0.865325
0.924482
0.960893
0.977606
0.979419
0.972648
0.959182
0.974306
-0.321203
-0.291503
-0.229161
-0.14527
-0.0493126
0.0544975
0.165176
0.282983
0.408137
0.541855
0.669013
0.775643
0.863023
0.926532
0.965636
0.985896
0.991529
0.981204
0.923088
0.910566
-0.339577
-0.308863
-0.245547
-0.161329
-0.064934
0.0390744
0.149601
0.267757
0.393237
0.527514
0.655893
0.764654
0.857586
0.925382
0.961776
0.981182
0.977843
0.940594
0.874103
0.834598
-0.359354
-0.327463
-0.260651
-0.176298
-0.0792636
0.024352
0.134349
0.252459
0.377814
0.511986
0.640718
0.750311
0.846896
0.919905
0.966095
0.949465
0.92215
0.858203
0.786823
0.744224
0.0629775
0.177783
0.299071
0.428043
0.560501
0.68047
0.780439
0.624759
-0.377275
-0.361562
-0.322344
-0.250981
-0.160753
-0.0617926
0.0449775
0.158659
0.279143
0.406885
0.53812
0.657276
0.755319
0.836369
0.888196
0.840686
0.702729
0.615678
0.546978
-0.397028
-0.384129
-0.339441
-0.266751
-0.176139
-0.0769218
0.0293841
0.142581
0.262202
0.388558
0.517544
0.633343
0.725363
0.792003
0.790393
0.685075
0.542594
0.43858
0.350898
-0.420051
-0.407548
-0.359954
-0.286119
-0.195508
-0.0960442
0.0103218
0.123194
0.241866
0.366589
0.492457
0.603083
0.685155
0.732962
0.693888
0.534552
0.373519
0.243895
0.129084
-0.443286
-0.430688
-0.381489
-0.306356
-0.215407
-0.115961
-0.00987495
0.102276
0.21972
0.342357
0.464574
0.569238
0.643637
0.664209
0.577677
0.388053
0.197128
0.0261656
-0.135707
-0.465993
-0.453706
-0.403683
-0.3275
-0.23612
-0.136672
-0.0310044
0.0802775
0.196313
0.31652
0.434579
0.532419
0.597322
0.580321
0.450017
0.251317
0.0386309
-0.155167
-0.335524
-0.489275
-0.477228
-0.426814
-0.349959
-0.258223
-0.158707
-0.0533821
0.0570883
0.171655
0.289283
0.402954
0.493269
0.54416
0.50474
0.332478
0.135796
-0.0736227
-0.264393
-0.38007
-0.449046
-0.513916
-0.502007
-0.451259
-0.374019
-0.282125
-0.182649
-0.0777339
0.0318084
0.144678
0.259323
0.368091
0.450393
0.485301
0.420918
0.226425
0.0369359
-0.145384
-0.280936
-0.324428
-0.348076
-0.540103
-0.52828
-0.477285
-0.399807
-0.307911
-0.208675
-0.104353
0.00399442
0.114819
0.225966
0.329141
0.403018
0.417141
0.315279
0.131034
-0.0446908
-0.198389
-0.278953
-0.299337
-0.304236
-0.568102
-0.556246
-0.505009
-0.427344
-0.335572
-0.236743
-0.133261
-0.0263897
0.0820283
0.189196
0.286019
0.351062
0.336915
0.213571
0.0431412
-0.121368
-0.240958
-0.285333
-0.284205
-0.284969
-0.597829
-0.586058
-0.534454
-0.456638
-0.365104
-0.266856
-0.164454
-0.0593444
0.0463012
0.149042
0.23891
0.293544
0.262025
0.117831
-0.0376461
-0.189841
-0.255279
-0.272286
-0.273802
-0.273331
-0.629152
-0.617396
-0.565517
-0.487607
-0.396419
-0.298962
-0.19788
-0.0948484
0.00766303
0.105575
0.188119
0.2308
0.194604
0.0350043
-0.110629
-0.225317
-0.274222
-0.266423
-0.266293
-0.266328
-0.661574
-0.649734
-0.59794
-0.520004
-0.429326
-0.332883
-0.233399
-0.13277
-0.0337439
0.0591115
0.133902
0.167106
0.114904
-0.0386485
-0.169115
-0.246876
-0.263689
-0.261733
-0.26143
-0.261208
-0.694604
-0.682653
-0.631131
-0.553397
-0.463459
-0.368289
-0.270715
-0.172824
-0.0776666
0.0100533
0.0769745
0.0991188
0.0292864
-0.102091
-0.213472
-0.233316
-0.250642
-0.256456
-0.257206
-0.257188
-0.727227
-0.715243
-0.664181
-0.587163
-0.498255
-0.404684
-0.309375
-0.214558
-0.123609
-0.0412167
0.019258
0.0260895
-0.0462061
-0.160597
-0.23291
-0.278299
-0.26254
-0.257906
-0.256058
-0.255588
-0.757603
-0.746443
-0.6962
-0.620246
-0.532883
-0.44134
-0.34872
-0.257331
-0.170815
-0.0940447
-0.0377246
-0.039624
-0.113458
-0.2158
-0.269412
-0.268056
-0.264378
-0.258939
-0.256003
-0.254769
-0.784917
-0.774073
-0.725867
-0.651392
-0.566227
-0.477275
-0.387868
-0.300322
-0.218336
-0.14722
-0.0947679
-0.096414
-0.168095
-0.26201
-0.317031
-0.300764
-0.277976
-0.261381
-0.254098
-0.252147
-0.806578
-0.796407
-0.750653
-0.67917
-0.596939
-0.511317
-0.425715
-0.342509
-0.265168
-0.199355
-0.15156
-0.146186
-0.198412
-0.279077
-0.35369
-0.331932
-0.292523
-0.269043
-0.260124
-0.257033
-0.82054
-0.811438
-0.768962
-0.701416
-0.623365
-0.542059
-0.461054
-0.382691
-0.310285
-0.249385
-0.2043
-0.189035
-0.202335
-0.207688
-0.238672
-0.273808
-0.301671
-0.313217
-0.310053
-0.305267
-0.824186
-0.816694
-0.778657
-0.716363
-0.643662
-0.567954
-0.492485
-0.41963
-0.352653
-0.296215
-0.251483
-0.226752
-0.205489
-0.0769865
-0.11428
-0.21689
-0.307033
-0.336097
-0.339655
-0.340391
-0.815657
-0.809618
-0.777472
-0.722088
-0.656329
-0.587468
-0.51862
-0.452065
-0.391138
-0.339709
-0.298332
-0.276235
-0.275377
-0.157003
-0.118458
-0.262688
-0.347674
-0.371073
-0.378274
-0.382393
-0.791492
-0.787221
-0.762689
-0.717153
-0.660321
-0.599546
-0.538245
-0.478581
-0.424096
-0.37977
-0.347574
-0.363136
-0.509652
-0.762748
-0.835937
-0.713041
-0.575619
-0.502421
-0.479483
-0.473195
-0.755026
-0.752378
-0.736246
-0.701733
-0.655661
-0.603997
-0.550614
-0.497983
-0.449537
-0.412381
-0.393514
-0.449544
-0.663018
-1.06932
-1.26792
-0.982435
-0.628613
-0.483766
-0.448447
-0.439453
-0.712881
-0.711239
-0.703159
-0.679601
-0.644447
-0.601697
-0.555912
-0.509233
-0.465655
-0.431022
-0.420336
-0.413075
-0.368316
-0.193254
0.0122009
0.0566676
-0.0605058
-0.192903
-0.234829
-0.234756
-0.674885
-0.673835
-0.670197
-0.656766
-0.630448
-0.595018
-0.555342
-0.51281
-0.470375
-0.433536
-0.41333
-0.36403
-0.213486
-0.00422463
0.0965376
-0.0437851
-0.258417
-0.290244
-0.233433
-0.208978
-0.647235
-0.646664
-0.644378
-0.637473
-0.618093
-0.588172
-0.551463
-0.510178
-0.466302
-0.424509
-0.394171
-0.382831
-0.349575
-0.408471
-0.53249
-0.736835
-0.924933
-0.964751
-0.890525
-0.809786
-0.626245
-0.62578
-0.624874
-0.622334
-0.609695
-0.583471
-0.546936
-0.504215
-0.457094
-0.405942
-0.367201
-0.354465
-0.363881
-0.454799
-0.626851
-0.744076
-0.780934
-0.741642
-0.644895
-0.565678
-0.613311
-0.613124
-0.612664
-0.611337
-0.60477
-0.581219
-0.54329
-0.496525
-0.441821
-0.381419
-0.315105
-0.250084
-0.198683
-0.179548
-0.194189
-0.225508
-0.154331
0.0187779
0.189128
0.287373
-0.605
-0.604918
-0.604573
-0.604479
-0.601951
-0.581556
-0.540937
-0.488216
-0.425944
-0.35169
-0.258339
-0.15805
0.0340111
0.227324
0.443981
0.667221
0.912573
1.15564
1.32399
1.40253
-0.599336
-0.599518
-0.600001
-0.600924
-0.6003
-0.582755
-0.540218
-0.482631
-0.411899
-0.322878
-0.212203
-0.0919905
0.0830417
0.364699
0.741098
1.15908
1.52401
1.78746
1.9335
1.98732
-0.591678
-0.592308
-0.593051
-0.593834
-0.592518
-0.579099
-0.541109
-0.482791
-0.40401
-0.306783
-0.191411
-0.0618868
0.0833277
0.362322
0.76862
1.17594
1.52103
1.75352
1.87004
1.90917
-0.593276
-0.593121
-0.587696
-0.574881
-0.563697
-0.566417
-0.548827
-0.491697
-0.405917
-0.301432
-0.184889
-0.0591233
0.0550736
0.276373
0.631286
0.960151
1.23254
1.4092
1.4941
1.52127
-0.637828
-0.634913
-0.62499
-0.606872
-0.597205
-0.602045
-0.587152
-0.513916
-0.413249
-0.299936
-0.185285
-0.0729816
0.0288923
0.167459
0.434161
0.682046
0.881751
1.00757
1.06576
1.08375
-0.73714
-0.73487
-0.745421
-0.767843
-0.774096
-0.758671
-0.680417
-0.549631
-0.419864
-0.29828
-0.186243
-0.0900303
-0.00762402
0.0904196
0.273817
0.44318
0.576154
0.659664
0.69725
0.708821
-0.83923
-0.844776
-0.877369
-0.912076
-0.9193
-0.882181
-0.746144
-0.567714
-0.416073
-0.291129
-0.187528
-0.106976
-0.0435186
0.0249738
0.153235
0.265775
0.348525
0.399043
0.420624
0.427287
-0.802984
-0.812938
-0.842336
-0.874446
-0.882633
-0.834676
-0.690731
-0.523797
-0.38086
-0.268096
-0.180956
-0.118932
-0.0717964
-0.0243773
0.0574425
0.13215
0.184624
0.214926
0.228371
0.232522
-0.564709
-0.575503
-0.600163
-0.629472
-0.641776
-0.604518
-0.508368
-0.403246
-0.306809
-0.226211
-0.162475
-0.120209
-0.0872533
-0.0510659
0.00445001
0.0483907
0.0789882
0.0969934
0.104516
0.106584
-0.240205
-0.24636
-0.260355
-0.281903
-0.301781
-0.303185
-0.283463
-0.249892
-0.210983
-0.170845
-0.135503
-0.113256
-0.0989118
-0.0752416
-0.0359221
-0.00244001
0.0175913
0.0273344
0.0312143
0.032099
0.0125429
0.00980158
0.00234368
-0.0153104
-0.0440592
-0.0767847
-0.103709
-0.119149
-0.121837
-0.114152
-0.104167
-0.101052
-0.104523
-0.0891896
-0.0587139
-0.0342235
-0.0188079
-0.0106195
-0.00752241
-0.00692079
0.138457
0.136758
0.131824
0.116527
0.0864384
0.0448135
0.00314451
-0.0308903
-0.0534712
-0.0647747
-0.0698105
-0.0777541
-0.0891677
-0.076267
-0.0498742
-0.0328481
-0.0250612
-0.0222742
-0.0216833
-0.0217979
0.174736
0.173685
0.170021
0.158024
0.133522
0.0983606
0.0596423
0.0235855
-0.00484153
-0.0234617
-0.0341227
-0.0431658
-0.0502822
-0.0386853
-0.0247755
-0.0183909
-0.0161983
-0.0161275
-0.0164163
-0.0167033
0.170266
0.169615
0.167042
0.158656
0.141265
0.11546
0.0851403
0.0546882
0.0282724
0.00911207
-0.00114682
-0.00357923
-0.00136413
0.006193
0.0121123
0.0101607
0.00688677
0.00440586
0.00321612
0.00256919
0.151797
0.151462
0.149807
0.14434
0.132734
0.114953
0.0929416
0.0695654
0.0485431
0.033365
0.0282303
0.0336437
0.0452622
0.0527856
0.0480135
0.0409536
0.0348033
0.0314103
0.0299423
0.0290192
0.130285
0.130156
0.129171
0.125782
0.118357
0.106607
0.0915196
0.0749435
0.0597735
0.0494201
0.0493685
0.0617998
0.0799233
0.085869
0.0749766
0.0653959
0.0594888
0.0571984
0.0558313
0.054952
0.109308
0.109317
0.108807
0.106821
0.102242
0.0947276
0.0847863
0.0736355
0.0634569
0.0574134
0.0612583
0.0769931
0.096392
0.101595
0.0895729
0.0814137
0.0775033
0.0754972
0.0746459
0.0733651
0.0899643
0.0900316
0.0897568
0.0886485
0.0859408
0.0813141
0.0750317
0.0678918
0.0615704
0.0586578
0.0642553
0.0795139
0.096291
0.0990274
0.0876994
0.081693
0.0793381
0.07903
0.0783682
0.0773747
0.0721226
0.0722241
0.0721197
0.0715504
0.0700765
0.0673827
0.0635997
0.0592063
0.0554175
0.0540489
0.0591056
0.0709311
0.0824148
0.0814498
0.0739266
0.0716244
0.0719144
0.0725346
0.0719488
0.0710901
0.0556153
0.0557169
0.0557093
0.055491
0.054783
0.0533746
0.051225
0.0486172
0.046298
0.0453203
0.0479677
0.0538795
0.0589563
0.0575174
0.0518353
0.0531471
0.0558148
0.0573418
0.0571141
0.0564493
0.0403759
0.0404627
0.0404909
0.0404573
0.0402383
0.0396442
0.0385764
0.0370963
0.0355084
0.0342537
0.0337724
0.0321804
0.0280652
0.0217635
0.0236912
0.029929
0.0349992
0.0370133
0.0372121
0.0368657
0.0264118
0.0264747
0.0265033
0.026576
0.0266374
0.0265268
0.0261135
0.0253244
0.0242238
0.0224521
0.0197438
0.0116367
-0.000750338
-0.00528262
0.000933852
0.0100577
0.0157334
0.0174499
0.0175705
0.0175004
0.0137893
0.0138228
0.013825
0.0139008
0.0140909
0.0142133
0.0141627
0.0138522
0.0132808
0.0118819
0.00884595
-0.00145096
-0.0177177
-0.0214181
-0.010902
-0.00135283
0.00285947
0.00401813
0.00377365
0.00374798
0.00800824
0.00801203
0.00807193
0.00821314
0.00834449
0.00844949
0.00839726
0.00806925
0.00755978
0.00625185
0.00204811
-0.00713376
-0.0195067
-0.0143514
-0.00520639
-0.00197852
-9.85045e-05
-1.25962e-05
0.000334096
-0.00159098
-0.307421
0.0216499
0.240684
0.427685
0.578197
0.697735
0.793184
0.874601
0.931929
0.927074
0.177284
0.330584
0.466064
0.58628
0.68846
0.773667
0.843678
0.897468
0.930351
0.94396
0.437378
0.533122
0.623576
0.706882
0.779103
0.840369
0.890452
0.928628
0.956475
0.975416
0.61409
0.678266
0.744577
0.805018
0.858029
0.903513
0.941511
0.972323
0.997564
1.01527
0.749049
0.795191
0.846378
0.891366
0.932212
0.968243
0.999419
1.02591
1.04818
1.06343
0.859224
0.896648
0.936086
0.972922
1.00681
1.03765
1.06505
1.08871
1.1084
1.12104
0.955661
0.988245
1.02188
1.05508
1.0861
1.11469
1.14025
1.16216
1.17975
1.19021
1.04606
1.07764
1.11082
1.14409
1.17495
1.20311
1.22794
1.24873
1.26455
1.27354
1.14045
1.1756
1.21152
1.24691
1.27876
1.30686
1.33092
1.3505
1.36489
1.37365
1.25295
1.29366
1.33242
1.36898
1.40063
1.42753
1.44998
1.46801
1.48144
1.49152
1.39647
1.4395
1.47693
1.51006
1.53784
1.5615
1.58204
1.59934
1.61325
1.62545
1.57423
1.61123
1.63926
1.66323
1.68424
1.70355
1.72174
1.73879
1.75494
1.77027
1.77155
1.79094
1.80663
1.82276
1.83934
1.85476
1.86836
1.88148
1.89698
1.91485
1.96053
1.96827
1.98013
1.9918
2.00166
2.01082
2.02106
2.03238
2.0437
2.05099
2.17936
2.17762
2.16952
2.15252
2.14112
2.14051
2.15268
2.17751
2.21119
2.23878
2.58789
2.40106
2.2995
2.24208
2.21304
2.20638
2.22165
2.26228
2.33805
2.48434
-0.347091
-0.348393
-0.307917
-0.235041
-0.144476
-0.0447039
0.874
0.936288
0.927967
0.851008
0.777341
0.704542
0.479013
0.261096
4.16204e-05
-0.345221
-0.697562
)
;

boundaryField
{
    wall-4
    {
        type            zeroGradient;
    }
    pressure-outlet-7
    {
        type            fixedValue;
        value           uniform 0;
    }
    velocity-inlet-6
    {
        type            zeroGradient;
    }
    velocity-inlet-5
    {
        type            zeroGradient;
    }
    frontAndBackPlanes
    {
        type            empty;
    }
}


// ************************************************************************* //
