/*--------------------------------*- C++ -*----------------------------------*\
| =========                 |                                                 |
| \\      /  F ield         | OpenFOAM: The Open Source CFD Toolbox           |
|  \\    /   O peration     | Version:  v2012                                 |
|   \\  /    A nd           | Website:  www.openfoam.com                      |
|    \\/     M anipulation  |                                                 |
\*---------------------------------------------------------------------------*/
FoamFile
{
    version     2.0;
    format      ascii;
    class       volScalarField;
    location    "1";
    object      p;
}
// * * * * * * * * * * * * * * * * * * * * * * * * * * * * * * * * * * * * * //

dimensions      [0 2 -2 0 0 0 0];


internalField   nonuniform List<scalar> 
8800
(
1.80842
1.76455
1.73323
1.70958
1.69111
1.67645
1.66479
1.65573
1.6493
1.64617
1.64741
1.6525
1.66039
1.6708
1.68393
1.70039
1.72121
1.74829
1.78461
1.83819
1.61306
1.6137
1.61327
1.61063
1.60563
1.59871
1.59087
1.58334
1.57701
1.57288
1.57199
1.57495
1.58052
1.58763
1.59547
1.603
1.60906
1.61297
1.61444
1.61393
1.6119
1.6144
1.61478
1.61387
1.61089
1.60673
1.60176
1.59669
1.59233
1.59006
1.59103
1.59461
1.59963
1.60489
1.60967
1.61337
1.61516
1.61555
1.6145
1.61268
1.59698
1.59694
1.59668
1.59596
1.59465
1.59257
1.58982
1.58676
1.58406
1.58262
1.58338
1.58596
1.58906
1.59214
1.59464
1.59638
1.59744
1.59789
1.59804
1.59805
1.58309
1.583
1.58278
1.58233
1.58155
1.58035
1.57875
1.57687
1.57511
1.57416
1.57475
1.57647
1.57866
1.5806
1.58212
1.58317
1.5838
1.58412
1.58424
1.58423
1.5705
1.57048
1.57037
1.57011
1.56967
1.56899
1.56807
1.56698
1.56596
1.56547
1.56598
1.56724
1.5686
1.56983
1.57075
1.57137
1.57174
1.57193
1.572
1.57199
1.55854
1.55855
1.55851
1.55839
1.55817
1.55781
1.55731
1.55672
1.55619
1.55601
1.55649
1.55739
1.55834
1.55915
1.55975
1.56014
1.56038
1.5605
1.56054
1.56054
1.54714
1.54714
1.54711
1.54705
1.54694
1.54677
1.54654
1.54627
1.54609
1.54617
1.54666
1.54739
1.54809
1.54866
1.54907
1.54934
1.5495
1.54958
1.54961
1.5496
1.53592
1.53592
1.53591
1.53589
1.53585
1.5358
1.53574
1.53571
1.53577
1.53606
1.53662
1.53728
1.53787
1.53832
1.53863
1.53883
1.53895
1.53901
1.53903
1.53903
1.52476
1.52475
1.52475
1.52476
1.52478
1.52481
1.52489
1.52503
1.5253
1.52579
1.52647
1.52714
1.52769
1.5281
1.52838
1.52855
1.52865
1.5287
1.52872
1.52871
1.51356
1.51355
1.51357
1.5136
1.51366
1.51377
1.51395
1.51425
1.51472
1.51542
1.51626
1.51702
1.5176
1.51802
1.51829
1.51846
1.51856
1.51861
1.51862
1.51862
1.50226
1.50225
1.50227
1.50233
1.50243
1.50261
1.5029
1.50336
1.50403
1.50497
1.50604
1.50694
1.50762
1.50808
1.50839
1.50858
1.50868
1.50873
1.50875
1.50874
1.49077
1.49077
1.4908
1.49088
1.49103
1.49129
1.4917
1.49232
1.49323
1.49448
1.49583
1.49695
1.49777
1.49833
1.49869
1.49891
1.49903
1.49909
1.49911
1.4991
1.47904
1.47903
1.47907
1.47918
1.47939
1.47973
1.48029
1.48112
1.48232
1.48394
1.48568
1.48709
1.4881
1.48879
1.48924
1.48951
1.48966
1.48973
1.48975
1.48974
1.46695
1.46694
1.467
1.46715
1.46742
1.46788
1.46861
1.46971
1.47128
1.47337
1.47559
1.47739
1.47867
1.47953
1.48009
1.48043
1.48061
1.48071
1.48074
1.48071
1.4544
1.45439
1.45447
1.45467
1.45502
1.45563
1.45659
1.45803
1.46006
1.46277
1.46562
1.4679
1.46953
1.47062
1.47133
1.47175
1.47199
1.4721
1.47214
1.47211
1.44124
1.44123
1.44134
1.44159
1.44206
1.44286
1.44412
1.446
1.44864
1.45213
1.45578
1.45869
1.46076
1.46215
1.46303
1.46357
1.46387
1.46402
1.46406
1.46403
1.42726
1.42725
1.4274
1.42774
1.42836
1.42942
1.43107
1.43353
1.43696
1.44146
1.44614
1.44985
1.45247
1.45423
1.45535
1.45603
1.45641
1.45659
1.45664
1.4566
1.4122
1.41219
1.4124
1.41285
1.41369
1.41509
1.41727
1.42049
1.42496
1.43076
1.43674
1.44145
1.44477
1.447
1.44842
1.44928
1.44976
1.44999
1.45006
1.45
1.39567
1.39567
1.39595
1.39657
1.39771
1.39959
1.4025
1.40674
1.41257
1.42004
1.42766
1.43363
1.43783
1.44064
1.44243
1.44352
1.44412
1.44441
1.4445
1.44443
1.37714
1.37716
1.37755
1.37842
1.37998
1.38254
1.38646
1.3921
1.39972
1.40933
1.419
1.42652
1.4318
1.43534
1.43761
1.43899
1.43976
1.44012
1.44024
1.44015
1.35579
1.35585
1.35643
1.35768
1.35989
1.36346
1.36882
1.37637
1.38636
1.39867
1.41086
1.42028
1.42689
1.43136
1.43423
1.43598
1.43696
1.43743
1.43758
1.43747
1.33035
1.33051
1.33142
1.3333
1.33655
1.34167
1.34915
1.35937
1.37246
1.38814
1.40337
1.41505
1.42329
1.42891
1.43257
1.43483
1.43611
1.43674
1.43694
1.43681
1.29867
1.29905
1.30062
1.30367
1.30874
1.31639
1.32707
1.341
1.3581
1.37789
1.39665
1.41096
1.42114
1.4282
1.43293
1.43594
1.4377
1.43858
1.43889
1.43873
1.25651
1.2576
1.26076
1.26637
1.27494
1.28687
1.30238
1.32138
1.34352
1.36809
1.3908
1.40802
1.42043
1.42929
1.43549
1.43967
1.44229
1.44374
1.44432
1.44418
1.19478
1.19885
1.207
1.21874
1.23409
1.25305
1.27548
1.30103
1.32913
1.35897
1.38583
1.40609
1.42091
1.43188
1.44
1.44598
1.45028
1.45322
1.45487
1.45499
1.09245
1.11795
1.13926
1.16274
1.18859
1.21697
1.24782
1.28077
1.31525
1.35051
1.38147
1.40477
1.42214
1.43549
1.44601
1.45451
1.46152
1.46743
1.47234
1.47654
0.990681
1.0404
1.07399
1.10848
1.14432
1.18173
1.22063
1.26068
1.30132
1.34185
1.37686
1.40315
1.42302
1.43871
1.45154
1.46236
1.47175
1.48006
1.48752
1.49649
0.926433
0.977713
1.01817
1.06037
1.10418
1.14935
1.1955
1.24209
1.28835
1.33337
1.37135
1.39938
1.42043
1.43704
1.45058
1.46188
1.47147
1.47973
1.48705
1.49512
0.872787
0.928522
0.97277
1.01979
1.06925
1.12053
1.17284
1.22521
1.27643
1.32516
1.36502
1.39357
1.41456
1.4309
1.4441
1.45502
1.46421
1.47209
1.47901
1.4863
0.827903
0.886182
0.933609
0.984579
1.03865
1.09502
1.15264
1.21009
1.26566
1.31735
1.35809
1.38606
1.40596
1.42117
1.4334
1.44352
1.45206
1.4594
1.46591
1.47259
0.787847
0.848656
0.898738
0.953063
1.01113
1.07199
1.13435
1.19643
1.25595
1.31008
1.35089
1.37727
1.39513
1.40847
1.41916
1.42812
1.4358
1.44249
1.44841
1.45454
0.750756
0.813868
0.866535
0.923964
0.98568
1.05068
1.11746
1.18394
1.24721
1.30352
1.34378
1.36765
1.38249
1.3931
1.40163
1.40897
1.41551
1.42139
1.42683
1.43235
0.715404
0.780883
0.835967
0.896358
0.961518
1.03043
1.10147
1.17226
1.23933
1.29782
1.33719
1.35767
1.3684
1.37522
1.38075
1.38591
1.39093
1.39582
1.40059
1.40551
0.681264
0.748862
0.806304
0.869539
0.938027
1.01075
1.08596
1.16108
1.23213
1.29312
1.33155
1.34789
1.35321
1.35489
1.35627
1.35841
1.36138
1.36495
1.36884
1.37307
0.647171
0.71726
0.777059
0.843057
0.914787
0.991188
1.07054
1.15008
1.22542
1.28947
1.32733
1.33895
1.33744
1.33221
1.32781
1.32569
1.32578
1.32754
1.33035
1.33375
0.613547
0.685767
0.747884
0.816594
0.891477
0.971489
1.05491
1.13894
1.21892
1.28682
1.32495
1.33169
1.32185
1.30742
1.29494
1.28671
1.28266
1.28182
1.28314
1.28609
0.57962
0.654293
0.718649
0.789992
0.867914
0.951432
1.03885
1.1274
1.21237
1.285
1.32473
1.3271
1.30759
1.28114
1.25732
1.24019
1.23
1.22541
1.22469
1.22663
0.545733
0.622677
0.689289
0.763187
0.844021
0.9309
1.02217
1.11522
1.2054
1.28373
1.32686
1.32621
1.29633
1.2546
1.21492
1.18461
1.16516
1.15486
1.15115
1.15178
0.511602
0.59108
0.65985
0.736207
0.81984
0.909875
1.00485
1.10223
1.19773
1.28254
1.33117
1.33001
1.29025
1.23007
1.16845
1.11845
1.08457
1.06535
1.05706
1.05635
0.477675
0.559499
0.630397
0.709127
0.795398
0.888421
0.986835
1.08833
1.18908
1.28093
1.33715
1.33908
1.29191
1.21114
1.11998
1.04042
0.983695
0.950134
0.934635
0.931069
0.443749
0.528137
0.601068
0.682055
0.770824
0.866636
0.968187
1.0735
1.17924
1.27832
1.34396
1.35327
1.30379
1.203
1.07385
0.94991
0.856368
0.7994
0.771914
0.766009
0.410576
0.497181
0.572032
0.655156
0.746254
0.844614
0.949049
1.05782
1.1681
1.27423
1.3504
1.37143
1.32731
1.21202
1.0376
0.846748
0.691181
0.596844
0.554393
0.54502
0.378136
0.466761
0.543467
0.628605
0.721854
0.822505
0.929515
1.04132
1.15569
1.26829
1.35526
1.39137
1.36172
1.24431
1.02269
0.72912
0.459843
0.304864
0.248957
0.242758
0.346121
0.437011
0.515531
0.602554
0.697772
0.800512
0.909767
1.02421
1.14201
1.26028
1.35732
1.41003
1.403
1.30238
1.04447
0.583048
0.0377179
-0.222118
-0.213432
-0.163488
0.315484
0.408007
0.488318
0.577181
0.674184
0.778836
0.890064
1.00664
1.1273
1.2502
1.35584
1.42422
1.44366
1.37904
1.12716
0.352371
-1.10356
-1.60816
-0.927845
-0.515326
0.285018
0.379781
0.461934
0.552432
0.651031
0.757368
0.870367
0.988709
1.11168
1.23809
1.35027
1.4315
1.47538
1.45297
1.24667
0.379588
-1.81879
-3.02549
-1.59582
-0.4062
0.25492
0.352305
0.436314
0.52809
0.628116
0.735835
0.850015
0.969683
1.09426
1.22301
1.33962
1.42958
1.49062
1.50366
1.38748
0.821961
-0.407179
-0.991955
-0.958186
-0.546913
0.225403
0.326305
0.411739
0.50456
0.605728
0.714656
0.829604
0.950269
1.07588
1.20571
1.32402
1.41704
1.48334
1.50579
1.4235
1.09855
0.5744
0.156974
0.145864
0.0798753
0.194122
0.303248
0.389015
0.48283
0.584663
0.693984
0.809492
0.930859
1.05614
1.18571
1.3032
1.3942
1.45492
1.46961
1.39438
1.16348
0.851041
0.560819
0.429406
0.340328
0.0762209
0.282072
0.367257
0.460875
0.563286
0.673117
0.789058
0.910552
1.03527
1.16302
1.27745
1.36214
1.40924
1.40512
1.32492
1.12929
0.889014
0.676927
0.536972
0.432446
0.226278
0.253412
0.335461
0.427293
0.529936
0.641737
0.757435
0.878525
1.00219
1.1276
1.23423
1.30123
1.32142
1.28209
1.16712
0.975102
0.764522
0.596079
0.452711
0.403638
0.138959
0.228465
0.30829
0.403345
0.507843
0.62029
0.736792
0.858838
0.98355
1.10795
1.20958
1.26653
1.27028
1.20871
1.0744
0.875862
0.644842
0.476588
0.311026
0.279324
0.0913599
0.193692
0.281143
0.379196
0.484678
0.596726
0.713136
0.833051
0.953565
1.07137
1.16349
1.20861
1.19748
1.11807
0.963271
0.742074
0.475645
0.26581
0.0569388
0.0644813
0.0489481
0.157552
0.249635
0.348959
0.455327
0.567554
0.684464
0.80472
0.925432
1.04163
1.12873
1.16432
1.14115
1.0492
0.880776
0.63818
0.305458
0.00124836
-0.344768
-0.341835
0.00989985
0.123036
0.217655
0.319717
0.428015
0.541851
0.66018
0.780462
0.899988
1.01228
1.09207
1.11812
1.0842
0.98219
0.803095
0.550935
0.148113
-0.297311
-0.922989
-1.19773
-0.0251212
0.089454
0.186541
0.289693
0.399065
0.513574
0.63243
0.753041
0.871757
0.981496
1.05658
1.07642
1.03698
0.933023
0.757064
0.500858
0.0958604
-0.496419
-1.04149
-1.81335
-0.0630173
0.0520724
0.15029
0.255438
0.366706
0.483284
0.603732
0.725167
0.843511
0.951205
1.02251
1.03874
0.999114
0.902496
0.747122
0.522117
0.220992
-0.25189
-0.760225
-0.916933
-0.098839
0.0161474
0.115062
0.221345
0.334073
0.452107
0.573542
0.695502
0.813508
0.919849
0.989134
1.00547
0.971655
0.892774
0.775683
0.630231
0.464342
0.276443
0.0969009
0.0630637
-0.135013
-0.0217056
0.0776314
0.185138
0.299505
0.419157
0.541827
0.664512
0.782654
0.888703
0.957717
0.977844
0.955402
0.901538
0.829488
0.755718
0.695126
0.657602
0.659538
0.687339
-0.175542
-0.0614017
0.0384694
0.147282
0.263268
0.384517
0.508585
0.632297
0.751108
0.858024
0.928854
0.956269
0.948909
0.921342
0.887532
0.860252
0.848687
0.855269
0.877049
0.90038
-0.221714
-0.104232
-0.00267413
0.107858
0.225614
0.348644
0.474309
0.599399
0.719475
0.82833
0.903144
0.940701
0.949812
0.945925
0.940994
0.942551
0.953346
0.972189
0.995439
1.01354
-0.269241
-0.149057
-0.0454756
0.0670469
0.186781
0.311744
0.439251
0.566128
0.688234
0.800032
0.881682
0.928255
0.954463
0.970722
0.98604
1.00444
1.02651
1.05065
1.0748
1.09097
-0.32001
-0.195961
-0.0896872
0.0251939
0.147241
0.274323
0.403928
0.532983
0.657803
0.77375
0.864136
0.922248
0.961549
0.993049
1.02201
1.0506
1.0788
1.10557
1.12999
1.14532
-0.370994
-0.243308
-0.134368
-0.0169487
0.107489
0.236866
0.368828
0.500394
0.628456
0.74928
0.847831
0.917322
0.968528
1.01131
1.04936
1.08415
1.11574
1.14386
1.16833
1.18355
-0.419996
-0.289684
-0.178356
-0.0585074
0.0683137
0.200098
0.334468
0.4688
0.600386
0.726687
0.832985
0.912379
0.973495
1.02457
1.06872
1.1073
1.14083
1.16965
1.19397
1.2087
-0.466295
-0.334086
-0.220579
-0.0984484
0.0306377
0.164741
0.301521
0.438619
0.573801
0.70568
0.819373
0.907195
0.975958
1.03277
1.08081
1.12161
1.15619
1.18522
1.2091
1.22339
-0.509774
-0.375404
-0.259843
-0.135557
-0.00443503
0.1317
0.270648
0.410205
0.548741
0.685729
0.806195
0.900573
0.974868
1.03562
1.08608
1.12823
1.16322
1.19225
1.21581
1.22978
-0.546348
-0.411055
-0.293912
-0.168213
-0.035558
0.102029
0.242529
0.384005
0.525191
0.6663
0.791999
0.891208
0.969403
1.03273
1.08472
1.12752
1.1628
1.19168
1.2149
1.22881
-0.575834
-0.43933
-0.321233
-0.194589
-0.0612136
0.0769769
0.218041
0.360322
0.503024
0.646778
0.775984
0.878307
0.958865
1.02375
1.07659
1.11977
1.15505
1.18377
1.20657
1.22048
-0.593237
-0.456941
-0.33889
-0.21245
-0.0795901
0.0578291
0.197975
0.339546
0.482114
0.626527
0.757122
0.860867
0.942483
1.00807
1.06126
1.10458
1.13987
1.16851
1.19113
1.20503
-0.595371
-0.460587
-0.3435
-0.21882
-0.0882947
0.0462458
0.183387
0.322092
0.462238
0.604882
0.734496
0.837774
0.919154
0.984583
1.03769
1.08099
1.11626
1.14497
1.16704
1.18141
-0.576159
-0.444321
-0.330504
-0.210062
-0.0846502
0.0441784
0.175398
0.30837
0.443228
0.581203
0.707081
0.807715
0.887311
0.951597
1.00405
1.04703
1.08222
1.11104
1.13303
1.14781
-0.527348
-0.400949
-0.294061
-0.181703
-0.065477
0.0536485
0.175124
0.298806
0.425024
0.554918
0.673911
0.769274
0.844974
0.906498
0.957185
0.999159
1.03394
1.06273
1.08487
1.10021
-0.435026
-0.321609
-0.22747
-0.129509
-0.0284102
0.0757684
0.183063
0.293565
0.407548
0.525764
0.634328
0.72116
0.789957
0.845952
0.892381
0.931309
0.964056
0.991646
1.01393
1.03008
-0.270288
-0.194484
-0.125904
-0.0521934
0.0262854
0.109806
0.198354
0.291849
0.390105
0.493087
0.587623
0.662417
0.720638
0.767078
0.804792
0.835723
0.861008
0.881319
0.897591
0.908564
-0.0434234
-0.0234272
0.0066197
0.0461395
0.0951366
0.153308
0.220175
0.295057
0.377163
0.465616
0.547744
0.612382
0.661709
0.699714
0.729139
0.752028
0.770001
0.784053
0.794096
0.79973
0.0991733
0.104617
0.1156
0.133819
0.160897
0.197843
0.244992
0.302098
0.36839
0.442632
0.51301
0.568369
0.60982
0.640676
0.663288
0.679349
0.690126
0.696776
0.700436
0.702232
0.170661
0.173717
0.180115
0.191067
0.20803
0.232514
0.265806
0.308626
0.360933
0.421768
0.480628
0.526975
0.561141
0.585815
0.603149
0.614901
0.622518
0.627159
0.629684
0.630857
0.214639
0.216652
0.220751
0.227891
0.239286
0.256318
0.280361
0.312552
0.353399
0.402429
0.450778
0.488944
0.516771
0.536501
0.550067
0.559067
0.564778
0.568194
0.570047
0.570938
0.24139
0.242813
0.24568
0.250676
0.258735
0.270998
0.288731
0.313107
0.344906
0.384035
0.423242
0.454307
0.476837
0.492638
0.503364
0.510399
0.514823
0.517459
0.51889
0.519583
0.256666
0.257706
0.259789
0.263424
0.269323
0.278393
0.29169
0.310306
0.335076
0.366113
0.397628
0.422715
0.440856
0.453509
0.46205
0.46762
0.471112
0.473186
0.474313
0.47486
0.263828
0.264608
0.26616
0.268874
0.273288
0.280114
0.290222
0.304542
0.323852
0.348392
0.373576
0.393712
0.408274
0.418406
0.425217
0.429647
0.432415
0.434057
0.434952
0.435385
0.265052
0.265643
0.26682
0.268876
0.272231
0.277442
0.285198
0.296274
0.311363
0.330729
0.350768
0.366864
0.37851
0.386605
0.392046
0.395578
0.397785
0.399095
0.399806
0.400149
0.261834
0.262288
0.263189
0.264765
0.267341
0.27135
0.277346
0.285953
0.297758
0.313032
0.32894
0.341765
0.351061
0.357521
0.361855
0.364673
0.366435
0.367479
0.368045
0.368317
0.25525
0.2556
0.256296
0.257514
0.259506
0.262613
0.267268
0.273982
0.283234
0.295269
0.307872
0.318064
0.325462
0.330612
0.334072
0.336315
0.33771
0.338536
0.338986
0.339202
0.246079
0.246351
0.246892
0.247837
0.249385
0.251803
0.255435
0.260684
0.267944
0.277431
0.287404
0.295496
0.301377
0.305468
0.308211
0.309993
0.311108
0.311768
0.312125
0.312296
0.234921
0.235132
0.235552
0.23629
0.237496
0.239383
0.242221
0.246334
0.252037
0.259512
0.267394
0.273802
0.278466
0.281717
0.283904
0.285323
0.286205
0.286728
0.287015
0.287149
0.222209
0.222375
0.222703
0.223279
0.224223
0.225699
0.227923
0.231149
0.235631
0.241519
0.247745
0.252817
0.256515
0.259091
0.260822
0.261948
0.262651
0.263065
0.263288
0.263394
0.208297
0.208426
0.208682
0.209132
0.209869
0.211025
0.212769
0.215301
0.218824
0.223462
0.228376
0.232386
0.235313
0.237353
0.238722
0.239609
0.240161
0.240489
0.240667
0.240751
0.193434
0.193534
0.193735
0.194088
0.194668
0.195576
0.196942
0.198929
0.2017
0.20535
0.209223
0.212385
0.214694
0.216306
0.217389
0.218094
0.218533
0.218792
0.218931
0.218998
0.17784
0.177919
0.178077
0.178353
0.178805
0.179515
0.180589
0.182151
0.184327
0.187197
0.190249
0.192742
0.19456
0.195828
0.196684
0.19724
0.197587
0.197793
0.197905
0.197956
0.161664
0.161726
0.16185
0.162067
0.162423
0.162981
0.163819
0.165041
0.166747
0.169
0.171396
0.173356
0.174793
0.1758
0.176474
0.176908
0.177178
0.177338
0.177424
0.177464
0.145043
0.145091
0.145186
0.145354
0.145632
0.146067
0.146726
0.147682
0.149017
0.150783
0.15266
0.154197
0.155321
0.156101
0.156626
0.156968
0.157181
0.157305
0.157373
0.157406
0.128065
0.128103
0.12818
0.128311
0.128524
0.128862
0.129375
0.130121
0.131162
0.132537
0.133998
0.135194
0.136067
0.136677
0.137091
0.13736
0.137528
0.137629
0.137683
0.137707
0.110816
0.110844
0.1109
0.111003
0.111172
0.111434
0.111827
0.112402
0.113206
0.114268
0.115399
0.116327
0.117006
0.117482
0.117801
0.118006
0.118134
0.118211
0.118252
0.118271
0.0933525
0.093376
0.0934216
0.0934983
0.0936241
0.093824
0.0941271
0.0945676
0.0951808
0.0959901
0.0968512
0.0975556
0.0980703
0.0984266
0.0986656
0.0988233
0.0989201
0.0989738
0.0990037
0.0990204
0.075724
0.0757401
0.0757742
0.075834
0.0759332
0.0760862
0.0763137
0.0766424
0.077101
0.0777047
0.078346
0.0788712
0.0792546
0.079521
0.0796966
0.0798078
0.0798787
0.0799224
0.0799454
0.0799559
0.0579841
0.0579976
0.0580245
0.0580673
0.0581424
0.0582543
0.0584176
0.0586529
0.0589781
0.059405
0.0598605
0.060237
0.0605168
0.0607134
0.0608443
0.0609232
0.0609637
0.0609841
0.0609896
0.0609992
0.0401903
0.0402
0.0402157
0.0402297
0.0402767
0.0403481
0.0404558
0.040612
0.0408289
0.0411077
0.0414046
0.041647
0.0418217
0.0419665
0.0420629
0.042107
0.0421305
0.0421594
0.0421513
0.0421581
0.0222915
0.0223043
0.0222939
0.0222829
0.0222838
0.0223298
0.0223937
0.0224773
0.022586
0.0227408
0.0229033
0.0230087
0.0231155
0.0232081
0.0232787
0.023336
0.0233159
0.0233477
0.0234229
0.0234665
0.00468771
0.00470981
0.00467499
0.00452679
0.0043916
0.00438152
0.00438421
0.00440642
0.00443716
0.0044737
0.00451095
0.00454209
0.00455725
0.00454611
0.00452794
0.00453033
0.0045733
0.00482383
0.00535028
0.00527226
-0.173002
0.0236907
0.167025
0.270456
0.303711
0.254159
0.132412
-0.06206
-0.149996
-0.0957608
0.0782151
0.1666
0.203328
0.232098
0.21691
0.165482
0.0951348
0.0350821
0.0135338
0.0295912
0.185423
0.215903
0.219484
0.217075
0.198376
0.171986
0.143857
0.131035
0.139015
0.176269
0.239673
0.249961
0.246106
0.242246
0.233881
0.225602
0.221847
0.230967
0.255076
0.29468
0.284656
0.29253
0.292341
0.294983
0.29752
0.302533
0.312162
0.332965
0.362271
0.39493
0.340291
0.350755
0.355364
0.364296
0.375155
0.388396
0.405154
0.4299
0.457247
0.484361
0.410185
0.423337
0.432192
0.445006
0.460739
0.477918
0.49685
0.520277
0.544584
0.568982
0.492085
0.506677
0.517648
0.532041
0.548948
0.566679
0.584913
0.606414
0.628212
0.650026
0.580676
0.595101
0.607065
0.621074
0.637767
0.654715
0.671449
0.689808
0.708715
0.727445
0.674171
0.687369
0.698915
0.712947
0.728157
0.742761
0.756603
0.77086
0.784524
0.797529
0.765283
0.776208
0.787107
0.800703
0.814254
0.827358
0.838414
0.84746
0.854925
0.859938
0.854924
0.871432
0.886752
0.903644
0.918046
0.930493
0.940396
0.94473
0.946574
0.945825
0.956752
0.977366
0.995385
1.00884
1.01839
1.02675
1.03319
1.0373
1.03856
1.04133
1.04993
1.07123
1.09057
1.10827
1.12352
1.13422
1.1412
1.14639
1.15167
1.15755
1.30982
1.31883
1.30944
1.29674
1.28842
1.29252
1.30983
1.33808
1.36302
1.39207
1.60045
1.46678
1.39318
1.35316
1.33792
1.34225
1.36745
1.42038
1.52068
1.73168
1.67488
1.67694
1.67359
1.66304
1.65045
1.63828
1.62753
1.61848
1.61143
1.60692
1.60599
1.60912
1.61516
1.62334
1.63333
1.6449
1.65752
1.66949
1.67735
1.67508
1.60714
1.60954
1.61112
1.60992
1.60619
1.60074
1.59429
1.5877
1.58192
1.57787
1.57705
1.57989
1.58509
1.59159
1.5983
1.60441
1.60913
1.61159
1.61146
1.60872
1.60608
1.60655
1.60677
1.60624
1.60503
1.60287
1.59961
1.59575
1.59195
1.58917
1.58859
1.59071
1.59438
1.59841
1.60214
1.60491
1.60663
1.60764
1.60766
1.60729
1.58956
1.58954
1.5894
1.58899
1.58817
1.58686
1.585
1.5827
1.58032
1.57851
1.57822
1.57973
1.58216
1.58475
1.58697
1.58863
1.58973
1.59034
1.59061
1.59068
1.57674
1.57672
1.57661
1.57636
1.57591
1.57517
1.5741
1.57274
1.57129
1.57017
1.57007
1.57123
1.57289
1.5745
1.57587
1.57686
1.57748
1.57783
1.57799
1.57802
1.56442
1.56444
1.56441
1.56429
1.56405
1.56365
1.56305
1.56229
1.56147
1.56087
1.56094
1.56176
1.5629
1.56399
1.56486
1.56547
1.56586
1.56607
1.56617
1.56619
1.55281
1.55281
1.5528
1.55274
1.55262
1.55241
1.55211
1.55172
1.55132
1.55109
1.5513
1.55199
1.55283
1.55357
1.55415
1.55456
1.55481
1.55495
1.55501
1.55502
1.54152
1.54152
1.54151
1.54148
1.54143
1.54134
1.54121
1.54107
1.54096
1.541
1.54136
1.542
1.54267
1.54324
1.54366
1.54395
1.54413
1.54423
1.54428
1.54428
1.53034
1.53033
1.53033
1.53033
1.53032
1.53031
1.53031
1.53034
1.53045
1.53071
1.53123
1.53189
1.53251
1.533
1.53335
1.53359
1.53373
1.53381
1.53384
1.53385
1.51917
1.51916
1.51916
1.51918
1.5192
1.51926
1.51936
1.51953
1.51982
1.52029
1.52098
1.52174
1.52238
1.52286
1.52319
1.52341
1.52354
1.52361
1.52364
1.52364
1.50793
1.50792
1.50793
1.50795
1.50801
1.50813
1.50831
1.50861
1.50907
1.50976
1.51067
1.51159
1.51231
1.51283
1.51319
1.51341
1.51355
1.51362
1.51365
1.51366
1.49654
1.49653
1.49654
1.49659
1.49668
1.49685
1.49713
1.49756
1.49822
1.49915
1.50033
1.50147
1.50234
1.50295
1.50337
1.50363
1.50378
1.50386
1.50389
1.5039
1.48494
1.48493
1.48495
1.48501
1.48514
1.48537
1.48576
1.48635
1.48723
1.48846
1.48998
1.49142
1.4925
1.49325
1.49375
1.49407
1.49425
1.49435
1.49439
1.49439
1.47304
1.47303
1.47305
1.47314
1.47331
1.47362
1.47413
1.47492
1.47608
1.47768
1.47965
1.48148
1.48283
1.48378
1.4844
1.48479
1.48502
1.48514
1.48519
1.48519
1.46074
1.46072
1.46076
1.46087
1.4611
1.46151
1.46218
1.46322
1.46473
1.46681
1.46934
1.47168
1.4734
1.47459
1.47538
1.47587
1.47616
1.47631
1.47637
1.47637
1.44791
1.44788
1.44793
1.44808
1.44839
1.44893
1.44981
1.45116
1.45313
1.45583
1.45908
1.46207
1.46426
1.46577
1.46677
1.46738
1.46775
1.46793
1.46801
1.46802
1.43437
1.43434
1.4344
1.4346
1.43501
1.43572
1.43688
1.43865
1.44122
1.44471
1.44889
1.45271
1.45549
1.45741
1.45867
1.45945
1.45991
1.46015
1.46024
1.46025
1.41989
1.41985
1.41994
1.42021
1.42075
1.4217
1.42323
1.42556
1.4289
1.43342
1.4388
1.44366
1.4472
1.44963
1.45122
1.45221
1.45279
1.45309
1.45322
1.45323
1.40415
1.4041
1.40423
1.4046
1.40533
1.4066
1.40863
1.41171
1.41609
1.42194
1.42883
1.43503
1.43951
1.44258
1.44459
1.44584
1.44657
1.44696
1.44711
1.44712
1.3867
1.38664
1.38683
1.38734
1.38834
1.39006
1.3928
1.39689
1.40265
1.41024
1.41906
1.4269
1.43256
1.43643
1.43897
1.44055
1.44148
1.44196
1.44216
1.44217
1.36688
1.36682
1.3671
1.36782
1.36923
1.37161
1.37536
1.38087
1.38847
1.39831
1.40954
1.41942
1.42652
1.43139
1.4346
1.4366
1.43778
1.43839
1.43865
1.43867
1.34369
1.34363
1.34407
1.34515
1.34719
1.35059
1.35582
1.36333
1.37343
1.38617
1.40037
1.41272
1.42157
1.42768
1.43173
1.43429
1.4358
1.43659
1.43693
1.43695
1.31549
1.31547
1.31621
1.31792
1.32104
1.32611
1.33362
1.34402
1.35749
1.37389
1.39168
1.40692
1.41786
1.42549
1.43063
1.43394
1.43594
1.43701
1.43747
1.43752
1.27932
1.27945
1.28089
1.28391
1.28912
1.29708
1.30823
1.32281
1.34075
1.36166
1.38362
1.40215
1.41548
1.42494
1.43152
1.43591
1.43867
1.44023
1.44094
1.44106
1.22869
1.22976
1.23342
1.23978
1.24939
1.26259
1.27948
1.29993
1.32357
1.34978
1.37634
1.3984
1.41434
1.42593
1.43432
1.44027
1.44435
1.44694
1.44836
1.44881
1.15003
1.15483
1.16718
1.1822
1.20071
1.22268
1.24786
1.27591
1.30632
1.33838
1.36973
1.39533
1.41395
1.42782
1.43833
1.44635
1.45247
1.45715
1.46085
1.46307
1.05256
1.06694
1.09252
1.12031
1.15022
1.18218
1.21616
1.25195
1.28912
1.32703
1.36321
1.39252
1.41406
1.4306
1.44371
1.45433
1.46306
1.47025
1.47638
1.47934
0.96438
0.990051
1.02599
1.06389
1.10338
1.14425
1.1864
1.22952
1.2731
1.3164
1.35677
1.38894
1.41252
1.43077
1.44547
1.45761
1.46772
1.47611
1.48306
1.48685
0.906187
0.933728
0.973526
1.01666
1.06244
1.11013
1.15911
1.20871
1.25806
1.30611
1.34976
1.38363
1.40799
1.42663
1.44151
1.45369
1.46372
1.47196
1.47872
1.48258
0.856392
0.886401
0.929538
0.976744
1.02728
1.08029
1.13493
1.19013
1.24457
1.29666
1.34265
1.37706
1.40101
1.41896
1.43314
1.44469
1.45422
1.46205
1.46849
1.47232
0.81346
0.845269
0.891112
0.941665
0.996162
1.05371
1.11326
1.17343
1.23242
1.28801
1.33558
1.36951
1.39203
1.40842
1.42122
1.43168
1.44038
1.44764
1.45366
1.45743
0.774244
0.807937
0.856284
0.909831
0.967834
1.02945
1.09345
1.15821
1.22145
1.28022
1.32882
1.36139
1.38151
1.39545
1.40618
1.41505
1.42263
1.42909
1.4346
1.43825
0.737496
0.772918
0.823664
0.879997
0.941295
1.00669
1.07491
1.14403
1.21142
1.27332
1.32267
1.35315
1.36988
1.38035
1.38819
1.39486
1.40088
1.40633
1.41118
1.41459
0.70216
0.739336
0.79233
0.85135
0.915799
0.984828
1.05707
1.13052
1.20209
1.26727
1.31744
1.3453
1.35756
1.36336
1.36719
1.37084
1.37475
1.3788
1.38279
1.38589
0.667799
0.706501
0.761664
0.823287
0.890784
0.963314
1.03956
1.11728
1.19319
1.26203
1.31339
1.3384
1.34512
1.34472
1.34307
1.34248
1.34343
1.34557
1.34839
1.35092
0.633481
0.673816
0.731256
0.795443
0.865892
0.94185
1.02195
1.104
1.18444
1.25744
1.31074
1.33307
1.33328
1.32485
1.31567
1.30911
1.30584
1.30526
1.30647
1.30824
0.599512
0.641327
0.700878
0.767538
0.840874
0.920163
1.00407
1.09039
1.17554
1.2533
1.30961
1.33
1.32304
1.30446
1.285
1.26993
1.26049
1.25594
1.25486
1.25557
0.565342
0.60869
0.67041
0.739506
0.815632
0.898111
0.985677
1.07623
1.16622
1.24925
1.30994
1.32986
1.31571
1.28481
1.25144
1.22408
1.20551
1.19499
1.19051
1.1897
0.531371
0.576069
0.639871
0.71132
0.790111
0.875663
0.966739
1.06137
1.15619
1.24498
1.31144
1.33312
1.31286
1.26786
1.21607
1.17094
1.13848
1.11877
1.10906
1.10598
0.496999
0.543442
0.609338
0.683034
0.764399
0.852846
0.947207
1.04569
1.14525
1.24007
1.31363
1.33993
1.31614
1.2565
1.18119
1.11045
1.05661
1.02231
1.00432
0.997628
0.462896
0.51095
0.578845
0.654768
0.738556
0.829696
0.927194
1.02927
1.13326
1.2341
1.31583
1.34986
1.3269
1.2545
1.15098
1.04384
0.956652
0.89873
0.867324
0.854994
0.428923
0.478823
0.548654
0.62667
0.712735
0.806382
0.906701
1.01209
1.12018
1.2268
1.31725
1.36189
1.34555
1.26595
1.13207
0.974389
0.834434
0.737627
0.684691
0.665032
0.396027
0.447191
0.518881
0.598859
0.687098
0.783107
0.88594
0.994272
1.10607
1.21796
1.31706
1.37443
1.37104
1.29409
1.13352
0.908169
0.680371
0.517256
0.434709
0.406545
0.363553
0.416292
0.489676
0.57153
0.661789
0.759935
0.86508
0.975975
1.09096
1.20755
1.3146
1.3855
1.40036
1.33923
1.16588
0.854547
0.464273
0.166958
0.0546834
0.0458646
0.331958
0.386062
0.461152
0.544822
0.636959
0.737033
0.844231
0.957397
1.07511
1.19552
1.30954
1.39317
1.42884
1.39603
1.23697
0.826127
0.0491748
-0.647018
-0.669568
-0.419961
0.301277
0.356663
0.43351
0.51895
0.61282
0.714598
0.823558
0.938611
1.05856
1.1821
1.3016
1.3959
1.45113
1.45215
1.33717
0.865111
-0.676186
-2.79315
-1.99551
-0.81681
0.270799
0.327656
0.406612
0.493772
0.58924
0.692442
0.802934
0.919431
1.04097
1.16675
1.29021
1.39249
1.46329
1.49389
1.43051
1.06946
-0.182808
-1.78606
-1.99041
-1.10925
0.241007
0.299408
0.380765
0.469277
0.565843
0.670232
0.78204
0.899482
1.022
1.14908
1.27496
1.38173
1.46093
1.50834
1.48477
1.25804
0.628599
-0.142931
-0.274919
-0.255197
0.210882
0.272578
0.356466
0.445607
0.542639
0.647998
0.761022
0.879189
1.00218
1.12965
1.25599
1.36307
1.44192
1.48887
1.47007
1.31045
0.949972
0.565101
0.343951
0.316296
0.174756
0.250724
0.33324
0.422766
0.519949
0.62628
0.739118
0.857932
0.981628
1.10921
1.23448
1.33763
1.40847
1.44293
1.41453
1.28022
1.01018
0.759643
0.566842
0.453716
0.219384
0.269428
0.353224
0.446516
0.548816
0.659021
0.778657
0.900317
1.02492
1.15208
1.26488
1.34595
1.38744
1.37107
1.28317
1.10177
0.884974
0.701853
0.558038
0.461612
0.20292
0.223623
0.298593
0.387141
0.48672
0.594777
0.708854
0.829429
0.953398
1.07941
1.1988
1.29202
1.3443
1.34608
1.2809
1.14116
0.923944
0.742055
0.583818
0.451926
0.173187
0.205396
0.282278
0.368929
0.468233
0.573736
0.686189
0.804865
0.926778
1.05019
1.16522
1.25224
1.29295
1.27956
1.19443
1.03887
0.813
0.631194
0.46875
0.320658
0.131176
0.172606
0.252118
0.341302
0.441721
0.549548
0.665399
0.786236
0.908634
1.03049
1.14117
1.21586
1.23945
1.20144
1.09202
0.914199
0.675727
0.46449
0.291937
0.110208
0.0922758
0.134514
0.220572
0.314515
0.416636
0.52577
0.641118
0.760402
0.880369
0.999073
1.10526
1.17198
1.18462
1.13522
1.01148
0.814779
0.540291
0.261598
0.0210071
-0.254355
0.0538342
0.0961449
0.18532
0.282191
0.385951
0.496514
0.613089
0.733504
0.854376
0.972249
1.07378
1.13265
1.13426
1.07193
0.935602
0.725264
0.414619
0.036465
-0.356942
-0.981595
0.0195456
0.0619362
0.154881
0.254262
0.359727
0.471476
0.58801
0.707803
0.827643
0.943363
1.04086
1.09238
1.08548
1.01554
0.874991
0.655823
0.340215
-0.165615
-0.722302
-1.84114
-0.0180967
0.0242924
0.11888
0.219959
0.327277
0.44061
0.558216
0.679038
0.799477
0.914473
1.0088
1.05562
1.04445
0.973877
0.839844
0.632715
0.343387
-0.134284
-0.725188
-1.008
-0.0547905
-0.0122641
0.0829641
0.185272
0.294356
0.409349
0.528428
0.649986
0.770487
0.884504
0.976242
1.02029
1.00894
0.945382
0.831255
0.668762
0.454391
0.182493
-0.182596
-0.460463
-0.091041
-0.0489336
0.0460409
0.14928
0.259774
0.37635
0.496785
0.61932
0.740176
0.853771
0.944199
0.98843
0.981688
0.932753
0.850517
0.748464
0.642539
0.544016
0.468814
0.454954
-0.128636
-0.0871941
0.00743455
0.111462
0.223456
0.341588
0.463674
0.587326
0.708775
0.822513
0.91323
0.96059
0.962417
0.932957
0.884932
0.833371
0.79243
0.772401
0.777732
0.804695
-0.171356
-0.1292
-0.0333649
0.0720482
0.185599
0.305406
0.429172
0.554182
0.676757
0.791418
0.884392
0.936723
0.950414
0.942079
0.923927
0.908461
0.903614
0.912107
0.931943
0.95708
-0.217472
-0.174001
-0.0762765
0.0309692
0.146379
0.268066
0.393661
0.520327
0.644451
0.760882
0.858081
0.91648
0.945272
0.955766
0.961273
0.969509
0.983786
1.00386
1.02761
1.05192
-0.267059
-0.221288
-0.12101
-0.0114551
0.106056
0.229807
0.357451
0.486114
0.612324
0.731578
0.833809
0.900227
0.943456
0.970617
0.993716
1.01709
1.04209
1.06802
1.09371
1.11721
-0.317313
-0.270408
-0.166922
-0.0547602
0.0651603
0.1912
0.321067
0.451988
0.580803
0.703729
0.81149
0.890679
0.944513
0.984767
1.02013
1.05311
1.08426
1.11337
1.13995
1.16361
-0.367206
-0.318981
-0.212759
-0.0979778
0.0243902
0.152825
0.285056
0.418478
0.550239
0.677401
0.791421
0.880068
0.944166
0.995866
1.03996
1.07906
1.11393
1.14472
1.17178
1.1958
-0.414375
-0.365496
-0.257193
-0.140074
-0.0153214
0.115483
0.250073
0.386087
0.520929
0.652395
0.773137
0.871326
0.944178
1.00339
1.05343
1.0964
1.13337
1.1651
1.19227
1.21555
-0.460233
-0.410161
-0.299204
-0.179924
-0.0529035
0.0800556
0.216908
0.355337
0.493185
0.628953
0.756336
0.8619
0.941992
1.00679
1.06072
1.10604
1.1442
1.17632
1.2034
1.22661
-0.500716
-0.449797
-0.337351
-0.215934
-0.087105
0.0476495
0.186333
0.326789
0.46724
0.606712
0.739656
0.851136
0.936639
1.00539
1.06184
1.10856
1.14739
1.17966
1.20665
1.22971
-0.534399
-0.483072
-0.368879
-0.246308
-0.116219
0.0195689
0.159344
0.301044
0.443192
0.585399
0.722432
0.838103
0.927288
0.998633
1.05665
1.1042
1.14332
1.1757
1.20259
1.22552
-0.55892
-0.507244
-0.392271
-0.269058
-0.138631
-0.00267293
0.137006
0.278679
0.421175
0.564588
0.703832
0.821927
0.913181
0.985918
1.04477
1.09274
1.13203
1.16444
1.19129
1.21417
-0.570395
-0.518481
-0.403623
-0.281071
-0.151815
-0.0173793
0.120431
0.260281
0.401332
0.543855
0.68302
0.801537
0.893294
0.966384
1.02544
1.07354
1.11293
1.14541
1.17231
1.1953
-0.563604
-0.512502
-0.399049
-0.278933
-0.152879
-0.0223846
0.111148
0.246648
0.383686
0.522753
0.659197
0.775817
0.866362
0.938685
0.997291
1.04518
1.08455
1.11707
1.14433
1.16745
-0.532559
-0.483167
-0.372843
-0.257934
-0.138315
-0.0151676
0.110656
0.238529
0.368373
0.500832
0.631453
0.743481
0.830767
0.900824
0.958025
1.00518
1.04428
1.07695
1.10461
1.128
-0.465968
-0.419739
-0.317451
-0.21251
-0.104418
0.00654277
0.120207
0.236462
0.355468
0.477835
0.599129
0.703356
0.784649
0.850121
0.903989
0.948987
0.987006
1.01934
1.04739
1.07108
-0.347335
-0.308199
-0.223497
-0.137684
-0.0487813
0.0437721
0.140246
0.240684
0.345132
0.453794
0.56208
0.654888
0.726706
0.784093
0.831057
0.870271
0.903869
0.933341
0.96
0.983025
-0.165504
-0.132854
-0.0866475
-0.0337848
0.0266993
0.0944717
0.169134
0.250348
0.337613
0.430437
0.523786
0.603319
0.66377
0.710715
0.747648
0.77694
0.800274
0.819395
0.835935
0.850788
0.0393376
0.0450023
0.0577088
0.0791688
0.110364
0.151753
0.203244
0.264392
0.33443
0.412332
0.492899
0.562184
0.614338
0.653836
0.683721
0.70618
0.722717
0.734261
0.741431
0.745061
0.138652
0.141102
0.14712
0.158003
0.175289
0.2006
0.235199
0.279719
0.334073
0.397477
0.465074
0.523796
0.567594
0.599923
0.623341
0.639804
0.650874
0.657922
0.662076
0.664187
0.194684
0.19623
0.19985
0.206588
0.217696
0.234596
0.258722
0.291303
0.333022
0.383689
0.439252
0.488036
0.524195
0.55037
0.568819
0.581411
0.589672
0.594814
0.597772
0.599264
0.229303
0.230397
0.232856
0.23741
0.244994
0.256791
0.274128
0.298307
0.330297
0.370374
0.415382
0.455307
0.484805
0.505914
0.520556
0.530379
0.536725
0.540631
0.542869
0.544008
0.2499
0.250697
0.252459
0.255708
0.261151
0.269712
0.282486
0.300662
0.325278
0.356834
0.39293
0.425255
0.449135
0.466115
0.477793
0.485565
0.490547
0.493596
0.495343
0.496235
0.260867
0.261462
0.262761
0.26516
0.269184
0.275543
0.285133
0.298961
0.317984
0.342773
0.37155
0.397535
0.41675
0.430374
0.439703
0.445882
0.449833
0.452248
0.453629
0.454334
0.264896
0.265347
0.266326
0.268128
0.271158
0.275971
0.283268
0.293882
0.30864
0.328103
0.350949
0.371722
0.387122
0.398034
0.40549
0.41042
0.41356
0.415477
0.416575
0.417136
0.263785
0.26413
0.264877
0.266253
0.268566
0.272246
0.277854
0.286053
0.297541
0.31283
0.330926
0.347476
0.359774
0.368487
0.374437
0.378367
0.380878
0.382412
0.383285
0.383729
0.258801
0.259067
0.259641
0.260697
0.262479
0.265322
0.269658
0.276028
0.285
0.297007
0.311318
0.324467
0.334261
0.341212
0.345958
0.349092
0.351087
0.352302
0.352998
0.353352
0.250864
0.25107
0.251514
0.252335
0.253717
0.25592
0.259292
0.264256
0.271274
0.280716
0.292021
0.302451
0.31024
0.315768
0.319545
0.322039
0.323628
0.324596
0.325147
0.325426
0.240655
0.240815
0.24116
0.241796
0.24287
0.244588
0.247219
0.251101
0.256604
0.26403
0.272956
0.281217
0.287394
0.291785
0.294787
0.296768
0.298029
0.298798
0.299239
0.299464
0.228685
0.22881
0.229079
0.229578
0.230417
0.231756
0.233813
0.236853
0.24117
0.247012
0.254054
0.260588
0.265486
0.268969
0.271351
0.272928
0.273934
0.274547
0.274896
0.275071
0.215346
0.215444
0.215654
0.216042
0.216698
0.217747
0.219359
0.221744
0.225136
0.229733
0.235288
0.240452
0.244327
0.247087
0.248976
0.250222
0.251015
0.251495
0.251767
0.251906
0.200939
0.201015
0.201179
0.201483
0.201996
0.20282
0.204082
0.205951
0.208614
0.212231
0.216608
0.220683
0.223747
0.22593
0.227421
0.228405
0.229032
0.229416
0.229635
0.229746
0.185694
0.185753
0.185882
0.186121
0.186524
0.187167
0.188158
0.189628
0.191722
0.194566
0.198012
0.201226
0.203638
0.205357
0.206535
0.207318
0.207816
0.208119
0.208292
0.20838
0.169798
0.169844
0.169945
0.170131
0.170447
0.170953
0.171729
0.172879
0.174521
0.176755
0.179464
0.181994
0.183895
0.185253
0.186185
0.186798
0.187187
0.187423
0.187555
0.187621
0.153388
0.153425
0.153503
0.15365
0.153897
0.154292
0.1549
0.1558
0.157085
0.158836
0.160961
0.162946
0.164444
0.165513
0.166242
0.166725
0.167032
0.167218
0.167326
0.16738
0.136581
0.13661
0.136672
0.136785
0.136975
0.137284
0.137759
0.138464
0.139469
0.140838
0.142499
0.144048
0.145214
0.146045
0.146614
0.146989
0.14723
0.147378
0.14746
0.147502
0.119463
0.119485
0.119532
0.11962
0.11977
0.120008
0.120375
0.120922
0.121701
0.122763
0.124052
0.125257
0.126165
0.126812
0.127258
0.127555
0.127741
0.127854
0.12792
0.127953
0.102099
0.102117
0.102154
0.102222
0.102338
0.102522
0.102804
0.103223
0.103822
0.104637
0.105627
0.106553
0.107251
0.107751
0.108091
0.108313
0.108457
0.108546
0.108596
0.10862
0.0845532
0.0845658
0.0845938
0.0846447
0.0847302
0.0848697
0.0850867
0.0854063
0.08586
0.086477
0.0872246
0.0879227
0.0884468
0.0888163
0.0890676
0.0892346
0.0893408
0.0894038
0.0894382
0.0894566
0.0668616
0.0668704
0.066891
0.0669299
0.0669972
0.0671038
0.0672641
0.0674985
0.0678311
0.0682809
0.0688264
0.0693382
0.069728
0.0700081
0.0701959
0.07031
0.0703798
0.0704268
0.0704573
0.0704715
0.0490803
0.0490896
0.0491123
0.0491432
0.0491913
0.0492645
0.049375
0.0495355
0.049764
0.0500722
0.0504436
0.0507922
0.0510604
0.0512546
0.0513853
0.0514774
0.051532
0.0515522
0.0515674
0.0515686
0.0312373
0.0312374
0.031242
0.0312686
0.0312959
0.0313372
0.0314188
0.0315225
0.0316673
0.0318587
0.0320851
0.0322836
0.0324242
0.0325495
0.0326608
0.0327331
0.0327653
0.0327499
0.0327484
0.0327589
0.0046973
0.00470583
0.00461385
0.00444569
0.00438795
0.00438085
0.00439436
0.00442134
0.00445511
0.00449311
0.00452642
0.00455226
0.00455427
0.00453513
0.00452478
0.00454177
0.00462869
0.00507188
0.00545506
0.0141673
-1.31748
-0.396078
-0.013716
0.207634
0.331653
0.364572
0.294349
0.112839
-0.227273
-0.283335
-0.201605
-0.0229723
0.129147
0.228501
0.257372
0.230534
0.149176
0.0332367
-0.0523347
-0.0687698
0.0722913
0.134213
0.200845
0.220679
0.210919
0.176709
0.135366
0.0933263
0.0694816
0.0677893
0.181669
0.202311
0.229274
0.231318
0.220892
0.202407
0.185372
0.176207
0.177301
0.199223
0.238914
0.246612
0.262278
0.267116
0.265212
0.261746
0.262859
0.270654
0.285185
0.312169
0.289342
0.297416
0.313036
0.324438
0.33102
0.33865
0.351185
0.368076
0.386678
0.411131
0.350111
0.361883
0.380171
0.397301
0.410125
0.424664
0.441733
0.461837
0.479541
0.500311
0.423935
0.439309
0.459593
0.480331
0.496279
0.51333
0.53161
0.551034
0.568022
0.585909
0.509872
0.526794
0.547129
0.568201
0.584762
0.60183
0.61906
0.637181
0.652914
0.668943
0.60381
0.619943
0.638972
0.658883
0.674677
0.690818
0.706841
0.722726
0.734876
0.748127
0.702063
0.716814
0.733814
0.750915
0.765329
0.779337
0.792316
0.802793
0.812063
0.81831
0.79326
0.805851
0.822805
0.839514
0.853534
0.867053
0.878462
0.887659
0.888778
0.88747
0.896391
0.917886
0.939777
0.956831
0.971021
0.981786
0.990847
0.998407
1.00029
0.994002
0.983809
1.00627
1.02156
1.0348
1.04747
1.05824
1.06621
1.07249
1.07746
1.07925
1.14992
1.17603
1.19425
1.2067
1.21481
1.22211
1.23229
1.24384
1.2561
1.25743
1.49084
1.43475
1.38924
1.35096
1.32834
1.32333
1.3347
1.36625
1.41807
1.4916
1.83751
1.78394
1.74762
1.72054
1.69972
1.6833
1.67023
1.6599
1.65213
1.64722
1.64623
1.6496
1.65617
1.66532
1.67705
1.69176
1.71025
1.73389
1.76522
1.8091
1.61318
1.6137
1.61226
1.60839
1.60236
1.5948
1.58702
1.57999
1.57467
1.57193
1.57304
1.57747
1.58391
1.59151
1.59934
1.60629
1.61132
1.61399
1.61444
1.6138
1.61276
1.61371
1.61476
1.6145
1.61256
1.6089
1.60429
1.59916
1.5944
1.59083
1.59013
1.59262
1.597
1.60229
1.60739
1.61169
1.61448
1.61553
1.61519
1.61355
1.59699
1.59698
1.59685
1.5964
1.59539
1.59371
1.59126
1.58829
1.5853
1.58311
1.5827
1.58449
1.58749
1.59065
1.59348
1.59561
1.597
1.59772
1.59799
1.59806
1.58308
1.58305
1.58291
1.58259
1.58199
1.58101
1.5796
1.57782
1.57593
1.57447
1.57426
1.5756
1.57756
1.57967
1.58142
1.5827
1.58353
1.584
1.5842
1.58425
1.57051
1.57051
1.57044
1.57026
1.56992
1.56936
1.56856
1.56753
1.56643
1.56561
1.5656
1.56654
1.56795
1.56925
1.57033
1.57109
1.57158
1.57185
1.57197
1.572
1.55854
1.55855
1.55854
1.55846
1.55829
1.558
1.55757
1.55701
1.55642
1.55603
1.55617
1.55691
1.55787
1.55877
1.55948
1.55997
1.56028
1.56045
1.56052
1.56054
1.54714
1.54714
1.54713
1.54709
1.547
1.54686
1.54666
1.5464
1.54616
1.54608
1.54636
1.54702
1.54775
1.5484
1.54889
1.54922
1.54943
1.54955
1.5496
1.54961
1.53592
1.53592
1.53591
1.5359
1.53587
1.53582
1.53577
1.53572
1.53572
1.53588
1.53631
1.53695
1.53759
1.53811
1.53849
1.53874
1.5389
1.53899
1.53903
1.53903
1.52475
1.52475
1.52475
1.52476
1.52477
1.52479
1.52484
1.52495
1.52515
1.52551
1.52611
1.52682
1.52744
1.52792
1.52825
1.52848
1.52861
1.52868
1.52871
1.52872
1.51355
1.51355
1.51356
1.51358
1.51362
1.51371
1.51385
1.51408
1.51446
1.51503
1.51583
1.51666
1.51733
1.51783
1.51817
1.51839
1.51852
1.51859
1.51862
1.51862
1.50225
1.50225
1.50226
1.50229
1.50237
1.50251
1.50274
1.50311
1.50366
1.50446
1.5055
1.50652
1.50731
1.50787
1.50825
1.50849
1.50864
1.50871
1.50874
1.50875
1.49076
1.49076
1.49078
1.49083
1.49094
1.49114
1.49147
1.49198
1.49274
1.49381
1.49516
1.49643
1.4974
1.49808
1.49853
1.49881
1.49898
1.49907
1.49911
1.49911
1.47902
1.47902
1.47904
1.47912
1.47927
1.47954
1.47998
1.48066
1.48167
1.48308
1.48481
1.48643
1.48764
1.48848
1.48904
1.48939
1.48959
1.4897
1.48974
1.48975
1.46693
1.46693
1.46696
1.46706
1.46726
1.46762
1.4682
1.46911
1.47043
1.47226
1.47449
1.47656
1.47809
1.47915
1.47984
1.48028
1.48054
1.48067
1.48073
1.48073
1.45438
1.45438
1.45442
1.45455
1.45482
1.45529
1.45606
1.45724
1.45896
1.46134
1.46421
1.46685
1.46879
1.47013
1.47102
1.47157
1.47189
1.47206
1.47213
1.47213
1.44121
1.44121
1.44127
1.44144
1.44179
1.44241
1.44342
1.44497
1.44722
1.45029
1.45398
1.45735
1.45982
1.46152
1.46264
1.46334
1.46375
1.46396
1.46405
1.46405
1.42723
1.42723
1.42731
1.42754
1.42801
1.42883
1.43016
1.43219
1.43511
1.43909
1.44383
1.44814
1.45128
1.45344
1.45485
1.45573
1.45625
1.45652
1.45663
1.45663
1.41216
1.41216
1.41227
1.41258
1.41321
1.4143
1.41607
1.41874
1.42256
1.42771
1.4338
1.43929
1.44327
1.44601
1.4478
1.44891
1.44956
1.4499
1.45004
1.45005
1.39562
1.39562
1.39578
1.39621
1.39706
1.39854
1.40089
1.40444
1.40945
1.41612
1.42392
1.43089
1.43593
1.43938
1.44164
1.44305
1.44387
1.4443
1.44448
1.44449
1.37707
1.37708
1.37731
1.37791
1.37909
1.38111
1.38431
1.38905
1.39566
1.40431
1.41426
1.42307
1.42941
1.43376
1.43661
1.43839
1.43943
1.43998
1.4402
1.44022
1.35571
1.35572
1.35607
1.35695
1.35864
1.36148
1.36589
1.3723
1.38106
1.39226
1.4049
1.41596
1.4239
1.42936
1.43296
1.43522
1.43655
1.43725
1.43754
1.43756
1.33025
1.3303
1.33087
1.33221
1.33472
1.33884
1.34509
1.35391
1.36557
1.38003
1.39596
1.4097
1.41955
1.42638
1.43094
1.43385
1.43557
1.43649
1.43688
1.43692
1.29855
1.29868
1.29968
1.30192
1.30591
1.31222
1.32134
1.33363
1.34919
1.36774
1.38755
1.4044
1.41649
1.425
1.43082
1.43462
1.43695
1.43822
1.43879
1.43887
1.25641
1.25676
1.25891
1.26322
1.27025
1.28047
1.29419
1.31148
1.33213
1.3556
1.37983
1.40012
1.41474
1.42524
1.43268
1.4378
1.44115
1.44314
1.44412
1.44434
1.19498
1.19631
1.20249
1.21242
1.22597
1.24314
1.26387
1.28793
1.31485
1.34394
1.37291
1.39677
1.41407
1.42681
1.43625
1.44323
1.44832
1.4519
1.45422
1.45515
1.09966
1.10853
1.12832
1.15077
1.17539
1.20251
1.23217
1.26414
1.29794
1.33292
1.36663
1.39402
1.41406
1.42924
1.44106
1.45048
1.45818
1.46461
1.47001
1.47468
1.00358
1.02326
1.05719
1.09116
1.12628
1.16291
1.20109
1.24063
1.28106
1.32174
1.36012
1.39101
1.41373
1.4313
1.44543
1.45717
1.46722
1.47605
1.48378
1.49282
0.939232
0.958276
0.997796
1.03915
1.08217
1.1267
1.17243
1.21889
1.26543
1.31118
1.3533
1.38647
1.41059
1.4292
1.44415
1.45648
1.46688
1.47576
1.48333
1.49168
0.886873
0.907227
0.950373
0.996029
1.04435
1.09481
1.14673
1.19921
1.25118
1.30131
1.34623
1.38051
1.4048
1.4232
1.43784
1.44981
1.45981
1.46831
1.47546
1.48311
0.842532
0.863691
0.90951
0.958768
1.01137
1.06672
1.12388
1.18162
1.23837
1.29226
1.33911
1.3734
1.39675
1.41403
1.4276
1.43869
1.44797
1.45588
1.46261
1.46964
0.802953
0.824996
0.873232
0.925483
0.98179
1.0414
1.10322
1.16571
1.22684
1.28404
1.33216
1.3655
1.38694
1.40222
1.41409
1.42383
1.4321
1.43926
1.44553
1.45182
0.766268
0.789332
0.839673
0.894776
0.954447
1.01799
1.0841
1.15106
1.21636
1.27668
1.32567
1.35727
1.37581
1.38815
1.39755
1.40543
1.41234
1.41853
1.42411
1.42988
0.731306
0.755432
0.807848
0.865614
0.928517
0.995728
1.06597
1.13725
1.20671
1.27022
1.31994
1.34916
1.36378
1.37208
1.37807
1.38336
1.38845
1.39341
1.39819
1.40324
0.697442
0.72251
0.776938
0.837322
0.903302
0.974089
1.04834
1.12392
1.19763
1.26458
1.31527
1.34171
1.35132
1.35422
1.35552
1.35724
1.35982
1.36311
1.36687
1.37106
0.664329
0.68984
0.746472
0.809413
0.878379
0.952634
1.03082
1.1107
1.18885
1.25969
1.3119
1.33551
1.33908
1.3349
1.32977
1.32645
1.3255
1.3265
1.32886
1.33209
0.631269
0.657241
0.716094
0.781538
0.853444
0.931074
1.01309
1.09729
1.18005
1.25536
1.31
1.33122
1.32789
1.31465
1.30071
1.29028
1.28423
1.28191
1.28229
1.28435
0.598197
0.624754
0.685697
0.753585
0.828311
0.90922
0.994968
1.08342
1.17098
1.2513
1.30963
1.32955
1.31892
1.29444
1.26851
1.24785
1.23431
1.22714
1.22469
1.22533
0.564958
0.592141
0.655167
0.725451
0.802933
0.88696
0.976306
1.06891
1.16133
1.2472
1.31059
1.33107
1.31363
1.27583
1.23384
1.1984
1.17361
1.15904
1.15236
1.15098
0.531798
0.55957
0.624634
0.697204
0.777299
0.864315
0.957064
1.05366
1.15086
1.24265
1.31251
1.33612
1.31366
1.26127
1.19833
1.14152
1.09952
1.07337
1.06013
1.05575
0.498435
0.527009
0.594092
0.668909
0.7515
0.84132
0.937272
1.0376
1.1394
1.23724
1.3148
1.34458
1.32056
1.25409
1.16513
1.0777
1.00901
0.964335
0.940564
0.93174
0.465301
0.494717
0.563718
0.640693
0.725645
0.818062
0.917001
1.02078
1.12688
1.23065
1.31672
1.35573
1.33529
1.25833
1.13959
1.00908
0.898551
0.823637
0.782999
0.767123
0.432616
0.462819
0.533707
0.612725
0.699891
0.794736
0.89635
1.00327
1.11326
1.2226
1.31741
1.36825
1.35762
1.27786
1.12961
0.940275
0.762323
0.636698
0.570532
0.546708
0.400716
0.43155
0.504204
0.585117
0.674402
0.771503
0.875505
0.985157
1.09863
1.21297
1.31615
1.3803
1.38552
1.31477
1.14526
0.879015
0.583331
0.367252
0.268462
0.241958
0.369307
0.400971
0.475325
0.558121
0.649339
0.748456
0.854634
0.96669
1.08309
1.20171
1.31243
1.38987
1.41508
1.36685
1.19654
0.836014
0.29984
-0.133282
-0.237664
-0.184961
0.338966
0.371156
0.447229
0.531839
0.624871
0.725861
0.833922
0.948013
1.06687
1.18893
1.30588
1.3952
1.44106
1.4252
1.28622
0.832233
-0.334169
-1.54826
-1.30499
-0.656012
0.309067
0.341994
0.419917
0.506271
0.60098
0.703551
0.813409
0.929286
1.05006
1.17479
1.29644
1.39507
1.45879
1.47588
1.38583
0.944875
-0.593353
-2.78106
-2.45397
-0.85369
0.279603
0.313373
0.393543
0.481361
0.577389
0.68118
0.792401
0.909585
1.03174
1.15819
1.28302
1.38804
1.46407
1.50552
1.47106
1.19022
0.228563
-0.80836
-1.03985
-0.7723
0.250276
0.285585
0.368598
0.457475
0.554282
0.659074
0.771443
0.889354
1.01233
1.13983
1.26615
1.37355
1.45365
1.50219
1.48363
1.29556
0.848373
0.311074
0.141163
0.130597
0.22091
0.260291
0.344612
0.434152
0.531282
0.637208
0.750355
0.868567
0.991665
1.11937
1.24567
1.35159
1.42791
1.46975
1.44595
1.30105
1.00116
0.704252
0.471636
0.396079
0.20274
0.244099
0.323845
0.413177
0.510799
0.61748
0.728948
0.84835
0.972211
1.09973
1.2238
1.3245
1.39028
1.41649
1.37564
1.24387
1.00351
0.774819
0.59477
0.486645
0.246689
0.259406
0.343012
0.435472
0.537819
0.648799
0.766565
0.888047
1.01194
1.13786
1.24698
1.32041
1.35004
1.32068
1.21899
1.03168
0.825532
0.655808
0.514953
0.351807
0.177016
0.243032
0.322801
0.415545
0.518997
0.631301
0.746496
0.86824
0.993173
1.11914
1.2247
1.2873
1.30018
1.25191
1.12764
0.932472
0.715
0.549938
0.390044
0.199102
0.112273
0.211068
0.294187
0.391414
0.496672
0.609116
0.726308
0.847375
0.96985
1.09054
1.1864
1.23688
1.23207
1.15906
1.01341
0.805079
0.559858
0.379113
0.198317
-0.0878024
0.0696647
0.176225
0.266836
0.365101
0.470757
0.582429
0.698364
0.818086
0.938322
1.05522
1.14533
1.1859
1.16905
1.08391
0.922351
0.689467
0.392056
0.140877
-0.112768
-0.623215
0.0279361
0.139193
0.232338
0.333344
0.4408
0.554111
0.672227
0.792745
0.913223
1.02766
1.11085
1.1413
1.11216
1.01416
0.839204
0.589765
0.221534
-0.147302
-0.627919
-1.90647
-0.00806556
0.107212
0.203329
0.305826
0.41458
0.528518
0.646769
0.766951
0.885787
0.996523
1.07378
1.09634
1.05901
0.955012
0.775361
0.520791
0.0979783
-0.43486
-1.0892
-3.16863
-0.0453556
0.0704144
0.168141
0.272352
0.382678
0.49827
0.618054
0.739203
0.857837
0.966577
1.03953
1.05727
1.01697
0.915404
0.747541
0.498937
0.142206
-0.436293
-0.923311
-1.08414
-0.0826222
0.0342177
0.132905
0.238663
0.350672
0.467971
0.588878
0.710523
0.828601
0.935461
1.00556
1.02145
0.983842
0.894825
0.756569
0.568616
0.331152
0.00728924
-0.380575
-0.457444
-0.118842
-0.00266965
0.0965383
0.203429
0.31698
0.435829
0.557874
0.68018
0.798213
0.904284
0.973298
0.990929
0.962184
0.895341
0.80119
0.695297
0.591844
0.500046
0.451744
0.465294
-0.156842
-0.0413008
0.0582736
0.166416
0.281565
0.402011
0.525344
0.648493
0.76689
0.873232
0.942954
0.965991
0.951015
0.910482
0.858693
0.810766
0.779368
0.771284
0.789704
0.816824
-0.201183
-0.0826636
0.0181071
0.127734
0.244607
0.366707
0.491552
0.615917
0.735274
0.843017
0.915279
0.947829
0.948726
0.933391
0.915251
0.90432
0.90615
0.920677
0.944535
0.964348
-0.247334
-0.126584
-0.0239024
0.0876016
0.206306
0.33028
0.456837
0.582763
0.703753
0.813943
0.891893
0.934242
0.951904
0.958542
0.964691
0.97581
0.993146
1.01535
1.03998
1.05914
-0.297963
-0.172554
-0.0674873
0.0461965
0.167053
0.293057
0.421572
0.549494
0.672889
0.786633
0.872702
0.924385
0.957719
0.982309
1.00518
1.02933
1.05496
1.08092
1.10601
1.12406
-0.34937
-0.21997
-0.112094
0.0040838
0.127329
0.255544
0.386299
0.516578
0.642957
0.76126
0.855553
0.920115
0.965283
1.0028
1.03676
1.06886
1.09908
1.12693
1.15216
1.17035
-0.400541
-0.267127
-0.156607
-0.0378986
0.087758
0.218327
0.351498
0.48443
0.614236
0.737735
0.840418
0.914736
0.971227
1.01858
1.06003
1.09695
1.12976
1.1587
1.18381
1.20244
-0.448495
-0.312742
-0.199869
-0.0787789
0.049195
0.182168
0.317753
0.453485
0.586879
0.716022
0.825934
0.909922
0.975144
1.02933
1.07566
1.11554
1.14982
1.17918
1.20424
1.22237
-0.49514
-0.356007
-0.24087
-0.11748
0.0126618
0.147843
0.285755
0.424143
0.561062
0.695582
0.812868
0.904164
0.975912
1.0349
1.0843
1.12591
1.1609
1.19042
1.2155
1.23344
-0.536219
-0.394991
-0.277824
-0.152649
-0.0206129
0.116331
0.256167
0.396784
0.536759
0.675974
0.799251
0.896272
0.972728
1.03491
1.08627
1.12884
1.16422
1.19373
1.21873
1.23657
-0.570515
-0.427354
-0.308808
-0.182366
-0.0492489
0.0888022
0.229742
0.37179
0.513923
0.65657
0.784276
0.885259
0.964812
1.02904
1.08155
1.12468
1.16023
1.18974
1.21466
1.23235
-0.594891
-0.451102
-0.331873
-0.204885
-0.0715082
0.066534
0.207361
0.349484
0.492394
0.636762
0.766954
0.870212
0.951466
1.01682
1.06992
1.11331
1.14898
1.17846
1.20339
1.22091
-0.60645
-0.462265
-0.343503
-0.217432
-0.0854007
0.0509035
0.189884
0.330336
0.472024
0.615894
0.746328
0.850099
0.931774
0.997401
1.05067
1.09417
1.1299
1.15946
1.18449
1.20208
-0.598978
-0.456754
-0.340059
-0.216804
-0.0883553
0.0437906
0.178396
0.314669
0.45258
0.593307
0.721437
0.823694
0.904419
0.96944
1.02238
1.06578
1.10155
1.13115
1.15682
1.1741
-0.567253
-0.428683
-0.316276
-0.198883
-0.0773644
0.0471922
0.174077
0.3029
0.433903
0.568313
0.691198
0.789591
0.867578
0.93078
0.982673
1.02559
1.06132
1.09114
1.11736
1.13477
-0.499372
-0.369213
-0.265626
-0.159043
-0.049532
0.0628163
0.177772
0.295343
0.415904
0.540434
0.654707
0.746277
0.818999
0.878267
0.927424
0.968732
1.00378
1.03365
1.06033
1.07815
-0.376034
-0.266103
-0.181171
-0.0938271
-0.00316089
0.0913215
0.189764
0.292188
0.398684
0.50967
0.611636
0.692893
0.756868
0.808648
0.851444
0.887634
0.919002
0.946835
0.972353
0.990597
-0.151946
-0.110627
-0.0612693
-0.0045547
0.0595964
0.130846
0.20882
0.29311
0.383203
0.478593
0.566382
0.635481
0.688645
0.730235
0.763116
0.789225
0.810233
0.827871
0.843657
0.856293
0.0415913
0.0503838
0.0672811
0.0934996
0.129755
0.176201
0.232576
0.298257
0.372345
0.453696
0.530016
0.590058
0.635436
0.669814
0.695757
0.715115
0.729078
0.738364
0.743601
0.746101
0.139575
0.143594
0.151874
0.165746
0.186848
0.216666
0.256171
0.305641
0.364639
0.43201
0.496534
0.547304
0.585005
0.612608
0.632338
0.645928
0.654828
0.660307
0.663343
0.664759
0.195281
0.197723
0.202763
0.211516
0.225333
0.245665
0.27388
0.310976
0.357231
0.411932
0.465381
0.507511
0.538376
0.560436
0.575747
0.586004
0.592572
0.596523
0.598662
0.599681
0.229733
0.231417
0.234824
0.240759
0.250288
0.264682
0.285282
0.313266
0.34931
0.393153
0.43675
0.471224
0.49628
0.513934
0.525981
0.53392
0.538932
0.541923
0.543546
0.544331
0.250216
0.251429
0.253862
0.258107
0.26498
0.275498
0.290823
0.312104
0.340167
0.375034
0.410215
0.438156
0.458384
0.472525
0.482093
0.488348
0.492272
0.494605
0.495873
0.496488
0.261105
0.262002
0.263797
0.266932
0.272022
0.279874
0.291451
0.307767
0.329632
0.357239
0.385429
0.407919
0.424178
0.435501
0.443126
0.448091
0.451199
0.453045
0.454048
0.454534
0.265077
0.265755
0.267104
0.269461
0.273304
0.279261
0.288106
0.300692
0.317757
0.33956
0.362034
0.380045
0.393074
0.402133
0.408221
0.412176
0.414645
0.416111
0.416909
0.417294
0.263924
0.264441
0.265471
0.26727
0.270205
0.27477
0.281585
0.291344
0.304687
0.321887
0.339748
0.35412
0.364527
0.371759
0.376614
0.379771
0.381746
0.382916
0.38355
0.383854
0.258908
0.259306
0.260097
0.26148
0.263745
0.267272
0.272552
0.280153
0.290602
0.304159
0.318321
0.329757
0.338052
0.343822
0.347696
0.350209
0.351775
0.352704
0.353209
0.353452
0.250947
0.251255
0.251869
0.252943
0.254697
0.257436
0.261547
0.26748
0.275674
0.28636
0.297572
0.306656
0.313255
0.317845
0.320928
0.322928
0.324176
0.324914
0.325313
0.325503
0.240719
0.240959
0.241434
0.242268
0.243634
0.24577
0.24898
0.253626
0.260061
0.268481
0.277349
0.284551
0.289788
0.293436
0.295885
0.297474
0.298464
0.299052
0.299373
0.299526
0.228735
0.228922
0.229294
0.229946
0.231012
0.23268
0.235192
0.238834
0.243889
0.250523
0.257528
0.263231
0.267385
0.270279
0.272225
0.273491
0.274281
0.274749
0.275001
0.27512
0.215385
0.215531
0.215822
0.21633
0.217164
0.218471
0.22044
0.223299
0.227272
0.232499
0.238031
0.242542
0.245832
0.248126
0.249667
0.250666
0.251287
0.251652
0.25185
0.251945
0.20097
0.201083
0.20131
0.201708
0.202362
0.203387
0.204929
0.207172
0.210296
0.214411
0.218773
0.222336
0.224936
0.22675
0.227966
0.228756
0.22925
0.229543
0.229702
0.229776
0.185717
0.185807
0.185986
0.186298
0.18681
0.187612
0.188824
0.190587
0.193043
0.19628
0.199718
0.202527
0.204575
0.206004
0.206968
0.207597
0.207988
0.208219
0.208345
0.208404
0.169816
0.169886
0.170025
0.170269
0.170672
0.171301
0.17225
0.173631
0.175559
0.178103
0.180807
0.183019
0.184635
0.185766
0.186525
0.187015
0.187321
0.1875
0.187594
0.18764
0.153403
0.153457
0.153566
0.153758
0.154073
0.154565
0.155308
0.156389
0.157898
0.159894
0.162015
0.163753
0.165026
0.165913
0.166509
0.166896
0.167137
0.16728
0.167358
0.167394
0.136593
0.136635
0.13672
0.136868
0.137112
0.137497
0.138079
0.138925
0.140105
0.141664
0.143321
0.144678
0.145667
0.146357
0.146822
0.147124
0.147313
0.147425
0.147485
0.147513
0.119472
0.119504
0.11957
0.119686
0.119876
0.120173
0.120622
0.121278
0.122194
0.123404
0.124691
0.125746
0.126517
0.127057
0.127423
0.127659
0.127805
0.127892
0.12794
0.127963
0.102106
0.102132
0.102184
0.102273
0.10242
0.102649
0.102994
0.103497
0.104201
0.10513
0.106119
0.10693
0.107524
0.107938
0.108214
0.108393
0.108507
0.108575
0.10861
0.108627
0.0845581
0.0845775
0.0846157
0.0846823
0.0847921
0.0849672
0.0852317
0.0856141
0.0861467
0.0868487
0.087595
0.0882053
0.0886488
0.0889556
0.0891608
0.089294
0.0893764
0.0894241
0.0894491
0.0894622
0.0668648
0.066879
0.0669075
0.0669601
0.0670444
0.0671761
0.0673707
0.0676511
0.0680404
0.0685522
0.0690975
0.0695477
0.0698807
0.0701121
0.0702597
0.0703492
0.0704058
0.0704445
0.0704655
0.0704762
0.0490829
0.0490997
0.049126
0.0491635
0.0492245
0.0493142
0.0494478
0.0496402
0.0499076
0.0502569
0.0506282
0.0509358
0.0511664
0.0513266
0.0514368
0.0515084
0.0515453
0.0515589
0.0515714
0.0515682
0.0312369
0.0312389
0.0312575
0.0312897
0.0313115
0.0313736
0.0314654
0.0315885
0.0317576
0.0319718
0.0321936
0.0323586
0.0324864
0.032609
0.0327007
0.0327568
0.0327697
0.0327149
0.0327556
0.0327785
0.0134291
0.01344
0.0133893
0.0133851
0.0133428
0.0132865
0.0132769
0.0133209
0.0133894
0.013479
0.0135823
0.0136868
0.0137648
0.0137973
0.0138162
0.0138877
0.0140994
0.0143074
0.0140689
0.0141765
-0.590758
-0.161981
0.115341
0.279369
0.366813
0.337955
0.224239
-0.0502143
-0.320009
0.00443433
-0.0228691
0.115776
0.190305
0.249906
0.250861
0.195993
0.0932069
-0.0172997
-0.0509411
-0.0441323
0.144354
0.197189
0.213194
0.219567
0.195328
0.157331
0.112661
0.0816441
0.0769738
0.107961
0.215365
0.233508
0.232271
0.227368
0.212326
0.192845
0.17992
0.17884
0.197692
0.239594
0.261232
0.269094
0.266913
0.266459
0.263511
0.261216
0.265985
0.281809
0.310816
0.348159
0.310547
0.31947
0.321632
0.327578
0.334593
0.344096
0.359122
0.382698
0.410594
0.439773
0.373649
0.385505
0.392278
0.403384
0.41715
0.432798
0.451407
0.475933
0.501951
0.527281
0.450194
0.463991
0.474279
0.488021
0.504676
0.522381
0.541121
0.563902
0.587031
0.609398
0.535791
0.55051
0.562019
0.576378
0.59323
0.61056
0.627976
0.648247
0.668695
0.68918
0.626716
0.640664
0.652633
0.66666
0.682721
0.698714
0.715213
0.731262
0.747228
0.763842
0.721364
0.733417
0.744405
0.758067
0.772307
0.785564
0.797798
0.809208
0.820003
0.828694
0.806363
0.819105
0.831757
0.846279
0.860772
0.872852
0.882187
0.890926
0.895438
0.897807
0.910992
0.930112
0.947789
0.96449
0.97676
0.986699
0.99539
0.999598
0.999449
0.998383
0.994161
1.0131
1.0286
1.0413
1.05307
1.06265
1.06968
1.07468
1.07899
1.08395
1.15963
1.18637
1.20127
1.21107
1.21835
1.22687
1.23787
1.25052
1.25797
1.26779
1.45967
1.41181
1.36836
1.3374
1.32387
1.32665
1.34786
1.38986
1.45131
1.54269
1.67434
1.67662
1.66879
1.65684
1.64424
1.63272
1.6228
1.61471
1.60883
1.60593
1.6071
1.61182
1.61898
1.6281
1.63891
1.65112
1.66373
1.67431
1.67768
1.67561
1.60795
1.6107
1.61083
1.6083
1.60364
1.59761
1.59097
1.58467
1.57961
1.57698
1.57806
1.58222
1.58824
1.59495
1.60147
1.60698
1.61069
1.61187
1.6103
1.60792
1.60635
1.6067
1.60663
1.60565
1.60411
1.60136
1.59773
1.59378
1.59036
1.58852
1.58937
1.59249
1.59639
1.60036
1.60367
1.60584
1.60727
1.60774
1.6075
1.60703
1.58956
1.58949
1.58923
1.58863
1.58758
1.58599
1.58389
1.5815
1.5793
1.57813
1.57879
1.58084
1.58347
1.58592
1.58788
1.58925
1.59009
1.59051
1.59067
1.59067
1.57674
1.57668
1.57651
1.57616
1.57558
1.57468
1.57345
1.57201
1.57066
1.56996
1.5705
1.57203
1.57371
1.57523
1.57641
1.57721
1.57769
1.57793
1.57801
1.578
1.56444
1.56443
1.56436
1.56419
1.56387
1.56337
1.56269
1.56187
1.56112
1.5608
1.56129
1.56232
1.56346
1.56446
1.5652
1.56569
1.56598
1.56613
1.56618
1.56618
1.55281
1.55281
1.55277
1.55269
1.55253
1.55227
1.55192
1.55151
1.55117
1.55113
1.55161
1.55242
1.55322
1.55389
1.55438
1.5547
1.55489
1.55499
1.55502
1.55502
1.54152
1.54152
1.5415
1.54146
1.54139
1.54128
1.54114
1.541
1.54095
1.54114
1.54166
1.54234
1.54297
1.54347
1.54382
1.54405
1.54419
1.54426
1.54428
1.54428
1.53033
1.53033
1.53033
1.53032
1.53032
1.53031
1.53032
1.53038
1.53055
1.53094
1.53156
1.53222
1.53277
1.53319
1.53348
1.53367
1.53378
1.53383
1.53385
1.53384
1.51916
1.51916
1.51917
1.51919
1.51923
1.5193
1.51943
1.51965
1.52002
1.52061
1.52137
1.52208
1.52264
1.52304
1.52331
1.52348
1.52358
1.52363
1.52364
1.52364
1.50792
1.50792
1.50794
1.50798
1.50806
1.50821
1.50844
1.50882
1.50938
1.5102
1.51115
1.51197
1.51259
1.51303
1.51331
1.51349
1.51359
1.51364
1.51366
1.51365
1.49653
1.49653
1.49656
1.49663
1.49675
1.49697
1.49732
1.49786
1.49864
1.49973
1.50093
1.50194
1.50267
1.50318
1.50351
1.50371
1.50383
1.50388
1.5039
1.50389
1.48493
1.48493
1.48497
1.48507
1.48524
1.48554
1.48602
1.48675
1.48779
1.48921
1.49075
1.492
1.49291
1.49353
1.49393
1.49417
1.49431
1.49437
1.49439
1.49438
1.47303
1.47303
1.47309
1.47321
1.47345
1.47385
1.47449
1.47545
1.47682
1.47866
1.48062
1.48221
1.48335
1.48412
1.48462
1.48492
1.48509
1.48517
1.4852
1.48518
1.46072
1.46073
1.4608
1.46097
1.46128
1.46181
1.46265
1.46391
1.46569
1.46807
1.47059
1.47261
1.47406
1.47503
1.47566
1.47603
1.47625
1.47635
1.47638
1.47635
1.44789
1.4479
1.44799
1.44821
1.44862
1.44932
1.45042
1.45206
1.45438
1.45745
1.46068
1.46326
1.46509
1.46632
1.46711
1.46759
1.46786
1.46799
1.46803
1.468
1.43434
1.43436
1.43448
1.43478
1.43532
1.43624
1.43768
1.43982
1.44284
1.4468
1.45093
1.45422
1.45655
1.45811
1.45911
1.45971
1.46005
1.46021
1.46026
1.46022
1.41985
1.41988
1.42005
1.42044
1.42117
1.42238
1.42428
1.42709
1.43101
1.43611
1.4414
1.44559
1.44854
1.45052
1.45178
1.45255
1.45297
1.45317
1.45324
1.45319
1.4041
1.40414
1.40438
1.40491
1.40588
1.4075
1.41002
1.41372
1.41882
1.4254
1.43215
1.43746
1.4412
1.4437
1.4453
1.44626
1.4468
1.44706
1.44713
1.44707
1.38664
1.38671
1.38704
1.38777
1.3891
1.39129
1.39466
1.39955
1.40621
1.41468
1.42327
1.42998
1.43469
1.43784
1.43986
1.44108
1.44176
1.44209
1.44219
1.44211
1.36681
1.36691
1.36739
1.36842
1.37028
1.37329
1.37787
1.38439
1.39311
1.40399
1.41485
1.42328
1.4292
1.43317
1.43573
1.43728
1.43814
1.43856
1.43869
1.43859
1.3436
1.34379
1.34451
1.34603
1.34869
1.35295
1.35927
1.36804
1.37947
1.39338
1.40702
1.41753
1.42492
1.42992
1.43317
1.43515
1.43627
1.43681
1.43698
1.43685
1.31539
1.31574
1.31692
1.31928
1.3233
1.32953
1.33844
1.35036
1.36533
1.38297
1.3999
1.41286
1.42203
1.42833
1.43248
1.43508
1.43657
1.4373
1.43755
1.4374
1.27923
1.28001
1.28217
1.28621
1.29272
1.30223
1.31507
1.33136
1.35085
1.37294
1.39363
1.40937
1.42063
1.42854
1.43395
1.43747
1.43958
1.44067
1.44107
1.44092
1.22885
1.23129
1.23623
1.24415
1.25552
1.27056
1.28925
1.31135
1.33636
1.36352
1.38827
1.407
1.42059
1.43047
1.43756
1.44252
1.44581
1.44778
1.44872
1.44867
1.15064
1.16082
1.17425
1.19099
1.21125
1.23485
1.26151
1.29081
1.32213
1.3547
1.3836
1.40534
1.42137
1.43343
1.4426
1.44961
1.45496
1.45908
1.4625
1.4625
1.05781
1.07922
1.1061
1.13495
1.16588
1.19886
1.23378
1.27032
1.30794
1.34594
1.37908
1.40404
1.42282
1.43751
1.44928
1.4589
1.46681
1.4734
1.4787
1.47884
0.974158
1.0077
1.04464
1.08337
1.12356
1.1651
1.20777
1.2512
1.29473
1.3376
1.37423
1.40154
1.42216
1.43848
1.45181
1.46289
1.47211
1.47973
1.48575
1.4867
0.916934
0.953107
0.994633
1.03919
1.08598
1.13439
1.18377
1.23336
1.28219
1.32919
1.36825
1.3967
1.41786
1.43445
1.44789
1.45894
1.46805
1.47549
1.48136
1.48259
0.868281
0.907344
0.95259
1.00155
1.05342
1.10735
1.16241
1.2174
1.27087
1.32117
1.36159
1.38999
1.41056
1.42643
1.43919
1.44968
1.45832
1.46541
1.47104
1.47242
0.826126
0.867475
0.915764
0.96837
1.02451
1.08318
1.14324
1.20306
1.26064
1.31361
1.35448
1.38178
1.40078
1.41516
1.42668
1.43622
1.44417
1.45078
1.45611
1.4576
0.787747
0.831348
0.882361
0.938217
0.998141
1.06111
1.12572
1.19002
1.25143
1.30668
1.34728
1.37252
1.38901
1.4011
1.4108
1.41897
1.42598
1.43195
1.43692
1.43844
0.751695
0.797491
0.851067
0.909966
0.973421
1.04041
1.10934
1.17798
1.24314
1.30053
1.34038
1.36266
1.3756
1.38447
1.39162
1.39794
1.40367
1.40881
1.41332
1.41478
0.717106
0.764969
0.821025
0.882827
0.949673
1.02051
1.09365
1.16659
1.23563
1.29532
1.33421
1.35271
1.36091
1.36536
1.36899
1.37275
1.37677
1.38081
1.3847
1.3861
0.683415
0.733111
0.79161
0.856228
0.92636
1.00093
1.07823
1.15555
1.2287
1.29114
1.32921
1.34326
1.34536
1.34385
1.34257
1.34277
1.34437
1.34691
1.34992
1.35108
0.649791
0.70156
0.762431
0.829802
0.903117
0.981337
1.06274
1.14451
1.22214
1.28799
1.32587
1.33504
1.32957
1.32006
1.31198
1.30707
1.30525
1.30568
1.30749
1.30836
0.616471
0.670085
0.733237
0.803278
0.879707
0.961486
1.04692
1.13321
1.21566
1.2858
1.32453
1.32899
1.31447
1.29442
1.27676
1.26451
1.25768
1.25504
1.25518
1.25558
0.582927
0.638505
0.703947
0.776591
0.855974
0.941201
1.03057
1.12138
1.20893
1.2843
1.32548
1.32611
1.30146
1.26781
1.23673
1.21367
1.19934
1.19212
1.18983
1.18954
0.54941
0.606885
0.674548
0.749692
0.831943
0.920424
1.01357
1.10882
1.20166
1.28314
1.32874
1.32746
1.29248
1.24191
1.19214
1.15301
1.12715
1.11284
1.1069
1.10555
0.515869
0.575288
0.645101
0.722651
0.807631
0.899178
0.995903
1.09538
1.19353
1.2818
1.33398
1.33385
1.28992
1.21962
1.1443
1.08105
1.0371
1.01153
0.999871
0.996804
0.48251
0.543776
0.615685
0.695565
0.7831
0.877554
0.977577
1.08103
1.1843
1.27976
1.34049
1.34555
1.29642
1.20534
1.09628
0.996833
0.923955
0.88008
0.859187
0.853507
0.44949
0.512611
0.586494
0.668565
0.758512
0.855628
0.958654
1.06574
1.17382
1.27647
1.34729
1.36194
1.31404
1.20493
1.0539
0.900081
0.779995
0.70587
0.671584
0.662937
0.417063
0.481887
0.557676
0.641811
0.734001
0.833534
0.939326
1.04967
1.16205
1.27149
1.3531
1.38132
1.34327
1.2249
1.02661
0.790142
0.587921
0.467004
0.415404
0.404771
0.385365
0.451834
0.529412
0.615499
0.709755
0.811478
0.919672
1.03282
1.14899
1.26455
1.35667
1.40104
1.38185
1.27018
1.02792
0.661907
0.290984
0.0898977
0.0436235
0.055464
0.354357
0.42238
0.501784
0.589722
0.685893
0.78965
0.899908
1.01553
1.13481
1.25552
1.35707
1.41786
1.42396
1.33936
1.07397
0.483014
-0.35632
-0.74464
-0.539042
-0.331243
0.324316
0.393867
0.475015
0.564709
0.662573
0.768116
0.880149
0.997673
1.11966
1.24447
1.35364
1.42885
1.46094
1.41766
1.1832
0.286876
-1.81748
-2.69667
-1.25993
-0.663324
0.294517
0.36596
0.449044
0.540221
0.639541
0.746628
0.860153
0.979217
1.10307
1.23086
1.34558
1.43185
1.48553
1.48166
1.3148
0.605021
-1.07952
-2.12992
-1.56617
-0.738726
0.265222
0.339095
0.423826
0.516201
0.616707
0.724982
0.839808
0.959842
1.08501
1.21454
1.3324
1.42467
1.48992
1.51097
1.41336
1.00587
0.186897
-0.255912
-0.282395
-0.219925
0.235815
0.314288
0.399935
0.493419
0.595154
0.70432
0.819589
0.940654
1.06612
1.1958
1.31391
1.40636
1.47084
1.49161
1.41717
1.14671
0.759545
0.404684
0.334474
0.256782
0.208589
0.292822
0.378414
0.472134
0.574312
0.68408
0.799194
0.920775
1.04593
1.17448
1.29024
1.37782
1.4314
1.43898
1.36182
1.15365
0.878421
0.649658
0.50638
0.392653
0.72089
0.841211
0.965498
1.09298
1.21526
1.31283
1.37288
0.493606
0.191068
0.215201
0.291299
0.378655
0.478651
0.585268
0.698268
0.817573
0.939892
1.06374
1.1802
1.26959
1.31514
1.30979
1.23352
1.08637
0.864444
0.680252
0.523037
0.152472
0.190821
0.268722
0.355771
0.454882
0.561116
0.674703
0.794599
0.917305
1.04076
1.15403
1.23614
1.26903
1.24221
1.14512
0.98033
0.750537
0.55623
0.393731
0.112194
0.153755
0.236119
0.32809
0.429885
0.538693
0.655177
0.775244
0.895978
1.0155
1.1237
1.19311
1.21029
1.16623
1.04845
0.859423
0.605718
0.36406
0.166091
0.0728839
0.114771
0.203147
0.298451
0.401008
0.510646
0.625955
0.745763
0.866369
0.985087
1.08906
1.15246
1.15982
1.10379
0.973537
0.769774
0.475488
0.151648
-0.162855
0.0374419
0.0789664
0.169829
0.268173
0.373027
0.484359
0.601361
0.721505
0.84175
0.958274
1.05758
1.11223
1.10897
1.04196
0.90211
0.686588
0.367471
-0.0707592
-0.56764
0.0019154
0.043566
0.137671
0.237896
0.344099
0.456481
0.573156
0.693312
0.813433
0.928843
1.02477
1.07382
1.06434
0.993202
0.854461
0.636858
0.332522
-0.199756
-0.783488
-1.32624
-0.0359702
0.00578763
0.100667
0.202454
0.310809
0.42507
0.543545
0.664793
0.785269
0.899712
0.992613
1.03768
1.02583
0.957741
0.831872
0.643783
0.381644
0.0062296
-0.53017
-0.873767
-0.0720398
-0.0302092
0.0648582
0.167591
0.27734
0.393076
0.512781
0.63478
0.755448
0.869213
0.960111
1.00389
0.994297
0.937253
0.838087
0.705585
0.548798
0.373993
0.179852
0.0593986
-0.108706
-0.0675636
0.0269364
0.130564
0.241827
0.359199
0.480456
0.603526
0.7246
0.838174
0.928457
0.973884
0.971058
0.931455
0.866595
0.791713
0.723086
0.672993
0.653687
0.673565
-0.148452
-0.107377
-0.0125812
0.0919853
0.204706
0.323651
0.446562
0.570865
0.692836
0.806942
0.898544
0.948368
0.955872
0.936723
0.904302
0.87241
0.852257
0.84999
0.864771
0.891152
-0.193191
-0.151067
-0.0545582
0.0517067
0.166167
0.286895
0.411549
0.537354
0.660617
0.776043
0.871055
0.926371
0.946983
0.948553
0.943034
0.940728
0.946837
0.962054
0.983643
1.00673
-0.239925
-0.196838
-0.0983231
0.00992777
0.126345
0.249025
0.375621
0.50324
0.628362
0.746075
0.845649
0.907422
0.943746
0.963174
0.978184
0.994798
1.01514
1.03853
1.06291
1.08539
-0.289422
-0.245109
-0.143807
-0.0330251
0.0856511
0.210533
0.33927
0.469036
0.596475
0.717479
0.822456
0.895191
0.944097
0.977912
1.00768
1.0364
1.06486
1.09246
1.11819
1.14004
-0.339475
-0.29395
-0.189784
-0.0764062
0.0447317
0.171957
0.302992
0.435133
0.565409
0.690405
0.801374
0.884951
0.944346
0.990777
1.03086
1.06721
1.10041
1.13029
1.15657
1.17832
-0.387775
-0.341306
-0.234974
-0.119187
0.00436698
0.133994
0.26741
0.402139
0.535421
0.664729
0.781938
0.875858
0.944307
1.00006
1.04744
1.08872
1.12472
1.15586
1.18238
1.20364
-0.433332
-0.386588
-0.278273
-0.160309
-0.0344138
0.0974957
0.233243
0.370494
0.506864
0.640516
0.764711
0.86664
0.9434
1.00565
1.05782
1.10209
1.13967
1.17138
1.19791
1.21834
-0.476893
-0.429123
-0.318661
-0.198416
-0.0704951
0.0634377
0.201259
0.34078
0.480005
0.617711
0.748022
0.856782
0.939781
1.00672
1.06204
1.10813
1.14658
1.17847
1.20482
1.22472
-0.513509
-0.465357
-0.353487
-0.231815
-0.102342
0.0330101
0.17237
0.313559
0.454998
0.595988
0.731177
0.844952
0.932503
1.00271
1.06002
1.1072
1.14605
1.17798
1.20413
1.22365
-0.54281
-0.494309
-0.38123
-0.258645
-0.128356
0.00767633
0.14757
0.289437
0.431943
0.57498
0.713371
0.830482
0.92089
0.993056
1.05157
1.0993
1.13832
1.17019
1.19608
1.21507
-0.560359
-0.511854
-0.398854
-0.276374
-0.146454
-0.0110338
0.127948
0.268962
0.411021
0.554271
0.693772
0.812335
0.904036
0.977068
1.03608
1.08407
1.12318
1.15495
1.18075
1.19959
-0.562994
-0.514902
-0.402898
-0.281772
-0.153912
-0.0211464
0.114868
0.252881
0.392274
0.533411
0.671558
0.789432
0.880803
0.953656
1.01255
1.06048
1.09955
1.13137
1.15698
1.17561
-0.544283
-0.497162
-0.388174
-0.270753
-0.147624
-0.0203178
0.109829
0.241966
0.375817
0.511979
0.645907
0.760576
0.849769
0.921161
0.979181
1.02664
1.06554
1.09736
1.12299
1.14183
-0.497183
-0.451738
-0.348131
-0.23824
-0.123754
-0.00599245
0.114363
0.236953
0.361828
0.489667
0.616043
0.724573
0.809222
0.877309
0.933086
0.979196
1.01741
1.04902
1.0747
1.09399
-0.409071
-0.366662
-0.274867
-0.178721
-0.0791391
0.0235091
0.129245
0.23813
0.350333
0.466299
0.581536
0.680486
0.75747
0.81937
0.870253
0.912734
0.948408
0.978473
1.00348
1.02379
-0.252708
-0.22607
-0.160699
-0.0895
-0.0134211
0.0675658
0.153619
0.244679
0.340578
0.441199
0.54173
0.627519
0.693288
0.745144
0.786917
0.821032
0.849057
0.871769
0.889871
0.904099
-0.0486981
-0.0349642
-0.00955992
0.0252253
0.0695063
0.123177
0.185786
0.256776
0.335396
0.420817
0.507851
0.582328
0.638694
0.681958
0.715374
0.741313
0.761554
0.777505
0.789609
0.79749
0.0977763
0.101265
0.109301
0.123684
0.146172
0.178119
0.220187
0.272404
0.334252
0.404728
0.47874
0.542706
0.590616
0.626419
0.652899
0.672054
0.685319
0.693885
0.698911
0.701477
0.169954
0.171828
0.176421
0.184928
0.198697
0.219246
0.248013
0.286041
0.333687
0.390468
0.451893
0.505536
0.545407
0.574522
0.595281
0.609623
0.619142
0.625146
0.628635
0.630382
0.214132
0.215429
0.218383
0.223864
0.232967
0.247008
0.267389
0.295406
0.331929
0.37703
0.427111
0.471312
0.504008
0.527521
0.543945
0.555047
0.562262
0.566717
0.569274
0.570572
0.241022
0.241953
0.244025
0.247854
0.254251
0.264262
0.279104
0.300034
0.32808
0.363656
0.404002
0.439965
0.466529
0.485468
0.498539
0.507265
0.512877
0.51632
0.518292
0.519298
0.256393
0.257079
0.258587
0.26137
0.266036
0.273396
0.284442
0.300276
0.321905
0.349878
0.382127
0.411132
0.432565
0.447778
0.458215
0.465143
0.469577
0.47229
0.473842
0.474635
0.263621
0.264139
0.265265
0.26734
0.270825
0.276347
0.284699
0.296802
0.313549
0.335514
0.361166
0.384412
0.401622
0.41382
0.422161
0.427678
0.431199
0.433348
0.434578
0.435207
0.264894
0.265288
0.266141
0.267713
0.270357
0.274562
0.280953
0.290275
0.303291
0.32054
0.340877
0.359425
0.373191
0.382943
0.389605
0.394008
0.396815
0.39853
0.39951
0.400008
0.261713
0.262015
0.262669
0.263874
0.265902
0.269133
0.27406
0.281284
0.291433
0.304981
0.321077
0.335834
0.346813
0.354598
0.359911
0.363421
0.365661
0.367028
0.367809
0.368205
0.255156
0.25539
0.255894
0.256825
0.258393
0.260894
0.264716
0.270336
0.278269
0.288917
0.301636
0.313348
0.322083
0.328282
0.33252
0.335319
0.337098
0.33818
0.338798
0.339113
0.246006
0.246188
0.24658
0.247302
0.24852
0.250465
0.253442
0.257831
0.264044
0.272418
0.282464
0.291749
0.298688
0.303616
0.306981
0.309201
0.310618
0.311484
0.311976
0.312226
0.234864
0.235005
0.23531
0.235873
0.236822
0.238338
0.240663
0.244098
0.248972
0.255559
0.263487
0.270834
0.276334
0.280245
0.282922
0.284692
0.285818
0.286502
0.286895
0.287094
0.222165
0.222275
0.222514
0.222953
0.223695
0.224881
0.226702
0.229394
0.23322
0.238402
0.244657
0.250467
0.254824
0.257925
0.260046
0.261448
0.262342
0.262887
0.263195
0.263351
0.208262
0.208348
0.208534
0.208877
0.209457
0.210385
0.211811
0.213923
0.216928
0.221006
0.225938
0.230526
0.233973
0.236429
0.238108
0.239215
0.239919
0.240347
0.240592
0.240716
0.193407
0.193474
0.193619
0.193889
0.194344
0.195073
0.196192
0.197848
0.20021
0.203417
0.207301
0.21092
0.213638
0.215576
0.216902
0.21778
0.21834
0.21868
0.218873
0.218971
0.177818
0.177871
0.177986
0.178196
0.178552
0.179122
0.179999
0.181301
0.183156
0.185676
0.188732
0.191585
0.193728
0.195254
0.196301
0.196993
0.197435
0.197704
0.197858
0.197935
0.161648
0.161689
0.161778
0.161944
0.162224
0.162672
0.163359
0.164376
0.165828
0.167806
0.170207
0.172448
0.174136
0.175344
0.176171
0.176715
0.17706
0.177269
0.177388
0.177448
0.14503
0.145063
0.145131
0.145259
0.145476
0.145826
0.146364
0.147161
0.148298
0.149847
0.151728
0.153483
0.154806
0.155748
0.156391
0.156816
0.157088
0.157252
0.157345
0.157393
0.128055
0.12808
0.128136
0.128237
0.128405
0.128675
0.129093
0.129715
0.130601
0.131808
0.133273
0.13464
0.135668
0.136401
0.136905
0.13724
0.137454
0.137585
0.137661
0.137698
0.110808
0.110827
0.110867
0.110945
0.111078
0.111289
0.111611
0.112089
0.112773
0.113705
0.114837
0.115896
0.116694
0.117266
0.117658
0.117915
0.118078
0.118178
0.118235
0.118263
0.0933466
0.0933618
0.0933955
0.093455
0.0935536
0.0937131
0.0939608
0.0943278
0.0948505
0.0955615
0.096424
0.0972295
0.0978352
0.0982659
0.0985584
0.0987532
0.0988779
0.098951
0.0989909
0.0990132
0.0757202
0.0757302
0.0757544
0.0758002
0.0758779
0.0760017
0.0761889
0.0764636
0.0768545
0.0773846
0.0780269
0.0786271
0.079079
0.0794012
0.0796185
0.0797589
0.0798475
0.0799036
0.079936
0.0799514
0.0579814
0.0579893
0.058009
0.0580435
0.0581002
0.058193
0.0583284
0.058525
0.0588032
0.059179
0.0596343
0.0600621
0.0603881
0.0606233
0.0607859
0.0608888
0.0609469
0.0609766
0.0609866
0.0609936
0.0401882
0.0401951
0.0402054
0.0402084
0.0402537
0.0403081
0.0403969
0.0405271
0.0407131
0.0409601
0.0412567
0.0415346
0.0417415
0.0418973
0.0420218
0.0420911
0.0421174
0.0421411
0.0421611
0.0421523
0.0222908
0.0222988
0.0222996
0.0222418
0.0222759
0.022302
0.0223612
0.0224325
0.0225273
0.0226582
0.0228235
0.0229574
0.0230629
0.023166
0.0232449
0.0233091
0.0233404
0.0233012
0.0233949
0.0234573
0.0134295
0.0134312
0.0133625
0.0134044
0.0133089
0.0132751
0.013295
0.0133534
0.0134318
0.0135309
0.0136309
0.0137303
0.0137874
0.0138024
0.0138407
0.0139675
0.0142544
0.014143
0.0141383
0.00537289
-0.533739
-0.151615
0.0689192
0.227725
0.295882
0.287453
0.20296
0.0376398
-0.136852
-0.137919
-0.0317646
0.0735673
0.173434
0.224514
0.229331
0.195368
0.130973
0.0609564
0.0131665
-0.00334691
0.13659
0.17388
0.214281
0.2208
0.209265
0.185896
0.157132
0.134209
0.124676
0.132817
0.212977
0.225156
0.243478
0.244953
0.238215
0.229556
0.222707
0.223176
0.231629
0.255142
0.263411
0.27071
0.285733
0.293699
0.296181
0.299656
0.30658
0.319331
0.337952
0.363108
0.318024
0.328053
0.344986
0.359493
0.369593
0.381416
0.396387
0.415124
0.433842
0.4563
0.385934
0.398921
0.418617
0.437924
0.452769
0.46907
0.487178
0.506974
0.524146
0.543904
0.465618
0.482048
0.502733
0.524002
0.54043
0.557658
0.575633
0.594463
0.610878
0.627826
0.556081
0.572722
0.592295
0.613069
0.629401
0.646235
0.662934
0.679897
0.694088
0.709426
0.652959
0.668531
0.686711
0.705181
0.720674
0.735716
0.749688
0.763405
0.77417
0.784412
0.748372
0.761718
0.777533
0.793913
0.807553
0.821068
0.834302
0.843073
0.848499
0.849884
0.842503
0.858455
0.878239
0.895937
0.910985
0.924381
0.935709
0.943981
0.945316
0.93931
0.943758
0.96723
0.988137
1.00249
1.01391
1.02274
1.03007
1.03546
1.03892
1.0367
1.03869
1.06295
1.08077
1.09962
1.11632
1.12948
1.13797
1.14378
1.14968
1.15111
1.31529
1.31525
1.31543
1.3029
1.29168
1.28866
1.29968
1.3228
1.35262
1.37288
1.70566
1.52371
1.4248
1.36974
1.34276
1.33778
1.35189
1.38981
1.46118
1.60625
0.202789
0.236378
0.310934
0.400119
0.498578
0.606355
1.38586
1.33003
1.19295
0.968991
0.780469
0.610062
0.398188
0.243355
-0.0374917
-0.512668
-1.39231
)
;

boundaryField
{
    wall-4
    {
        type            zeroGradient;
    }
    pressure-outlet-7
    {
        type            fixedValue;
        value           uniform 0;
    }
    velocity-inlet-6
    {
        type            zeroGradient;
    }
    velocity-inlet-5
    {
        type            zeroGradient;
    }
    frontAndBackPlanes
    {
        type            empty;
    }
}


// ************************************************************************* //
