/*--------------------------------*- C++ -*----------------------------------*\
| =========                 |                                                 |
| \\      /  F ield         | OpenFOAM: The Open Source CFD Toolbox           |
|  \\    /   O peration     | Version:  v2012                                 |
|   \\  /    A nd           | Website:  www.openfoam.com                      |
|    \\/     M anipulation  |                                                 |
\*---------------------------------------------------------------------------*/
FoamFile
{
    version     2.0;
    format      ascii;
    class       volScalarField;
    location    "74";
    object      p;
}
// * * * * * * * * * * * * * * * * * * * * * * * * * * * * * * * * * * * * * //

dimensions      [0 2 -2 0 0 0 0];


internalField   nonuniform List<scalar> 
8800
(
0.818889
0.77084
0.732466
0.703828
0.68321
0.668466
0.657877
0.650394
0.645586
0.643566
0.644895
0.649152
0.655861
0.66523
0.678007
0.695611
0.720066
0.753686
0.796139
0.853266
0.651411
0.658619
0.66706
0.670479
0.668569
0.663054
0.656353
0.650208
0.645476
0.642657
0.642431
0.645004
0.649566
0.655601
0.662539
0.669178
0.673324
0.672818
0.666764
0.657795
0.628101
0.63428
0.638483
0.641849
0.644357
0.645165
0.644071
0.641948
0.639944
0.639083
0.640109
0.642563
0.645442
0.647695
0.648254
0.646743
0.64391
0.640284
0.635755
0.631971
0.622938
0.62564
0.628365
0.630683
0.632338
0.633676
0.634602
0.634831
0.634604
0.634621
0.635441
0.636659
0.637499
0.637476
0.63671
0.635538
0.633806
0.631318
0.628901
0.627371
0.617707
0.61913
0.620935
0.622997
0.624761
0.626081
0.627127
0.628031
0.628751
0.629409
0.630132
0.630656
0.630743
0.630436
0.629773
0.628596
0.626919
0.625055
0.623741
0.622917
0.612648
0.613563
0.614805
0.616396
0.618061
0.619603
0.6209
0.622013
0.623061
0.624056
0.62483
0.625213
0.625216
0.624833
0.624002
0.622817
0.621491
0.620242
0.619428
0.618883
0.607716
0.608382
0.609346
0.610657
0.612088
0.613582
0.61506
0.616425
0.617691
0.618898
0.619826
0.620286
0.620281
0.619831
0.619056
0.618131
0.617145
0.616241
0.615664
0.615263
0.602884
0.603397
0.604184
0.605325
0.60662
0.608024
0.609516
0.611048
0.612555
0.614001
0.615136
0.615722
0.615785
0.615462
0.614906
0.61422
0.613482
0.612819
0.612395
0.612081
0.598084
0.598492
0.599153
0.600173
0.601399
0.602757
0.604249
0.605875
0.607593
0.609322
0.610719
0.611509
0.611776
0.611687
0.611367
0.610902
0.610372
0.609905
0.609592
0.609336
0.593233
0.593565
0.594138
0.595081
0.596262
0.597611
0.599144
0.600874
0.602793
0.604831
0.606566
0.607669
0.608231
0.608411
0.608334
0.6081
0.607772
0.607469
0.60724
0.607025
0.588239
0.588515
0.589028
0.589926
0.591094
0.592473
0.594087
0.595968
0.59813
0.600523
0.602685
0.604192
0.605107
0.605594
0.605783
0.605787
0.60566
0.605501
0.605341
0.605154
0.583013
0.583244
0.583719
0.584605
0.585799
0.587251
0.58899
0.591078
0.593549
0.596384
0.599067
0.60106
0.602388
0.603228
0.603716
0.603962
0.604044
0.604022
0.603918
0.60375
0.577459
0.577656
0.578112
0.579014
0.580275
0.581846
0.583766
0.586129
0.588994
0.59238
0.595696
0.598265
0.600079
0.601323
0.602148
0.602665
0.602968
0.603072
0.603016
0.602861
0.571473
0.571641
0.572096
0.573043
0.574414
0.576155
0.578323
0.581039
0.584405
0.58847
0.59255
0.595809
0.598196
0.599908
0.601121
0.60196
0.602486
0.602714
0.602699
0.602551
0.56493
0.565074
0.565544
0.566565
0.568092
0.570064
0.572557
0.575726
0.579714
0.584612
0.589617
0.593699
0.596766
0.599031
0.600687
0.601878
0.602663
0.603021
0.603043
0.602899
0.557689
0.55781
0.558307
0.559433
0.561167
0.563439
0.566347
0.570088
0.574851
0.580764
0.586883
0.591948
0.595818
0.598736
0.600916
0.602517
0.60359
0.604083
0.604139
0.603993
0.549557
0.549667
0.550203
0.551467
0.553465
0.556115
0.559553
0.564012
0.56973
0.576881
0.584338
0.590573
0.595392
0.599076
0.601887
0.603966
0.605363
0.605997
0.606084
0.605934
0.540302
0.540401
0.540999
0.542427
0.544759
0.547901
0.552008
0.557362
0.56426
0.572917
0.581979
0.589599
0.595537
0.600124
0.603678
0.60632
0.608082
0.608865
0.608979
0.60882
0.529599
0.52968
0.530364
0.532023
0.534793
0.538562
0.54351
0.549986
0.558342
0.568829
0.579808
0.589057
0.596311
0.601959
0.606363
0.609671
0.611843
0.612778
0.612915
0.612742
0.517062
0.517128
0.517914
0.519886
0.523217
0.527788
0.53381
0.541704
0.551872
0.564583
0.577836
0.58899
0.597761
0.604645
0.610043
0.614113
0.616726
0.61781
0.617961
0.617773
0.502122
0.502177
0.503108
0.505497
0.509568
0.515193
0.522612
0.532319
0.544752
0.560158
0.576088
0.589441
0.599945
0.608241
0.614783
0.619701
0.622776
0.623994
0.624148
0.62394
0.483984
0.484028
0.485175
0.488153
0.493238
0.500288
0.509567
0.52163
0.536905
0.555566
0.574611
0.590464
0.602923
0.612802
0.620597
0.626457
0.629983
0.631301
0.631441
0.631213
0.461463
0.461505
0.463002
0.466867
0.473413
0.482467
0.494297
0.509471
0.528321
0.550877
0.573492
0.592123
0.606731
0.618353
0.627507
0.634335
0.638255
0.639615
0.63972
0.639472
0.43275
0.432815
0.434914
0.440214
0.44904
0.461044
0.476475
0.495783
0.519099
0.546243
0.572864
0.594505
0.611402
0.624863
0.635466
0.643208
0.647393
0.648708
0.648756
0.648492
0.394741
0.394917
0.398254
0.406204
0.418875
0.435419
0.455988
0.480727
0.509501
0.541918
0.572902
0.597704
0.616969
0.632293
0.644356
0.652838
0.657082
0.658243
0.658215
0.657943
0.341483
0.342518
0.349176
0.362601
0.381973
0.405538
0.433203
0.4648
0.499988
0.53824
0.573798
0.601806
0.623428
0.640584
0.653947
0.662874
0.666895
0.667801
0.667695
0.667425
0.264041
0.271595
0.286955
0.31055
0.339901
0.372857
0.409172
0.448636
0.490907
0.535443
0.575857
0.60725
0.631396
0.650486
0.66501
0.674098
0.677714
0.678351
0.678196
0.677965
0.181162
0.198491
0.22335
0.25784
0.297631
0.340095
0.385084
0.432551
0.482227
0.533612
0.579631
0.615039
0.642107
0.663385
0.679058
0.68778
0.690602
0.690947
0.690817
0.690658
0.111353
0.131944
0.164736
0.208518
0.257523
0.30895
0.362364
0.417683
0.474598
0.53258
0.583859
0.622904
0.652484
0.675402
0.691449
0.699398
0.701646
0.701922
0.701844
0.701719
0.0541363
0.0766163
0.114977
0.165326
0.22157
0.280528
0.341395
0.403922
0.467634
0.531875
0.588086
0.63047
0.662228
0.686355
0.702546
0.710055
0.712049
0.712319
0.712282
0.712186
0.00666652
0.0303883
0.0725755
0.128118
0.190156
0.255321
0.322566
0.391487
0.461423
0.531534
0.592429
0.637969
0.671766
0.697088
0.713553
0.720799
0.722639
0.722939
0.722947
0.722869
-0.0334994
-0.00909139
0.0360085
0.0956354
0.162565
0.233015
0.305797
0.380406
0.456027
0.531634
0.597013
0.645613
0.681449
0.707965
0.724799
0.732015
0.733899
0.73416
0.734188
0.734131
-0.0684194
-0.0435832
0.00380583
0.0668182
0.137887
0.212949
0.29066
0.370417
0.451289
0.532086
0.601798
0.653431
0.691311
0.719053
0.73645
0.743943
0.745821
0.746092
0.746127
0.746087
-0.099616
-0.0744235
-0.0251706
0.0407303
0.115378
0.194498
0.27665
0.361132
0.446919
0.532682
0.606614
0.661252
0.7012
0.730283
0.748404
0.756177
0.758174
0.758431
0.758461
0.758434
-0.128098
-0.102601
-0.0517562
0.016647
0.0944411
0.177175
0.263344
0.35219
0.44262
0.533166
0.611248
0.668878
0.710927
0.741343
0.760205
0.768339
0.770445
0.770694
0.770712
0.770695
-0.154692
-0.128854
-0.0766146
-0.00599964
0.0746189
0.160594
0.250413
0.343299
0.438119
0.533305
0.615507
0.676133
0.720243
0.752005
0.771564
0.780047
0.782292
0.782548
0.782528
0.782512
-0.179804
-0.153626
-0.100032
-0.027605
0.0555767
0.144469
0.237608
0.334236
0.433217
0.532932
0.619243
0.68287
0.729019
0.762054
0.782242
0.791024
0.793353
0.793588
0.793534
0.793509
-0.203916
-0.177314
-0.122685
-0.0483853
0.0370697
0.128584
0.224754
0.324848
0.427767
0.531895
0.622341
0.689022
0.737195
0.771404
0.792091
0.801034
0.803405
0.803614
0.803524
0.803486
-0.22717
-0.200094
-0.144561
-0.0685374
0.0189346
0.112808
0.211735
0.315028
0.421655
0.530082
0.62472
0.694562
0.744783
0.780057
0.801056
0.810059
0.812381
0.812552
0.812431
0.812378
-0.24972
-0.222272
-0.16571
-0.0881947
0.00108282
0.0970735
0.198483
0.304702
0.414805
0.527405
0.626302
0.699482
0.751847
0.788101
0.809245
0.818095
0.820333
0.820445
0.820294
0.820228
-0.271734
-0.243792
-0.186261
-0.107421
-0.0165377
0.0813441
0.18498
0.293855
0.407179
0.523788
0.627008
0.703772
0.758507
0.795743
0.81681
0.825291
0.82731
0.827358
0.827192
0.827116
-0.293252
-0.264728
-0.206314
-0.126241
-0.0339215
0.0656198
0.171237
0.282496
0.398768
0.51917
0.626761
0.707418
0.764869
0.80319
0.82398
0.831801
0.833449
0.833401
0.833218
0.833138
-0.314165
-0.285086
-0.225813
-0.144649
-0.0510612
0.0499412
0.157292
0.270668
0.389595
0.513542
0.62547
0.710357
0.770992
0.810721
0.831127
0.837895
0.838872
0.83865
0.838475
0.838402
-0.334448
-0.30484
-0.244762
-0.162612
-0.0679206
0.0343475
0.143212
0.258427
0.379715
0.506899
0.623058
0.712469
0.776869
0.818578
0.83877
0.844125
0.843876
0.843231
0.843093
0.843091
-0.35418
-0.323965
-0.263158
-0.180117
-0.084452
0.0189067
0.129068
0.245857
0.369196
0.499278
0.619444
0.713594
0.782369
0.826845
0.847498
0.851514
0.84932
0.847534
0.847358
0.847685
-0.373209
-0.342461
-0.28095
-0.197116
-0.100609
0.00369184
0.114946
0.233056
0.358138
0.49075
0.614578
0.713527
0.787234
0.835309
0.857607
0.861349
0.857332
0.853197
0.85164
0.851866
-0.391624
-0.360331
-0.298161
-0.213647
-0.11643
-0.0113392
0.100791
0.219968
0.346474
0.481246
0.608319
0.71199
0.791196
0.843568
0.868793
0.874328
0.870298
0.862867
0.854917
0.847
-0.409362
-0.377561
-0.314917
-0.229908
-0.132195
-0.026505
0.0862038
0.206136
0.333701
0.470177
0.600084
0.708284
0.793859
0.851177
0.879796
0.888996
0.885369
0.872119
0.850621
0.846582
-0.426261
-0.394186
-0.331047
-0.245725
-0.147585
-0.0414895
0.0713919
0.191869
0.320098
0.457756
0.589864
0.701759
0.794242
0.856862
0.886576
0.896224
0.893644
0.865915
0.800829
0.772605
-0.441864
-0.411534
-0.346199
-0.260627
-0.161752
-0.0557757
0.0566718
0.177419
0.305911
0.44412
0.577597
0.691956
0.790802
0.859566
0.884088
0.888398
0.870831
0.813495
0.744041
0.702636
-0.490538
-0.4278
-0.35987
-0.275571
-0.176088
-0.0706912
0.0420659
0.162551
0.290803
0.428808
0.562645
0.678167
0.77931
0.855262
0.861012
0.850835
0.794055
0.720194
0.642465
0.599447
-0.457651
-0.440827
-0.380339
-0.294914
-0.197782
-0.0924735
0.0193866
0.139272
0.266661
0.403476
0.535914
0.650561
0.744403
0.827862
0.808133
0.686487
0.578437
0.502463
0.428072
0.45706
-0.488006
-0.458173
-0.396487
-0.312015
-0.214794
-0.109568
0.00253798
0.121815
0.248217
0.383386
0.513271
0.624102
0.707813
0.752525
0.698599
0.542682
0.41291
0.320058
0.221638
0.269373
-0.510975
-0.478787
-0.415524
-0.330985
-0.233688
-0.128526
-0.0165085
0.101962
0.227005
0.359838
0.486023
0.590534
0.664484
0.672627
0.560293
0.385617
0.233209
0.114241
-0.0142736
0.0190626
-0.533394
-0.499923
-0.435438
-0.350068
-0.252737
-0.147745
-0.0362548
0.081253
0.204708
0.334753
0.456171
0.552308
0.610322
0.586316
0.421978
0.225287
0.0390669
-0.125547
-0.309717
-0.321006
-0.555301
-0.521435
-0.456112
-0.370043
-0.272604
-0.167866
-0.0570498
0.0593448
0.180918
0.307725
0.423547
0.511204
0.548866
0.486916
0.289966
0.0779662
-0.133448
-0.312183
-0.55757
-0.815957
-0.577527
-0.543666
-0.477879
-0.391379
-0.293799
-0.189264
-0.0790659
0.0361627
0.155713
0.278974
0.388729
0.467724
0.482425
0.368755
0.174005
-0.0399093
-0.244748
-0.409494
-0.487864
-0.593189
-0.601015
-0.567082
-0.501066
-0.414385
-0.316809
-0.212582
-0.103107
0.0107652
0.127941
0.247072
0.350263
0.41773
0.406467
0.258186
0.0696637
-0.127648
-0.296824
-0.38947
-0.412962
-0.429006
-0.626032
-0.591986
-0.525835
-0.439136
-0.341761
-0.238029
-0.12953
-0.0173379
0.0970078
0.211292
0.307484
0.359683
0.329596
0.154654
-0.0255293
-0.197987
-0.327901
-0.367174
-0.379082
-0.38028
-0.652785
-0.618545
-0.552247
-0.465632
-0.368607
-0.265609
-0.158358
-0.0481996
0.0628491
0.17164
0.259926
0.296607
0.24394
0.0592934
-0.111927
-0.264973
-0.342867
-0.36012
-0.361162
-0.360962
-0.681326
-0.646813
-0.580328
-0.493876
-0.397367
-0.295314
-0.189597
-0.0818369
0.0254764
0.128206
0.207557
0.23144
0.142338
-0.027714
-0.190644
-0.315195
-0.353083
-0.351015
-0.350456
-0.349896
-0.711367
-0.676639
-0.609979
-0.523787
-0.427958
-0.327096
-0.223222
-0.118225
-0.0150668
0.081111
0.151365
0.157832
0.0501955
-0.108261
-0.252765
-0.330611
-0.340915
-0.343374
-0.343832
-0.343549
-0.742368
-0.707519
-0.640963
-0.555142
-0.460199
-0.360801
-0.259083
-0.157237
-0.0585801
0.0307269
0.091969
0.0832536
-0.03296
-0.176659
-0.296038
-0.334888
-0.339773
-0.339904
-0.339533
-0.339218
-0.773861
-0.738904
-0.672821
-0.587551
-0.493751
-0.396112
-0.296901
-0.198587
-0.104767
-0.0221809
0.0283043
0.0116244
-0.108581
-0.232124
-0.324425
-0.338774
-0.335405
-0.336067
-0.336335
-0.336142
-0.804968
-0.770135
-0.704676
-0.620413
-0.528077
-0.432562
-0.336225
-0.241796
-0.153175
-0.0768642
-0.0367818
-0.0542923
-0.174616
-0.273064
-0.328743
-0.338219
-0.336407
-0.33515
-0.33465
-0.334502
-0.834165
-0.800105
-0.735567
-0.652801
-0.562419
-0.469456
-0.376402
-0.28616
-0.20303
-0.132721
-0.096801
-0.125483
-0.227895
-0.312691
-0.322335
-0.33525
-0.335967
-0.333958
-0.33336
-0.333051
-0.859823
-0.826823
-0.76446
-0.683569
-0.595746
-0.505865
-0.416574
-0.330807
-0.253169
-0.188971
-0.153462
-0.191591
-0.271338
-0.335969
-0.356249
-0.34578
-0.339806
-0.337533
-0.336598
-0.336
-0.879845
-0.848551
-0.789032
-0.711358
-0.626781
-0.540667
-0.455661
-0.374709
-0.302373
-0.244356
-0.210741
-0.244398
-0.301185
-0.356353
-0.386207
-0.360086
-0.349913
-0.347417
-0.345898
-0.345046
-0.892037
-0.863424
-0.807699
-0.734171
-0.65404
-0.572555
-0.492486
-0.416681
-0.349545
-0.297193
-0.26515
-0.286603
-0.310721
-0.340967
-0.336155
-0.343309
-0.348521
-0.349638
-0.349472
-0.349742
-0.893768
-0.86913
-0.818403
-0.750295
-0.675842
-0.600125
-0.52573
-0.455508
-0.393581
-0.346215
-0.310012
-0.322801
-0.314968
-0.310248
-0.320089
-0.336094
-0.34224
-0.344515
-0.345865
-0.346328
-0.882874
-0.863007
-0.819004
-0.758161
-0.69076
-0.621917
-0.554078
-0.48992
-0.433373
-0.390376
-0.347912
-0.357691
-0.349656
-0.347314
-0.355596
-0.354986
-0.354163
-0.35389
-0.353677
-0.353584
-0.857265
-0.842423
-0.807723
-0.756543
-0.697815
-0.636971
-0.57638
-0.518593
-0.467572
-0.428593
-0.383252
-0.384386
-0.393014
-0.425376
-0.405519
-0.378725
-0.366306
-0.361759
-0.359898
-0.35934
-0.819684
-0.810124
-0.785422
-0.745599
-0.697013
-0.645043
-0.591994
-0.540492
-0.494491
-0.459532
-0.428222
-0.401498
-0.381847
-0.398116
-0.388181
-0.363252
-0.351018
-0.346944
-0.345429
-0.344662
-0.776878
-0.771422
-0.756895
-0.728172
-0.690276
-0.646925
-0.601096
-0.555115
-0.512838
-0.479711
-0.449447
-0.40228
-0.330573
-0.293216
-0.305692
-0.317468
-0.317311
-0.317683
-0.319889
-0.320346
-0.738457
-0.735162
-0.72822
-0.709593
-0.680511
-0.644501
-0.604778
-0.56293
-0.522074
-0.487083
-0.459509
-0.407061
-0.334561
-0.229551
-0.14805
-0.181836
-0.260411
-0.313905
-0.335157
-0.342003
-0.710857
-0.70882
-0.705263
-0.694018
-0.67152
-0.640831
-0.605036
-0.565382
-0.523374
-0.484554
-0.45288
-0.430425
-0.455489
-0.569007
-0.749918
-0.894733
-0.95534
-0.916989
-0.815837
-0.789358
-0.690166
-0.689426
-0.688261
-0.682682
-0.665879
-0.638569
-0.604027
-0.563716
-0.51922
-0.471948
-0.435802
-0.41678
-0.518937
-0.730237
-1.02179
-1.13712
-1.09254
-0.993538
-0.874196
-0.830003
-0.678136
-0.677869
-0.677248
-0.674677
-0.663073
-0.637633
-0.602477
-0.560408
-0.51161
-0.455202
-0.411157
-0.367422
-0.356591
-0.365449
-0.39368
-0.405584
-0.338051
-0.24203
-0.156072
-0.112438
-0.670029
-0.669852
-0.669329
-0.668439
-0.661492
-0.638159
-0.601823
-0.556698
-0.502345
-0.438702
-0.371924
-0.301622
-0.169043
0.0516952
0.297526
0.531614
0.722315
0.830972
0.889344
0.91047
-0.664996
-0.664978
-0.664885
-0.665101
-0.660707
-0.640544
-0.603044
-0.553734
-0.494581
-0.420449
-0.33223
-0.243116
-0.0403207
0.304169
0.685609
1.05396
1.32301
1.45334
1.50049
1.51019
-0.660782
-0.66081
-0.66076
-0.660518
-0.659333
-0.644126
-0.606655
-0.553344
-0.488417
-0.406292
-0.307325
-0.20304
0.00301881
0.352059
0.722037
1.06632
1.33061
1.45988
1.49561
1.49967
-0.658078
-0.658042
-0.65765
-0.656323
-0.655602
-0.649076
-0.612988
-0.556193
-0.486023
-0.401508
-0.299966
-0.19793
-0.0325677
0.267397
0.565211
0.827167
1.01802
1.11008
1.14281
1.15101
-0.657555
-0.658595
-0.661432
-0.666417
-0.672005
-0.663527
-0.621327
-0.560791
-0.490959
-0.406128
-0.308883
-0.213472
-0.0871745
0.155621
0.387301
0.569451
0.699692
0.769277
0.801302
0.812668
-0.654234
-0.656414
-0.662644
-0.677599
-0.693858
-0.676804
-0.6252
-0.568733
-0.503328
-0.418807
-0.328292
-0.243697
-0.148588
0.0412594
0.228902
0.375854
0.487386
0.553113
0.5836
0.592869
-0.669928
-0.670958
-0.668598
-0.650292
-0.6223
-0.607652
-0.603797
-0.579696
-0.51982
-0.436186
-0.35318
-0.276329
-0.201361
-0.0508459
0.104395
0.228252
0.324892
0.384429
0.409977
0.416157
-0.712847
-0.71174
-0.698381
-0.644919
-0.571274
-0.551262
-0.600565
-0.600547
-0.541636
-0.455931
-0.37552
-0.306935
-0.24757
-0.12944
-0.00276718
0.0996692
0.180998
0.231124
0.251548
0.254968
-0.77739
-0.776068
-0.787992
-0.799951
-0.796418
-0.767653
-0.749742
-0.674211
-0.574193
-0.475701
-0.394656
-0.333873
-0.286508
-0.189731
-0.0857952
-0.00515668
0.0583564
0.0956294
0.109499
0.111424
-0.928307
-0.949472
-1.00769
-1.07414
-1.0973
-1.05999
-0.953636
-0.771518
-0.616087
-0.492716
-0.406533
-0.349299
-0.307932
-0.233323
-0.151452
-0.0875526
-0.0388907
-0.0114214
-0.000388546
0.000126013
-1.06086
-1.08866
-1.142
-1.19062
-1.20979
-1.16935
-1.03714
-0.817145
-0.631152
-0.493794
-0.406258
-0.353877
-0.314839
-0.258262
-0.198092
-0.148912
-0.113099
-0.0927917
-0.0859654
-0.0864623
-1.02132
-1.04194
-1.07978
-1.11712
-1.13263
-1.09468
-0.955098
-0.755946
-0.590422
-0.466147
-0.388692
-0.343173
-0.312381
-0.272546
-0.229109
-0.193868
-0.168528
-0.155111
-0.150909
-0.152129
-0.784014
-0.804136
-0.841278
-0.883604
-0.906693
-0.87499
-0.757168
-0.619058
-0.499711
-0.411052
-0.352892
-0.318678
-0.29744
-0.271123
-0.244769
-0.225198
-0.212178
-0.206487
-0.205106
-0.206284
-0.429662
-0.44399
-0.472678
-0.509821
-0.540814
-0.540438
-0.500895
-0.44387
-0.387393
-0.340453
-0.305487
-0.284194
-0.271535
-0.257827
-0.248292
-0.244188
-0.24409
-0.246278
-0.247282
-0.247964
-0.110635
-0.118548
-0.137896
-0.170306
-0.210488
-0.245613
-0.267293
-0.277161
-0.27681
-0.265687
-0.252819
-0.241799
-0.235084
-0.234383
-0.239227
-0.247885
-0.257309
-0.26426
-0.266389
-0.266632
0.0795196
0.0751289
0.0616746
0.0339494
-0.00987924
-0.064585
-0.116848
-0.157717
-0.185251
-0.199816
-0.203129
-0.199513
-0.196763
-0.205518
-0.220023
-0.235018
-0.248055
-0.255585
-0.257523
-0.257684
0.148932
0.146158
0.136173
0.113379
0.074452
0.0226064
-0.0327201
-0.083135
-0.122355
-0.149315
-0.163249
-0.166895
-0.169492
-0.1825
-0.197909
-0.211497
-0.222203
-0.227188
-0.228426
-0.228713
0.151717
0.149772
0.14248
0.125451
0.0957001
0.0547877
0.00830561
-0.0383748
-0.0795842
-0.112616
-0.135495
-0.149714
-0.159259
-0.168643
-0.176701
-0.183672
-0.188871
-0.190738
-0.191346
-0.191805
0.128799
0.127528
0.122519
0.11062
0.0894943
0.0594623
0.0229835
-0.0158497
-0.0527434
-0.0865836
-0.115454
-0.140972
-0.156877
-0.157441
-0.157191
-0.156916
-0.156468
-0.155969
-0.156201
-0.15679
0.0998659
0.0991081
0.0958701
0.0879444
0.0735113
0.052379
0.0254805
-0.00493632
-0.0361476
-0.0670392
-0.096874
-0.12678
-0.143554
-0.139381
-0.133432
-0.130885
-0.129088
-0.128479
-0.128778
-0.129347
0.0718588
0.0715625
0.0696302
0.0646255
0.0551814
0.0408665
0.0219054
-0.000186423
-0.0241673
-0.0494471
-0.0747121
-0.0986053
-0.109661
-0.107556
-0.105353
-0.105728
-0.10661
-0.107607
-0.108126
-0.108442
0.0470921
0.0469564
0.0459426
0.0430315
0.0372452
0.0281883
0.0158255
0.00110037
-0.0153166
-0.032386
-0.0488251
-0.0623411
-0.0669481
-0.0688681
-0.0730689
-0.078386
-0.0828866
-0.0856998
-0.0863908
-0.0863786
0.024995
0.0250376
0.0246315
0.0232713
0.0203461
0.0156036
0.00899447
0.00107691
-0.00786269
-0.0172465
-0.0250329
-0.0277748
-0.026026
-0.0328854
-0.039421
-0.0460179
-0.0516296
-0.0547695
-0.0553582
-0.0551325
0.00444391
0.00453422
0.00458382
0.00478043
0.00467947
0.00404492
0.00288918
0.00137773
-0.000395081
-0.00228186
-0.00364042
-0.00324782
-0.0020715
-0.0028702
-0.00643731
-0.00935404
-0.0117361
-0.0125922
-0.0125421
-0.0120557
-0.127807
0.0578787
0.255634
0.421478
0.552828
0.655227
0.739762
0.810903
0.840339
0.824315
0.191244
0.312844
0.439791
0.548988
0.64041
0.715775
0.776357
0.818893
0.841023
0.854065
0.406544
0.48876
0.574902
0.651345
0.716682
0.771199
0.814414
0.846312
0.869897
0.887901
0.563546
0.621861
0.682188
0.738084
0.786469
0.827478
0.86124
0.888602
0.91095
0.929291
0.686681
0.728476
0.774855
0.817275
0.855211
0.888381
0.916857
0.940915
0.960595
0.97859
0.789216
0.821825
0.859781
0.894746
0.926832
0.955737
0.981105
1.00265
1.01961
1.03723
0.880953
0.909565
0.943269
0.975176
1.00485
1.03184
1.05553
1.07528
1.08983
1.10728
0.969036
0.998287
1.03205
1.06402
1.09348
1.11996
1.14278
1.16116
1.17376
1.19122
1.06405
1.09752
1.13381
1.16741
1.19735
1.22341
1.24525
1.26228
1.27369
1.29148
1.17875
1.21724
1.25538
1.28951
1.3187
1.3433
1.36354
1.3792
1.3905
1.40884
1.32334
1.36277
1.39827
1.42862
1.45414
1.47615
1.49512
1.51062
1.52324
1.54136
1.49798
1.53001
1.55576
1.57806
1.59808
1.61679
1.6344
1.65093
1.66666
1.68485
1.68553
1.70308
1.71858
1.73515
1.75128
1.76581
1.77883
1.79279
1.80986
1.82954
1.8671
1.87805
1.89019
1.90097
1.91021
1.91976
1.93063
1.94221
1.95215
1.96732
2.07808
2.08009
2.06494
2.04971
2.04332
2.04897
2.06757
2.09798
2.13012
2.16086
2.384
2.24695
2.17065
2.12853
2.11108
2.11512
2.14247
2.19862
2.30206
2.51735
0.715176
0.711801
0.705878
0.696076
0.68314
0.670728
0.660433
0.652512
0.646891
0.643656
0.643344
0.64614
0.651305
0.658591
0.668054
0.67976
0.692904
0.704903
0.712363
0.717087
0.633173
0.63906
0.645968
0.651213
0.654067
0.653749
0.650861
0.646964
0.643433
0.641191
0.64109
0.643348
0.647083
0.651474
0.655447
0.657466
0.656366
0.652286
0.646398
0.639355
0.62549
0.627838
0.631191
0.634105
0.63633
0.638143
0.63912
0.63889
0.637896
0.637049
0.637276
0.63876
0.640624
0.64194
0.642012
0.640861
0.639068
0.636736
0.633588
0.630628
0.620308
0.621395
0.623264
0.625652
0.627622
0.629028
0.630143
0.63103
0.631539
0.631839
0.632396
0.633246
0.633842
0.633851
0.633358
0.632508
0.631121
0.629077
0.626974
0.625563
0.61516
0.615815
0.616927
0.618655
0.620472
0.622104
0.623392
0.62445
0.625417
0.6263
0.627108
0.627704
0.627909
0.627752
0.627227
0.626225
0.624807
0.623249
0.621936
0.621156
0.610169
0.610624
0.611411
0.612715
0.614222
0.615773
0.617264
0.618586
0.619771
0.620904
0.621907
0.622544
0.622746
0.622529
0.621875
0.620903
0.619786
0.618667
0.617767
0.617249
0.605293
0.605633
0.606245
0.607321
0.608626
0.610024
0.611502
0.612992
0.614417
0.615772
0.61698
0.617768
0.618026
0.617811
0.61725
0.616501
0.615677
0.614834
0.614177
0.613798
0.600487
0.600751
0.601246
0.602165
0.603348
0.604667
0.606098
0.607638
0.609247
0.610857
0.61232
0.613304
0.613699
0.613647
0.613307
0.612792
0.61218
0.611568
0.611092
0.610803
0.595673
0.595883
0.596295
0.597105
0.598212
0.599487
0.60091
0.602501
0.604253
0.606118
0.607887
0.609151
0.6098
0.610006
0.609911
0.609627
0.609229
0.608813
0.608479
0.608253
0.590762
0.590931
0.591285
0.592023
0.593086
0.594345
0.595803
0.597486
0.599405
0.601541
0.603676
0.605319
0.606312
0.606824
0.606996
0.606954
0.606776
0.606541
0.606324
0.606145
0.585664
0.5858
0.586113
0.586808
0.587858
0.589146
0.590678
0.592497
0.59464
0.597105
0.599686
0.601802
0.603209
0.604074
0.604551
0.604769
0.604812
0.604752
0.604637
0.604492
0.580287
0.580396
0.580682
0.581359
0.582431
0.583793
0.585443
0.587454
0.58989
0.592772
0.595901
0.598585
0.600479
0.601756
0.602579
0.603081
0.603361
0.603477
0.60345
0.603333
0.574531
0.574617
0.574887
0.575571
0.576701
0.578179
0.580004
0.582275
0.585083
0.588492
0.592292
0.595658
0.59813
0.599885
0.601101
0.601938
0.602481
0.602766
0.602818
0.602721
0.568284
0.568349
0.568612
0.569325
0.570551
0.572195
0.574257
0.576867
0.58015
0.584211
0.588829
0.593014
0.596175
0.598493
0.600165
0.601378
0.60221
0.602681
0.602809
0.602729
0.561412
0.561456
0.561721
0.562485
0.563848
0.565712
0.568086
0.571129
0.57501
0.579874
0.585485
0.590654
0.594632
0.597617
0.599824
0.601465
0.602633
0.603304
0.603507
0.60344
0.553759
0.55378
0.554046
0.554887
0.556429
0.558578
0.561349
0.564942
0.569568
0.575419
0.582233
0.588579
0.593526
0.597297
0.600141
0.602291
0.603841
0.60473
0.605007
0.604949
0.545089
0.545102
0.545387
0.546326
0.548101
0.550599
0.55388
0.558167
0.563719
0.570779
0.579047
0.586797
0.592892
0.597587
0.601181
0.603945
0.605931
0.607058
0.607409
0.607356
0.535128
0.535111
0.535446
0.536531
0.538596
0.541555
0.545484
0.550639
0.557341
0.565885
0.575906
0.585322
0.592771
0.598555
0.603032
0.606507
0.609
0.610385
0.610809
0.610758
0.523552
0.523511
0.523895
0.525172
0.527607
0.531162
0.535909
0.542161
0.5503
0.560665
0.572794
0.58418
0.593207
0.600265
0.605774
0.610068
0.613141
0.6148
0.615292
0.615237
0.509863
0.509796
0.51026
0.511792
0.514714
0.519039
0.524846
0.532502
0.542452
0.555057
0.56971
0.583402
0.594249
0.602767
0.609482
0.614718
0.618427
0.620364
0.620911
0.620846
0.493389
0.493294
0.493887
0.495773
0.499347
0.504703
0.511912
0.5214
0.533652
0.549017
0.566671
0.583031
0.595953
0.606127
0.614198
0.620491
0.624888
0.627087
0.627667
0.627586
0.473161
0.473041
0.47384
0.476244
0.480737
0.487525
0.49665
0.508577
0.523787
0.542547
0.563735
0.58313
0.598375
0.610388
0.619938
0.627402
0.632492
0.634906
0.635487
0.635381
0.447716
0.447585
0.448725
0.451933
0.45782
0.466704
0.478551
0.493798
0.512826
0.535731
0.561018
0.583795
0.601565
0.615567
0.626719
0.635404
0.641122
0.64366
0.644197
0.644059
0.414676
0.414574
0.416335
0.420936
0.429153
0.441323
0.457168
0.476977
0.500892
0.528769
0.558702
0.585148
0.605582
0.621667
0.634475
0.644365
0.650547
0.653068
0.653508
0.653335
0.369788
0.369864
0.372994
0.38051
0.393068
0.410608
0.432387
0.458349
0.488341
0.522002
0.557036
0.587326
0.610487
0.628662
0.643121
0.654058
0.660409
0.66272
0.663019
0.662816
0.305077
0.306341
0.313986
0.328094
0.348614
0.374706
0.404838
0.438628
0.475795
0.515884
0.556286
0.59045
0.616287
0.636478
0.652385
0.664016
0.670192
0.672064
0.672192
0.671977
0.228174
0.230347
0.245094
0.269379
0.300935
0.337088
0.376288
0.418363
0.463148
0.510223
0.556711
0.595504
0.624637
0.647286
0.664811
0.676949
0.682673
0.684161
0.684231
0.684097
0.149136
0.155745
0.177672
0.212329
0.254451
0.300411
0.348646
0.399047
0.451509
0.505623
0.558268
0.601706
0.634052
0.659055
0.678182
0.690273
0.695056
0.696009
0.696017
0.695945
0.0845437
0.0933777
0.119888
0.161736
0.212134
0.266425
0.322808
0.381007
0.440789
0.501653
0.560131
0.607853
0.643041
0.669885
0.689821
0.701554
0.705848
0.706685
0.706735
0.706714
0.0319037
0.0413604
0.0714704
0.11862
0.175227
0.236205
0.299462
0.364535
0.430992
0.498169
0.562158
0.613906
0.651716
0.680211
0.700796
0.712367
0.716379
0.71715
0.717245
0.717273
-0.0120721
-0.00234303
0.0302378
0.0814348
0.143135
0.209663
0.278735
0.349803
0.422262
0.495276
0.564482
0.620073
0.660396
0.69051
0.711875
0.72344
0.727206
0.728043
0.728181
0.72826
-0.0498006
-0.0399768
-0.00556244
0.0488672
0.1148
0.186077
0.260226
0.336613
0.414519
0.492952
0.567116
0.626452
0.669275
0.701021
0.723178
0.734916
0.7388
0.739683
0.739859
0.739962
-0.0829872
-0.0731474
-0.0373363
0.0198258
0.0893098
0.164691
0.243352
0.324551
0.407473
0.490997
0.569928
0.632933
0.678248
0.711665
0.734762
0.746966
0.751023
0.751949
0.752101
0.752217
-0.112937
-0.103079
-0.0661324
-0.00661091
0.0659195
0.144905
0.227598
0.313187
0.400778
0.489149
0.5727
0.639321
0.687138
0.722269
0.746405
0.759167
0.763428
0.764367
0.764477
0.764577
-0.14057
-0.130691
-0.092771
-0.0311569
0.0440524
0.126246
0.212561
0.30217
0.39413
0.487131
0.575201
0.645424
0.695742
0.732598
0.757745
0.771035
0.775565
0.776523
0.776616
0.776679
-0.166486
-0.156547
-0.117733
-0.0543716
0.0232682
0.108349
0.197938
0.291234
0.387277
0.484722
0.57725
0.651075
0.70387
0.742392
0.76853
0.78231
0.787098
0.788061
0.788099
0.788125
-0.191167
-0.18113
-0.141439
-0.0765918
0.00327754
0.0909405
0.183496
0.280175
0.380046
0.481762
0.5787
0.656158
0.711446
0.75158
0.7786
0.792745
0.797675
0.79864
0.798639
0.798632
-0.214944
-0.204724
-0.164289
-0.0979971
-0.0161262
0.073834
0.16908
0.268865
0.372308
0.478119
0.579432
0.660603
0.718426
0.76012
0.787893
0.802255
0.807238
0.808146
0.808109
0.808071
-0.237929
-0.22753
-0.186447
-0.118723
-0.0350971
0.0569292
0.154597
0.257213
0.36397
0.473683
0.579352
0.664365
0.724832
0.768062
0.796403
0.810816
0.815714
0.816567
0.816503
0.816438
-0.260333
-0.249686
-0.207897
-0.138888
-0.0537126
0.0401616
0.139997
0.245174
0.354985
0.468398
0.578374
0.667393
0.73071
0.775543
0.80432
0.818576
0.82324
0.823995
0.82387
0.823796
-0.282134
-0.271244
-0.228776
-0.158574
-0.0719996
0.0235154
0.125281
0.232752
0.345343
0.462213
0.576416
0.669631
0.736118
0.782734
0.811833
0.82566
0.829914
0.830498
0.83034
0.830246
-0.303393
-0.292234
-0.24906
-0.177791
-0.0899607
0.00699781
0.110465
0.219978
0.335065
0.455116
0.573412
0.671008
0.741069
0.789805
0.81924
0.832334
0.835879
0.836183
0.83598
0.835881
-0.323997
-0.312625
-0.268747
-0.196508
-0.107569
-0.00934132
0.0955929
0.206898
0.324197
0.447136
0.569311
0.671424
0.745519
0.796905
0.826927
0.839046
0.841408
0.84115
0.840883
0.840819
-0.344065
-0.332388
-0.287841
-0.214722
-0.124808
-0.025479
0.0807418
0.193577
0.312807
0.438328
0.564088
0.670756
0.749344
0.804062
0.835279
0.846525
0.847184
0.845729
0.845197
0.845275
-0.363458
-0.351496
-0.30633
-0.232405
-0.141614
-0.041342
0.0659813
0.180122
0.300987
0.428737
0.557754
0.668865
0.752343
0.811122
0.844477
0.855658
0.854617
0.851106
0.849303
0.849023
-0.382239
-0.370009
-0.324168
-0.249512
-0.15796
-0.0568701
0.0513877
0.166603
0.288837
0.418481
0.550351
0.665609
0.754251
0.817727
0.85419
0.86686
0.865637
0.860002
0.85412
0.846324
-0.400338
-0.387894
-0.341439
-0.266203
-0.174058
-0.0723268
0.0366422
0.152642
0.27594
0.407104
0.541414
0.660507
0.754708
0.823732
0.86405
0.879954
0.88094
0.874074
0.862609
0.859859
-0.417706
-0.405142
-0.358143
-0.282447
-0.18991
-0.0876922
0.0217594
0.138216
0.262248
0.394468
0.530718
0.653096
0.752866
0.828323
0.872201
0.891178
0.893951
0.888694
0.850305
0.803812
-0.434074
-0.421082
-0.374202
-0.298156
-0.205581
-0.103082
0.00669423
0.123437
0.247803
0.380601
0.518137
0.643028
0.747433
0.830642
0.876456
0.892088
0.89386
0.869783
0.811756
0.75175
-0.451217
-0.435695
-0.389407
-0.31274
-0.220628
-0.118149
-0.00883794
0.108345
0.232723
0.365649
0.503639
0.630004
0.736839
0.830864
0.874356
0.897893
0.860998
0.806828
0.73383
0.66668
-0.438198
-0.417817
-0.366291
-0.285148
-0.186555
-0.0811716
0.0336826
0.153982
0.28199
0.419696
0.55337
0.669065
0.769076
0.864037
0.885946
0.806602
0.747615
0.676697
0.601685
0.552527
-0.457607
-0.444201
-0.407031
-0.3352
-0.243583
-0.142373
-0.0327196
0.0840204
0.207894
0.340032
0.476986
0.603013
0.708781
0.798531
0.866554
0.841304
0.717127
0.627474
0.560091
0.477539
-0.477935
-0.463587
-0.42145
-0.348415
-0.256193
-0.155348
-0.0467521
0.0690732
0.192079
0.322986
0.458585
0.583164
0.686167
0.763355
0.787922
0.696474
0.551202
0.45162
0.37375
0.286446
-0.498491
-0.486106
-0.439845
-0.365825
-0.273564
-0.172239
-0.0636316
0.0519565
0.17415
0.303704
0.436709
0.556941
0.650642
0.711872
0.68576
0.545769
0.390492
0.27127
0.172127
0.0404536
-0.520942
-0.508456
-0.460208
-0.384985
-0.292647
-0.191236
-0.0827638
0.0322788
0.153409
0.281134
0.410783
0.525277
0.608969
0.648118
0.583486
0.396651
0.216222
0.0651998
-0.0735469
-0.261348
-0.542692
-0.530496
-0.481144
-0.404731
-0.312022
-0.210699
-0.102651
0.0115399
0.131313
0.256756
0.38245
0.490341
0.565842
0.568661
0.453754
0.253325
0.0436469
-0.148847
-0.321062
-0.697487
-0.564595
-0.552668
-0.50283
-0.425609
-0.332587
-0.231281
-0.123681
-0.0103893
0.107868
0.230713
0.351958
0.452077
0.51544
0.485312
0.328109
0.124278
-0.0924475
-0.293387
-0.462504
-0.753081
-0.587399
-0.575615
-0.52555
-0.447859
-0.354651
-0.253364
-0.146184
-0.0337941
0.082849
0.202844
0.319263
0.410918
0.458387
0.40904
0.214692
0.0164916
-0.185301
-0.353292
-0.423279
-0.462104
-0.611634
-0.599985
-0.549682
-0.471762
-0.37858
-0.277506
-0.170919
-0.0596839
0.0549808
0.171565
0.282418
0.365215
0.394592
0.30764
0.112481
-0.0748132
-0.24501
-0.353042
-0.388952
-0.39739
-0.637546
-0.625869
-0.575394
-0.497341
-0.404321
-0.303662
-0.197908
-0.0881161
0.0241639
0.136765
0.241255
0.314918
0.316764
0.199954
0.0185638
-0.154243
-0.297331
-0.353813
-0.365267
-0.369121
-0.665222
-0.653472
-0.602757
-0.52462
-0.431879
-0.331838
-0.227158
-0.119138
-0.0096409
0.0984802
0.195815
0.259534
0.236386
0.0990055
-0.0680596
-0.22961
-0.33104
-0.357108
-0.35522
-0.355392
-0.694432
-0.682896
-0.631741
-0.55357
-0.461225
-0.361995
-0.258663
-0.15274
-0.0464186
0.0567281
0.14642
0.197984
0.164624
0.00656624
-0.146288
-0.287921
-0.332059
-0.342415
-0.346271
-0.346478
-0.725016
-0.713468
-0.66213
-0.584033
-0.492231
-0.394035
-0.292334
-0.188849
-0.0861042
0.0116976
0.093331
0.133359
0.0915406
-0.0724059
-0.214364
-0.31299
-0.354162
-0.343618
-0.341727
-0.341519
-0.75646
-0.744869
-0.693653
-0.615695
-0.524614
-0.427714
-0.327946
-0.227258
-0.128484
-0.0362206
0.0369653
0.0678649
0.00561859
-0.141316
-0.2678
-0.321566
-0.336301
-0.337998
-0.338127
-0.337884
-0.78804
-0.776468
-0.725333
-0.648007
-0.557917
-0.462621
-0.36514
-0.267608
-0.17319
-0.0865924
-0.0213473
-0.0048403
-0.0754555
-0.199157
-0.300075
-0.327846
-0.332096
-0.335518
-0.335556
-0.335563
-0.818525
-0.807327
-0.756472
-0.680164
-0.591452
-0.498148
-0.403348
-0.309332
-0.219588
-0.138933
-0.0795159
-0.0758613
-0.14549
-0.249902
-0.318396
-0.363087
-0.342496
-0.335606
-0.334058
-0.33377
-0.846406
-0.835709
-0.785952
-0.710909
-0.624275
-0.53345
-0.441805
-0.351682
-0.266803
-0.192292
-0.137068
-0.138371
-0.208033
-0.288667
-0.340708
-0.332755
-0.336161
-0.335319
-0.334419
-0.334074
-0.870044
-0.860021
-0.811801
-0.739103
-0.655165
-0.567424
-0.47951
-0.39372
-0.31379
-0.245266
-0.194947
-0.194138
-0.257408
-0.317718
-0.356874
-0.35897
-0.348562
-0.343656
-0.341531
-0.34052
-0.887068
-0.877951
-0.832132
-0.762759
-0.682585
-0.598839
-0.515274
-0.434324
-0.359464
-0.296517
-0.251584
-0.244797
-0.290605
-0.330912
-0.348082
-0.353197
-0.352459
-0.351768
-0.350694
-0.349549
-0.895413
-0.887109
-0.844881
-0.779957
-0.704748
-0.626169
-0.547847
-0.472187
-0.402697
-0.344859
-0.303374
-0.289755
-0.313209
-0.310874
-0.319341
-0.331436
-0.341298
-0.344545
-0.345913
-0.346697
-0.890911
-0.884125
-0.848263
-0.788888
-0.720023
-0.64788
-0.575788
-0.50613
-0.442264
-0.38913
-0.349922
-0.328558
-0.33824
-0.317523
-0.323833
-0.337868
-0.345412
-0.34788
-0.348924
-0.349262
-0.872175
-0.867525
-0.839512
-0.788198
-0.727149
-0.662723
-0.597859
-0.534825
-0.476843
-0.428695
-0.393019
-0.372395
-0.368273
-0.369342
-0.387675
-0.374271
-0.364693
-0.360737
-0.359194
-0.358471
-0.839773
-0.836425
-0.817463
-0.776963
-0.72563
-0.670144
-0.613273
-0.557173
-0.505057
-0.461735
-0.433984
-0.402115
-0.384221
-0.406437
-0.417644
-0.38411
-0.36968
-0.361172
-0.357629
-0.356287
-0.798376
-0.796263
-0.78552
-0.75729
-0.716575
-0.670648
-0.622007
-0.57263
-0.525765
-0.48634
-0.459353
-0.427961
-0.37785
-0.346953
-0.338766
-0.334137
-0.334026
-0.332142
-0.332359
-0.332442
-0.756553
-0.75531
-0.750051
-0.733591
-0.703636
-0.666103
-0.625017
-0.581535
-0.538411
-0.500241
-0.472509
-0.433079
-0.364359
-0.281466
-0.246264
-0.256552
-0.276375
-0.306993
-0.321189
-0.325114
-0.723139
-0.722473
-0.719801
-0.710447
-0.68976
-0.659802
-0.624311
-0.585084
-0.543714
-0.504219
-0.473176
-0.435393
-0.394145
-0.339198
-0.272529
-0.309688
-0.391262
-0.432201
-0.456478
-0.456853
-0.699607
-0.69889
-0.697467
-0.693671
-0.67954
-0.654885
-0.622519
-0.585116
-0.543692
-0.499499
-0.461659
-0.421063
-0.458539
-0.610212
-0.880313
-1.10998
-1.18324
-1.13891
-1.01758
-0.927954
-0.683582
-0.683337
-0.682766
-0.680872
-0.673041
-0.652406
-0.621443
-0.583503
-0.539469
-0.490086
-0.441496
-0.405612
-0.413131
-0.514942
-0.678178
-0.837843
-0.840924
-0.754868
-0.652233
-0.56972
-0.673632
-0.673571
-0.673193
-0.672485
-0.668754
-0.651794
-0.6211
-0.581186
-0.533843
-0.47855
-0.417058
-0.374014
-0.299637
-0.203221
-0.0734168
0.0377437
0.156212
0.275523
0.353982
0.404127
-0.667195
-0.667172
-0.666923
-0.666551
-0.665014
-0.652629
-0.622468
-0.579606
-0.528332
-0.465321
-0.391033
-0.316327
-0.200396
0.041839
0.367954
0.701299
0.994423
1.17255
1.25293
1.28235
-0.662831
-0.662888
-0.662936
-0.66301
-0.662167
-0.654408
-0.625561
-0.58054
-0.523414
-0.454345
-0.367622
-0.268499
-0.128542
0.161789
0.552505
0.935582
1.26796
1.47208
1.55421
1.57071
-0.659036
-0.659096
-0.658951
-0.658432
-0.658121
-0.654626
-0.630789
-0.583543
-0.521686
-0.447563
-0.3545
-0.247937
-0.121921
0.14623
0.487824
0.810846
1.0898
1.26124
1.32578
1.34052
-0.657775
-0.657997
-0.658377
-0.658811
-0.658656
-0.659363
-0.639661
-0.588609
-0.524393
-0.44721
-0.354315
-0.251598
-0.150647
0.0708207
0.35094
0.591088
0.779115
0.892965
0.943998
0.963446
-0.655755
-0.657018
-0.660099
-0.668549
-0.68199
-0.684954
-0.652042
-0.594971
-0.532192
-0.455985
-0.366141
-0.270339
-0.186234
-0.0172685
0.204558
0.388733
0.529685
0.621667
0.668269
0.688032
-0.657234
-0.658771
-0.661778
-0.665795
-0.670834
-0.668642
-0.638004
-0.598027
-0.545662
-0.470796
-0.384257
-0.298745
-0.228299
-0.098063
0.0837789
0.236219
0.355312
0.440316
0.484325
0.500535
-0.689404
-0.689874
-0.688928
-0.6649
-0.604671
-0.551902
-0.574625
-0.597545
-0.563358
-0.489532
-0.404584
-0.326624
-0.262334
-0.163589
-0.0197596
0.108181
0.209086
0.283046
0.320551
0.33274
-0.739075
-0.736806
-0.732373
-0.714691
-0.666723
-0.630422
-0.639118
-0.650861
-0.596685
-0.511496
-0.423751
-0.352283
-0.297756
-0.219894
-0.101536
0.00164282
0.0827588
0.142304
0.170924
0.179729
-0.846722
-0.843093
-0.870013
-0.921121
-0.961606
-0.951418
-0.90264
-0.794705
-0.657381
-0.537479
-0.440149
-0.371485
-0.321747
-0.261067
-0.164512
-0.083076
-0.018684
0.0259283
0.0470863
0.0513622
-1.01222
-1.01809
-1.06445
-1.13198
-1.1745
-1.16656
-1.09452
-0.905285
-0.711379
-0.556953
-0.447829
-0.3788
-0.333133
-0.284582
-0.2097
-0.146903
-0.0977394
-0.0645278
-0.0490066
-0.0450316
-1.06415
-1.07545
-1.11208
-1.15558
-1.18879
-1.18147
-1.10226
-0.906243
-0.702375
-0.544529
-0.437097
-0.372794
-0.332678
-0.293105
-0.240551
-0.193262
-0.156343
-0.132537
-0.122048
-0.120233
-0.922886
-0.93179
-0.962311
-1.00219
-1.03381
-1.02967
-0.948668
-0.776645
-0.617801
-0.490589
-0.40308
-0.349999
-0.318672
-0.291838
-0.255274
-0.223744
-0.200195
-0.185779
-0.17981
-0.179504
-0.60822
-0.619306
-0.64534
-0.685041
-0.722793
-0.732239
-0.679803
-0.583442
-0.486066
-0.408293
-0.351116
-0.31484
-0.293712
-0.276648
-0.255885
-0.241297
-0.232723
-0.228839
-0.228299
-0.228668
-0.254716
-0.261318
-0.278284
-0.307936
-0.345216
-0.374492
-0.378192
-0.367458
-0.343864
-0.317025
-0.290332
-0.270579
-0.258151
-0.250592
-0.245775
-0.246457
-0.250512
-0.25619
-0.259846
-0.260449
0.00361749
0.000159039
-0.00995164
-0.0326765
-0.0698151
-0.116872
-0.163465
-0.197875
-0.221268
-0.230419
-0.229743
-0.223758
-0.216657
-0.216449
-0.224754
-0.236481
-0.249643
-0.259876
-0.264731
-0.265241
0.127044
0.124875
0.118279
0.100435
0.0665482
0.0166254
-0.0409247
-0.0936587
-0.135157
-0.16333
-0.178582
-0.182214
-0.180219
-0.185957
-0.201034
-0.216883
-0.23098
-0.240621
-0.244294
-0.244788
0.15615
0.154811
0.150056
0.136407
0.109309
0.0679399
0.0180263
-0.0334562
-0.079662
-0.115735
-0.139933
-0.153289
-0.159024
-0.168156
-0.180726
-0.192595
-0.202334
-0.208062
-0.209875
-0.210368
0.142119
0.141332
0.137992
0.128244
0.108615
0.0779625
0.0389777
-0.00388371
-0.045302
-0.0823593
-0.112357
-0.13577
-0.152727
-0.160796
-0.165565
-0.168796
-0.171517
-0.172567
-0.172795
-0.173327
0.11454
0.114169
0.111979
0.105403
0.0918912
0.0703205
0.0416304
0.00798144
-0.0268792
-0.0603377
-0.0913334
-0.121275
-0.146548
-0.15257
-0.147892
-0.144511
-0.142693
-0.141411
-0.141108
-0.141675
0.0855064
0.0854476
0.0841268
0.079946
0.0710274
0.0563442
0.0360534
0.0113839
-0.0157786
-0.043793
-0.0720424
-0.100597
-0.124544
-0.126835
-0.121893
-0.119262
-0.117869
-0.117464
-0.117712
-0.118179
0.0590056
0.0590007
0.0583717
0.0559042
0.0503356
0.0408337
0.0272546
0.0102165
-0.00924594
-0.0300526
-0.0516208
-0.0722502
-0.0863985
-0.0878673
-0.0886832
-0.0910549
-0.0939963
-0.0965063
-0.0977614
-0.0979794
0.0356958
0.0358361
0.0355214
0.0342601
0.0311439
0.0255993
0.0174787
0.00709758
-0.00501601
-0.0179935
-0.0308126
-0.0412973
-0.0465988
-0.0470357
-0.0525133
-0.0595868
-0.0659848
-0.070487
-0.0722435
-0.0721911
0.00450958
0.0045421
0.00469647
0.0047916
0.00443264
0.00354462
0.00211663
0.000532057
-0.00128577
-0.00311198
-0.00380107
-0.00217223
-0.00124096
-0.00447408
-0.00786944
-0.0108193
-0.0122988
-0.0127093
-0.0122644
-0.0348511
-1.02477
-0.418868
0.000792954
0.24963
0.430503
0.56769
0.673246
0.758894
0.851563
0.928277
-0.08888
0.107526
0.278481
0.424843
0.546199
0.644506
0.724155
0.788808
0.828063
0.833302
0.238844
0.353132
0.460765
0.558918
0.642815
0.713278
0.770769
0.814149
0.842842
0.860744
0.443434
0.520802
0.595354
0.664589
0.725092
0.776544
0.818846
0.852166
0.878264
0.89703
0.593729
0.646088
0.704058
0.75462
0.800142
0.839648
0.873227
0.901298
0.92471
0.941373
0.713258
0.753599
0.797829
0.837272
0.873576
0.906236
0.934912
0.959614
0.980379
0.994361
0.814093
0.848529
0.884085
0.918054
0.949788
0.978989
1.00507
1.02761
1.0461
1.05769
0.906177
0.937402
0.970167
1.0026
1.03308
1.06119
1.08618
1.10741
1.12402
1.13371
0.996486
1.02932
1.06361
1.09755
1.12873
1.15684
1.18128
1.20145
1.21648
1.22529
1.09799
1.13584
1.1734
1.20952
1.24147
1.26914
1.29244
1.31121
1.32499
1.33438
1.22452
1.26723
1.30613
1.34155
1.37174
1.39722
1.41866
1.43612
1.44949
1.46071
1.38574
1.42726
1.46079
1.48976
1.51413
1.53558
1.5551
1.57244
1.58738
1.60108
1.57612
1.60553
1.62712
1.64623
1.66446
1.68178
1.69788
1.71356
1.73024
1.74748
1.77266
1.78327
1.79552
1.81004
1.82456
1.83746
1.84873
1.85955
1.87225
1.88781
1.95959
1.96916
1.97878
1.9808
1.98136
1.98555
1.99636
2.01268
2.03001
2.03471
2.26421
2.20533
2.15361
2.11359
2.0912
2.0871
2.10065
2.13435
2.19033
2.26966
0.849917
0.79281
0.750421
0.716891
0.69257
0.675169
0.662693
0.653755
0.647639
0.64417
0.643816
0.646731
0.652226
0.660216
0.671168
0.68616
0.706943
0.73569
0.77414
0.822231
0.654284
0.663315
0.669463
0.67008
0.666111
0.659731
0.653164
0.647653
0.643812
0.642184
0.643404
0.647055
0.652405
0.658992
0.666003
0.671733
0.673786
0.670458
0.662112
0.654927
0.629801
0.631899
0.636499
0.640258
0.643273
0.645034
0.644826
0.643062
0.640855
0.6393
0.639354
0.641234
0.644018
0.646715
0.648224
0.647712
0.645417
0.642208
0.638106
0.633672
0.623573
0.624473
0.626981
0.629625
0.631573
0.633043
0.634221
0.63481
0.634737
0.634529
0.634928
0.636055
0.637165
0.637596
0.637155
0.636166
0.634763
0.632631
0.630033
0.628012
0.618064
0.618529
0.619941
0.621996
0.623939
0.625475
0.626627
0.627602
0.628416
0.629072
0.629765
0.630439
0.630754
0.630628
0.630154
0.629252
0.627797
0.625963
0.624306
0.623284
0.612897
0.613187
0.614104
0.615583
0.617237
0.618863
0.620287
0.621473
0.622545
0.62357
0.624478
0.625071
0.625257
0.625075
0.624469
0.623437
0.622152
0.62084
0.619769
0.619145
0.607902
0.608107
0.608796
0.609973
0.611365
0.612833
0.614334
0.615762
0.617069
0.618307
0.619407
0.620114
0.620339
0.620103
0.61947
0.618602
0.617644
0.616671
0.615903
0.615464
0.603027
0.603182
0.60373
0.604721
0.605958
0.607312
0.608764
0.610285
0.611811
0.613291
0.61462
0.615498
0.615809
0.615659
0.615204
0.614572
0.613857
0.613132
0.612571
0.612242
0.598197
0.598319
0.598768
0.599626
0.600768
0.602064
0.603488
0.60505
0.60673
0.608467
0.610076
0.611188
0.611695
0.611765
0.611548
0.611147
0.610639
0.610125
0.609725
0.609471
0.593322
0.59342
0.593801
0.59457
0.595651
0.596917
0.598355
0.599986
0.601815
0.603811
0.605754
0.607195
0.608006
0.608359
0.608397
0.608229
0.607939
0.607613
0.607341
0.60714
0.58831
0.58839
0.588722
0.589434
0.590487
0.591758
0.593251
0.594995
0.597017
0.599308
0.601654
0.603523
0.604712
0.605394
0.605718
0.605799
0.605733
0.605582
0.605417
0.605256
0.583068
0.583135
0.583432
0.584113
0.58517
0.586495
0.588083
0.589989
0.592269
0.594929
0.59777
0.600157
0.601795
0.602859
0.603509
0.60386
0.60402
0.604044
0.603974
0.603844
0.5775
0.577556
0.577832
0.578508
0.579605
0.581025
0.582759
0.584889
0.587499
0.590629
0.594077
0.597086
0.599254
0.600761
0.60178
0.602439
0.602844
0.603043
0.603056
0.60295
0.571501
0.571548
0.571813
0.572506
0.573679
0.57524
0.57718
0.579609
0.582639
0.586355
0.590544
0.594301
0.597099
0.599125
0.600567
0.601588
0.602261
0.602635
0.602726
0.602638
0.564947
0.564985
0.565248
0.565982
0.567269
0.569023
0.571237
0.574049
0.577613
0.582054
0.587144
0.591799
0.595347
0.597987
0.599924
0.60134
0.602322
0.602892
0.603059
0.602986
0.557691
0.55772
0.55799
0.558784
0.560227
0.562237
0.564803
0.568103
0.572335
0.577666
0.583849
0.589581
0.594019
0.597383
0.599907
0.601785
0.603124
0.603903
0.604145
0.604083
0.54955
0.549576
0.549862
0.550732
0.552379
0.554707
0.557724
0.561642
0.566704
0.573127
0.580633
0.587652
0.593145
0.597361
0.600578
0.603011
0.604759
0.605766
0.606083
0.606028
0.540277
0.540299
0.540614
0.54159
0.543492
0.546227
0.54982
0.554513
0.560606
0.568369
0.577472
0.586021
0.592763
0.597982
0.602015
0.605104
0.607323
0.608581
0.608972
0.608921
0.529557
0.529571
0.529923
0.531046
0.533282
0.536551
0.540871
0.546537
0.553915
0.563321
0.574347
0.584709
0.592916
0.599315
0.604305
0.608147
0.610915
0.612442
0.612904
0.612852
0.517
0.517008
0.517402
0.518722
0.521393
0.525347
0.530596
0.537501
0.546489
0.557914
0.571248
0.583746
0.59365
0.601414
0.607524
0.612239
0.615619
0.617425
0.61795
0.617892
0.502034
0.502037
0.502496
0.504085
0.507331
0.512188
0.518651
0.527155
0.538182
0.552094
0.568183
0.583166
0.595019
0.604338
0.611741
0.61744
0.621489
0.62357
0.624141
0.62407
0.483866
0.483864
0.484418
0.486393
0.490437
0.496524
0.504617
0.515227
0.528861
0.545835
0.565185
0.58302
0.597076
0.608148
0.616962
0.62378
0.628528
0.630854
0.631445
0.631353
0.4613
0.461293
0.462013
0.464588
0.469806
0.477641
0.488002
0.50145
0.518445
0.539175
0.56234
0.583387
0.599876
0.612869
0.623232
0.631243
0.636666
0.639169
0.63974
0.639619
0.432525
0.432516
0.43353
0.437107
0.444195
0.454664
0.468305
0.485646
0.506969
0.532252
0.559796
0.58438
0.603473
0.618509
0.63051
0.639745
0.645734
0.648297
0.648799
0.648644
0.394414
0.394421
0.396081
0.401605
0.412009
0.426683
0.445202
0.467867
0.494665
0.525337
0.557771
0.586129
0.607932
0.625064
0.638739
0.649105
0.655449
0.657906
0.658286
0.658094
0.341
0.341241
0.345043
0.355073
0.371683
0.393273
0.418898
0.448571
0.482027
0.518836
0.556533
0.588768
0.613292
0.632498
0.647762
0.659035
0.665408
0.667568
0.667791
0.667569
0.264653
0.267058
0.278218
0.297844
0.324756
0.356002
0.39067
0.428599
0.469533
0.513027
0.556328
0.592658
0.620075
0.641502
0.658364
0.670295
0.676445
0.678218
0.6783
0.678083
0.183558
0.189897
0.209634
0.239597
0.277423
0.318625
0.362361
0.40861
0.457243
0.507855
0.557454
0.598619
0.629426
0.653406
0.672003
0.684305
0.6897
0.690902
0.690892
0.690743
0.113578
0.120315
0.146801
0.185613
0.23274
0.28308
0.335521
0.389912
0.446094
0.503622
0.559221
0.60484
0.638658
0.664715
0.68441
0.696344
0.700952
0.701882
0.701891
0.701783
0.0562842
0.0634486
0.0939863
0.139065
0.193109
0.250907
0.310862
0.372608
0.435808
0.499882
0.56115
0.61091
0.647436
0.675186
0.695563
0.707232
0.711437
0.712265
0.712314
0.712241
0.00879613
0.0162898
0.0494013
0.0992362
0.158731
0.222584
0.288843
0.357003
0.426533
0.49668
0.56331
0.616996
0.656072
0.685416
0.706531
0.718134
0.722071
0.722861
0.72297
0.722918
-0.0314033
-0.0237437
0.0111631
0.0645499
0.128634
0.197612
0.269287
0.343081
0.418319
0.494085
0.565795
0.623267
0.664842
0.695805
0.717683
0.729369
0.733331
0.734091
0.734187
0.734174
-0.0663642
-0.0586121
-0.0224271
0.0339157
0.101814
0.175203
0.25166
0.330507
0.410962
0.491973
0.568538
0.629716
0.673787
0.706379
0.729107
0.741177
0.745273
0.746018
0.74613
0.746122
-0.0976006
-0.0897639
-0.0525532
0.00632063
0.0774473
0.154678
0.235399
0.318838
0.404132
0.490103
0.571357
0.636175
0.682739
0.717027
0.740741
0.7533
0.757595
0.758361
0.758465
0.758457
-0.126106
-0.118204
-0.0801291
-0.019053
0.0548734
0.135499
0.220043
0.307682
0.397491
0.4882
0.574018
0.642439
0.69151
0.727518
0.752252
0.76532
0.769829
0.770632
0.770718
0.770707
-0.152679
-0.144689
-0.105797
-0.0428583
0.0335856
0.117256
0.205241
0.29673
0.390764
0.486006
0.576312
0.648335
0.69989
0.737592
0.7633
0.776903
0.78162
0.782499
0.782544
0.782519
-0.177799
-0.169706
-0.130037
-0.0655673
0.0132224
0.0996272
0.19073
0.285752
0.383737
0.483337
0.578075
0.653708
0.707748
0.74709
0.773715
0.787764
0.792646
0.79356
0.793565
0.793517
-0.201881
-0.193642
-0.153158
-0.0873641
-0.006458
0.0823825
0.176313
0.274577
0.376264
0.48005
0.579178
0.65848
0.715025
0.755948
0.783384
0.797733
0.802693
0.803604
0.80357
0.803497
-0.225098
-0.216723
-0.175643
-0.108416
-0.0256352
0.0653848
0.161868
0.263103
0.368234
0.476018
0.579513
0.662588
0.721713
0.764177
0.792266
0.806718
0.811677
0.81257
0.812488
0.812395
-0.247651
-0.239063
-0.19741
-0.128853
-0.0444235
0.0485483
0.147327
0.251258
0.359576
0.471162
0.578994
0.665987
0.727846
0.771866
0.800451
0.814843
0.819669
0.820467
0.820364
0.820251
-0.269595
-0.260868
-0.218508
-0.148778
-0.0628762
0.0318408
0.132668
0.239026
0.350255
0.465426
0.577531
0.668625
0.733483
0.77918
0.808134
0.822222
0.826736
0.827418
0.827266
0.827144
-0.291013
-0.282087
-0.23907
-0.168237
-0.0810077
0.0152566
0.117892
0.226418
0.340288
0.458789
0.575057
0.670442
0.738664
0.786289
0.815548
0.829056
0.833016
0.833488
0.833297
0.833168
-0.311831
-0.30274
-0.259036
-0.18721
-0.0987989
-0.0011861
0.103044
0.213478
0.329709
0.451244
0.571509
0.671354
0.743376
0.79336
0.823043
0.835673
0.838701
0.838782
0.838546
0.838432
-0.332054
-0.322785
-0.27841
-0.205683
-0.116226
-0.0174351
0.0881723
0.200269
0.318569
0.442841
0.566845
0.671243
0.747536
0.800494
0.83102
0.842656
0.844229
0.843477
0.843126
0.843092
-0.351673
-0.342216
-0.297195
-0.223636
-0.13326
-0.0334333
0.0733527
0.186872
0.306949
0.433627
0.561067
0.66998
0.750978
0.807635
0.839798
0.850858
0.850598
0.848219
0.847292
0.847479
-0.370633
-0.360991
-0.31536
-0.241041
-0.149847
-0.0491383
0.0586582
0.173364
0.294945
0.423687
0.554183
0.667424
0.753471
0.814524
0.849336
0.861039
0.859643
0.85499
0.852147
0.851507
-0.388968
-0.379149
-0.332891
-0.257905
-0.166021
-0.0645677
0.0440679
0.15972
0.282534
0.412991
0.546128
0.663349
0.754738
0.820846
0.859189
0.873277
0.87292
0.866771
0.858922
0.844556
-0.406695
-0.396723
-0.349886
-0.274409
-0.182023
-0.0800128
0.0292159
0.145494
0.269197
0.400944
0.536297
0.657121
0.75418
0.82628
0.868509
0.886079
0.888404
0.879687
0.868823
0.832269
-0.424049
-0.413449
-0.366294
-0.290411
-0.197744
-0.0953481
0.0142748
0.130892
0.255137
0.387706
0.524682
0.648428
0.750753
0.829817
0.874985
0.893276
0.895087
0.88583
0.834033
0.777532
-0.442278
-0.428108
-0.381917
-0.305776
-0.213383
-0.110806
-0.00102819
0.115908
0.240317
0.373226
0.511094
0.636882
0.742915
0.830948
0.876028
0.882357
0.882855
0.84507
0.778303
0.714922
-0.461401
-0.461739
-0.402417
-0.318273
-0.225785
-0.123615
-0.0161704
0.1012
0.22548
0.35831
0.496171
0.622755
0.729887
0.831311
0.84463
0.856689
0.824558
0.757534
0.681348
0.610621
-0.437514
-0.434045
-0.375254
-0.291018
-0.193588
-0.0882576
0.0242337
0.144381
0.272106
0.409401
0.542619
0.65806
0.755893
0.851136
0.853556
0.751947
0.664676
0.59443
0.520897
0.381367
-0.475856
-0.448944
-0.387809
-0.302807
-0.205659
-0.100374
0.0115695
0.131177
0.258139
0.394238
0.52553
0.638629
0.727058
0.79107
0.755572
0.61748
0.496325
0.412639
0.328516
0.172051
-0.499744
-0.46845
-0.405867
-0.321516
-0.224219
-0.119039
-0.00690212
0.11199
0.237743
0.371793
0.499976
0.607872
0.686928
0.71423
0.630528
0.464961
0.325936
0.222586
0.109347
-0.112686
-0.522621
-0.489451
-0.425448
-0.340492
-0.243178
-0.138084
-0.0262829
0.0917248
0.215999
0.347488
0.471402
0.571834
0.638717
0.629724
0.490855
0.30471
0.136955
-0.00262425
-0.157721
-0.516887
-0.544667
-0.51074
-0.445692
-0.359901
-0.262523
-0.157648
-0.046495
0.0704716
0.193022
0.321499
0.440203
0.532024
0.580082
0.541223
0.354797
0.148874
-0.0572472
-0.228766
-0.473344
-0.983338
-0.566557
-0.532597
-0.4669
-0.380551
-0.28303
-0.178403
-0.0679082
0.0478984
0.168472
0.29352
0.406339
0.489644
0.516878
0.427154
0.229696
0.014766
-0.196724
-0.381976
-0.555686
-1.10378
-0.589422
-0.555377
-0.489345
-0.402679
-0.305062
-0.200658
-0.0908042
0.0237894
0.142205
0.263489
0.369995
0.443487
0.444989
0.312324
0.120619
-0.0868571
-0.276911
-0.402625
-0.436815
-0.481171
-0.613672
-0.579542
-0.513324
-0.426564
-0.329046
-0.225044
-0.116021
-0.00294523
0.112865
0.229655
0.329397
0.389347
0.367984
0.205447
0.0210788
-0.163237
-0.311724
-0.372493
-0.39346
-0.398569
-0.639609
-0.605277
-0.538931
-0.452194
-0.354953
-0.251557
-0.143648
-0.0324337
0.0803258
0.191926
0.284283
0.32823
0.28977
0.105861
-0.0696612
-0.231379
-0.341512
-0.365923
-0.368313
-0.368869
-0.667368
-0.63272
-0.566208
-0.479565
-0.382756
-0.280204
-0.173687
-0.0646829
0.0445534
0.150373
0.234208
0.264739
0.193336
0.0147621
-0.151961
-0.292863
-0.342406
-0.354897
-0.355459
-0.355042
-0.696818
-0.661809
-0.595122
-0.508669
-0.412446
-0.310962
-0.206128
-0.0997014
0.00557784
0.105081
0.179704
0.195574
0.094377
-0.0692601
-0.222126
-0.331357
-0.344181
-0.345236
-0.346552
-0.346219
-0.727501
-0.69238
-0.625499
-0.539343
-0.443896
-0.343733
-0.240898
-0.137431
-0.0364812
0.0562674
0.121871
0.120321
0.00780807
-0.143562
-0.276213
-0.321497
-0.339231
-0.341642
-0.341643
-0.341379
-0.759069
-0.72363
-0.656994
-0.571293
-0.47685
-0.378292
-0.277785
-0.177659
-0.0813772
0.0045115
0.0604136
0.0468086
-0.0722704
-0.205224
-0.310387
-0.350674
-0.340645
-0.338213
-0.337997
-0.337762
-0.790603
-0.755165
-0.689075
-0.604019
-0.510871
-0.414246
-0.316426
-0.220016
-0.128754
-0.049359
-0.00490992
-0.0210597
-0.143243
-0.25169
-0.328714
-0.32931
-0.334128
-0.335499
-0.335577
-0.335524
-0.821081
-0.786195
-0.720541
-0.636799
-0.545316
-0.451024
-0.35627
-0.263899
-0.178013
-0.104712
-0.0678823
-0.0894696
-0.202775
-0.292581
-0.320765
-0.33918
-0.336659
-0.33455
-0.333863
-0.333681
-0.848924
-0.815061
-0.750636
-0.668554
-0.579293
-0.487811
-0.396571
-0.308526
-0.22817
-0.160895
-0.125522
-0.160105
-0.250531
-0.324253
-0.335418
-0.336247
-0.335965
-0.334758
-0.334237
-0.333835
-0.872437
-0.840053
-0.777558
-0.698083
-0.611655
-0.523569
-0.436354
-0.352942
-0.277989
-0.216921
-0.182302
-0.219837
-0.287729
-0.345324
-0.378009
-0.35763
-0.345308
-0.342391
-0.340953
-0.340103
-0.889302
-0.859118
-0.799389
-0.723615
-0.641018
-0.55709
-0.474455
-0.396042
-0.326315
-0.271243
-0.239289
-0.26656
-0.307742
-0.354403
-0.35806
-0.35223
-0.352385
-0.351263
-0.349929
-0.349446
-0.897231
-0.869811
-0.814278
-0.743262
-0.665745
-0.587016
-0.509685
-0.436597
-0.372068
-0.322304
-0.289286
-0.305253
-0.309409
-0.318924
-0.322468
-0.336872
-0.343272
-0.345372
-0.346359
-0.346974
-0.893373
-0.87008
-0.820363
-0.755311
-0.684254
-0.611855
-0.54065
-0.473406
-0.414127
-0.369051
-0.329777
-0.340389
-0.32643
-0.315324
-0.328057
-0.34246
-0.346989
-0.34852
-0.349163
-0.349263
-0.874267
-0.857002
-0.815838
-0.758468
-0.695285
-0.630357
-0.566102
-0.505117
-0.451351
-0.41025
-0.374063
-0.373485
-0.365442
-0.371086
-0.379461
-0.368671
-0.362163
-0.359805
-0.358699
-0.358385
-0.841563
-0.829668
-0.799285
-0.752171
-0.698226
-0.641894
-0.585097
-0.530505
-0.482102
-0.44529
-0.41231
-0.395967
-0.392471
-0.415349
-0.395043
-0.376249
-0.364464
-0.359012
-0.356778
-0.356023
-0.799912
-0.792562
-0.773589
-0.737924
-0.694041
-0.646672
-0.597358
-0.548764
-0.504832
-0.471398
-0.442746
-0.405764
-0.356984
-0.343399
-0.335924
-0.333777
-0.333046
-0.332067
-0.332519
-0.332226
-0.757721
-0.753605
-0.743498
-0.719975
-0.685564
-0.646102
-0.603527
-0.559777
-0.518538
-0.48475
-0.455151
-0.405062
-0.319864
-0.256538
-0.247256
-0.262892
-0.293963
-0.315719
-0.324271
-0.325149
-0.72383
-0.721633
-0.716366
-0.701472
-0.67578
-0.642447
-0.605138
-0.564644
-0.523373
-0.487212
-0.45956
-0.415716
-0.372532
-0.299079
-0.27172
-0.356868
-0.41423
-0.448877
-0.45629
-0.461647
-0.69931
-0.698276
-0.696278
-0.68808
-0.668289
-0.63953
-0.604589
-0.564801
-0.521733
-0.479047
-0.444623
-0.429212
-0.514723
-0.73372
-1.01895
-1.16381
-1.17632
-1.07975
-0.965852
-0.913216
-0.683514
-0.683071
-0.6823
-0.678263
-0.66423
-0.638054
-0.603071
-0.562179
-0.515906
-0.463858
-0.425038
-0.394702
-0.45604
-0.586414
-0.77349
-0.85873
-0.802652
-0.70359
-0.606207
-0.554487
-0.673629
-0.673423
-0.67283
-0.671406
-0.662215
-0.637894
-0.60195
-0.558784
-0.506989
-0.446813
-0.39321
-0.33631
-0.256068
-0.138805
-0.0148673
0.0944258
0.218911
0.318694
0.383548
0.416077
-0.667207
-0.667075
-0.666696
-0.666493
-0.660879
-0.639412
-0.602402
-0.555273
-0.498261
-0.429742
-0.350622
-0.270461
-0.0974852
0.202145
0.533516
0.858144
1.10105
1.22007
1.27288
1.28744
-0.662862
-0.662908
-0.662973
-0.663045
-0.660447
-0.642431
-0.604788
-0.553221
-0.491144
-0.412248
-0.317671
-0.219015
-0.00468844
0.352674
0.74512
1.11293
1.38855
1.52568
1.56707
1.57242
-0.659088
-0.659051
-0.658749
-0.657951
-0.65689
-0.646089
-0.609309
-0.554125
-0.486482
-0.402812
-0.301403
-0.196882
-0.00982812
0.317475
0.651495
0.959464
1.19252
1.30326
1.33666
1.34211
-0.657876
-0.658158
-0.658665
-0.658751
-0.659191
-0.653744
-0.616873
-0.557911
-0.487451
-0.402565
-0.302768
-0.203836
-0.0592698
0.213915
0.476589
0.692542
0.846282
0.924157
0.956484
0.966969
-0.656312
-0.658087
-0.663471
-0.67495
-0.687644
-0.673743
-0.624666
-0.564338
-0.496549
-0.411764
-0.317445
-0.226947
-0.117156
0.0956998
0.302352
0.463991
0.582567
0.649299
0.680879
0.691641
-0.658022
-0.659932
-0.663964
-0.667732
-0.67295
-0.655462
-0.618405
-0.574136
-0.511196
-0.426999
-0.340757
-0.260809
-0.17711
-0.00627758
0.164792
0.29902
0.40344
0.46679
0.495167
0.502827
-0.689674
-0.69002
-0.681768
-0.638295
-0.572963
-0.555406
-0.590641
-0.586485
-0.52969
-0.445964
-0.36473
-0.291444
-0.224138
-0.0925611
0.0477088
0.161413
0.250682
0.305973
0.329011
0.333947
-0.738277
-0.735239
-0.726541
-0.691987
-0.645269
-0.625617
-0.653183
-0.629717
-0.556107
-0.465883
-0.385615
-0.32165
-0.269037
-0.161816
-0.0467598
0.0443122
0.116322
0.160105
0.177131
0.179404
-0.843194
-0.852074
-0.893476
-0.946563
-0.963467
-0.930341
-0.859778
-0.725012
-0.595517
-0.485073
-0.401965
-0.342868
-0.299378
-0.213897
-0.121024
-0.0491416
0.00701045
0.0388183
0.0508931
0.0512003
-1.00975
-1.03716
-1.09907
-1.15757
-1.17882
-1.13867
-1.01803
-0.804483
-0.629674
-0.49637
-0.408063
-0.353155
-0.312474
-0.247225
-0.176674
-0.120493
-0.0788622
-0.054699
-0.0461377
-0.0459945
-1.06639
-1.0912
-1.13397
-1.17605
-1.19207
-1.15335
-1.01592
-0.799873
-0.61818
-0.483785
-0.399927
-0.350597
-0.315063
-0.267134
-0.215856
-0.173266
-0.142597
-0.125891
-0.120266
-0.121255
-0.924837
-0.945122
-0.981857
-1.0203
-1.03834
-1.00159
-0.865329
-0.694317
-0.549729
-0.441438
-0.372585
-0.332252
-0.306488
-0.273694
-0.238608
-0.210952
-0.191673
-0.18193
-0.179102
-0.180372
-0.612542
-0.630103
-0.664122
-0.705385
-0.732699
-0.715571
-0.633424
-0.5337
-0.444416
-0.376915
-0.330325
-0.302845
-0.285845
-0.265787
-0.247887
-0.236438
-0.230025
-0.228424
-0.228309
-0.229268
-0.257335
-0.268201
-0.291671
-0.326272
-0.362193
-0.378685
-0.374702
-0.356246
-0.330973
-0.302852
-0.279365
-0.263551
-0.254293
-0.247394
-0.245399
-0.248071
-0.25342
-0.258511
-0.260323
-0.260757
0.00200559
-0.00358874
-0.0195662
-0.0495484
-0.0925316
-0.141329
-0.182136
-0.210857
-0.227452
-0.230894
-0.227303
-0.220059
-0.215182
-0.21971
-0.230433
-0.243158
-0.255265
-0.263097
-0.265227
-0.265382
0.125961
0.12259
0.111071
0.0856415
0.0432948
-0.0119436
-0.0682499
-0.115918
-0.15064
-0.172687
-0.181664
-0.181399
-0.181134
-0.192919
-0.209059
-0.224217
-0.236641
-0.243082
-0.244699
-0.244918
0.155532
0.153206
0.14462
0.124708
0.0902037
0.0436186
-0.00777818
-0.0575364
-0.0988889
-0.129435
-0.147895
-0.156461
-0.162432
-0.174623
-0.186883
-0.197686
-0.205888
-0.209271
-0.210172
-0.210545
0.141806
0.140212
0.134128
0.119803
0.0945876
0.0592796
0.0177898
-0.0249802
-0.0643084
-0.0984651
-0.124848
-0.145066
-0.158106
-0.162798
-0.167545
-0.170298
-0.172265
-0.172658
-0.173028
-0.173567
0.114427
0.113448
0.10939
0.0996245
0.082085
0.0567931
0.02526
-0.00947638
-0.0437204
-0.0762951
-0.106357
-0.135263
-0.152837
-0.15042
-0.145416
-0.143618
-0.141943
-0.141108
-0.141339
-0.141957
0.0855243
0.0850172
0.0825047
0.0761629
0.0644108
0.0468895
0.0241439
-0.00197328
-0.0296795
-0.0580185
-0.0863465
-0.114301
-0.12873
-0.12451
-0.12016
-0.118473
-0.117525
-0.117545
-0.117931
-0.118409
0.0590782
0.0588277
0.057442
0.0535717
0.0460899
0.0345665
0.0190655
0.000750532
-0.0194913
-0.0411699
-0.0619565
-0.0810295
-0.0881627
-0.0884813
-0.0896486
-0.0925577
-0.0953469
-0.0973272
-0.0979263
-0.098081
0.0357987
0.0357248
0.0350738
0.0329836
0.0286808
0.0218842
0.012501
0.00126822
-0.0114363
-0.0245527
-0.0365504
-0.0448775
-0.0463553
-0.0494667
-0.055952
-0.062975
-0.0685578
-0.0717199
-0.0723062
-0.0721666
0.0146816
0.0148289
0.0147657
0.0143674
0.0131815
0.0109694
0.00760123
0.00323746
-0.00184952
-0.00728751
-0.0125709
-0.0146623
-0.0103071
-0.0120119
-0.0197969
-0.0261324
-0.0310986
-0.0342192
-0.0351604
-0.0347575
-0.678765
-0.172766
0.135734
0.344465
0.503309
0.622887
0.718559
0.801275
0.902093
0.895192
0.04309
0.196256
0.354993
0.488708
0.598098
0.686258
0.758562
0.8127
0.834614
0.841091
0.308238
0.407454
0.511661
0.602619
0.679672
0.743669
0.794359
0.830083
0.853283
0.870555
0.490933
0.558914
0.630989
0.69599
0.751952
0.798847
0.836575
0.865944
0.889177
0.907882
0.628466
0.678169
0.729751
0.778147
0.820642
0.857159
0.887911
0.913538
0.934605
0.953053
0.739855
0.776399
0.817958
0.855847
0.890394
0.921071
0.947763
0.970497
0.988772
1.00678
0.836121
0.866222
0.901362
0.934211
0.964742
0.992451
1.01682
1.0374
1.05311
1.07081
0.924947
0.953422
0.986619
1.0181
1.04748
1.07411
1.09731
1.11636
1.12988
1.14743
1.01495
1.04607
1.08089
1.11349
1.1432
1.16955
1.19194
1.20967
1.22161
1.23929
1.11826
1.15443
1.19192
1.22602
1.25585
1.28135
1.30241
1.31872
1.32997
1.34815
1.24701
1.28692
1.32447
1.35728
1.38501
1.40843
1.42791
1.44324
1.45505
1.47347
1.40776
1.44453
1.47595
1.50241
1.52513
1.54557
1.56409
1.58014
1.59421
1.61221
1.59171
1.61697
1.63682
1.65544
1.67325
1.69
1.70569
1.72171
1.73892
1.75801
1.77744
1.78913
1.8026
1.81747
1.83123
1.84328
1.85407
1.86551
1.87983
1.89841
1.96069
1.9752
1.98036
1.98092
1.98274
1.99007
2.00395
2.0219
2.03451
2.04802
2.23313
2.17877
2.13157
2.10008
2.08697
2.09154
2.11481
2.15952
2.22687
2.32237
0.7137
0.709019
0.701628
0.689744
0.676773
0.665316
0.656214
0.64944
0.644977
0.643107
0.644386
0.648431
0.654655
0.663007
0.673603
0.686222
0.699299
0.709194
0.715168
0.71857
0.635693
0.64278
0.648764
0.652987
0.65428
0.652533
0.648947
0.645102
0.642114
0.640832
0.641965
0.645068
0.64924
0.653598
0.656811
0.657357
0.654668
0.649545
0.642702
0.636837
0.626497
0.629505
0.632766
0.635267
0.637293
0.638766
0.639139
0.638436
0.637399
0.636988
0.637904
0.6397
0.641409
0.642162
0.641564
0.640023
0.637996
0.635225
0.631955
0.629617
0.620763
0.622219
0.624459
0.62671
0.628375
0.629605
0.630622
0.631329
0.631686
0.632067
0.632819
0.633608
0.633928
0.633655
0.632986
0.631905
0.630175
0.62796
0.626185
0.6251
0.615455
0.616278
0.617751
0.619562
0.621322
0.622785
0.623935
0.624941
0.625865
0.626722
0.627453
0.627857
0.627874
0.627545
0.626794
0.625558
0.624038
0.62252
0.621509
0.62085
0.610384
0.610942
0.612025
0.613453
0.614993
0.616531
0.617945
0.619186
0.62034
0.621443
0.622286
0.622698
0.622696
0.622257
0.62142
0.620357
0.619216
0.618163
0.617485
0.617022
0.605456
0.605875
0.606744
0.607963
0.609311
0.610753
0.612247
0.613711
0.615099
0.616419
0.617445
0.617962
0.617975
0.617566
0.616893
0.616094
0.615243
0.614466
0.613972
0.613619
0.600614
0.600944
0.601663
0.602737
0.603992
0.605366
0.606853
0.608435
0.610052
0.611637
0.612895
0.613569
0.613721
0.613507
0.613069
0.612492
0.611863
0.611304
0.610939
0.610657
0.595774
0.596041
0.596655
0.597631
0.598831
0.600176
0.601682
0.603356
0.605173
0.607053
0.608609
0.609543
0.60995
0.60999
0.609789
0.609439
0.609014
0.608632
0.608363
0.608129
0.590842
0.591065
0.591606
0.592523
0.593691
0.595046
0.596613
0.598413
0.600447
0.602654
0.604592
0.605887
0.60662
0.606945
0.606997
0.606884
0.606658
0.606429
0.606236
0.606036
0.585727
0.585916
0.586409
0.587298
0.588471
0.589877
0.591546
0.593524
0.595832
0.598434
0.600844
0.602584
0.6037
0.604353
0.604687
0.604813
0.60479
0.604702
0.604571
0.604395
0.580335
0.5805
0.580965
0.581856
0.583076
0.584576
0.586397
0.588614
0.591271
0.594367
0.597352
0.59962
0.601185
0.602215
0.602864
0.603243
0.603439
0.603482
0.603402
0.603242
0.574566
0.574713
0.575168
0.57609
0.577399
0.579041
0.581075
0.583605
0.586707
0.590416
0.594096
0.596994
0.599086
0.600549
0.601559
0.602242
0.602655
0.60282
0.602784
0.602634
0.568307
0.56844
0.568901
0.569885
0.571324
0.573164
0.575484
0.578414
0.582076
0.586537
0.591058
0.59471
0.597427
0.599397
0.600817
0.601836
0.602493
0.602785
0.602788
0.602643
0.561422
0.561544
0.562026
0.563102
0.564721
0.566824
0.569511
0.572952
0.577308
0.582689
0.588225
0.592777
0.596235
0.598803
0.600701
0.602107
0.603035
0.603458
0.603496
0.603352
0.553761
0.553861
0.554378
0.555582
0.557435
0.559871
0.563027
0.56711
0.572327
0.578829
0.585587
0.591211
0.595542
0.598818
0.601289
0.603141
0.604374
0.604934
0.605005
0.604857
0.545072
0.545193
0.545753
0.547122
0.549262
0.552127
0.55588
0.560765
0.567043
0.574911
0.583135
0.590033
0.595394
0.5995
0.602661
0.605036
0.606609
0.607313
0.607413
0.607259
0.535093
0.535217
0.535871
0.537447
0.539965
0.543382
0.547886
0.553772
0.561362
0.570891
0.580869
0.589269
0.595847
0.60093
0.604893
0.607878
0.609839
0.610694
0.610819
0.610653
0.523499
0.523626
0.524398
0.526246
0.529246
0.533368
0.53882
0.545966
0.555181
0.566727
0.578795
0.588957
0.596953
0.603182
0.608067
0.611769
0.614154
0.615159
0.615303
0.615123
0.509788
0.509933
0.510866
0.513076
0.516702
0.521735
0.528411
0.537158
0.548397
0.562393
0.576931
0.589142
0.598762
0.606311
0.612277
0.616783
0.619619
0.620767
0.62092
0.620722
0.493287
0.493471
0.494639
0.497342
0.501803
0.50805
0.516334
0.527145
0.54092
0.55788
0.575311
0.589871
0.601336
0.61038
0.617555
0.622959
0.626256
0.627522
0.627669
0.627451
0.473025
0.473289
0.47481
0.478215
0.483845
0.491766
0.502223
0.515737
0.5327
0.553226
0.573999
0.591201
0.604724
0.615428
0.623919
0.630289
0.634014
0.635353
0.635475
0.635237
0.44754
0.447953
0.450036
0.454518
0.46189
0.472227
0.485709
0.502809
0.523775
0.548539
0.573106
0.593211
0.608957
0.621461
0.631364
0.638688
0.64275
0.644089
0.644165
0.64391
0.414453
0.415172
0.418235
0.424568
0.43476
0.448758
0.466544
0.488397
0.514319
0.544021
0.572787
0.595988
0.614071
0.628429
0.639809
0.647972
0.6522
0.653442
0.653452
0.653185
0.369533
0.370982
0.376152
0.386151
0.401269
0.420949
0.444819
0.472818
0.504694
0.539973
0.573229
0.59963
0.620085
0.636297
0.64909
0.657846
0.66197
0.663006
0.662937
0.662672
0.304887
0.309403
0.320238
0.337557
0.361071
0.389258
0.42124
0.456754
0.495443
0.53675
0.574621
0.604197
0.62696
0.644905
0.658828
0.667802
0.671516
0.672231
0.672094
0.671847
0.22789
0.236369
0.256216
0.284321
0.31854
0.356254
0.396892
0.44035
0.486335
0.534326
0.577588
0.611026
0.636635
0.656637
0.6717
0.680557
0.683763
0.684263
0.684166
0.684034
0.150723
0.164728
0.193879
0.232582
0.277025
0.324166
0.373473
0.424933
0.478276
0.533003
0.581699
0.618968
0.647311
0.669336
0.685279
0.693429
0.695784
0.696049
0.695973
0.695913
0.0867302
0.104445
0.139417
0.1861
0.238857
0.294271
0.351566
0.410598
0.470988
0.532152
0.585937
0.626676
0.657336
0.680748
0.696824
0.704436
0.706476
0.706738
0.706725
0.70669
0.0341166
0.0539802
0.0934539
0.146014
0.205237
0.267462
0.331652
0.397482
0.464386
0.531615
0.590199
0.634181
0.666948
0.691554
0.70778
0.71508
0.716951
0.717221
0.717269
0.717256
-0.00988884
0.0112288
0.0540775
0.111296
0.175867
0.243788
0.313898
0.385747
0.458592
0.531498
0.59466
0.641734
0.676534
0.702365
0.718941
0.725998
0.727797
0.728142
0.728235
0.728257
-0.0476683
-0.0257625
0.0197642
0.0807634
0.149846
0.222693
0.298014
0.375261
0.45356
0.531799
0.599362
0.649484
0.686332
0.713368
0.730382
0.737505
0.739428
0.739797
0.739924
0.739971
-0.0809104
-0.0584662
-0.010768
0.0534162
0.126345
0.203511
0.283506
0.365678
0.449048
0.532355
0.604191
0.65733
0.696235
0.724573
0.742229
0.74969
0.751704
0.752058
0.752182
0.752234
-0.110865
-0.0880401
-0.0385012
0.028418
0.104696
0.185685
0.269898
0.35661
0.444753
0.532931
0.608945
0.66508
0.706072
0.735785
0.754177
0.761979
0.764114
0.764451
0.764534
0.764602
-0.138546
-0.115329
-0.0642214
0.00512742
0.0843718
0.168779
0.256819
0.347729
0.440385
0.533271
0.613416
0.672543
0.715629
0.746703
0.765805
0.77407
0.776259
0.776596
0.776646
0.776708
-0.16449
-0.140878
-0.0883373
-0.0169581
0.0649824
0.152461
0.243981
0.338778
0.435708
0.533173
0.617431
0.679554
0.724681
0.75708
0.776873
0.785507
0.78782
0.788103
0.788105
0.788153
-0.189177
-0.165118
-0.111394
-0.0381163
0.0462369
0.136479
0.231175
0.329572
0.43055
0.53249
0.62086
0.686005
0.733168
0.766788
0.787188
0.796039
0.798418
0.798667
0.798625
0.798653
-0.212914
-0.188385
-0.133681
-0.0585557
0.027937
0.120668
0.218251
0.319981
0.424783
0.531078
0.623612
0.691855
0.741043
0.775794
0.79663
0.805584
0.80793
0.808159
0.808076
0.808082
-0.235896
-0.21091
-0.155201
-0.0784425
0.00995498
0.104919
0.205122
0.309917
0.418315
0.528844
0.625602
0.697088
0.748359
0.78412
0.805199
0.814109
0.816403
0.816562
0.816455
0.816441
-0.258241
-0.232798
-0.176051
-0.0978729
-0.00777518
0.0891924
0.191749
0.299333
0.41108
0.525705
0.626758
0.70169
0.755206
0.791941
0.813068
0.821732
0.823863
0.823966
0.823819
0.82379
-0.279981
-0.254082
-0.196359
-0.116893
-0.0252745
0.0734654
0.178123
0.288228
0.403058
0.521596
0.626995
0.705663
0.761708
0.799455
0.820399
0.828582
0.830423
0.830433
0.830276
0.830236
-0.30115
-0.274786
-0.216138
-0.135504
-0.0425378
0.0577574
0.164274
0.276627
0.394265
0.516477
0.626241
0.708969
0.767945
0.806911
0.827507
0.834845
0.8362
0.83608
0.835914
0.835867
-0.3217
-0.294885
-0.235358
-0.153694
-0.0595432
0.0421176
0.150255
0.264582
0.384734
0.510337
0.624402
0.711513
0.773954
0.81458
0.834828
0.840915
0.841359
0.84098
0.840836
0.840811
-0.341671
-0.314345
-0.254035
-0.171427
-0.0762418
0.026595
0.136136
0.252175
0.374521
0.5032
0.621397
0.713156
0.779667
0.822648
0.842947
0.847566
0.846412
0.845331
0.845203
0.845358
-0.360967
-0.333182
-0.272132
-0.188677
-0.0925936
0.0112579
0.121983
0.23947
0.363717
0.495119
0.617162
0.71371
0.784889
0.831064
0.85237
0.856035
0.852794
0.849937
0.848996
0.849309
-0.37967
-0.351385
-0.289609
-0.205403
-0.108534
-0.00381602
0.107909
0.22659
0.352432
0.486165
0.611663
0.712958
0.789305
0.839427
0.863033
0.867359
0.863019
0.857033
0.851178
0.835824
-0.397716
-0.368955
-0.306604
-0.221808
-0.124353
-0.01894
0.0935176
0.213104
0.340191
0.475872
0.604432
0.710425
0.792731
0.847531
0.874534
0.881773
0.878264
0.869416
0.8566
0.872742
-0.415203
-0.385834
-0.323079
-0.237869
-0.139987
-0.0340666
0.0788054
0.199031
0.326969
0.46411
0.595214
0.705388
0.794366
0.854297
0.883934
0.894144
0.892009
0.879385
0.821328
0.809995
-0.432741
-0.402496
-0.33878
-0.253294
-0.154891
-0.0487743
0.0639723
0.184633
0.313054
0.451065
0.583979
0.697254
0.793101
0.858665
0.886515
0.895992
0.885193
0.844795
0.778282
0.739391
-0.451629
-0.420503
-0.35325
-0.267732
-0.168473
-0.0628047
0.0494481
0.170131
0.298572
0.436772
0.570579
0.685689
0.786363
0.8588
0.899354
0.872796
0.838186
0.769862
0.697268
0.653926
-0.0224199
0.0948443
0.219016
0.351662
0.489032
0.615167
0.721398
0.540129
-0.468657
-0.452841
-0.413793
-0.341496
-0.249632
-0.148818
-0.0398258
0.0763247
0.199752
0.331288
0.467723
0.593461
0.698538
0.782998
0.832912
0.774867
0.630111
0.538439
0.466712
-0.487495
-0.474757
-0.43016
-0.356656
-0.264357
-0.163246
-0.0546977
0.0609939
0.183615
0.313885
0.448307
0.570973
0.670296
0.739907
0.735108
0.621103
0.472285
0.363891
0.273474
-0.509569
-0.497247
-0.449869
-0.375328
-0.283079
-0.181677
-0.0730807
0.0422999
0.164002
0.292708
0.424111
0.541609
0.629787
0.680964
0.638203
0.471054
0.304692
0.171163
0.0535649
-0.531748
-0.519403
-0.470534
-0.394737
-0.302234
-0.200871
-0.0925924
0.0220508
0.142522
0.269156
0.396909
0.508191
0.588447
0.611148
0.519038
0.323895
0.128631
-0.0455112
-0.209594
-0.553366
-0.541396
-0.49179
-0.414981
-0.322129
-0.220816
-0.113008
0.000726655
0.119756
0.243922
0.367428
0.471661
0.54189
0.525288
0.389599
0.185832
-0.030458
-0.226887
-0.409083
-0.575533
-0.563819
-0.513922
-0.436501
-0.34338
-0.242059
-0.134661
-0.0217984
0.0956964
0.217191
0.336128
0.432106
0.487752
0.44856
0.270145
0.068747
-0.144066
-0.337267
-0.454841
-0.524304
-0.59901
-0.587447
-0.537299
-0.45957
-0.366385
-0.265175
-0.158268
-0.0464157
0.0692839
0.18765
0.301397
0.388745
0.427586
0.361349
0.162249
-0.0318811
-0.217625
-0.355771
-0.400405
-0.423997
-0.623974
-0.612511
-0.562186
-0.484303
-0.391216
-0.290335
-0.184121
-0.0735701
0.0399501
0.154615
0.262403
0.34086
0.357428
0.252862
0.0647794
-0.115256
-0.272327
-0.354846
-0.375502
-0.380367
-0.650679
-0.639203
-0.588694
-0.510719
-0.417863
-0.317497
-0.212241
-0.1033
0.00764183
0.118072
0.219079
0.288237
0.275619
0.148871
-0.0255889
-0.193918
-0.316361
-0.361161
-0.360386
-0.361324
-0.679045
-0.667661
-0.616854
-0.538827
-0.446325
-0.346663
-0.242627
-0.135608
-0.0276497
0.0780484
0.171622
0.229818
0.199111
0.0510418
-0.1086
-0.264471
-0.332101
-0.349122
-0.350576
-0.350266
-0.708928
-0.697553
-0.646564
-0.568548
-0.476519
-0.377785
-0.275228
-0.170474
-0.0658986
0.034614
0.120357
0.166029
0.129871
-0.0335993
-0.183425
-0.301828
-0.351031
-0.343855
-0.343701
-0.343756
-0.73984
-0.728382
-0.677569
-0.599639
-0.508256
-0.410685
-0.309906
-0.20777
-0.106956
-0.0119132
0.0655678
0.101343
0.0492842
-0.108314
-0.243714
-0.32503
-0.342376
-0.339987
-0.339705
-0.339384
-0.771276
-0.759732
-0.709227
-0.631695
-0.541167
-0.445035
-0.346364
-0.247208
-0.150559
-0.0611078
0.00801206
0.0325829
-0.0363863
-0.17164
-0.289718
-0.314299
-0.330148
-0.335512
-0.336311
-0.336261
-0.802254
-0.790711
-0.740718
-0.664021
-0.574686
-0.48034
-0.384144
-0.288326
-0.196206
-0.112542
-0.0504258
-0.0411825
-0.111168
-0.226492
-0.308014
-0.354249
-0.339784
-0.336003
-0.33483
-0.334558
-0.830994
-0.820215
-0.771147
-0.695593
-0.607994
-0.515875
-0.422583
-0.330466
-0.243136
-0.165545
-0.108143
-0.108253
-0.177496
-0.272398
-0.333527
-0.343026
-0.337782
-0.334719
-0.333551
-0.333228
-0.856626
-0.84616
-0.79911
-0.725196
-0.640007
-0.550658
-0.460796
-0.372787
-0.290368
-0.218891
-0.165801
-0.166952
-0.234718
-0.305529
-0.348807
-0.343146
-0.341411
-0.338504
-0.33694
-0.33632
-0.876599
-0.866791
-0.822178
-0.751482
-0.669368
-0.583526
-0.497676
-0.414253
-0.336832
-0.271142
-0.223467
-0.220098
-0.275747
-0.329668
-0.362357
-0.363938
-0.353086
-0.348418
-0.34658
-0.345391
-0.888897
-0.880137
-0.838833
-0.772171
-0.694387
-0.613083
-0.532016
-0.453638
-0.381424
-0.321078
-0.27802
-0.267973
-0.302779
-0.324781
-0.331624
-0.340081
-0.346473
-0.349433
-0.349557
-0.349529
-0.890968
-0.883782
-0.846897
-0.785575
-0.713313
-0.637791
-0.562431
-0.489683
-0.422979
-0.367498
-0.326894
-0.309472
-0.326179
-0.308248
-0.317716
-0.33136
-0.340357
-0.343608
-0.345293
-0.346187
-0.880911
-0.875127
-0.84408
-0.789824
-0.724717
-0.656188
-0.587568
-0.521154
-0.460206
-0.409482
-0.371484
-0.346715
-0.354715
-0.349386
-0.36221
-0.355642
-0.354508
-0.354002
-0.353762
-0.353616
-0.85549
-0.851408
-0.827854
-0.783517
-0.727581
-0.667342
-0.606374
-0.546771
-0.491756
-0.446115
-0.411879
-0.378587
-0.379568
-0.417671
-0.42299
-0.390268
-0.371023
-0.363532
-0.360617
-0.359511
-0.818103
-0.815548
-0.800237
-0.766933
-0.721996
-0.671188
-0.618405
-0.56571
-0.516318
-0.475223
-0.44694
-0.415167
-0.386065
-0.389278
-0.3957
-0.374002
-0.355872
-0.34846
-0.346031
-0.345005
-0.775476
-0.773859
-0.766241
-0.74393
-0.710199
-0.668887
-0.624119
-0.577811
-0.533089
-0.494656
-0.467487
-0.429719
-0.3663
-0.302986
-0.296835
-0.315684
-0.317548
-0.31702
-0.319002
-0.320349
-0.73748
-0.736431
-0.732879
-0.72059
-0.696093
-0.663043
-0.624967
-0.583901
-0.541931
-0.503499
-0.474321
-0.434061
-0.37377
-0.285905
-0.176817
-0.150653
-0.220369
-0.292253
-0.327214
-0.340258
-0.710274
-0.709685
-0.707359
-0.701222
-0.683984
-0.657008
-0.623497
-0.585437
-0.544512
-0.502876
-0.468748
-0.431053
-0.433367
-0.501348
-0.660607
-0.833933
-0.932841
-0.952101
-0.862763
-0.789329
-0.690308
-0.689874
-0.688988
-0.686605
-0.675882
-0.653276
-0.621932
-0.584528
-0.541998
-0.495086
-0.452389
-0.411803
-0.453893
-0.612634
-0.878194
-1.10508
-1.12492
-1.04743
-0.934686
-0.839587
-0.678164
-0.678042
-0.677643
-0.676185
-0.670799
-0.651843
-0.620995
-0.582297
-0.536515
-0.484545
-0.429628
-0.394486
-0.355758
-0.362201
-0.373326
-0.410595
-0.378377
-0.289919
-0.196048
-0.128683
-0.670018
-0.66998
-0.669645
-0.669247
-0.666795
-0.651916
-0.621359
-0.579983
-0.530903
-0.471982
-0.403982
-0.3462
-0.248647
-0.0659744
0.174268
0.419217
0.634283
0.78678
0.864513
0.902991
-0.664983
-0.664997
-0.664938
-0.664863
-0.663494
-0.653487
-0.623375
-0.579661
-0.525668
-0.45939
-0.378714
-0.289493
-0.15765
0.118468
0.497396
0.875952
1.20632
1.40151
1.48446
1.50676
-0.660734
-0.660807
-0.660804
-0.660666
-0.660603
-0.654828
-0.627727
-0.581814
-0.522038
-0.450376
-0.359322
-0.254698
-0.11766
0.168611
0.540505
0.899761
1.214
1.41083
1.48476
1.49844
-0.658026
-0.65809
-0.657916
-0.657163
-0.65605
-0.655742
-0.634697
-0.586494
-0.52262
-0.446321
-0.352783
-0.247196
-0.134754
0.110526
0.420543
0.702228
0.934572
1.07417
1.13108
1.1484
-0.657266
-0.657945
-0.659694
-0.663839
-0.668626
-0.671079
-0.646604
-0.592012
-0.527432
-0.45049
-0.359095
-0.259666
-0.167008
0.0275875
0.27766
0.484617
0.642387
0.740843
0.788472
0.808798
-0.653493
-0.65499
-0.658789
-0.668907
-0.687326
-0.691265
-0.652866
-0.596719
-0.538203
-0.462864
-0.374638
-0.283717
-0.20816
-0.0601596
0.140035
0.307257
0.436687
0.525684
0.5717
0.589878
-0.669232
-0.67045
-0.671139
-0.661708
-0.635981
-0.608587
-0.606701
-0.596193
-0.553827
-0.479724
-0.394411
-0.313167
-0.245255
-0.132006
0.0303599
0.170271
0.280095
0.359619
0.40041
0.414512
-0.712871
-0.71242
-0.708707
-0.677425
-0.606651
-0.551023
-0.577013
-0.60943
-0.576939
-0.500155
-0.41443
-0.339729
-0.280732
-0.193099
-0.0636858
0.0517162
0.142976
0.210516
0.244106
0.254617
-0.780169
-0.77539
-0.780765
-0.793763
-0.803941
-0.781667
-0.760748
-0.719835
-0.624448
-0.52395
-0.432478
-0.36316
-0.311619
-0.242577
-0.134715
-0.0430606
0.0290023
0.0805717
0.104601
0.11155
-0.931741
-0.932983
-0.974724
-1.04466
-1.09299
-1.08531
-1.02046
-0.860847
-0.68901
-0.549712
-0.445669
-0.376822
-0.328432
-0.275056
-0.189707
-0.117764
-0.0610525
-0.02251
-0.00434905
0.000789079
-1.0607
-1.07034
-1.1138
-1.16856
-1.20574
-1.19811
-1.12063
-0.925112
-0.717231
-0.555981
-0.445277
-0.377792
-0.334576
-0.289417
-0.226736
-0.171917
-0.129273
-0.101006
-0.0881666
-0.0854278
-1.01852
-1.02889
-1.06
-1.09977
-1.1295
-1.12256
-1.04344
-0.852257
-0.668109
-0.522313
-0.422946
-0.363411
-0.327209
-0.294335
-0.250032
-0.210222
-0.179886
-0.160438
-0.152064
-0.151169
-0.780259
-0.791738
-0.821061
-0.863192
-0.899508
-0.901012
-0.824925
-0.686427
-0.55556
-0.451638
-0.378699
-0.333656
-0.307319
-0.285704
-0.256937
-0.234311
-0.217775
-0.208594
-0.20542
-0.205538
-0.426463
-0.434999
-0.456629
-0.491011
-0.527813
-0.545999
-0.524157
-0.473893
-0.414088
-0.362939
-0.321361
-0.293451
-0.277203
-0.265002
-0.252158
-0.245813
-0.243617
-0.245166
-0.246988
-0.247521
-0.108569
-0.113417
-0.12654
-0.152617
-0.190079
-0.23007
-0.257558
-0.273692
-0.278632
-0.272057
-0.259298
-0.246893
-0.237517
-0.234066
-0.236507
-0.243025
-0.252823
-0.261245
-0.265873
-0.266429
0.0807746
0.0780576
0.0699478
0.0498709
0.0138923
-0.0365276
-0.0921271
-0.138902
-0.173524
-0.194053
-0.202587
-0.201835
-0.197151
-0.199937
-0.212603
-0.227552
-0.242031
-0.252616
-0.257063
-0.257563
0.149743
0.148059
0.142471
0.126729
0.0959359
0.04957
-0.00533242
-0.0591633
-0.104465
-0.137547
-0.157599
-0.165986
-0.16731
-0.175262
-0.190353
-0.205055
-0.217414
-0.225344
-0.228084
-0.228564
0.152169
0.151125
0.147104
0.135469
0.112219
0.0762777
0.0318466
-0.015514
-0.0599929
-0.097427
-0.125121
-0.143605
-0.154828
-0.163862
-0.172534
-0.180313
-0.186694
-0.190108
-0.191086
-0.191598
0.128998
0.128438
0.125706
0.117644
0.101272
0.0754491
0.0417857
0.00346097
-0.0347531
-0.0702483
-0.101455
-0.128821
-0.15074
-0.157871
-0.157989
-0.156856
-0.156741
-0.15618
-0.155987
-0.156523
0.0998762
0.0996659
0.0979449
0.0926489
0.0816049
0.0637319
0.0395083
0.0105086
-0.0206562
-0.0516814
-0.081807
-0.11224
-0.13817
-0.142245
-0.135858
-0.132129
-0.129851
-0.12865
-0.128551
-0.129082
0.0718379
0.0718325
0.0708826
0.0676207
0.0605195
0.0486251
0.031883
0.011174
-0.0120507
-0.0366375
-0.0621079
-0.0870623
-0.106585
-0.10855
-0.105873
-0.105492
-0.106118
-0.107149
-0.107928
-0.108274
0.0469975
0.0470837
0.046625
0.0448011
0.0405458
0.0331303
0.0223727
0.00872742
-0.00700233
-0.0238426
-0.0406119
-0.0563128
-0.0658902
-0.0673134
-0.0708676
-0.0757488
-0.0807639
-0.0845711
-0.0862495
-0.0863478
0.0248986
0.0250573
0.0249292
0.0241157
0.0220273
0.0182015
0.0125062
0.00519596
-0.00335877
-0.012431
-0.0216963
-0.0272206
-0.0264804
-0.0292403
-0.0361036
-0.0427872
-0.0490189
-0.0535584
-0.0552907
-0.055205
0.0147758
0.0148329
0.014647
0.0138807
0.0122162
0.0094477
0.0054761
0.00078714
-0.00451697
-0.0101158
-0.0142392
-0.0131969
-0.00823684
-0.0162665
-0.0229731
-0.0288595
-0.0329593
-0.0349412
-0.0350544
-0.012105
-0.384724
-0.0587067
0.157663
0.342368
0.490371
0.606961
0.699138
0.777525
0.832969
0.827808
0.0935228
0.244622
0.378351
0.496702
0.596857
0.67994
0.747968
0.800253
0.83225
0.845561
0.349196
0.443586
0.532588
0.614567
0.685367
0.745296
0.794271
0.831644
0.859002
0.877759
0.523085
0.58616
0.651843
0.711092
0.763205
0.807885
0.845246
0.875598
0.900548
0.918141
0.656222
0.701724
0.752254
0.796573
0.836836
0.87239
0.903186
0.929399
0.95149
0.966666
0.765142
0.802248
0.841187
0.877627
0.911158
0.941708
0.968883
0.992363
1.01194
1.02453
0.860842
0.8932
0.926552
0.9595
0.990309
1.01872
1.04414
1.06594
1.08345
1.09388
0.950769
0.982212
1.01524
1.04835
1.07908
1.10713
1.13187
1.15259
1.16837
1.17733
1.04488
1.07994
1.11578
1.15108
1.18284
1.21088
1.23488
1.25442
1.26877
1.27751
1.15722
1.19788
1.23658
1.27309
1.30469
1.33155
1.35397
1.37197
1.38538
1.39544
1.30064
1.34364
1.38104
1.41413
1.44189
1.46552
1.48604
1.50332
1.51722
1.5294
1.47834
1.51532
1.54333
1.56728
1.58828
1.60757
1.62574
1.64279
1.65892
1.67425
1.67562
1.695
1.71068
1.7268
1.74337
1.75878
1.77237
1.78548
1.80098
1.81885
1.86458
1.87231
1.88417
1.89583
1.90569
1.91484
1.92508
1.93639
1.94771
1.955
2.08339
2.08165
2.07355
2.05655
2.04515
2.04453
2.05669
2.08152
2.1152
2.14279
2.49192
2.3051
2.20353
2.1461
2.11705
2.1104
2.12567
2.16629
2.24206
2.38835
-0.43914
-0.440493
-0.400008
-0.326609
-0.234005
-0.132278
0.818707
0.877012
0.859852
0.776102
0.69705
0.621109
0.397175
0.182411
-0.076623
-0.42028
-0.769819
)
;

boundaryField
{
    wall-4
    {
        type            zeroGradient;
    }
    pressure-outlet-7
    {
        type            fixedValue;
        value           uniform 0;
    }
    velocity-inlet-6
    {
        type            zeroGradient;
    }
    velocity-inlet-5
    {
        type            zeroGradient;
    }
    frontAndBackPlanes
    {
        type            empty;
    }
}


// ************************************************************************* //
