/*--------------------------------*- C++ -*----------------------------------*\
| =========                 |                                                 |
| \\      /  F ield         | OpenFOAM: The Open Source CFD Toolbox           |
|  \\    /   O peration     | Version:  v2012                                 |
|   \\  /    A nd           | Website:  www.openfoam.com                      |
|    \\/     M anipulation  |                                                 |
\*---------------------------------------------------------------------------*/
FoamFile
{
    version     2.0;
    format      ascii;
    class       volScalarField;
    location    "26";
    object      p;
}
// * * * * * * * * * * * * * * * * * * * * * * * * * * * * * * * * * * * * * //

dimensions      [0 2 -2 0 0 0 0];


internalField   nonuniform List<scalar> 
8800
(
0.462663
0.414611
0.376231
0.347584
0.326948
0.312174
0.301539
0.293992
0.289088
0.286925
0.288074
0.292164
0.298737
0.307999
0.3207
0.338252
0.36267
0.396262
0.438691
0.495813
0.295201
0.302406
0.31084
0.314251
0.312328
0.306791
0.300059
0.293865
0.289051
0.286104
0.285704
0.288088
0.292491
0.2984
0.305241
0.31181
0.315908
0.315375
0.309289
0.300296
0.271923
0.278101
0.282299
0.285656
0.288147
0.288929
0.287792
0.2856
0.283489
0.282462
0.283289
0.285552
0.288274
0.290402
0.290864
0.289279
0.286388
0.282717
0.278168
0.274378
0.266816
0.269518
0.272242
0.274554
0.276196
0.277508
0.278388
0.278543
0.278194
0.278023
0.278621
0.279632
0.280289
0.280117
0.279232
0.277965
0.276158
0.273612
0.27116
0.269628
0.261663
0.263087
0.264896
0.26696
0.268716
0.270012
0.271007
0.27182
0.272403
0.272859
0.273318
0.27359
0.273465
0.272982
0.272173
0.270873
0.269094
0.267149
0.265792
0.264971
0.256711
0.257626
0.258884
0.260493
0.262167
0.263699
0.264951
0.265972
0.266866
0.267622
0.268086
0.268166
0.267906
0.267297
0.266268
0.264912
0.263441
0.262079
0.261215
0.260676
0.251937
0.252601
0.25359
0.254935
0.256392
0.257895
0.259349
0.260633
0.261729
0.262651
0.263212
0.263304
0.26296
0.262202
0.261159
0.260004
0.258823
0.257774
0.257139
0.256748
0.247318
0.247824
0.248651
0.249853
0.2512
0.252632
0.254123
0.255596
0.256935
0.258053
0.258748
0.258867
0.258477
0.257746
0.256838
0.255848
0.254846
0.253991
0.253499
0.253204
0.242836
0.24323
0.243939
0.245047
0.246345
0.247732
0.249198
0.25072
0.252223
0.253572
0.254436
0.254661
0.254407
0.253849
0.253111
0.252261
0.251392
0.250688
0.250303
0.250074
0.238449
0.238754
0.23938
0.240428
0.241695
0.243066
0.244539
0.246113
0.247756
0.24934
0.250433
0.250865
0.250822
0.250466
0.249894
0.24919
0.248443
0.247854
0.247553
0.247378
0.234136
0.234372
0.234938
0.23596
0.237228
0.238651
0.240233
0.241929
0.243705
0.245494
0.246923
0.247703
0.247917
0.247713
0.247261
0.24668
0.246038
0.245546
0.245314
0.24518
0.229869
0.23004
0.230561
0.231582
0.232876
0.234327
0.23596
0.237822
0.239899
0.242064
0.243858
0.244912
0.245368
0.245423
0.245197
0.244758
0.244221
0.243815
0.243647
0.243552
0.225704
0.225814
0.226275
0.227245
0.228515
0.229983
0.231673
0.233629
0.235888
0.238428
0.240717
0.242294
0.243211
0.243627
0.243676
0.243468
0.243121
0.242849
0.242752
0.24269
0.221587
0.221653
0.222058
0.222967
0.224227
0.225756
0.227601
0.229848
0.232525
0.235598
0.238479
0.240555
0.241847
0.242581
0.242936
0.243
0.242885
0.242774
0.24274
0.242696
0.217216
0.217272
0.217611
0.21843
0.219638
0.221189
0.223152
0.225631
0.228729
0.232443
0.236071
0.23883
0.240748
0.241992
0.242762
0.243196
0.243393
0.243481
0.243507
0.243465
0.212187
0.212234
0.212562
0.213358
0.214613
0.216302
0.21853
0.221438
0.22514
0.229677
0.234221
0.23779
0.240323
0.242086
0.24331
0.244095
0.244574
0.244825
0.244892
0.244845
0.206234
0.206282
0.206644
0.207483
0.208872
0.210799
0.213398
0.216857
0.221356
0.226952
0.232618
0.237139
0.240439
0.242802
0.244472
0.24563
0.246386
0.246775
0.246873
0.246819
0.199057
0.199106
0.199541
0.200523
0.202137
0.204429
0.207562
0.211786
0.21731
0.224223
0.231284
0.236961
0.241147
0.244175
0.24636
0.247906
0.248925
0.249428
0.249552
0.24949
0.190357
0.190407
0.190941
0.192159
0.194156
0.19699
0.200884
0.206149
0.213028
0.221612
0.230363
0.237389
0.242586
0.246391
0.24913
0.251084
0.25235
0.252961
0.253121
0.253053
0.179821
0.179871
0.180533
0.182079
0.184612
0.188196
0.193123
0.199735
0.208334
0.219001
0.229814
0.238485
0.244905
0.249555
0.252997
0.255417
0.256941
0.257669
0.257869
0.257791
0.167009
0.167055
0.167883
0.169865
0.173151
0.177766
0.184059
0.192449
0.203244
0.216487
0.229787
0.240411
0.248261
0.253991
0.258182
0.261087
0.262929
0.263817
0.264065
0.263973
0.151314
0.151368
0.152433
0.154992
0.159258
0.165271
0.1734
0.184116
0.197697
0.214101
0.230371
0.243283
0.252826
0.259806
0.26486
0.268388
0.270604
0.271695
0.271992
0.27188
0.13162
0.131698
0.13313
0.136547
0.142199
0.150152
0.160792
0.17458
0.191704
0.211961
0.231725
0.247283
0.258766
0.267172
0.27326
0.277509
0.280189
0.281507
0.281852
0.281713
0.106184
0.106321
0.108384
0.113206
0.120984
0.131746
0.145916
0.163796
0.185378
0.210244
0.234031
0.25257
0.266227
0.276246
0.283526
0.288642
0.291891
0.293467
0.293854
0.293679
0.0719837
0.0722842
0.0756478
0.0830675
0.0944304
0.109532
0.128689
0.151931
0.178982
0.209212
0.237498
0.259298
0.275324
0.287125
0.295773
0.301918
0.305835
0.307692
0.308107
0.307885
0.023199
0.0244435
0.0312736
0.0440795
0.061684
0.0834497
0.109458
0.139452
0.172955
0.209183
0.242306
0.267543
0.286059
0.299772
0.309949
0.317308
0.322023
0.324199
0.324622
0.324336
-0.0491334
-0.0411677
-0.0254735
-0.00286924
0.0241362
0.0548218
0.0891988
0.126984
0.167677
0.210501
0.248945
0.278032
0.299431
0.315454
0.327599
0.336615
0.342541
0.345371
0.34599
0.345796
-0.126446
-0.108717
-0.0833848
-0.050423
-0.0137117
0.02606
0.0689348
0.114747
0.163097
0.21333
0.258205
0.292272
0.317571
0.336775
0.351642
0.36308
0.370697
0.374463
0.375587
0.375586
-0.190407
-0.169682
-0.136404
-0.0949102
-0.0496021
-0.00132883
0.0497337
0.103359
0.159136
0.216438
0.267311
0.305872
0.334592
0.356538
0.373569
0.386587
0.395686
0.400285
0.401172
0.401285
-0.242443
-0.219665
-0.18135
-0.133798
-0.0817766
-0.0264327
0.0317935
0.0925084
0.155179
0.219066
0.275394
0.317874
0.349399
0.373389
0.391985
0.406197
0.416361
0.421316
0.422382
0.422601
-0.285437
-0.261605
-0.219731
-0.167439
-0.110085
-0.0489689
0.0153229
0.0822552
0.151107
0.220971
0.282185
0.328012
0.361785
0.387347
0.407069
0.422151
0.432752
0.438197
0.439622
0.439869
-0.322171
-0.297714
-0.253165
-0.19716
-0.135337
-0.0693447
0.000166846
0.0725476
0.146926
0.222177
0.287764
0.336497
0.372109
0.398843
0.419302
0.434883
0.445669
0.451429
0.45309
0.453337
-0.354569
-0.32972
-0.283088
-0.223968
-0.158418
-0.0882095
-0.0140924
0.0631588
0.142546
0.222741
0.292351
0.343702
0.380885
0.408515
0.42942
0.445184
0.456075
0.461922
0.46367
0.463865
-0.384069
-0.358866
-0.310542
-0.248755
-0.17999
-0.106088
-0.0278719
0.0537988
0.137811
0.222661
0.296096
0.349938
0.388585
0.416982
0.438236
0.454078
0.464977
0.470871
0.472719
0.47289
-0.411541
-0.386021
-0.336209
-0.272164
-0.200573
-0.123393
-0.0414942
0.0442149
0.132552
0.221849
0.299051
0.355378
0.395482
0.424678
0.44632
0.462313
0.473216
0.47904
0.480958
0.481145
-0.437684
-0.411799
-0.360583
-0.294622
-0.220489
-0.140396
-0.0551843
0.0342292
0.126617
0.220212
0.301178
0.360096
0.401811
0.431946
0.454062
0.470246
0.481188
0.486917
0.488801
0.489003
-0.462799
-0.436515
-0.384212
-0.316382
-0.239985
-0.15729
-0.0690856
0.0237239
0.11991
0.21768
0.302493
0.36423
0.407771
0.438998
0.461729
0.478211
0.48924
0.49491
0.49667
0.496808
-0.487227
-0.460424
-0.407164
-0.337627
-0.259228
-0.174198
-0.0832835
0.0126342
0.112378
0.214221
0.30301
0.367779
0.413379
0.44592
0.469434
0.48633
0.497483
0.503097
0.504703
0.504756
-0.511035
-0.483813
-0.429539
-0.358479
-0.27829
-0.191167
-0.0978154
0.000939913
0.104005
0.209792
0.302607
0.370662
0.418635
0.452739
0.477208
0.494617
0.505917
0.51144
0.51291
0.512847
-0.534316
-0.506586
-0.451422
-0.378984
-0.297193
-0.208205
-0.112676
-0.011359
0.094765
0.204299
0.301173
0.372797
0.423485
0.459442
0.48505
0.503055
0.514486
0.519859
0.521153
0.520992
-0.55714
-0.528853
-0.472802
-0.399141
-0.315932
-0.225286
-0.127827
-0.0242311
0.0846587
0.19771
0.298636
0.374046
0.427817
0.465988
0.492957
0.511621
0.523141
0.528257
0.529332
0.529092
-0.57951
-0.550613
-0.493701
-0.418923
-0.334452
-0.24236
-0.143213
-0.0376198
0.0737354
0.190029
0.294893
0.374241
0.431475
0.472312
0.500955
0.520321
0.531781
0.536515
0.537328
0.537019
-0.601263
-0.571797
-0.51407
-0.438294
-0.352705
-0.259352
-0.158756
-0.0514311
0.0620788
0.181282
0.289862
0.373213
0.434238
0.478293
0.509109
0.529287
0.540403
0.544473
0.544953
0.544589
-0.622352
-0.592353
-0.53387
-0.457192
-0.370629
-0.276193
-0.174356
-0.065573
0.0497767
0.171505
0.283504
0.370793
0.43584
0.483698
0.517477
0.538882
0.549279
0.55207
0.552017
0.55164
-0.642844
-0.612234
-0.553065
-0.475576
-0.388156
-0.292795
-0.189918
-0.0799363
0.0369307
0.16079
0.275798
0.366847
0.43597
0.488109
0.525917
0.549678
0.559397
0.559812
0.558428
0.558131
-0.662564
-0.631429
-0.571595
-0.493376
-0.405221
-0.309075
-0.205348
-0.0944067
0.0236711
0.149258
0.266775
0.361267
0.434327
0.490896
0.533797
0.561918
0.572688
0.570364
0.565594
0.564188
-0.681595
-0.649934
-0.589477
-0.510621
-0.421858
-0.325078
-0.220701
-0.109044
0.00992846
0.136838
0.256308
0.3538
0.430603
0.491248
0.53979
0.574609
0.590309
0.589589
0.578684
0.565252
-0.699871
-0.667742
-0.606843
-0.527498
-0.438358
-0.341138
-0.236392
-0.124337
-0.00485518
0.122857
0.243694
0.343558
0.424088
0.487918
0.541041
0.583309
0.604807
0.599469
0.584418
0.569746
-0.71723
-0.684881
-0.623525
-0.543779
-0.454456
-0.356929
-0.252198
-0.139952
-0.0203484
0.107629
0.229137
0.330242
0.414359
0.480136
0.532446
0.575729
0.598992
0.582504
0.512774
0.478929
-0.733232
-0.702525
-0.639132
-0.558884
-0.469445
-0.371954
-0.267835
-0.155644
-0.0363015
0.0913238
0.212695
0.313694
0.400555
0.46837
0.5105
0.543645
0.550221
0.501959
0.428783
0.383933
-0.782655
-0.718734
-0.653393
-0.57384
-0.484485
-0.387416
-0.283282
-0.171618
-0.0529982
0.0735841
0.193924
0.293687
0.379686
0.454311
0.462797
0.474343
0.443151
0.380011
0.301556
0.257716
-0.749244
-0.732663
-0.674234
-0.59554
-0.506624
-0.409975
-0.306832
-0.196202
-0.079135
0.045091
0.162216
0.258664
0.335536
0.409765
0.410688
0.303541
0.199536
0.127585
0.0533402
0.0922085
-0.779943
-0.750294
-0.690783
-0.612379
-0.523671
-0.427422
-0.324263
-0.214482
-0.0987754
0.0231935
0.136897
0.229111
0.29803
0.337266
0.292751
0.145562
0.0151303
-0.0771698
-0.177907
-0.119507
-0.80313
-0.770997
-0.709926
-0.631237
-0.542605
-0.44653
-0.343631
-0.234876
-0.120842
-0.00167143
0.10783
0.194262
0.25313
0.260449
0.154087
-0.0262577
-0.185522
-0.309021
-0.443313
-0.398127
-0.825643
-0.792163
-0.729917
-0.650501
-0.561751
-0.465853
-0.363572
-0.25597
-0.143797
-0.0277602
0.0767992
0.156676
0.20091
0.173435
0.0097285
-0.198775
-0.399649
-0.58279
-0.781473
-0.773556
-0.847429
-0.81369
-0.750621
-0.670566
-0.581652
-0.485989
-0.384438
-0.278093
-0.168009
-0.0554276
0.0436417
0.116288
0.142838
0.079363
-0.12871
-0.357596
-0.590004
-0.793628
-1.07124
-1.36163
-0.869399
-0.835774
-0.772283
-0.691795
-0.602713
-0.507238
-0.406344
-0.301268
-0.193352
-0.084389
0.00898705
0.0735185
0.0820252
-0.033324
-0.250403
-0.484081
-0.714737
-0.901008
-0.98941
-1.139
-0.89236
-0.858838
-0.79518
-0.7145
-0.625377
-0.530175
-0.430026
-0.326377
-0.220929
-0.116039
-0.0288441
0.0260486
0.00913026
-0.148683
-0.359286
-0.57749
-0.768718
-0.875829
-0.900691
-0.921211
-0.916609
-0.883187
-0.819442
-0.73873
-0.64973
-0.554952
-0.455764
-0.353824
-0.251254
-0.151057
-0.0704875
-0.0274213
-0.0687932
-0.255806
-0.458238
-0.650593
-0.798584
-0.84639
-0.861216
-0.863336
-0.942338
-0.908893
-0.845097
-0.764433
-0.675674
-0.581513
-0.483509
-0.383583
-0.284314
-0.18943
-0.115978
-0.0873524
-0.148556
-0.356592
-0.54999
-0.721916
-0.823676
-0.83834
-0.840624
-0.840683
-0.9695
-0.93598
-0.872128
-0.791548
-0.703158
-0.609776
-0.513179
-0.415573
-0.320007
-0.231002
-0.165493
-0.149673
-0.243994
-0.449335
-0.634723
-0.778798
-0.824186
-0.82997
-0.830341
-0.829626
-0.99778
-0.964096
-0.900397
-0.819928
-0.732025
-0.639596
-0.544633
-0.449645
-0.358182
-0.275532
-0.218669
-0.218308
-0.347323
-0.537048
-0.705397
-0.813427
-0.820926
-0.822623
-0.823513
-0.82305
-1.02658
-0.992927
-0.929518
-0.849298
-0.76201
-0.670711
-0.577587
-0.485511
-0.398481
-0.322687
-0.274129
-0.294572
-0.445973
-0.619989
-0.764287
-0.811655
-0.825138
-0.821714
-0.818405
-0.817608
-1.05554
-1.02208
-0.958918
-0.879211
-0.792684
-0.702686
-0.611606
-0.522689
-0.440358
-0.37176
-0.331421
-0.369191
-0.546928
-0.704598
-0.801045
-0.843154
-0.833191
-0.82489
-0.820858
-0.818551
-1.08361
-1.05079
-0.988038
-0.908995
-0.823419
-0.734913
-0.646063
-0.56044
-0.483061
-0.421548
-0.391074
-0.443125
-0.646321
-0.811961
-0.836707
-0.83335
-0.848212
-0.846926
-0.843976
-0.84251
-1.10968
-1.07747
-1.01605
-0.937809
-0.853381
-0.766566
-0.680095
-0.597764
-0.525485
-0.470924
-0.450685
-0.5164
-0.735281
-0.981926
-1.02454
-0.975651
-0.96254
-0.953794
-0.944458
-0.937742
-1.13232
-1.10128
-1.04151
-0.964558
-0.881578
-0.796544
-0.712557
-0.633466
-0.565889
-0.518645
-0.504228
-0.591013
-0.80644
-1.12737
-1.57884
-1.32522
-1.18161
-1.15553
-1.13425
-1.12245
-1.14986
-1.12066
-1.06297
-0.987909
-0.906699
-0.823655
-0.742031
-0.666099
-0.60217
-0.562182
-0.551311
-0.649852
-0.828536
-0.910253
-0.973506
-1.08939
-1.19819
-1.21922
-1.21821
-1.21909
-1.16071
-1.13401
-1.07915
-1.00636
-0.927291
-0.846405
-0.766995
-0.693672
-0.632596
-0.597234
-0.594893
-0.689327
-0.793186
-0.522519
-0.19225
-0.64346
-1.10371
-1.22386
-1.23627
-1.23838
-1.16288
-1.13968
-1.08851
-1.01859
-0.941926
-0.8633
-0.785843
-0.71395
-0.65504
-0.620477
-0.630154
-0.766901
-1.04626
-1.27873
-1.56129
-1.96983
-1.93772
-1.63718
-1.44629
-1.44591
-1.15542
-1.13617
-1.08961
-1.02344
-0.949473
-0.873004
-0.796975
-0.725329
-0.665363
-0.630346
-0.646459
-0.872015
-1.51984
-2.5796
-3.27578
-3.60314
-3.46849
-3.04375
-2.60306
-2.40063
-1.13668
-1.12141
-1.08145
-1.02021
-0.949327
-0.874761
-0.799222
-0.726371
-0.661329
-0.616934
-0.621612
-0.835165
-1.45951
-2.28115
-2.98798
-3.26804
-3.12529
-2.78296
-2.44123
-2.28
-1.10809
-1.09729
-1.0644
-1.00926
-0.941667
-0.868678
-0.792649
-0.71602
-0.643513
-0.577858
-0.548021
-0.556331
-0.735147
-0.846825
-0.830569
-0.628902
-0.32589
-0.0540211
0.131282
0.212711
-1.07291
-1.06626
-1.04116
-0.992499
-0.928189
-0.85616
-0.778685
-0.696929
-0.611949
-0.522342
-0.418397
-0.276539
-0.0257143
0.447648
1.02334
1.5855
2.00252
2.24441
2.35195
2.38064
-1.03556
-1.03182
-1.01523
-0.973216
-0.911847
-0.840161
-0.760609
-0.674156
-0.577351
-0.470284
-0.341936
-0.203529
0.0819429
0.677607
1.361
1.96265
2.38739
2.63015
2.73723
2.76767
-1.00085
-0.998566
-0.98918
-0.955226
-0.896844
-0.824214
-0.74305
-0.653345
-0.556154
-0.443268
-0.326807
-0.206134
-0.0501026
0.389163
0.924017
1.37086
1.69356
1.87821
1.962
1.98703
-0.969353
-0.968406
-0.965265
-0.940001
-0.883621
-0.809454
-0.727489
-0.639628
-0.545187
-0.439776
-0.338391
-0.241475
-0.148968
0.120057
0.506334
0.819306
1.04803
1.1873
1.25685
1.27839
-0.947351
-0.948513
-0.948263
-0.92511
-0.866367
-0.790477
-0.710093
-0.626987
-0.539129
-0.44475
-0.358189
-0.28819
-0.231604
-0.0715651
0.186685
0.406985
0.571016
0.66722
0.710744
0.722492
-0.902909
-0.906089
-0.906921
-0.885484
-0.828751
-0.757809
-0.68442
-0.610274
-0.532873
-0.450929
-0.377342
-0.324591
-0.281607
-0.183512
-0.0116248
0.131972
0.23517
0.295221
0.322269
0.328526
-0.807925
-0.810732
-0.810308
-0.793914
-0.754597
-0.702538
-0.646243
-0.587066
-0.523226
-0.453848
-0.391089
-0.348169
-0.314546
-0.24555
-0.129267
-0.0387212
0.0228967
0.0576686
0.0714557
0.0726916
-0.687333
-0.688394
-0.688209
-0.681198
-0.663129
-0.635908
-0.601076
-0.55973
-0.510828
-0.454305
-0.399547
-0.359431
-0.32628
-0.280726
-0.211489
-0.152713
-0.113004
-0.0911392
-0.0816392
-0.081581
-0.593743
-0.593844
-0.594281
-0.593762
-0.589425
-0.579041
-0.561125
-0.534519
-0.498687
-0.45329
-0.406257
-0.365461
-0.328242
-0.292024
-0.254272
-0.22141
-0.196411
-0.180561
-0.173835
-0.174465
-0.54032
-0.540326
-0.541204
-0.543184
-0.543934
-0.541003
-0.532148
-0.514955
-0.48851
-0.452151
-0.412942
-0.377096
-0.343461
-0.31802
-0.292753
-0.26785
-0.248265
-0.235823
-0.230555
-0.231852
-0.517425
-0.517414
-0.51811
-0.520059
-0.521596
-0.520751
-0.515629
-0.503459
-0.482754
-0.452779
-0.42064
-0.39401
-0.374395
-0.36054
-0.34159
-0.315953
-0.294011
-0.280015
-0.274294
-0.275924
-0.514751
-0.514475
-0.514513
-0.515496
-0.516293
-0.515326
-0.510889
-0.500495
-0.481989
-0.454753
-0.427968
-0.412931
-0.416159
-0.415042
-0.386774
-0.357396
-0.334865
-0.321811
-0.316672
-0.317789
-0.528643
-0.528047
-0.527416
-0.527252
-0.526702
-0.524394
-0.518964
-0.50837
-0.489037
-0.459924
-0.432051
-0.419879
-0.434012
-0.434548
-0.405556
-0.375677
-0.355902
-0.345976
-0.342439
-0.3437
-0.558425
-0.557381
-0.556306
-0.555328
-0.553604
-0.550054
-0.543681
-0.532303
-0.511116
-0.476642
-0.43858
-0.411152
-0.413984
-0.415432
-0.39659
-0.375729
-0.360597
-0.352113
-0.350363
-0.350982
-0.602668
-0.601738
-0.600588
-0.599332
-0.597466
-0.594404
-0.589505
-0.580461
-0.56159
-0.524547
-0.470453
-0.415455
-0.398479
-0.39895
-0.383386
-0.360457
-0.340609
-0.329545
-0.326231
-0.327432
-0.660373
-0.659547
-0.658764
-0.658197
-0.658072
-0.65892
-0.661048
-0.663386
-0.660711
-0.636252
-0.564888
-0.474802
-0.432332
-0.42337
-0.394846
-0.354869
-0.318677
-0.29768
-0.296648
-0.298627
-0.726881
-0.726542
-0.726902
-0.72851
-0.732913
-0.742527
-0.760689
-0.790748
-0.83098
-0.848228
-0.757775
-0.618113
-0.540604
-0.506737
-0.448802
-0.375974
-0.317999
-0.291392
-0.292887
-0.293762
-0.793233
-0.793846
-0.796177
-0.801596
-0.813565
-0.837515
-0.882171
-0.960967
-1.07879
-1.17023
-1.06281
-0.849803
-0.72083
-0.647975
-0.540822
-0.42602
-0.337412
-0.306651
-0.313299
-0.317567
-0.84485
-0.846729
-0.851526
-0.861765
-0.883119
-0.924633
-1.00279
-1.14488
-1.36677
-1.55799
-1.43704
-1.13845
-0.94582
-0.829818
-0.689119
-0.552309
-0.467877
-0.446605
-0.44961
-0.455384
-0.864059
-0.867223
-0.874224
-0.88878
-0.918388
-0.97501
-1.08305
-1.28062
-1.58833
-1.86343
-1.7475
-1.40363
-1.17411
-1.033
-0.891494
-0.781942
-0.722236
-0.709247
-0.706209
-0.708917
-0.83661
-0.840194
-0.848105
-0.86474
-0.898339
-0.962396
-1.08425
-1.30624
-1.64971
-1.95366
-1.86409
-1.53634
-1.31935
-1.19817
-1.10423
-1.05236
-1.01465
-0.995082
-0.98535
-0.984101
-0.758066
-0.761406
-0.768721
-0.784247
-0.816093
-0.877215
-0.992772
-1.20457
-1.52652
-1.78836
-1.72277
-1.48196
-1.34088
-1.27238
-1.27681
-1.26787
-1.23053
-1.20221
-1.18579
-1.18064
-0.637467
-0.640168
-0.645712
-0.657742
-0.682994
-0.731948
-0.824927
-0.997081
-1.26042
-1.46349
-1.41977
-1.28794
-1.22949
-1.22464
-1.29909
-1.32308
-1.27794
-1.2457
-1.22702
-1.22003
-0.495544
-0.496875
-0.499849
-0.507137
-0.523459
-0.556009
-0.618795
-0.737691
-0.930597
-1.09562
-1.09102
-1.03455
-0.978111
-1.01573
-1.13305
-1.15704
-1.12818
-1.10383
-1.08997
-1.08381
-0.353289
-0.353489
-0.35425
-0.35716
-0.365041
-0.381863
-0.415388
-0.481094
-0.598555
-0.72391
-0.740182
-0.697837
-0.649547
-0.701704
-0.8173
-0.854541
-0.844992
-0.835515
-0.830221
-0.82722
-0.228249
-0.227713
-0.227082
-0.227086
-0.229008
-0.234272
-0.245709
-0.26924
-0.315366
-0.375035
-0.378775
-0.344465
-0.34383
-0.417447
-0.510678
-0.538564
-0.543276
-0.544882
-0.546237
-0.546053
-0.129627
-0.128824
-0.127749
-0.126671
-0.125799
-0.125047
-0.124488
-0.124206
-0.123401
-0.114404
-0.115345
-0.1056
-0.159045
-0.228451
-0.27683
-0.295285
-0.302384
-0.306977
-0.310377
-0.311328
-0.0583349
-0.0576369
-0.056878
-0.0562068
-0.0551187
-0.0530461
-0.0494576
-0.0432126
-0.0321247
-0.0137477
-0.00106237
-0.0172166
-0.0610437
-0.0988548
-0.121223
-0.13013
-0.134645
-0.137751
-0.140481
-0.141466
-0.00920048
-0.00903374
-0.00848047
-0.0078191
-0.0072243
-0.00677522
-0.00607853
-0.00480846
-0.00260379
0.000974828
0.00475417
0.00381039
-0.0040071
-0.01247
-0.0188712
-0.0201813
-0.0217187
-0.0219874
-0.022655
-0.0234918
-0.566769
-0.354764
-0.127063
0.0599047
0.210523
0.331126
0.4326
0.517486
0.552301
0.536584
-0.197487
-0.0587514
0.0849447
0.209154
0.314279
0.402014
0.472827
0.522651
0.548916
0.561352
0.0489935
0.142127
0.238796
0.325199
0.399596
0.461856
0.511165
0.547437
0.573596
0.591061
0.224649
0.289205
0.357331
0.419798
0.47399
0.519823
0.55735
0.587427
0.61134
0.629343
0.359627
0.405994
0.456665
0.503479
0.545103
0.581287
0.612134
0.6379
0.658595
0.67637
0.469562
0.504821
0.5459
0.583522
0.617933
0.648745
0.675607
0.698235
0.715866
0.733382
0.565927
0.596136
0.631872
0.665457
0.696563
0.724759
0.749404
0.769847
0.784865
0.802291
0.656909
0.687144
0.722131
0.755145
0.785503
0.812752
0.836195
0.855026
0.867957
0.885427
0.753721
0.787709
0.824757
0.859032
0.889547
0.916103
0.93834
0.955674
0.967309
0.985132
0.869588
0.908271
0.946872
0.98147
1.01102
1.03593
1.05642
1.07227
1.08373
1.10209
1.01497
1.05467
1.09024
1.1208
1.14653
1.16873
1.18785
1.20346
1.21619
1.23434
1.18971
1.22203
1.24798
1.27037
1.2905
1.30932
1.32702
1.34362
1.35941
1.37762
1.37748
1.39515
1.41082
1.42749
1.44369
1.45828
1.47135
1.48536
1.50247
1.52217
1.55941
1.57028
1.58245
1.59328
1.60255
1.61216
1.62309
1.63471
1.64467
1.65986
1.77034
1.77239
1.75725
1.74204
1.73569
1.74139
1.76
1.79044
1.82259
1.85335
2.07626
1.93922
1.86295
1.82092
1.80351
1.80754
1.83493
1.89107
1.99453
2.20982
0.358953
0.355576
0.349647
0.339836
0.326888
0.314456
0.30413
0.296157
0.290455
0.287099
0.286617
0.289227
0.294237
0.301401
0.310773
0.322412
0.335506
0.347472
0.354918
0.359629
0.276971
0.282856
0.289763
0.295001
0.297842
0.297506
0.294587
0.29064
0.287027
0.284652
0.284369
0.286436
0.290004
0.294261
0.298132
0.300074
0.298917
0.29479
0.288867
0.281813
0.269338
0.271684
0.275034
0.277942
0.280156
0.281949
0.282892
0.282607
0.28152
0.280528
0.280556
0.281831
0.283513
0.284677
0.284628
0.283383
0.281517
0.279128
0.275941
0.272965
0.26422
0.265305
0.267176
0.269566
0.271532
0.272922
0.274003
0.274825
0.275232
0.275375
0.275708
0.276315
0.276695
0.276524
0.275888
0.274919
0.273435
0.27131
0.269149
0.26772
0.259164
0.259817
0.260935
0.262673
0.264495
0.26612
0.267378
0.268367
0.269212
0.269913
0.270463
0.270769
0.270721
0.270351
0.269643
0.268484
0.266933
0.265265
0.263878
0.263079
0.254303
0.254754
0.255551
0.256881
0.25841
0.259969
0.261445
0.262706
0.263768
0.264699
0.265398
0.265684
0.265566
0.265069
0.264171
0.262986
0.261686
0.260417
0.259422
0.258886
0.249607
0.24994
0.250569
0.25169
0.253041
0.254474
0.255961
0.257418
0.258727
0.25984
0.260682
0.261059
0.260917
0.260323
0.259424
0.258387
0.257315
0.256269
0.255491
0.255096
0.245066
0.245317
0.24583
0.246811
0.248064
0.24943
0.250873
0.252373
0.253862
0.255217
0.256254
0.256717
0.256596
0.256075
0.255323
0.254447
0.25352
0.252644
0.252025
0.251724
0.240633
0.240822
0.241251
0.242145
0.243351
0.244686
0.2461
0.247602
0.249173
0.250718
0.25198
0.252621
0.252677
0.252352
0.251786
0.251066
0.25026
0.249509
0.249007
0.248776
0.236289
0.236429
0.236792
0.237618
0.238788
0.240114
0.241568
0.243134
0.244795
0.246506
0.248023
0.248952
0.24928
0.249174
0.248763
0.248178
0.24751
0.246879
0.246479
0.246305
0.231996
0.232093
0.232408
0.233209
0.234398
0.235767
0.2373
0.239015
0.240887
0.242843
0.24468
0.245964
0.246555
0.246632
0.246378
0.245923
0.245354
0.244805
0.244483
0.244357
0.227769
0.227824
0.228089
0.228847
0.230019
0.231392
0.232924
0.234679
0.236713
0.238997
0.241255
0.242935
0.243891
0.244343
0.244415
0.244197
0.243799
0.243379
0.243149
0.243071
0.223648
0.223672
0.223894
0.224588
0.225721
0.22711
0.228736
0.230668
0.232939
0.235554
0.238317
0.24057
0.242011
0.242813
0.243173
0.243207
0.243035
0.242797
0.242674
0.242634
0.219467
0.219467
0.219651
0.220269
0.221334
0.222716
0.22441
0.22653
0.229151
0.232309
0.235721
0.238581
0.240548
0.241802
0.242509
0.242893
0.243056
0.243063
0.243062
0.243046
0.2148
0.214798
0.214962
0.215527
0.216541
0.217945
0.21976
0.222116
0.22512
0.228854
0.23306
0.236771
0.23943
0.241271
0.242497
0.243298
0.243774
0.24403
0.24414
0.244138
0.20935
0.209337
0.209517
0.210085
0.211155
0.212692
0.214764
0.217532
0.221151
0.225721
0.230935
0.235584
0.239007
0.241441
0.24316
0.244352
0.245142
0.245619
0.245812
0.245817
0.202819
0.202798
0.203013
0.203659
0.204848
0.206603
0.209036
0.212334
0.216709
0.222306
0.228769
0.234618
0.238981
0.242155
0.244424
0.24605
0.247184
0.247864
0.248124
0.248135
0.194911
0.194881
0.195144
0.195935
0.197364
0.199486
0.202459
0.20653
0.211947
0.218888
0.226907
0.234174
0.239633
0.243602
0.246483
0.248571
0.250038
0.250891
0.251213
0.251233
0.185333
0.185288
0.185616
0.186609
0.188399
0.191052
0.19478
0.199882
0.206648
0.215291
0.225233
0.234222
0.240956
0.2459
0.249496
0.252075
0.253902
0.254943
0.255335
0.255367
0.173699
0.173633
0.174046
0.175309
0.177606
0.181005
0.185768
0.19223
0.200749
0.211527
0.223829
0.234891
0.243168
0.249233
0.253654
0.256877
0.259041
0.26028
0.260764
0.260809
0.159506
0.159417
0.159956
0.16158
0.164549
0.168954
0.175108
0.183374
0.194144
0.207604
0.222769
0.236289
0.246386
0.253794
0.259191
0.263067
0.265692
0.267187
0.267782
0.267837
0.141928
0.141823
0.142573
0.144709
0.148558
0.15435
0.162375
0.173052
0.186744
0.203545
0.222155
0.238566
0.250781
0.259751
0.266277
0.270953
0.274114
0.275933
0.276648
0.276708
0.119529
0.11942
0.120533
0.123479
0.12864
0.136431
0.147099
0.161056
0.178537
0.199466
0.222156
0.241894
0.25651
0.267249
0.275076
0.280687
0.284504
0.286707
0.287554
0.287611
0.0900173
0.0899509
0.0917409
0.0960862
0.103455
0.11434
0.128873
0.147302
0.169642
0.195576
0.222985
0.246452
0.263728
0.27643
0.285728
0.29244
0.297043
0.299684
0.300665
0.300712
0.0492628
0.0493935
0.0526759
0.0599378
0.0713944
0.0873542
0.107584
0.132024
0.160412
0.192208
0.224891
0.2524
0.272523
0.287341
0.298268
0.306254
0.311789
0.314919
0.316014
0.316038
-0.0104815
-0.00913103
-0.00118851
0.0125185
0.0315977
0.055634
0.0838377
0.115903
0.15143
0.189771
0.228094
0.259805
0.282859
0.299871
0.312539
0.321927
0.328529
0.332212
0.333412
0.333403
-0.0822773
-0.0798201
-0.0646048
-0.0407925
-0.0112538
0.0222513
0.0592044
0.0994628
0.142715
0.188384
0.233405
0.270517
0.29765
0.317903
0.333215
0.344754
0.353034
0.357676
0.359016
0.359115
-0.155883
-0.148624
-0.126107
-0.0923747
-0.0530556
-0.0103316
0.0353274
0.0838046
0.134839
0.187919
0.239762
0.282406
0.313693
0.337278
0.35542
0.36942
0.379507
0.384558
0.386521
0.38698
-0.214583
-0.205627
-0.178443
-0.137938
-0.09106
-0.04055
0.0129025
0.0690019
0.127379
0.187479
0.245705
0.293352
0.328241
0.354542
0.374776
0.390334
0.401546
0.407759
0.410599
0.411216
-0.262392
-0.252872
-0.222233
-0.176856
-0.124258
-0.0675516
-0.00760229
0.0551402
0.120138
0.186668
0.250713
0.302783
0.34068
0.369091
0.39087
0.407664
0.41992
0.427003
0.430185
0.430868
-0.302381
-0.292684
-0.259803
-0.210632
-0.153398
-0.0915922
-0.0261931
0.0422798
0.11312
0.185438
0.254719
0.310661
0.351068
0.381141
0.404046
0.421629
0.434473
0.442223
0.445608
0.446328
-0.337133
-0.327373
-0.292811
-0.240611
-0.179559
-0.113439
-0.0433148
0.0301897
0.106247
0.183793
0.257836
0.31725
0.359809
0.3912
0.414884
0.432909
0.446055
0.454079
0.457583
0.458333
-0.368214
-0.358439
-0.322614
-0.267833
-0.203585
-0.133767
-0.0594848
0.0185157
0.0993128
0.181681
0.260178
0.322834
0.367347
0.399859
0.424123
0.442364
0.455601
0.463714
0.467182
0.467992
-0.396821
-0.387005
-0.350121
-0.293157
-0.226168
-0.153097
-0.0751293
0.00693504
0.0920909
0.178998
0.261756
0.327579
0.374011
0.407581
0.432379
0.45087
0.464146
0.472346
0.475835
0.476504
-0.423724
-0.41385
-0.376011
-0.317188
-0.247764
-0.171807
-0.09055
-0.00479966
0.0843953
0.175601
0.262536
0.331532
0.379934
0.414665
0.44008
0.458859
0.47225
0.480418
0.48391
0.48447
-0.449405
-0.439456
-0.400741
-0.340338
-0.268677
-0.19015
-0.105946
-0.0168468
0.0760862
0.171386
0.262442
0.334734
0.385306
0.421374
0.44754
0.466698
0.480246
0.488405
0.491848
0.49239
-0.474272
-0.464163
-0.424639
-0.362768
-0.289127
-0.208314
-0.121454
-0.0293088
0.0670867
0.166284
0.261463
0.337266
0.390235
0.427831
0.454921
0.474597
0.488391
0.496573
0.499896
0.500418
-0.4985
-0.488161
-0.447933
-0.384643
-0.309247
-0.226395
-0.137143
-0.0422324
0.057357
0.160275
0.259574
0.339042
0.394676
0.434069
0.462285
0.482616
0.49672
0.504934
0.508124
0.508585
-0.522137
-0.511594
-0.470678
-0.406072
-0.329102
-0.24442
-0.153033
-0.0556293
0.0468904
0.153308
0.256646
0.339959
0.398579
0.440078
0.469642
0.490761
0.505219
0.513431
0.516459
0.51682
-0.545314
-0.534484
-0.492849
-0.427076
-0.348703
-0.262395
-0.169109
-0.0694789
0.0356899
0.145346
0.252602
0.339921
0.40185
0.445803
0.47698
0.499019
0.51385
0.522021
0.524826
0.525054
-0.567946
-0.556846
-0.514507
-0.447654
-0.368027
-0.28028
-0.185319
-0.0837326
0.0237891
0.136395
0.247408
0.338792
0.404326
0.451153
0.484288
0.507399
0.522559
0.530548
0.533063
0.53316
-0.590064
-0.578669
-0.535621
-0.467781
-0.387029
-0.298022
-0.201605
-0.0983133
0.0112654
0.12651
0.24102
0.336434
0.405818
0.455975
0.491549
0.515967
0.531357
0.538932
0.541024
0.54098
-0.611501
-0.599879
-0.55614
-0.487407
-0.405654
-0.315541
-0.217887
-0.113133
-0.00178644
0.115758
0.233419
0.332737
0.40611
0.460039
0.498712
0.524917
0.540432
0.54714
0.548537
0.548332
-0.632354
-0.62042
-0.576028
-0.506492
-0.423857
-0.332789
-0.234064
-0.128097
-0.015269
0.104231
0.224638
0.327605
0.404973
0.463008
0.505565
0.534498
0.550396
0.55553
0.555526
0.555045
-0.652484
-0.640251
-0.595259
-0.52498
-0.441554
-0.349675
-0.250052
-0.143085
-0.0290655
0.0920197
0.214749
0.320978
0.402209
0.464446
0.511605
0.544723
0.56234
0.565677
0.562672
0.56094
-0.671922
-0.659426
-0.613776
-0.542818
-0.458704
-0.366132
-0.265765
-0.158009
-0.0430543
0.0792787
0.203858
0.312821
0.397672
0.463877
0.515905
0.554767
0.576855
0.580994
0.574304
0.563353
-0.690592
-0.677905
-0.631672
-0.560159
-0.475517
-0.382443
-0.281544
-0.173285
-0.0577053
0.0654645
0.19138
0.302465
0.390728
0.460622
0.517037
0.562685
0.592321
0.601101
0.594663
0.5859
-0.708455
-0.695653
-0.648961
-0.576949
-0.491974
-0.398598
-0.297357
-0.18892
-0.0730404
0.0504903
0.177181
0.289607
0.380768
0.454054
0.512416
0.562665
0.596277
0.609355
0.575678
0.525064
-0.725257
-0.712009
-0.665615
-0.593107
-0.508139
-0.414686
-0.313223
-0.204786
-0.0889841
0.0344396
0.161247
0.274157
0.366941
0.443997
0.500556
0.543689
0.57748
0.57107
0.513553
0.446807
-0.742754
-0.727089
-0.681303
-0.608139
-0.523792
-0.430336
-0.329408
-0.220827
-0.105406
0.0174798
0.143608
0.256058
0.348188
0.431544
0.481684
0.529852
0.512891
0.476668
0.407274
0.33592
-0.729575
-0.709416
-0.660684
-0.583947
-0.4949
-0.397855
-0.291899
-0.180558
-0.0624114
0.0634832
0.183049
0.282101
0.366029
0.452395
0.500628
0.426479
0.385293
0.324706
0.250729
0.20102
-0.749097
-0.735614
-0.699424
-0.63192
-0.547926
-0.455005
-0.354068
-0.24621
-0.131859
-0.0106519
0.112923
0.222767
0.310193
0.389567
0.457878
0.455337
0.342831
0.260149
0.197278
0.11223
-0.769731
-0.755354
-0.714036
-0.645201
-0.560886
-0.468472
-0.368768
-0.261963
-0.148791
-0.0293275
0.0919714
0.199133
0.283071
0.348966
0.376705
0.306266
0.162452
0.0648053
-0.0115917
-0.10289
-0.790485
-0.778157
-0.732652
-0.662528
-0.578159
-0.485662
-0.38608
-0.279731
-0.16766
-0.0500059
0.0680462
0.170338
0.247392
0.296248
0.273529
0.142256
-0.0160519
-0.137791
-0.23831
-0.376107
-0.813146
-0.800517
-0.753076
-0.681832
-0.597253
-0.504776
-0.405391
-0.29977
-0.189017
-0.0735514
0.0407229
0.137409
0.206305
0.235434
0.173111
-0.0171116
-0.2073
-0.368837
-0.517393
-0.711807
-0.834979
-0.822549
-0.774033
-0.701724
-0.616722
-0.524306
-0.425362
-0.320715
-0.211523
-0.0986045
0.0114818
0.102045
0.161977
0.162945
0.045883
-0.169422
-0.394032
-0.612489
-0.800373
-1.22395
-0.856635
-0.844656
-0.795663
-0.722598
-0.637243
-0.544837
-0.446345
-0.342683
-0.235161
-0.125011
-0.0194372
0.0644014
0.114031
0.0785413
-0.0831755
-0.306332
-0.544838
-0.768839
-0.963703
-1.32811
-0.879078
-0.867263
-0.818165
-0.744663
-0.659072
-0.566675
-0.468601
-0.365902
-0.260106
-0.152891
-0.0520441
0.0245801
0.0611599
0.000718861
-0.201647
-0.419111
-0.645486
-0.836629
-0.914867
-0.953283
-0.902678
-0.891144
-0.841875
-0.768181
-0.682553
-0.59032
-0.492813
-0.391297
-0.28755
-0.183768
-0.0882269
-0.0197223
0.00177668
-0.0888896
-0.309273
-0.515826
-0.705215
-0.832627
-0.870065
-0.882688
-0.927624
-0.916311
-0.866922
-0.793139
-0.707592
-0.615681
-0.51894
-0.418852
-0.317513
-0.217692
-0.128091
-0.0682505
-0.0668791
-0.196751
-0.407269
-0.599347
-0.761355
-0.830057
-0.846651
-0.850157
-0.954049
-0.94289
-0.893337
-0.819509
-0.734131
-0.642703
-0.546917
-0.448529
-0.349948
-0.254558
-0.171653
-0.120443
-0.147686
-0.301054
-0.499255
-0.679489
-0.800005
-0.841426
-0.835692
-0.835388
-0.981793
-0.970615
-0.921074
-0.847203
-0.762073
-0.671268
-0.576644
-0.480213
-0.384732
-0.294251
-0.218618
-0.177109
-0.228249
-0.401677
-0.583413
-0.747988
-0.809874
-0.823465
-0.826477
-0.826498
-1.01047
-0.999298
-0.949979
-0.875993
-0.791221
-0.701187
-0.607918
-0.513696
-0.421655
-0.336517
-0.268459
-0.238951
-0.30496
-0.494787
-0.659737
-0.786207
-0.833326
-0.824132
-0.821637
-0.821004
-1.03958
-1.02852
-0.979122
-0.905521
-0.82122
-0.732114
-0.640386
-0.548606
-0.460314
-0.380843
-0.32081
-0.300857
-0.390466
-0.588099
-0.727354
-0.818628
-0.830629
-0.824203
-0.819491
-0.816781
-1.06828
-1.05753
-1.0083
-0.935211
-0.851541
-0.763528
-0.673545
-0.584382
-0.500101
-0.426434
-0.37491
-0.362522
-0.485897
-0.687952
-0.795199
-0.805218
-0.8332
-0.835071
-0.829679
-0.827203
-1.09572
-1.08529
-1.0368
-0.964203
-0.881445
-0.794699
-0.706662
-0.620242
-0.540062
-0.472373
-0.429133
-0.430626
-0.576024
-0.800223
-0.91312
-0.858569
-0.880723
-0.885116
-0.883376
-0.879682
-1.12053
-1.11059
-1.06314
-0.991654
-0.90999
-0.824673
-0.738754
-0.655179
-0.578896
-0.517447
-0.481614
-0.49953
-0.657761
-0.90886
-1.22933
-1.26717
-1.11764
-1.06099
-1.04256
-1.02743
-1.14134
-1.13208
-1.08601
-1.01607
-0.936024
-0.852439
-0.768576
-0.687884
-0.615106
-0.559396
-0.530849
-0.555319
-0.730766
-0.934142
-1.29426
-1.4589
-1.24117
-1.22617
-1.21126
-1.1956
-1.15634
-1.14789
-1.10402
-1.03608
-0.958079
-0.876515
-0.794814
-0.716658
-0.647159
-0.595163
-0.575395
-0.594121
-0.765789
-0.756625
-0.48824
-0.532664
-0.988658
-1.2336
-1.22551
-1.22675
-1.16403
-1.15636
-1.11548
-1.05034
-0.97472
-0.895422
-0.815923
-0.739742
-0.672735
-0.622792
-0.609825
-0.631097
-0.821455
-0.815199
-0.572745
-0.767765
-1.11097
-1.28043
-1.25431
-1.26696
-1.16165
-1.15521
-1.11932
-1.0574
-0.98465
-0.907796
-0.830312
-0.755495
-0.688905
-0.640456
-0.627897
-0.692304
-1.03804
-1.64597
-2.34857
-2.91223
-2.99254
-2.65457
-2.18614
-1.88203
-1.14824
-1.14374
-1.11392
-1.05642
-0.98688
-0.912677
-0.836749
-0.762317
-0.694086
-0.641519
-0.625719
-0.687302
-1.19534
-2.10199
-3.09676
-3.52819
-3.62927
-3.41381
-3.06027
-2.79759
-1.12409
-1.12073
-1.09794
-1.04717
-0.98139
-0.90974
-0.83477
-0.759135
-0.687217
-0.624166
-0.589256
-0.601818
-0.922116
-1.3916
-1.91051
-2.16759
-2.04507
-1.74719
-1.43303
-1.19956
-1.0916
-1.0894
-1.07364
-1.03071
-0.969278
-0.899773
-0.825028
-0.746937
-0.667475
-0.590704
-0.514179
-0.453379
-0.361617
-0.22642
0.0988884
0.490135
0.899792
1.24709
1.45838
1.55991
-1.05459
-1.05333
-1.04322
-1.00965
-0.953154
-0.885006
-0.809766
-0.728357
-0.640591
-0.545352
-0.432543
-0.306455
-0.0974223
0.357575
1.0227
1.68535
2.20853
2.54189
2.71854
2.78434
-1.01774
-1.01703
-1.01177
-0.986532
-0.935992
-0.868662
-0.792734
-0.70803
-0.615784
-0.50974
-0.395628
-0.261397
-0.122166
0.258179
0.873939
1.46696
1.93731
2.2401
2.39815
2.46035
-0.984428
-0.983169
-0.981165
-0.966323
-0.921656
-0.854829
-0.776883
-0.691419
-0.59839
-0.496426
-0.385667
-0.277806
-0.168947
0.0360185
0.474821
0.891955
1.21077
1.4193
1.53145
1.58266
-0.959003
-0.958054
-0.958398
-0.949419
-0.908054
-0.839706
-0.760779
-0.676817
-0.588249
-0.493265
-0.393196
-0.305881
-0.226313
-0.116409
0.17624
0.472273
0.703092
0.86195
0.946047
0.978231
-0.930741
-0.931682
-0.934646
-0.927164
-0.884892
-0.814959
-0.737526
-0.659147
-0.578299
-0.492914
-0.40613
-0.337798
-0.280106
-0.218289
-0.0296656
0.169455
0.325351
0.429189
0.482807
0.503589
-0.860463
-0.862836
-0.866262
-0.859112
-0.823869
-0.765083
-0.699789
-0.63334
-0.564324
-0.491036
-0.417269
-0.359196
-0.315637
-0.27614
-0.144731
-0.0149576
0.0809603
0.144101
0.175229
0.185286
-0.745084
-0.746541
-0.748922
-0.744606
-0.724475
-0.689842
-0.646924
-0.599147
-0.546045
-0.486567
-0.424094
-0.373085
-0.337061
-0.305387
-0.21823
-0.134805
-0.0746068
-0.0365641
-0.0187203
-0.0134314
-0.63497
-0.63583
-0.636182
-0.635114
-0.628621
-0.614972
-0.593699
-0.564359
-0.526983
-0.480279
-0.427569
-0.379749
-0.343115
-0.308032
-0.260825
-0.212744
-0.174566
-0.149605
-0.136832
-0.13328
-0.562002
-0.562397
-0.56255
-0.563789
-0.564284
-0.561344
-0.552422
-0.535481
-0.509968
-0.474571
-0.430704
-0.388858
-0.352018
-0.318067
-0.286816
-0.258114
-0.233912
-0.21613
-0.20636
-0.203902
-0.525594
-0.525894
-0.526123
-0.527771
-0.529841
-0.530152
-0.526319
-0.516081
-0.497898
-0.470074
-0.434462
-0.399917
-0.371006
-0.345579
-0.326618
-0.303498
-0.281002
-0.264615
-0.255907
-0.254142
-0.513739
-0.513885
-0.513841
-0.514872
-0.516522
-0.516993
-0.514588
-0.507256
-0.492402
-0.468426
-0.438294
-0.413495
-0.400024
-0.397037
-0.379885
-0.352171
-0.326258
-0.307439
-0.297303
-0.295801
-0.519659
-0.519537
-0.519008
-0.519069
-0.519522
-0.518986
-0.516034
-0.508879
-0.494416
-0.471164
-0.441626
-0.422606
-0.421738
-0.435798
-0.416328
-0.38403
-0.356634
-0.339941
-0.331749
-0.330846
-0.541621
-0.54121
-0.540304
-0.539585
-0.538797
-0.536803
-0.532474
-0.524188
-0.508453
-0.483431
-0.448261
-0.42277
-0.418457
-0.434152
-0.417585
-0.390277
-0.37032
-0.358334
-0.354191
-0.353117
-0.578956
-0.57832
-0.577254
-0.576045
-0.574564
-0.571859
-0.567159
-0.559024
-0.543455
-0.516587
-0.47212
-0.426968
-0.400515
-0.405793
-0.397527
-0.377793
-0.358207
-0.344941
-0.338457
-0.338974
-0.630416
-0.629632
-0.628623
-0.627576
-0.626416
-0.624966
-0.623154
-0.620014
-0.61179
-0.591409
-0.542136
-0.468723
-0.414156
-0.405018
-0.395231
-0.370255
-0.341671
-0.319094
-0.310936
-0.312158
-0.693368
-0.692599
-0.692099
-0.692031
-0.692918
-0.695883
-0.702367
-0.713827
-0.729064
-0.738321
-0.69804
-0.588007
-0.498253
-0.468617
-0.439557
-0.388647
-0.33701
-0.301051
-0.289824
-0.293252
-0.761229
-0.760767
-0.761402
-0.763472
-0.768649
-0.780071
-0.802343
-0.842339
-0.906707
-0.98005
-0.967102
-0.807415
-0.66207
-0.599121
-0.533397
-0.441707
-0.353673
-0.30108
-0.293462
-0.297486
-0.82213
-0.822312
-0.824617
-0.82985
-0.841308
-0.864762
-0.909507
-0.992052
-1.13257
-1.31298
-1.34066
-1.11723
-0.894176
-0.785183
-0.674541
-0.538555
-0.425035
-0.361337
-0.359397
-0.366099
-0.85944
-0.860464
-0.864566
-0.873194
-0.891341
-0.927374
-0.996057
-1.12479
-1.34756
-1.63638
-1.72085
-1.43751
-1.15926
-0.994606
-0.8575
-0.716924
-0.611022
-0.571755
-0.566678
-0.569931
-0.856399
-0.858163
-0.863359
-0.874444
-0.897861
-0.940679
-1.02686
-1.18743
-1.46536
-1.80294
-1.95016
-1.66473
-1.35524
-1.19475
-1.0529
-0.955607
-0.886722
-0.86286
-0.852369
-0.849372
-0.802726
-0.804763
-0.810142
-0.821443
-0.845095
-0.891463
-0.979502
-1.1448
-1.43041
-1.78307
-1.91522
-1.67374
-1.42222
-1.29851
-1.22048
-1.18685
-1.15699
-1.1245
-1.10668
-1.09827
-0.701757
-0.703403
-0.707709
-0.717238
-0.737584
-0.777992
-0.854875
-0.999523
-1.25062
-1.54984
-1.64509
-1.48244
-1.34006
-1.26667
-1.29138
-1.32665
-1.30179
-1.26158
-1.23706
-1.22474
-0.56723
-0.568717
-0.571585
-0.577972
-0.59243
-0.621828
-0.678447
-0.786058
-0.977541
-1.21239
-1.29029
-1.20909
-1.1353
-1.11033
-1.18333
-1.27096
-1.2463
-1.20927
-1.1861
-1.17458
-0.422729
-0.423519
-0.424599
-0.427511
-0.435428
-0.452594
-0.486653
-0.55282
-0.676427
-0.84765
-0.930266
-0.900774
-0.848501
-0.831608
-0.916704
-1.0188
-1.00857
-0.987138
-0.973798
-0.966713
-0.287572
-0.287788
-0.287495
-0.287817
-0.290458
-0.29746
-0.312392
-0.342553
-0.402281
-0.500922
-0.560847
-0.536214
-0.490508
-0.505939
-0.608511
-0.681257
-0.690531
-0.687679
-0.685818
-0.68467
-0.175295
-0.17515
-0.174135
-0.173205
-0.172846
-0.17358
-0.176215
-0.182398
-0.195418
-0.217152
-0.237053
-0.20927
-0.213441
-0.27347
-0.355536
-0.398965
-0.411109
-0.415453
-0.418784
-0.420705
-0.0907476
-0.0904728
-0.0894273
-0.0884652
-0.0873783
-0.085844
-0.0834814
-0.0796471
-0.0729111
-0.0595598
-0.0389786
-0.0358098
-0.073035
-0.131174
-0.175986
-0.200346
-0.207391
-0.212103
-0.215875
-0.218299
-0.009184
-0.0087873
-0.00814715
-0.0074713
-0.00700665
-0.00647777
-0.00553259
-0.00385407
-0.000998583
0.00297927
0.00524929
0.000624853
-0.00830223
-0.0172553
-0.018946
-0.0213185
-0.021852
-0.0222579
-0.0230846
-0.0771799
-1.56435
-0.864759
-0.411958
-0.137668
0.0664586
0.224814
0.350632
0.456749
0.565557
0.643982
-0.520473
-0.294526
-0.0997985
0.0664347
0.204896
0.319073
0.413149
0.489606
0.536387
0.544571
-0.141365
-0.0114474
0.109792
0.220801
0.316467
0.397515
0.463906
0.514032
0.547216
0.567078
0.0915694
0.178441
0.261262
0.338927
0.407175
0.465351
0.51309
0.55053
0.57942
0.599362
0.25823
0.317374
0.379742
0.436308
0.486818
0.530553
0.567524
0.598174
0.623324
0.640774
0.38824
0.431649
0.480307
0.523236
0.562769
0.598091
0.6289
0.655237
0.6771
0.691635
0.495766
0.532102
0.570422
0.606658
0.640364
0.671242
0.698673
0.722247
0.741455
0.753443
0.591919
0.624521
0.658863
0.692718
0.724425
0.753583
0.779434
0.801335
0.818424
0.828411
0.684878
0.71855
0.753739
0.788546
0.820497
0.849279
0.874273
0.894891
0.91024
0.919256
0.788028
0.826292
0.864349
0.901048
0.933506
0.961609
0.985254
1.00431
1.01831
1.02784
0.915654
0.95863
0.997734
1.03347
1.06396
1.08971
1.11136
1.12899
1.14251
1.15382
1.07733
1.1191
1.15297
1.18195
1.20645
1.22806
1.24771
1.26515
1.28018
1.29395
1.2679
1.29741
1.31928
1.33852
1.35683
1.37423
1.39042
1.40615
1.42289
1.44016
1.46474
1.47541
1.48775
1.50233
1.51691
1.52985
1.54118
1.55205
1.5648
1.58038
1.65182
1.66141
1.67107
1.67311
1.67366
1.67789
1.68876
1.70513
1.7225
1.72721
1.95647
1.89763
1.84594
1.80593
1.78357
1.77953
1.79307
1.82679
1.88279
1.96213
0.493692
0.436584
0.39419
0.360652
0.336318
0.318894
0.30638
0.297388
0.291194
0.287609
0.287088
0.289823
0.295167
0.303035
0.313896
0.328824
0.349564
0.37828
0.416703
0.46478
0.298073
0.307099
0.313239
0.313846
0.30986
0.303454
0.296849
0.291274
0.287329
0.285548
0.28658
0.290056
0.295263
0.301739
0.308667
0.314339
0.316354
0.313004
0.304616
0.297427
0.273623
0.275721
0.280318
0.284069
0.287072
0.288813
0.288571
0.286753
0.28446
0.28277
0.282637
0.284314
0.286923
0.289481
0.290879
0.290283
0.287923
0.284661
0.280527
0.276079
0.267451
0.268351
0.270858
0.2735
0.275439
0.27689
0.278033
0.278563
0.278396
0.278033
0.278221
0.279129
0.280043
0.280307
0.279732
0.278638
0.277152
0.274952
0.272305
0.270266
0.262019
0.262484
0.2639
0.265959
0.2679
0.269421
0.270536
0.271442
0.272143
0.272633
0.273088
0.273495
0.273577
0.273259
0.272624
0.271587
0.27002
0.268095
0.266373
0.265332
0.256958
0.257247
0.258174
0.259672
0.26134
0.262967
0.264366
0.265485
0.266436
0.267268
0.267896
0.26817
0.268074
0.267648
0.26683
0.265614
0.264171
0.262729
0.261572
0.26093
0.252119
0.252322
0.253025
0.254234
0.255658
0.257144
0.258641
0.260021
0.261205
0.262219
0.262984
0.263312
0.263184
0.262624
0.261701
0.260585
0.259414
0.258269
0.257396
0.256939
0.247455
0.247606
0.248172
0.249218
0.250515
0.25191
0.253376
0.254873
0.256293
0.257529
0.258462
0.258875
0.258723
0.258139
0.257304
0.256347
0.255346
0.254388
0.253694
0.253351
0.24294
0.243055
0.243522
0.244455
0.245683
0.247031
0.248458
0.249958
0.251484
0.252932
0.254076
0.254618
0.254578
0.254154
0.253495
0.252694
0.25182
0.251008
0.250452
0.25019
0.238525
0.238612
0.239005
0.239862
0.241048
0.242371
0.243792
0.245316
0.246935
0.248575
0.249962
0.25072
0.250889
0.250674
0.250199
0.249552
0.24881
0.248117
0.247668
0.247468
0.23419
0.234255
0.234592
0.235402
0.236578
0.237921
0.239426
0.241073
0.242811
0.244609
0.246271
0.24739
0.247871
0.247854
0.247507
0.246979
0.246354
0.245761
0.2454
0.245251
0.229902
0.229945
0.230235
0.23102
0.232209
0.233585
0.235119
0.236863
0.238843
0.240985
0.243026
0.244474
0.245198
0.245436
0.245339
0.244996
0.24449
0.243987
0.243706
0.243605
0.225716
0.22574
0.225981
0.226705
0.227854
0.229226
0.230799
0.232616
0.234723
0.237135
0.239628
0.2416
0.242823
0.243469
0.243686
0.243597
0.243301
0.242962
0.242784
0.242727
0.221583
0.221591
0.221795
0.222454
0.223561
0.224958
0.226636
0.228675
0.231134
0.234023
0.237095
0.239621
0.241284
0.242276
0.242791
0.243004
0.242954
0.242817
0.242751
0.242725
0.217205
0.21722
0.21739
0.217962
0.218989
0.22037
0.222114
0.224321
0.227102
0.23052
0.234302
0.237573
0.239884
0.241438
0.242424
0.243015
0.243316
0.243443
0.243501
0.243494
0.212167
0.212177
0.21235
0.212895
0.213933
0.215398
0.217342
0.219893
0.223186
0.227312
0.231994
0.236151
0.239167
0.241286
0.242755
0.243757
0.244365
0.244724
0.244876
0.244879
0.206209
0.206218
0.206417
0.20699
0.208114
0.209762
0.212004
0.215008
0.218974
0.224027
0.229832
0.23505
0.238925
0.241719
0.243713
0.245109
0.246054
0.246623
0.24685
0.246859
0.199024
0.199033
0.199264
0.199954
0.201252
0.203191
0.205877
0.209523
0.214379
0.220604
0.227802
0.234331
0.239221
0.242788
0.245355
0.247205
0.24848
0.249235
0.249521
0.249536
0.190312
0.19032
0.190599
0.191454
0.19306
0.195459
0.198785
0.203332
0.209379
0.217121
0.22605
0.234132
0.240187
0.244642
0.247875
0.250191
0.251804
0.252726
0.253079
0.253107
0.179761
0.179766
0.180106
0.181182
0.183223
0.186259
0.190471
0.1962
0.203781
0.213428
0.224491
0.234473
0.241946
0.24742
0.251402
0.254337
0.256282
0.257388
0.257814
0.257853
0.166927
0.166928
0.167347
0.168709
0.171353
0.175274
0.18068
0.187971
0.197543
0.209588
0.223253
0.235491
0.244643
0.251356
0.256248
0.259777
0.26214
0.263471
0.263997
0.264047
0.151204
0.151205
0.151742
0.153496
0.15692
0.162031
0.169044
0.178419
0.190552
0.205587
0.222397
0.237307
0.248426
0.256595
0.262543
0.266798
0.269648
0.271269
0.271912
0.271969
0.131472
0.131476
0.1322
0.13456
0.139088
0.145879
0.155103
0.167285
0.182743
0.2015
0.222069
0.240089
0.25347
0.263303
0.27047
0.275593
0.27903
0.280996
0.281763
0.281821
0.10598
0.105994
0.107053
0.110419
0.116731
0.125978
0.138387
0.1544
0.174164
0.197482
0.222453
0.244009
0.259927
0.271631
0.280186
0.286331
0.290486
0.292863
0.293759
0.293809
0.0716822
0.0717283
0.0735031
0.0788436
0.0882787
0.101501
0.11861
0.139835
0.165045
0.193804
0.223789
0.249246
0.267929
0.28168
0.291795
0.299136
0.304144
0.306989
0.308016
0.308042
0.0227483
0.023057
0.0270922
0.0369977
0.0523579
0.0720545
0.0959651
0.124021
0.155856
0.190854
0.226324
0.255924
0.27751
0.29343
0.305248
0.313962
0.319992
0.323391
0.324547
0.324528
-0.0484744
-0.0459252
-0.0343364
-0.0148414
0.0102217
0.0390506
0.0716213
0.107757
0.147087
0.188976
0.230452
0.264638
0.289531
0.30801
0.321951
0.332487
0.339967
0.344307
0.345855
0.345941
-0.124259
-0.117763
-0.0972048
-0.0675038
-0.0323712
0.00585009
0.0471927
0.0915803
0.138736
0.18814
0.23662
0.276558
0.305831
0.327817
0.344677
0.357792
0.367399
0.373005
0.375265
0.375618
-0.188319
-0.181608
-0.154317
-0.116236
-0.0725511
-0.0257361
0.023963
0.0763544
0.131131
0.187769
0.242864
0.288081
0.321247
0.346282
0.365603
0.380565
0.391624
0.398607
0.400945
0.401246
-0.24035
-0.233116
-0.202135
-0.158222
-0.108147
-0.0543831
0.00245726
0.0619922
0.123775
0.187167
0.248369
0.298295
0.334764
0.36219
0.383278
0.399631
0.411798
0.419534
0.422037
0.42254
-0.283384
-0.275876
-0.242473
-0.194285
-0.139187
-0.0798368
-0.0170639
0.0486398
0.11664
0.186139
0.252869
0.306931
0.34613
0.37543
0.397842
0.415183
0.428005
0.436157
0.439167
0.4398
-0.320143
-0.312484
-0.277422
-0.226028
-0.166727
-0.102687
-0.0348584
0.0361991
0.109712
0.184698
0.25641
0.314126
0.355637
0.386404
0.40975
0.427671
0.440864
0.449203
0.452572
0.45328
-0.352581
-0.344834
-0.308584
-0.254492
-0.191733
-0.123712
-0.0514514
0.024358
0.102831
0.182828
0.259123
0.320181
0.363731
0.395693
0.419692
0.437899
0.451231
0.459634
0.463146
0.463834
-0.382112
-0.374272
-0.337059
-0.280666
-0.214973
-0.143487
-0.0673166
0.0127609
0.0957787
0.180444
0.261086
0.325323
0.370802
0.403842
0.428374
0.446771
0.460158
0.468538
0.472158
0.472885
-0.409595
-0.401674
-0.363591
-0.305265
-0.237027
-0.162479
-0.0828238
0.0011245
0.088336
0.177417
0.262271
0.329674
0.37707
0.411205
0.436301
0.454958
0.468395
0.47673
0.480352
0.481155
-0.435699
-0.427668
-0.388801
-0.328835
-0.258254
-0.18098
-0.0982169
-0.0107544
0.0803444
0.17362
0.262619
0.33324
0.382694
0.418071
0.443848
0.462822
0.476368
0.484656
0.488185
0.489031
-0.460804
-0.452632
-0.41301
-0.351605
-0.278918
-0.199221
-0.113659
-0.0230004
0.0716941
0.168964
0.262078
0.336099
0.387847
0.424649
0.451255
0.47067
0.484394
0.492693
0.496111
0.496859
-0.485193
-0.476865
-0.43654
-0.373742
-0.299198
-0.217342
-0.129255
-0.0356935
0.0623292
0.16341
0.260655
0.338272
0.392532
0.430994
0.458622
0.47862
0.492608
0.500921
0.50423
0.504829
-0.508965
-0.500394
-0.459538
-0.395388
-0.319185
-0.235394
-0.145048
-0.0488571
0.0522305
0.156928
0.258258
0.339628
0.396713
0.437117
0.465982
0.486699
0.501009
0.509323
0.512503
0.512963
-0.532192
-0.523487
-0.481953
-0.41661
-0.338914
-0.2534
-0.161038
-0.062486
0.0413965
0.149464
0.254777
0.340078
0.400316
0.442994
0.47333
0.494899
0.509565
0.51783
0.520822
0.52115
-0.554938
-0.546055
-0.503834
-0.437407
-0.358385
-0.271337
-0.177187
-0.0765441
0.0298316
0.140996
0.25016
0.339511
0.40321
0.448545
0.480651
0.503212
0.518235
0.52637
0.529089
0.529278
-0.577186
-0.568105
-0.525207
-0.457767
-0.377559
-0.289158
-0.19345
-0.0909773
0.0176049
0.131576
0.244373
0.337782
0.405219
0.453653
0.487938
0.51167
0.526975
0.534825
0.537184
0.537226
-0.598846
-0.589588
-0.546012
-0.477653
-0.396382
-0.306805
-0.209742
-0.105695
0.0048067
0.121248
0.237377
0.334768
0.406138
0.458129
0.49516
0.520398
0.535864
0.543101
0.544922
0.544809
-0.619878
-0.610434
-0.566204
-0.49702
-0.414802
-0.324202
-0.225984
-0.120598
-0.00847451
0.110093
0.229177
0.330361
0.405744
0.461693
0.502206
0.529635
0.545271
0.551298
0.552147
0.551838
-0.640252
-0.630617
-0.58576
-0.515814
-0.432765
-0.341269
-0.242081
-0.135585
-0.0221321
0.0982045
0.219835
0.324486
0.403815
0.463956
0.508736
0.539571
0.556077
0.560241
0.559
0.558169
-0.659907
-0.650085
-0.604638
-0.533987
-0.450199
-0.357951
-0.257949
-0.150562
-0.0360453
0.085708
0.209421
0.317097
0.400177
0.464446
0.514044
0.549882
0.569348
0.572532
0.567678
0.564444
-0.678864
-0.668874
-0.622821
-0.551543
-0.467132
-0.374269
-0.273614
-0.165562
-0.0502448
0.0725656
0.197875
0.307983
0.394573
0.462655
0.517011
0.559235
0.584859
0.591602
0.584721
0.567071
-0.697136
-0.686998
-0.640422
-0.568647
-0.483796
-0.390536
-0.289451
-0.181054
-0.0652881
0.0581187
0.184499
0.296361
0.386177
0.45779
0.515587
0.564004
0.597108
0.604145
0.599985
0.560555
-0.714977
-0.704173
-0.657415
-0.585138
-0.500059
-0.406625
-0.305262
-0.196808
-0.0809226
0.0426131
0.169446
0.282223
0.374419
0.449474
0.507392
0.556017
0.590176
0.59988
0.549103
0.486455
-0.733618
-0.719257
-0.673665
-0.600934
-0.516185
-0.422712
-0.321291
-0.212809
-0.09716
0.02604
0.152611
0.265424
0.358207
0.437941
0.492024
0.524359
0.551057
0.531022
0.465452
0.396802
-0.752996
-0.75291
-0.69274
-0.613774
-0.529575
-0.436213
-0.337056
-0.228419
-0.113292
0.00917588
0.134628
0.246424
0.337387
0.425647
0.457282
0.453287
0.464204
0.413682
0.341837
0.267822
-0.728836
-0.725668
-0.6689
-0.591005
-0.502107
-0.405234
-0.301449
-0.190426
-0.072797
0.0523099
0.170833
0.268831
0.349351
0.434861
0.463707
0.371483
0.293174
0.230232
0.157544
0.00656392
-0.767662
-0.740955
-0.681959
-0.603376
-0.514546
-0.418112
-0.314994
-0.204765
-0.088322
0.0348564
0.150352
0.244863
0.317892
0.374696
0.352612
0.22817
0.108513
0.0269222
-0.0583552
-0.228553
-0.791791
-0.760636
-0.700222
-0.621758
-0.533106
-0.436975
-0.333883
-0.2246
-0.109703
0.0109034
0.122608
0.212066
0.276086
0.299853
0.226733
0.0600698
-0.0822471
-0.187198
-0.302924
-0.544332
-0.81484
-0.78168
-0.719885
-0.640825
-0.552143
-0.456147
-0.353517
-0.245324
-0.132201
-0.0145627
0.0925438
0.175739
0.227755
0.21794
0.0812849
-0.113323
-0.292308
-0.441376
-0.606446
-0.996996
-0.836885
-0.802999
-0.740194
-0.660401
-0.57157
-0.47578
-0.373867
-0.266883
-0.155726
-0.0413835
0.0604858
0.136813
0.172441
0.128108
-0.0606229
-0.280928
-0.504646
-0.702994
-0.965959
-1.59532
-0.858603
-0.824813
-0.761371
-0.681044
-0.592036
-0.496476
-0.395268
-0.289566
-0.180561
-0.0697911
0.0264334
0.0950059
0.113013
0.0246228
-0.192056
-0.425645
-0.660402
-0.869391
-1.07617
-1.79419
-0.88108
-0.847333
-0.78362
-0.702967
-0.613833
-0.518475
-0.417939
-0.313538
-0.206809
-0.0998102
-0.00947168
0.0502201
0.0471423
-0.0922908
-0.306185
-0.534632
-0.749513
-0.892475
-0.926255
-0.978721
-0.904688
-0.871055
-0.807203
-0.726447
-0.63735
-0.542343
-0.442643
-0.33981
-0.235757
-0.133138
-0.0492208
-0.000185741
-0.0294269
-0.202986
-0.409899
-0.614653
-0.782454
-0.856282
-0.876944
-0.88415
-0.929754
-0.896098
-0.832178
-0.751427
-0.662514
-0.56802
-0.469395
-0.368429
-0.267453
-0.169849
-0.0927831
-0.0571311
-0.108111
-0.307096
-0.505024
-0.68519
-0.813531
-0.846297
-0.849316
-0.849881
-0.9563
-0.922526
-0.858552
-0.777845
-0.689237
-0.595446
-0.49812
-0.399316
-0.301848
-0.209848
-0.140314
-0.118589
-0.193751
-0.404045
-0.592991
-0.752301
-0.819241
-0.833168
-0.835284
-0.835075
-0.984172
-0.950312
-0.886253
-0.805626
-0.717437
-0.624514
-0.528707
-0.432371
-0.338813
-0.252933
-0.191854
-0.182164
-0.296129
-0.493833
-0.671078
-0.798722
-0.831156
-0.826804
-0.826618
-0.826175
-1.01286
-0.978813
-0.915007
-0.83455
-0.746907
-0.655023
-0.560958
-0.467391
-0.378107
-0.298821
-0.246404
-0.256427
-0.396919
-0.579225
-0.734269
-0.812065
-0.821565
-0.822448
-0.821223
-0.82083
-1.04201
-1.00795
-0.94442
-0.86426
-0.777305
-0.686634
-0.594513
-0.50399
-0.419279
-0.347057
-0.302765
-0.332034
-0.496163
-0.660152
-0.785654
-0.825381
-0.826957
-0.82172
-0.817767
-0.816035
-1.07066
-1.03715
-0.97375
-0.894213
-0.8081
-0.718826
-0.628845
-0.541569
-0.461689
-0.396669
-0.361243
-0.405938
-0.597491
-0.751782
-0.816002
-0.848671
-0.839097
-0.831888
-0.828284
-0.826145
-1.09808
-1.06522
-1.00249
-0.923656
-0.838567
-0.750885
-0.663213
-0.579244
-0.504427
-0.446415
-0.421592
-0.480116
-0.692837
-0.885547
-0.883855
-0.861368
-0.883416
-0.885548
-0.88117
-0.878036
-1.12284
-1.09097
-1.0294
-0.951623
-0.867776
-0.781878
-0.696627
-0.615921
-0.546088
-0.495199
-0.478588
-0.554351
-0.775362
-1.07171
-1.29924
-1.17349
-1.07888
-1.05037
-1.03474
-1.02199
-1.14347
-1.11319
-1.05296
-0.976873
-0.894626
-0.810547
-0.727795
-0.650303
-0.584678
-0.541272
-0.52855
-0.623753
-0.829023
-1.08719
-1.52225
-1.2997
-1.23139
-1.2188
-1.2027
-1.19278
-1.15829
-1.1301
-1.07196
-0.997934
-0.917664
-0.835684
-0.755197
-0.680697
-0.618211
-0.581043
-0.573542
-0.669773
-0.802608
-0.64735
-0.353558
-0.744468
-1.16368
-1.22566
-1.22592
-1.22597
-1.16562
-1.13994
-1.08487
-1.01342
-0.935433
-0.855697
-0.777321
-0.704863
-0.645083
-0.610288
-0.61717
-0.720906
-0.855949
-0.69947
-0.606057
-0.957785
-1.2353
-1.27177
-1.25205
-1.26991
-1.16383
-1.14142
-1.09039
-1.02197
-0.946631
-0.869132
-0.792497
-0.720847
-0.662063
-0.627518
-0.643991
-0.829581
-1.3017
-2.03608
-2.64559
-3.03765
-2.85491
-2.42142
-1.99309
-1.87502
-1.15009
-1.13276
-1.08756
-1.02265
-0.950317
-0.87492
-0.799268
-0.727283
-0.66508
-0.62714
-0.638974
-0.882815
-1.59808
-2.65659
-3.34781
-3.63673
-3.5502
-3.24414
-2.89816
-2.75347
-1.12562
-1.11286
-1.07534
-1.01546
-0.946256
-0.87268
-0.79699
-0.722614
-0.654154
-0.600403
-0.591937
-0.720503
-1.15234
-1.651
-2.09895
-2.146
-1.90656
-1.58703
-1.30201
-1.13545
-1.09283
-1.08426
-1.05538
-1.00151
-0.93529
-0.863077
-0.786508
-0.707172
-0.629304
-0.550912
-0.486741
-0.385605
-0.32064
-0.0852563
0.295231
0.693621
1.0884
1.36974
1.5216
1.5824
-1.05558
-1.05042
-1.02977
-0.983486
-0.920085
-0.848414
-0.769793
-0.68584
-0.593498
-0.494004
-0.367997
-0.231611
0.0930929
0.679647
1.36084
1.97091
2.39802
2.64733
2.76279
2.79464
-1.01847
-1.01578
-1.00238
-0.963878
-0.903916
-0.831938
-0.751643
-0.662941
-0.565184
-0.453418
-0.329672
-0.19462
0.0176801
0.556956
1.18067
1.72148
2.10999
2.33449
2.43867
2.47048
-0.983789
-0.982567
-0.976763
-0.94752
-0.890347
-0.816868
-0.735162
-0.645889
-0.54972
-0.439653
-0.331419
-0.223667
-0.102285
0.239628
0.69516
1.06392
1.32953
1.48538
1.56287
1.59327
-0.95836
-0.958175
-0.956697
-0.933161
-0.876097
-0.800971
-0.719449
-0.633574
-0.541877
-0.441786
-0.34744
-0.264055
-0.19466
0.0142947
0.331672
0.59554
0.792902
0.912197
0.967416
0.981573
-0.930753
-0.933313
-0.933834
-0.910929
-0.851784
-0.776634
-0.698651
-0.619356
-0.536309
-0.4481
-0.368675
-0.308742
-0.259444
-0.136273
0.0736944
0.253523
0.384512
0.461238
0.496639
0.505271
-0.861161
-0.86479
-0.865164
-0.845528
-0.795904
-0.732888
-0.666863
-0.599493
-0.528518
-0.452757
-0.384683
-0.337492
-0.300038
-0.218496
-0.0765589
0.0372916
0.117056
0.162958
0.182456
0.185217
-0.74586
-0.74798
-0.748218
-0.736734
-0.708511
-0.66923
-0.623764
-0.573503
-0.517181
-0.454383
-0.396012
-0.355592
-0.323098
-0.267184
-0.174788
-0.101558
-0.0525957
-0.0255536
-0.0148114
-0.0142173
-0.635545
-0.636003
-0.636062
-0.632679
-0.62274
-0.6053
-0.579889
-0.546589
-0.504584
-0.453835
-0.402805
-0.361835
-0.326407
-0.286691
-0.236587
-0.191896
-0.160369
-0.141892
-0.134041
-0.134306
-0.562369
-0.562358
-0.56308
-0.564325
-0.563356
-0.55764
-0.545129
-0.523853
-0.493368
-0.452425
-0.409622
-0.3707
-0.333925
-0.302635
-0.272168
-0.245312
-0.224059
-0.210245
-0.204235
-0.205307
-0.525864
-0.52589
-0.526759
-0.528896
-0.53033
-0.52885
-0.522342
-0.50814
-0.484838
-0.452475
-0.416576
-0.384698
-0.356673
-0.336806
-0.316152
-0.291608
-0.271856
-0.259321
-0.254202
-0.255521
-0.513912
-0.513793
-0.514192
-0.515725
-0.51701
-0.516301
-0.51182
-0.500831
-0.481741
-0.453558
-0.424659
-0.40433
-0.396891
-0.389118
-0.366308
-0.338742
-0.315641
-0.301325
-0.295513
-0.297104
-0.519699
-0.519256
-0.518933
-0.519322
-0.51947
-0.517925
-0.513132
-0.502823
-0.484144
-0.456637
-0.430361
-0.4187
-0.429889
-0.430005
-0.400061
-0.369256
-0.346972
-0.334845
-0.330477
-0.331849
-0.541519
-0.540766
-0.5399
-0.539281
-0.538033
-0.535002
-0.52896
-0.517891
-0.49756
-0.465888
-0.434004
-0.416416
-0.427289
-0.42792
-0.403945
-0.378658
-0.363414
-0.355678
-0.353242
-0.353541
-0.578672
-0.57784
-0.576639
-0.575394
-0.573419
-0.569793
-0.563636
-0.55275
-0.531668
-0.494986
-0.44925
-0.409024
-0.402286
-0.404265
-0.387995
-0.367796
-0.350286
-0.340826
-0.338197
-0.339559
-0.630057
-0.629144
-0.628099
-0.627029
-0.625732
-0.624103
-0.621833
-0.616873
-0.603607
-0.569932
-0.507188
-0.435794
-0.406786
-0.403558
-0.384504
-0.355388
-0.329728
-0.312805
-0.310748
-0.312413
-0.692952
-0.692311
-0.691993
-0.692309
-0.694062
-0.6986
-0.707446
-0.721144
-0.73583
-0.72813
-0.647786
-0.535345
-0.47741
-0.458764
-0.416999
-0.361914
-0.314838
-0.293225
-0.292351
-0.293588
-0.760866
-0.760948
-0.7622
-0.765522
-0.773366
-0.789507
-0.819644
-0.871508
-0.94609
-0.995675
-0.896378
-0.723213
-0.621958
-0.569724
-0.489172
-0.395912
-0.322196
-0.289898
-0.295753
-0.298056
-0.821969
-0.823195
-0.826741
-0.834525
-0.851108
-0.883714
-0.944787
-1.05446
-1.22342
-1.3646
-1.24847
-0.991591
-0.830943
-0.734466
-0.607606
-0.475945
-0.385692
-0.357759
-0.362798
-0.368769
-0.859589
-0.862122
-0.868101
-0.880669
-0.906508
-0.956372
-1.05073
-1.22338
-1.49298
-1.73
-1.60832
-1.28116
-1.06195
-0.933703
-0.783059
-0.657939
-0.579967
-0.567334
-0.567868
-0.57243
-0.856889
-0.860288
-0.867946
-0.884093
-0.91722
-0.977136
-1.09506
-1.30992
-1.64044
-1.95048
-1.83728
-1.49209
-1.26459
-1.1258
-0.997811
-0.915715
-0.873063
-0.856499
-0.849896
-0.850586
-0.803383
-0.806977
-0.814781
-0.831212
-0.864638
-0.928663
-1.04987
-1.27121
-1.61065
-1.89884
-1.82319
-1.53313
-1.34564
-1.24448
-1.20375
-1.17387
-1.13828
-1.11446
-1.10118
-1.09793
-0.70234
-0.70514
-0.71159
-0.725571
-0.754579
-0.810468
-0.916262
-1.11096
-1.40622
-1.63706
-1.58101
-1.39451
-1.30211
-1.27178
-1.30961
-1.32201
-1.27905
-1.24761
-1.22942
-1.22292
-0.5679
-0.569876
-0.574137
-0.583846
-0.604736
-0.645684
-0.723947
-0.870263
-1.09923
-1.28105
-1.25514
-1.16932
-1.11972
-1.13689
-1.23967
-1.26847
-1.2266
-1.19596
-1.17907
-1.17237
-0.423183
-0.423909
-0.425681
-0.430647
-0.442529
-0.466856
-0.514435
-0.606035
-0.761651
-0.908819
-0.921204
-0.875849
-0.818805
-0.863195
-0.981529
-1.01921
-0.997128
-0.979468
-0.969612
-0.964886
-0.287825
-0.287587
-0.287521
-0.288751
-0.293263
-0.303629
-0.32493
-0.367638
-0.448211
-0.544583
-0.552213
-0.512206
-0.483863
-0.550315
-0.655385
-0.689739
-0.689264
-0.68656
-0.68526
-0.683894
-0.175396
-0.174656
-0.173677
-0.172915
-0.173044
-0.174593
-0.178724
-0.187781
-0.205406
-0.229585
-0.225923
-0.208752
-0.236284
-0.315026
-0.38212
-0.407346
-0.413481
-0.417208
-0.420041
-0.420623
-0.0907633
-0.0899687
-0.0889829
-0.0879367
-0.0866885
-0.0847952
-0.0818069
-0.0767743
-0.0675224
-0.0494068
-0.034381
-0.0471761
-0.102307
-0.15678
-0.192209
-0.204009
-0.209993
-0.21406
-0.217381
-0.218478
-0.0315369
-0.0313463
-0.0307399
-0.0303619
-0.029758
-0.0285777
-0.0264629
-0.022758
-0.0162941
-0.00560067
0.00696396
0.00594415
-0.0158867
-0.0404488
-0.0611469
-0.0707008
-0.0726108
-0.0739679
-0.0757157
-0.0773333
-1.154
-0.599652
-0.264544
-0.031002
0.149744
0.290118
0.406195
0.508225
0.617894
0.606011
-0.369392
-0.193594
-0.012798
0.139062
0.264872
0.368282
0.453881
0.517921
0.544733
0.550846
-0.0628489
0.0496651
0.167259
0.27052
0.358792
0.432597
0.491155
0.532472
0.558997
0.57566
0.143824
0.220352
0.301186
0.37431
0.437546
0.49054
0.533033
0.565888
0.591104
0.609381
0.296222
0.351338
0.408648
0.462416
0.509538
0.549863
0.583593
0.611399
0.633697
0.651883
0.417019
0.457062
0.502173
0.543496
0.58099
0.614052
0.642628
0.666745
0.685822
0.703676
0.519052
0.55126
0.588875
0.623836
0.656198
0.685418
0.710974
0.732446
0.748703
0.76634
0.611538
0.641327
0.676049
0.708855
0.739368
0.766959
0.790925
0.810552
0.824456
0.841996
0.70381
0.735739
0.77146
0.804889
0.835321
0.862282
0.885171
0.903286
0.915489
0.933189
0.80854
0.845105
0.883164
0.91782
0.948107
0.973999
0.995378
1.01194
1.02337
1.04158
0.938296
0.978409
1.01622
1.04936
1.07738
1.10102
1.1207
1.13619
1.14812
1.16657
1.09938
1.13668
1.16811
1.19465
1.21753
1.23812
1.25675
1.27291
1.28705
1.30507
1.28351
1.309
1.32906
1.34777
1.36567
1.38249
1.39826
1.41434
1.43159
1.4507
1.46954
1.48133
1.49486
1.50979
1.5236
1.5357
1.54655
1.55804
1.57239
1.59098
1.65291
1.66748
1.67266
1.67322
1.67506
1.68244
1.69638
1.71437
1.727
1.74052
1.92541
1.87108
1.82391
1.79243
1.77937
1.78398
1.80724
1.85197
1.91934
2.01484
0.357476
0.352791
0.345393
0.333498
0.320511
0.30903
0.299888
0.293049
0.288486
0.286467
0.287564
0.291436
0.297522
0.305769
0.316286
0.328847
0.341883
0.351752
0.357719
0.36111
0.27949
0.286575
0.292557
0.296769
0.298047
0.296276
0.292651
0.288742
0.285649
0.284204
0.285147
0.288069
0.29209
0.296331
0.299455
0.299935
0.297195
0.29203
0.285167
0.279294
0.270344
0.27335
0.276607
0.2791
0.28111
0.282557
0.282886
0.282112
0.280957
0.280371
0.281077
0.282676
0.284218
0.284835
0.28413
0.282507
0.280415
0.277595
0.274297
0.271956
0.264674
0.26613
0.268373
0.270623
0.272279
0.273486
0.274453
0.275078
0.275309
0.275496
0.276008
0.276564
0.276687
0.276253
0.275453
0.274265
0.272446
0.27016
0.268346
0.267262
0.259457
0.260281
0.261764
0.263583
0.265343
0.26679
0.267892
0.268804
0.269578
0.270212
0.27066
0.270791
0.270575
0.27005
0.269128
0.267748
0.266105
0.264492
0.263434
0.26278
0.254515
0.255075
0.256178
0.257631
0.259188
0.260723
0.262101
0.263253
0.264248
0.265096
0.2656
0.265673
0.265371
0.264671
0.263606
0.262346
0.261037
0.259856
0.259123
0.258668
0.249766
0.250186
0.251088
0.252356
0.253746
0.255211
0.256697
0.258092
0.259305
0.260312
0.260941
0.261053
0.260673
0.259903
0.258918
0.257852
0.256771
0.255826
0.255267
0.254928
0.245186
0.245512
0.246274
0.24742
0.248735
0.25014
0.251615
0.253122
0.25456
0.255799
0.256571
0.256722
0.256377
0.255723
0.254898
0.253986
0.253061
0.252289
0.251854
0.251594
0.240722
0.24098
0.241646
0.242723
0.244007
0.24538
0.246837
0.24838
0.249954
0.25142
0.252391
0.252711
0.252554
0.252095
0.251444
0.250669
0.249863
0.249217
0.248875
0.248674
0.236354
0.236558
0.237149
0.238174
0.239432
0.240824
0.242335
0.243951
0.245646
0.247329
0.248578
0.249182
0.249275
0.249
0.248487
0.247855
0.247175
0.246644
0.246379
0.246224
0.23204
0.2322
0.232745
0.233771
0.23506
0.236509
0.238133
0.239931
0.241858
0.243814
0.245422
0.246336
0.246649
0.246539
0.246172
0.245651
0.245061
0.244611
0.24441
0.244295
0.227791
0.227908
0.228401
0.229399
0.230684
0.232133
0.233767
0.235657
0.237825
0.240183
0.242201
0.243489
0.244169
0.244424
0.244337
0.244015
0.243576
0.243236
0.243104
0.243027
0.223653
0.223738
0.224173
0.225116
0.226387
0.227886
0.229658
0.23176
0.2342
0.236975
0.239551
0.241387
0.242484
0.243036
0.243226
0.24314
0.24291
0.242718
0.242653
0.242602
0.219464
0.219518
0.219895
0.220758
0.22199
0.223515
0.225409
0.22777
0.230663
0.234053
0.237283
0.23966
0.241251
0.242221
0.242725
0.243002
0.243067
0.243062
0.243059
0.243017
0.214784
0.214847
0.215179
0.215984
0.2172
0.218791
0.220863
0.223528
0.226891
0.230984
0.235053
0.238218
0.240442
0.241948
0.242937
0.24357
0.243924
0.244103
0.244151
0.244107
0.209328
0.209396
0.209738
0.210561
0.211865
0.21365
0.21605
0.219223
0.223312
0.228352
0.233422
0.237435
0.24033
0.242374
0.243812
0.244788
0.24542
0.245748
0.245831
0.245781
0.202789
0.202865
0.203273
0.204184
0.205652
0.207723
0.210563
0.214373
0.219344
0.225558
0.231888
0.236968
0.240698
0.243384
0.245303
0.246672
0.247583
0.24804
0.24815
0.248092
0.194872
0.194964
0.195462
0.196568
0.198331
0.20085
0.204338
0.209055
0.215218
0.22292
0.230784
0.237112
0.241772
0.245158
0.247613
0.249377
0.250543
0.251107
0.251248
0.251183
0.18528
0.18539
0.186017
0.187403
0.189609
0.192762
0.197139
0.203034
0.210724
0.220295
0.230029
0.237839
0.243624
0.247854
0.250871
0.253092
0.25452
0.255204
0.255382
0.255309
0.173627
0.17376
0.174553
0.176327
0.179156
0.183193
0.188762
0.19621
0.205843
0.21773
0.22973
0.239338
0.246441
0.251607
0.255418
0.258067
0.259777
0.260599
0.260825
0.260742
0.159409
0.159583
0.160613
0.162892
0.166559
0.17179
0.178944
0.188422
0.200527
0.215272
0.229995
0.241717
0.250377
0.256705
0.261303
0.264527
0.266573
0.267579
0.267856
0.267759
0.141802
0.142062
0.143447
0.146403
0.151197
0.158062
0.167347
0.179496
0.194749
0.21299
0.23094
0.245132
0.255614
0.263275
0.268821
0.272711
0.275184
0.276408
0.276733
0.276613
0.119365
0.119789
0.121752
0.125763
0.13219
0.141373
0.153638
0.169335
0.188568
0.211033
0.232744
0.249754
0.262294
0.271474
0.278126
0.282807
0.285802
0.287274
0.287647
0.287498
0.0898098
0.0905737
0.0935692
0.0993592
0.108452
0.12112
0.137578
0.157969
0.18216
0.209621
0.235605
0.255746
0.270564
0.281443
0.289368
0.294995
0.298606
0.300348
0.300762
0.300576
0.049026
0.0505841
0.0558047
0.0651138
0.0788288
0.0969164
0.119261
0.145713
0.175883
0.20905
0.239725
0.26323
0.280488
0.293219
0.302584
0.309324
0.313656
0.315675
0.316106
0.31588
-0.0106456
-0.00592239
0.00501975
0.0213523
0.0430549
0.0691961
0.0993628
0.133212
0.170235
0.20963
0.245239
0.272217
0.29199
0.306663
0.317594
0.325579
0.330747
0.333061
0.333489
0.333234
-0.0823152
-0.0736259
-0.0535219
-0.0266534
0.00500635
0.0402433
0.0788595
0.120662
0.165198
0.21176
0.253469
0.285097
0.308488
0.326082
0.339408
0.349294
0.355862
0.358669
0.35911
0.359079
-0.154094
-0.139323
-0.11016
-0.0732889
-0.0321472
0.0120537
0.0591307
0.108926
0.161053
0.214874
0.262811
0.299192
0.326272
0.34692
0.362879
0.375061
0.382625
0.385794
0.386882
0.387036
-0.212441
-0.194173
-0.15934
-0.115116
-0.0662932
-0.0142743
0.0405288
0.0978131
0.157125
0.217803
0.271479
0.312072
0.342267
0.365295
0.383087
0.396554
0.405251
0.409548
0.411065
0.411289
-0.260218
-0.239933
-0.200855
-0.151248
-0.0964501
-0.0380704
0.0233215
0.0872613
0.153116
0.220074
0.278922
0.323148
0.35585
0.380668
0.399826
0.41436
0.424147
0.428979
0.430731
0.430947
-0.300247
-0.278926
-0.236665
-0.182782
-0.123096
-0.0594368
0.00755903
0.0773036
0.149
0.221624
0.285083
0.332414
0.367152
0.393336
0.413426
0.428667
0.439073
0.44436
0.446178
0.446391
-0.335058
-0.313034
-0.268262
-0.210928
-0.147162
-0.0789775
-0.0070875
0.0677969
0.144738
0.222512
0.290142
0.340209
0.376637
0.40384
0.424515
0.440111
0.450737
0.456303
0.458182
0.458363
-0.366188
-0.343678
-0.296884
-0.236621
-0.169405
-0.0972827
-0.0210542
0.058461
0.140207
0.22276
0.294304
0.3469
0.38482
0.412842
0.433901
0.449608
0.460329
0.465928
0.467805
0.467997
-0.394794
-0.371906
-0.3234
-0.26065
-0.190424
-0.114826
-0.0347178
0.0490214
0.135233
0.22233
0.297653
0.352738
0.392099
0.420881
0.442307
0.458151
0.468894
0.474607
0.476376
0.476475
-0.421732
-0.398406
-0.348418
-0.283532
-0.210634
-0.131949
-0.048348
0.0392576
0.129654
0.22112
0.300201
0.357801
0.398686
0.428329
0.450184
0.466211
0.476985
0.482694
0.484406
0.484395
-0.447447
-0.423657
-0.372446
-0.305614
-0.230306
-0.148873
-0.0621262
0.0290261
0.123347
0.219042
0.301918
0.362211
0.404817
0.435473
0.457869
0.474149
0.485003
0.490643
0.492336
0.492296
-0.472286
-0.448022
-0.395743
-0.327087
-0.249659
-0.165762
-0.076163
0.018237
0.116231
0.216053
0.302841
0.366068
0.410601
0.442456
0.465551
0.482201
0.493188
0.498749
0.500372
0.500297
-0.496455
-0.471747
-0.418412
-0.348121
-0.268801
-0.182691
-0.0905246
0.00684793
0.108283
0.212121
0.302919
0.369296
0.416039
0.449328
0.473292
0.490414
0.501566
0.507054
0.508548
0.508452
-0.520072
-0.494893
-0.440547
-0.368794
-0.287779
-0.199695
-0.105223
-0.00514771
0.0994847
0.20717
0.302012
0.371817
0.421102
0.456094
0.481104
0.498787
0.510104
0.515474
0.516815
0.516666
-0.543176
-0.517481
-0.462175
-0.389123
-0.306602
-0.216757
-0.12023
-0.017736
0.0898094
0.201129
0.300038
0.37353
0.425711
0.462724
0.488978
0.507295
0.518756
0.523955
0.525099
0.524874
-0.565731
-0.539559
-0.483317
-0.409095
-0.325235
-0.23384
-0.135507
-0.0308743
0.0792823
0.193996
0.296908
0.374272
0.429732
0.469171
0.496926
0.515925
0.527417
0.532329
0.533247
0.53296
-0.587742
-0.561092
-0.503957
-0.428673
-0.343627
-0.250884
-0.150982
-0.0444882
0.0679855
0.185782
0.292532
0.37388
0.432972
0.475348
0.504994
0.524731
0.536047
0.54047
0.541109
0.540766
-0.609119
-0.582006
-0.524044
-0.447816
-0.361725
-0.267808
-0.166563
-0.0584782
0.0559982
0.176509
0.286844
0.372177
0.435193
0.481081
0.513255
0.533948
0.544735
0.548253
0.548495
0.548121
-0.629876
-0.602246
-0.543547
-0.46646
-0.379456
-0.284536
-0.182153
-0.0727348
0.0434058
0.166251
0.279812
0.369011
0.436099
0.486057
0.521704
0.544069
0.554046
0.555793
0.555242
0.554896
-0.649894
-0.621811
-0.562414
-0.484554
-0.39676
-0.300987
-0.19767
-0.0871739
0.0303341
0.155115
0.27144
0.364258
0.435377
0.489751
0.529994
0.555611
0.565475
0.564366
0.561519
0.560823
-0.669259
-0.64068
-0.580593
-0.502039
-0.413563
-0.317075
-0.212992
-0.101655
0.0169217
0.14322
0.261786
0.357829
0.432758
0.491435
0.537134
0.56823
0.580912
0.578512
0.569704
0.552102
-0.687889
-0.658857
-0.598227
-0.519117
-0.430156
-0.333135
-0.228538
-0.116651
0.00262617
0.129996
0.250233
0.349022
0.427695
0.490114
0.541352
0.579943
0.599369
0.599614
0.58452
0.596072
-0.705888
-0.676286
-0.61528
-0.535731
-0.446496
-0.349109
-0.244297
-0.132129
-0.012546
0.115371
0.236642
0.337292
0.419631
0.484582
0.53837
0.582047
0.605877
0.603823
0.545546
0.527475
-0.723878
-0.693394
-0.63149
-0.55151
-0.462151
-0.364584
-0.260078
-0.147819
-0.0282909
0.0995822
0.221132
0.322345
0.408028
0.474656
0.522962
0.565084
0.58029
0.548022
0.477008
0.433546
-0.743138
-0.711499
-0.646369
-0.566014
-0.476579
-0.379303
-0.275491
-0.163506
-0.0444645
0.0827192
0.203702
0.304215
0.39136
0.46158
0.503479
0.5141
0.500343
0.443428
0.368999
0.323558
-0.343717
-0.235273
-0.120457
0.00149881
0.125913
0.236444
0.325192
0.184
-0.760314
-0.7444
-0.706252
-0.638366
-0.554215
-0.461676
-0.361494
-0.254281
-0.140535
-0.020189
0.102385
0.211256
0.297413
0.371048
0.422472
0.388405
0.249292
0.161693
0.0925107
-0.77941
-0.766692
-0.722887
-0.653371
-0.569016
-0.476559
-0.376977
-0.270413
-0.157774
-0.0391872
0.0805744
0.185476
0.26628
0.323962
0.325316
0.223422
0.0748747
-0.033728
-0.12447
-0.801683
-0.789304
-0.742725
-0.67209
-0.587655
-0.495166
-0.395634
-0.289594
-0.178147
-0.0615336
0.0546818
0.154239
0.227407
0.266765
0.22438
0.0622439
-0.110526
-0.250253
-0.371661
-0.823999
-0.811466
-0.763425
-0.691673
-0.606894
-0.514453
-0.415273
-0.310119
-0.200133
-0.0859035
0.026336
0.120055
0.184714
0.201224
0.112501
-0.0944799
-0.302528
-0.492826
-0.675297
-0.845561
-0.833456
-0.784674
-0.711999
-0.626831
-0.534418
-0.435717
-0.331573
-0.223209
-0.111665
-0.00381822
0.0834444
0.138647
0.120366
-0.0201793
-0.240969
-0.476433
-0.695885
-0.90249
-0.867403
-0.855669
-0.806678
-0.733425
-0.647943
-0.555521
-0.45723
-0.354032
-0.247333
-0.138586
-0.0352884
0.0450975
0.0887456
0.0390443
-0.143365
-0.364631
-0.601071
-0.819416
-0.952071
-1.03866
-0.89039
-0.878885
-0.829737
-0.756214
-0.670609
-0.57827
-0.48046
-0.378319
-0.273507
-0.167941
-0.0696581
0.00306046
0.0320487
-0.0405402
-0.256997
-0.46967
-0.677867
-0.838022
-0.886226
-0.914892
-0.914544
-0.903339
-0.85409
-0.780451
-0.694873
-0.602791
-0.50563
-0.404798
-0.302213
-0.200344
-0.10767
-0.0433318
-0.0306907
-0.142153
-0.359128
-0.558756
-0.733845
-0.834212
-0.858861
-0.863089
-0.940187
-0.92913
-0.879803
-0.80611
-0.720668
-0.628988
-0.532693
-0.433428
-0.333422
-0.235751
-0.149389
-0.0936252
-0.106986
-0.249515
-0.454088
-0.641016
-0.78506
-0.834621
-0.839251
-0.841111
-0.967226
-0.956188
-0.906895
-0.833147
-0.747928
-0.656792
-0.561567
-0.46412
-0.367048
-0.274047
-0.194705
-0.147722
-0.188256
-0.351777
-0.542631
-0.717522
-0.811375
-0.831283
-0.830262
-0.830065
-0.995427
-0.984286
-0.935243
-0.861413
-0.776499
-0.68607
-0.592095
-0.496733
-0.40294
-0.315078
-0.243164
-0.207389
-0.267514
-0.448921
-0.623048
-0.77158
-0.815891
-0.820775
-0.823378
-0.823331
-1.02424
-1.01309
-0.964275
-0.890619
-0.806125
-0.716547
-0.624019
-0.530987
-0.440782
-0.358454
-0.294302
-0.269745
-0.345806
-0.540612
-0.696717
-0.80447
-0.840971
-0.826758
-0.819423
-0.817934
-1.05301
-1.04203
-0.993484
-0.920281
-0.836364
-0.747791
-0.656907
-0.566414
-0.480097
-0.403516
-0.347681
-0.331134
-0.438238
-0.636298
-0.761849
-0.820322
-0.82996
-0.827887
-0.822627
-0.819612
-1.08071
-1.07028
-1.0224
-0.949688
-0.866579
-0.779188
-0.690148
-0.602341
-0.520111
-0.44939
-0.402033
-0.395321
-0.532352
-0.74197
-0.841996
-0.809198
-0.843786
-0.848267
-0.845112
-0.84349
-1.1067
-1.0965
-1.05007
-0.978025
-0.895926
-0.809892
-0.722892
-0.637878
-0.559689
-0.495096
-0.455598
-0.465653
-0.617155
-0.858376
-1.04941
-0.997421
-0.972748
-0.957624
-0.949001
-0.940827
-1.12936
-1.11966
-1.07469
-1.00419
-0.923366
-0.838928
-0.754004
-0.671887
-0.597397
-0.538975
-0.506565
-0.529334
-0.696843
-0.938441
-1.36774
-1.51367
-1.23407
-1.16423
-1.14585
-1.12459
-1.14691
-1.13792
-1.09516
-1.02658
-0.9476
-0.86501
-0.782218
-0.70285
-0.63174
-0.578206
-0.553752
-0.576846
-0.755495
-0.872333
-0.936984
-1.05152
-1.1458
-1.22179
-1.21891
-1.2182
-1.15788
-1.14989
-1.10996
-1.04395
-0.967124
-0.886697
-0.806088
-0.728977
-0.660923
-0.609984
-0.594469
-0.607014
-0.778263
-0.705761
-0.277001
-0.392167
-0.897106
-1.19514
-1.22861
-1.23909
-1.16034
-1.15377
-1.11752
-1.05485
-0.98058
-0.902495
-0.82402
-0.748606
-0.682117
-0.633081
-0.620419
-0.658422
-0.911908
-1.17359
-1.37425
-1.79317
-2.00742
-1.7942
-1.51831
-1.42625
-1.15374
-1.14827
-1.11644
-1.05801
-0.986821
-0.911211
-0.834547
-0.760093
-0.692866
-0.643497
-0.62971
-0.701714
-1.14649
-2.0192
-3.00244
-3.49865
-3.57643
-3.28051
-2.79957
-2.45855
-1.1352
-1.13111
-1.10502
-1.05259
-0.985303
-0.912178
-0.836765
-0.761958
-0.692225
-0.634935
-0.613058
-0.648761
-1.12579
-1.84817
-2.69716
-3.1767
-3.24139
-2.96284
-2.61254
-2.33359
-1.10685
-1.10419
-1.08429
-1.03897
-0.976336
-0.905539
-0.830772
-0.753965
-0.678901
-0.60915
-0.555576
-0.537982
-0.63658
-0.808505
-0.850534
-0.750461
-0.478138
-0.183083
0.05157
0.181354
-1.07182
-1.07024
-1.05718
-1.01927
-0.961688
-0.892853
-0.817804
-0.738291
-0.654148
-0.569035
-0.469177
-0.366547
-0.176825
0.188222
0.726628
1.31899
1.81564
2.14327
2.31143
2.3713
-1.03466
-1.03374
-1.02651
-0.997388
-0.944325
-0.876793
-0.80128
-0.717908
-0.627664
-0.524383
-0.410157
-0.273818
-0.0958139
0.354039
1.02168
1.68116
2.19853
2.52897
2.69638
2.75852
-1.00014
-0.999432
-0.995994
-0.976049
-0.928362
-0.861558
-0.784503
-0.699155
-0.605736
-0.500895
-0.386824
-0.265897
-0.146548
0.137242
0.664446
1.16057
1.55026
1.80096
1.92961
1.97945
-0.970016
-0.968789
-0.967906
-0.956966
-0.914984
-0.847825
-0.769225
-0.684154
-0.592903
-0.494233
-0.38847
-0.290467
-0.19469
-0.0445006
0.318495
0.673805
0.944603
1.12786
1.229
1.27246
-0.947801
-0.947627
-0.949383
-0.941367
-0.899287
-0.82935
-0.750506
-0.668704
-0.583585
-0.492991
-0.399303
-0.322892
-0.256126
-0.17445
0.0594748
0.303789
0.496631
0.627165
0.693886
0.719804
-0.902515
-0.904204
-0.907487
-0.901067
-0.860615
-0.793885
-0.720935
-0.647492
-0.571943
-0.492361
-0.412328
-0.349419
-0.299373
-0.251065
-0.0954955
0.0653254
0.188468
0.270299
0.311692
0.327534
-0.806843
-0.809586
-0.811575
-0.805042
-0.776828
-0.729419
-0.674498
-0.616915
-0.555569
-0.489077
-0.421181
-0.367437
-0.328642
-0.294581
-0.184346
-0.0798681
-0.00505777
0.0435556
0.0664215
0.0732826
-0.686596
-0.687874
-0.688733
-0.686046
-0.673451
-0.650501
-0.619365
-0.581272
-0.536365
-0.483579
-0.426032
-0.376542
-0.341246
-0.307616
-0.244707
-0.179665
-0.130677
-0.100183
-0.0851188
-0.0806148
-0.59328
-0.593843
-0.594001
-0.594344
-0.59225
-0.585149
-0.571213
-0.548971
-0.518062
-0.477034
-0.429124
-0.384013
-0.346305
-0.310931
-0.272227
-0.236866
-0.207937
-0.187267
-0.176208
-0.17328
-0.540008
-0.540344
-0.540561
-0.542181
-0.54386
-0.543184
-0.537458
-0.524408
-0.50312
-0.472196
-0.432571
-0.394012
-0.360048
-0.329261
-0.304996
-0.279909
-0.257282
-0.241106
-0.232365
-0.230405
-0.517198
-0.517441
-0.517581
-0.519005
-0.521011
-0.52161
-0.518783
-0.510429
-0.494363
-0.468804
-0.436432
-0.406589
-0.385126
-0.369436
-0.353017
-0.328418
-0.304227
-0.285997
-0.276096
-0.274472
-0.514643
-0.51466
-0.514375
-0.514926
-0.516029
-0.51609
-0.513622
-0.50664
-0.492279
-0.469025
-0.439943
-0.419137
-0.413797
-0.421456
-0.402225
-0.371641
-0.344899
-0.327246
-0.318294
-0.316849
-0.528672
-0.528413
-0.527675
-0.527303
-0.527108
-0.525802
-0.522185
-0.514473
-0.499453
-0.475606
-0.443985
-0.423525
-0.422874
-0.441237
-0.42164
-0.389578
-0.364495
-0.349982
-0.343513
-0.342759
-0.558569
-0.55806
-0.556802
-0.555838
-0.554637
-0.552112
-0.547341
-0.538753
-0.522664
-0.496324
-0.456623
-0.422571
-0.408319
-0.419612
-0.40768
-0.385821
-0.367206
-0.355463
-0.3508
-0.350578
-0.602977
-0.602251
-0.60117
-0.599995
-0.598515
-0.596119
-0.592306
-0.585843
-0.57251
-0.547099
-0.498942
-0.440604
-0.40078
-0.399194
-0.39211
-0.371815
-0.350533
-0.333339
-0.326808
-0.327112
-0.660768
-0.659966
-0.659137
-0.658442
-0.658045
-0.658335
-0.65986
-0.662473
-0.663313
-0.653749
-0.606991
-0.516646
-0.445878
-0.427809
-0.410636
-0.374691
-0.334976
-0.307002
-0.295376
-0.298177
-0.727288
-0.72663
-0.726618
-0.727469
-0.730208
-0.736876
-0.750264
-0.774068
-0.810302
-0.847588
-0.817523
-0.684875
-0.570696
-0.525986
-0.481171
-0.411556
-0.343735
-0.298589
-0.290523
-0.293557
-0.793513
-0.793336
-0.794756
-0.798312
-0.806446
-0.823562
-0.856441
-0.916339
-1.01597
-1.13576
-1.14579
-0.954027
-0.770732
-0.686785
-0.597343
-0.481782
-0.37762
-0.316239
-0.310163
-0.31619
-0.844864
-0.845456
-0.848677
-0.85565
-0.870546
-0.900519
-0.957582
-1.0638
-1.24702
-1.48656
-1.54003
-1.28264
-1.02749
-0.888796
-0.760804
-0.617705
-0.499822
-0.449137
-0.446888
-0.452628
-0.863753
-0.865185
-0.870137
-0.88012
-0.90107
-0.941914
-1.02038
-1.16797
-1.42349
-1.74805
-1.86105
-1.57331
-1.27298
-1.09973
-0.959515
-0.829532
-0.747171
-0.715195
-0.706963
-0.706978
-0.836014
-0.837961
-0.843415
-0.854832
-0.87873
-0.925018
-1.01357
-1.1798
-1.46686
-1.82605
-1.96705
-1.70015
-1.40416
-1.26401
-1.14256
-1.07927
-1.02727
-1.00256
-0.989273
-0.983656
-0.757303
-0.759363
-0.764348
-0.775021
-0.797458
-0.841712
-0.925727
-1.08346
-1.35635
-1.68636
-1.80144
-1.5958
-1.40096
-1.29898
-1.27159
-1.2764
-1.25284
-1.21475
-1.19265
-1.18179
-0.636577
-0.638591
-0.642405
-0.650544
-0.668172
-0.703475
-0.770941
-0.898337
-1.12146
-1.38792
-1.46944
-1.35023
-1.24741
-1.20521
-1.26383
-1.32426
-1.29969
-1.25987
-1.23495
-1.22212
-0.494982
-0.496112
-0.498055
-0.502659
-0.513789
-0.536998
-0.582229
-0.66897
-0.826736
-1.03055
-1.11178
-1.06121
-1.01007
-0.980977
-1.06559
-1.17245
-1.14305
-1.11451
-1.09583
-1.08609
-0.352939
-0.353423
-0.353758
-0.355232
-0.360264
-0.371946
-0.39575
-0.442724
-0.532956
-0.668618
-0.744123
-0.72358
-0.66557
-0.664925
-0.759182
-0.848092
-0.850673
-0.83963
-0.832489
-0.828522
-0.228078
-0.22809
-0.227359
-0.226899
-0.227731
-0.23108
-0.238927
-0.25535
-0.288749
-0.349262
-0.391328
-0.36185
-0.334409
-0.374314
-0.477268
-0.53085
-0.541996
-0.544086
-0.545642
-0.546425
-0.129574
-0.129346
-0.128252
-0.127182
-0.126224
-0.125404
-0.124733
-0.124314
-0.124102
-0.119618
-0.111629
-0.104919
-0.12827
-0.194492
-0.257274
-0.287274
-0.29927
-0.30484
-0.308867
-0.311244
-0.0583368
-0.0580742
-0.0571764
-0.0565606
-0.055772
-0.0542313
-0.0514961
-0.0467823
-0.0384641
-0.0237284
-0.00486809
-0.0049074
-0.0384045
-0.0815374
-0.112607
-0.126615
-0.132774
-0.136225
-0.139224
-0.141276
-0.03154
-0.0310433
-0.0305668
-0.0300811
-0.0292582
-0.0276661
-0.0248651
-0.0199608
-0.0115757
0.00138221
0.00880708
-0.00244504
-0.029551
-0.05041
-0.0682498
-0.0717423
-0.0732771
-0.0747884
-0.0765874
-0.0233991
-0.853597
-0.48955
-0.237669
-0.0295891
0.138564
0.273816
0.383716
0.477876
0.543436
0.540919
-0.309596
-0.135869
0.0154439
0.149545
0.264026
0.360191
0.439658
0.500749
0.538501
0.554289
-0.0154209
0.0913352
0.191382
0.28352
0.363895
0.432267
0.488192
0.530789
0.561667
0.581934
0.180249
0.252126
0.323464
0.389601
0.447935
0.497949
0.539601
0.573197
0.600308
0.618888
0.327025
0.37601
0.431777
0.480673
0.52497
0.563868
0.597363
0.625609
0.649092
0.664918
0.444299
0.483169
0.525839
0.56511
0.601148
0.633815
0.662686
0.687456
0.707919
0.720986
0.54479
0.578667
0.614188
0.648978
0.681335
0.711064
0.737567
0.760189
0.77829
0.789057
0.638076
0.67047
0.70472
0.738977
0.770676
0.799558
0.824991
0.846246
0.862418
0.871629
0.734247
0.769825
0.806342
0.842377
0.874766
0.903339
0.927788
0.947671
0.962291
0.971206
0.847911
0.888791
0.927822
0.964827
0.996847
1.02403
1.04672
1.06495
1.07853
1.08871
0.992112
1.03551
1.07295
1.1062
1.13418
1.15801
1.17869
1.19611
1.21012
1.22238
1.17006
1.20711
1.23549
1.25954
1.28064
1.30005
1.31832
1.33544
1.35164
1.36702
1.36754
1.38699
1.40284
1.4191
1.43575
1.45122
1.46487
1.47803
1.49357
1.51147
1.55686
1.56456
1.57641
1.58812
1.59801
1.60721
1.6175
1.62887
1.64022
1.64753
1.77565
1.77392
1.76586
1.74887
1.7375
1.73694
1.74912
1.77397
1.80767
1.83527
2.1842
1.99737
1.89581
1.83844
1.80947
1.80282
1.81811
1.85875
1.93452
2.08082
-0.730563
-0.731907
-0.692356
-0.622425
-0.538289
-0.44499
0.409033
0.476258
0.474884
0.405947
0.339592
0.268013
0.0215369
-0.218754
-0.508139
-0.895194
-1.32844
)
;

boundaryField
{
    wall-4
    {
        type            zeroGradient;
    }
    pressure-outlet-7
    {
        type            fixedValue;
        value           uniform 0;
    }
    velocity-inlet-6
    {
        type            zeroGradient;
    }
    velocity-inlet-5
    {
        type            zeroGradient;
    }
    frontAndBackPlanes
    {
        type            empty;
    }
}


// ************************************************************************* //
