/*--------------------------------*- C++ -*----------------------------------*\
| =========                 |                                                 |
| \\      /  F ield         | OpenFOAM: The Open Source CFD Toolbox           |
|  \\    /   O peration     | Version:  v2012                                 |
|   \\  /    A nd           | Website:  www.openfoam.com                      |
|    \\/     M anipulation  |                                                 |
\*---------------------------------------------------------------------------*/
FoamFile
{
    version     2.0;
    format      ascii;
    class       volScalarField;
    location    "53";
    object      p;
}
// * * * * * * * * * * * * * * * * * * * * * * * * * * * * * * * * * * * * * //

dimensions      [0 2 -2 0 0 0 0];


internalField   nonuniform List<scalar> 
8800
(
0.818556
0.770505
0.732127
0.703484
0.682856
0.668098
0.65749
0.649979
0.645132
0.64306
0.644334
0.648544
0.655218
0.66456
0.677318
0.694909
0.719355
0.752969
0.795416
0.852542
0.651089
0.658295
0.666732
0.670146
0.668228
0.662701
0.655983
0.649813
0.645047
0.642182
0.641897
0.644416
0.648934
0.654937
0.661851
0.668474
0.672609
0.672097
0.666036
0.65706
0.627799
0.633975
0.638172
0.64153
0.644026
0.644818
0.643702
0.641547
0.6395
0.638581
0.639545
0.641945
0.644783
0.647005
0.647542
0.646014
0.643169
0.639534
0.635
0.631216
0.622667
0.625367
0.628085
0.630392
0.632033
0.633353
0.634252
0.634446
0.63417
0.634123
0.634872
0.63603
0.636824
0.636765
0.635973
0.63478
0.633033
0.630535
0.62811
0.62658
0.617477
0.618898
0.620695
0.622745
0.624492
0.62579
0.626807
0.627668
0.628332
0.628916
0.629557
0.630012
0.630043
0.629694
0.628999
0.627797
0.626102
0.624223
0.622901
0.622078
0.612472
0.613386
0.614619
0.616195
0.617841
0.619357
0.620618
0.621682
0.622664
0.623571
0.624249
0.624549
0.624486
0.62405
0.62318
0.621964
0.620613
0.619347
0.618526
0.617981
0.607609
0.608273
0.609228
0.610522
0.611929
0.613393
0.614828
0.616135
0.617323
0.618426
0.61924
0.619599
0.619513
0.618998
0.618174
0.617209
0.616191
0.615266
0.614681
0.61428
0.60286
0.603373
0.604149
0.60527
0.606538
0.607906
0.609349
0.610813
0.612227
0.613551
0.614547
0.615009
0.614972
0.614568
0.613948
0.613213
0.612434
0.611745
0.611311
0.610998
0.598164
0.598572
0.599221
0.600218
0.601413
0.602728
0.604162
0.605708
0.607316
0.608899
0.610128
0.610766
0.610908
0.610717
0.610318
0.609789
0.609209
0.608709
0.608385
0.608131
0.593438
0.593771
0.594332
0.595248
0.596393
0.597691
0.599155
0.600791
0.60258
0.604443
0.605975
0.606892
0.607299
0.607352
0.607174
0.60686
0.606467
0.606123
0.605883
0.60567
0.588598
0.588873
0.589373
0.590242
0.591367
0.592687
0.594221
0.595989
0.597996
0.600178
0.602094
0.603375
0.6041
0.60443
0.604491
0.60439
0.604183
0.603976
0.603802
0.603619
0.583556
0.583787
0.584248
0.5851
0.586245
0.58763
0.589274
0.591229
0.593516
0.596096
0.598484
0.600202
0.601298
0.601942
0.60227
0.602391
0.602365
0.602282
0.602163
0.602001
0.578225
0.578422
0.578863
0.579728
0.580934
0.582427
0.584238
0.586444
0.589093
0.592175
0.595136
0.597371
0.598898
0.5999
0.600523
0.600874
0.601047
0.60108
0.601007
0.600859
0.572508
0.572676
0.573115
0.574022
0.57533
0.576984
0.579027
0.581566
0.584678
0.588386
0.59204
0.594891
0.596924
0.598333
0.599293
0.599922
0.600286
0.600428
0.600394
0.600256
0.566291
0.566435
0.566886
0.567865
0.569322
0.571195
0.573547
0.576511
0.580207
0.584686
0.589182
0.592771
0.595403
0.597291
0.598631
0.599558
0.600141
0.600398
0.600401
0.600269
0.559441
0.55956
0.560038
0.56112
0.562778
0.56494
0.567687
0.571192
0.575612
0.581033
0.586551
0.591027
0.594372
0.596826
0.598612
0.599879
0.600707
0.601083
0.601121
0.60099
0.551787
0.551883
0.552403
0.553623
0.555539
0.558068
0.561321
0.565509
0.570832
0.577409
0.584162
0.589696
0.593884
0.597005
0.599326
0.600995
0.60209
0.60259
0.60266
0.602527
0.543101
0.543202
0.543775
0.545152
0.547397
0.550402
0.554303
0.559354
0.565801
0.573797
0.582037
0.588831
0.59401
0.597912
0.600865
0.602997
0.604401
0.605034
0.605135
0.604997
0.53309
0.533172
0.533835
0.535434
0.538108
0.541727
0.546449
0.552586
0.560437
0.570174
0.580199
0.588477
0.594826
0.599649
0.60333
0.606012
0.607763
0.608539
0.608669
0.608522
0.521384
0.521449
0.52221
0.524125
0.527353
0.531758
0.537529
0.54504
0.554634
0.566492
0.578657
0.588692
0.596412
0.602315
0.606842
0.610166
0.612302
0.613226
0.613382
0.613223
0.507451
0.507505
0.508409
0.510734
0.514692
0.520133
0.527274
0.536555
0.548345
0.562795
0.5775
0.589575
0.598867
0.606013
0.611527
0.615574
0.61813
0.619203
0.619378
0.619203
0.490533
0.490575
0.491693
0.494599
0.499557
0.506401
0.51537
0.52696
0.541526
0.559129
0.576809
0.591225
0.602299
0.610859
0.617471
0.622335
0.625331
0.626544
0.626729
0.626534
0.469501
0.469542
0.471
0.474774
0.481172
0.489991
0.501468
0.516109
0.534174
0.555569
0.576686
0.593736
0.606804
0.616931
0.624753
0.630507
0.633939
0.635265
0.635444
0.635228
0.442622
0.442681
0.444722
0.4499
0.458521
0.470247
0.485257
0.503954
0.526392
0.552276
0.577293
0.59723
0.612459
0.624296
0.633423
0.64009
0.643911
0.6453
0.645452
0.645212
0.406882
0.407041
0.410281
0.418052
0.430434
0.446611
0.466668
0.490709
0.518527
0.5496
0.578889
0.601882
0.619363
0.632976
0.643483
0.651007
0.655102
0.65647
0.656568
0.656305
0.356543
0.357516
0.363969
0.37707
0.395995
0.419042
0.446051
0.476818
0.510944
0.547776
0.58161
0.607771
0.627542
0.642926
0.654795
0.663038
0.667227
0.668468
0.668487
0.668206
0.282909
0.290136
0.305018
0.327994
0.356684
0.38892
0.424417
0.462943
0.504104
0.547233
0.585967
0.615556
0.637847
0.655217
0.668524
0.677416
0.68163
0.682737
0.682704
0.682464
0.203915
0.220566
0.244681
0.278309
0.317209
0.358794
0.402871
0.449376
0.498002
0.548158
0.592788
0.626744
0.652266
0.672089
0.687207
0.696703
0.700712
0.701589
0.701577
0.701431
0.137461
0.157255
0.189119
0.231817
0.279762
0.330159
0.382571
0.436914
0.492872
0.549865
0.600129
0.638162
0.66669
0.688722
0.705125
0.714808
0.718597
0.719395
0.719448
0.719368
0.0829991
0.104649
0.141976
0.191109
0.246166
0.303996
0.363807
0.42537
0.488234
0.551739
0.607349
0.649197
0.680425
0.704336
0.721905
0.732056
0.736092
0.736965
0.737035
0.737
0.0377315
0.0606205
0.101726
0.155962
0.216726
0.280684
0.346825
0.414788
0.483969
0.553569
0.614232
0.659681
0.693479
0.719247
0.738038
0.748994
0.753368
0.754222
0.754328
0.754321
-0.000759815
0.0228499
0.0668158
0.125105
0.190675
0.259849
0.331479
0.405125
0.480051
0.555306
0.620719
0.669572
0.705805
0.733386
0.753364
0.765116
0.769882
0.770863
0.771001
0.771016
-0.0344823
-0.0103885
0.0358693
0.0974824
0.167118
0.240833
0.317334
0.396096
0.476283
0.556799
0.626676
0.678733
0.717243
0.746468
0.767528
0.779961
0.785139
0.786333
0.786523
0.786546
-0.0649099
-0.0403923
0.00774286
0.0722003
0.145339
0.223031
0.303899
0.387328
0.47239
0.557857
0.631963
0.68703
0.727642
0.758266
0.780287
0.793308
0.798831
0.800251
0.800458
0.800476
-0.0929941
-0.0680892
-0.0183308
0.0485551
0.124783
0.205998
0.290794
0.378503
0.468126
0.558295
0.636459
0.694396
0.736949
0.768873
0.791639
0.805093
0.810869
0.812443
0.812671
0.812678
-0.119512
-0.0941801
-0.0428915
0.0260506
0.105042
0.189399
0.277745
0.369389
0.463287
0.557966
0.640098
0.700848
0.745243
0.778352
0.801703
0.815464
0.82141
0.823084
0.82331
0.823293
-0.144831
-0.119052
-0.0665998
0.00439313
0.0858276
0.172998
0.26456
0.359825
0.457743
0.556783
0.642853
0.706426
0.752654
0.786866
0.810791
0.82468
0.830672
0.832392
0.832587
0.832538
-0.169354
-0.142984
-0.0895111
-0.016662
0.0669407
0.156636
0.251117
0.349713
0.451406
0.554667
0.644696
0.711172
0.759292
0.794612
0.818983
0.832924
0.838914
0.840599
0.840786
0.84071
-0.19321
-0.166417
-0.111745
-0.0372726
0.048266
0.140228
0.237347
0.339
0.444222
0.551569
0.645605
0.715135
0.765289
0.80176
0.826497
0.840399
0.846311
0.847923
0.848062
0.847962
-0.216529
-0.189174
-0.133453
-0.0575219
0.0297564
0.123741
0.223228
0.32766
0.436166
0.547447
0.645537
0.718338
0.770743
0.808439
0.833478
0.847254
0.852987
0.854478
0.854549
0.854412
-0.23941
-0.21145
-0.154714
-0.0774397
0.0113892
0.107176
0.208779
0.31572
0.427244
0.542269
0.644439
0.720768
0.775735
0.814787
0.840069
0.853585
0.858996
0.860287
0.860281
0.86012
-0.261872
-0.233224
-0.175534
-0.0970192
-0.00680391
0.0905654
0.194047
0.303222
0.417484
0.536013
0.642251
0.722378
0.780288
0.820941
0.846453
0.859509
0.864403
0.865416
0.865335
0.86516
-0.283754
-0.254457
-0.19585
-0.116232
-0.024788
0.0739751
0.179093
0.290242
0.406946
0.528703
0.638909
0.72308
0.784361
0.827036
0.85293
0.865295
0.869334
0.869922
0.869754
0.869582
-0.305028
-0.275118
-0.215647
-0.13503
-0.042505
0.0574649
0.164008
0.276859
0.395709
0.520368
0.634369
0.722743
0.787839
0.833135
0.859887
0.871454
0.874115
0.873895
0.87358
0.873453
-0.325764
-0.295164
-0.234898
-0.153376
-0.0598921
0.0411187
0.148881
0.263176
0.383867
0.511073
0.628587
0.721224
0.790517
0.83912
0.867646
0.878857
0.879675
0.877762
0.876917
0.877015
-0.345782
-0.314579
-0.253541
-0.171207
-0.07689
0.0250209
0.133807
0.249305
0.371535
0.500918
0.621554
0.718359
0.792112
0.844615
0.876123
0.888465
0.888047
0.883594
0.880621
0.879971
-0.365176
-0.333359
-0.271591
-0.188551
-0.0935313
0.00913011
0.118734
0.235188
0.358645
0.489831
0.613131
0.713875
0.792317
0.849069
0.884579
0.900436
0.901501
0.895509
0.88641
0.877232
-0.383869
-0.351485
-0.289174
-0.205605
-0.110105
-0.00688576
0.103247
0.220343
0.344659
0.477176
0.602665
0.706968
0.790553
0.851697
0.891152
0.912232
0.915788
0.904858
0.884939
0.878395
-0.401682
-0.368964
-0.306108
-0.22217
-0.126303
-0.0227004
0.0875665
0.205096
0.329884
0.463216
0.59025
0.697142
0.786099
0.851385
0.891509
0.912552
0.919274
0.895244
0.829345
0.80038
-0.418142
-0.387038
-0.322003
-0.237714
-0.141332
-0.0377967
0.0719987
0.189701
0.31457
0.4481
0.57588
0.684053
0.777777
0.847467
0.881102
0.896192
0.886969
0.833697
0.765589
0.724331
-0.468521
-0.403941
-0.336492
-0.253127
-0.1565
-0.053444
0.0565708
0.173938
0.298406
0.431421
0.559011
0.66721
0.761822
0.837908
0.850545
0.848511
0.801473
0.733256
0.657623
0.615912
-0.43518
-0.4182
-0.358222
-0.27425
-0.179237
-0.0763457
0.032753
0.149411
0.272805
0.404236
0.529743
0.635913
0.721646
0.803063
0.791978
0.681224
0.580056
0.508823
0.43717
0.469407
-0.466898
-0.436439
-0.375138
-0.291999
-0.196885
-0.094173
0.0151152
0.131108
0.253418
0.383033
0.505742
0.607834
0.6845
0.728009
0.681248
0.535483
0.412256
0.323821
0.227984
0.278718
-0.490961
-0.458074
-0.394979
-0.311676
-0.216507
-0.113868
-0.00468232
0.110471
0.231368
0.358567
0.477505
0.573441
0.640695
0.649067
0.54505
0.377788
0.231108
0.116415
-0.00937361
0.0261589
-0.514559
-0.480257
-0.41582
-0.331654
-0.236371
-0.13387
-0.0251915
0.088988
0.208272
0.332669
0.446927
0.535242
0.587006
0.564523
0.40854
0.218351
0.0369046
-0.123995
-0.305755
-0.314838
-0.537655
-0.502867
-0.437494
-0.352581
-0.257103
-0.154804
-0.0467645
0.0663162
0.183732
0.304955
0.413829
0.494604
0.527116
0.468541
0.278756
0.0727108
-0.134413
-0.309873
-0.553258
-0.812901
-0.561077
-0.526228
-0.460304
-0.374879
-0.27918
-0.177024
-0.0695527
0.0424018
0.157851
0.275669
0.378848
0.451357
0.46287
0.353764
0.165122
-0.0430767
-0.24363
-0.405229
-0.481187
-0.587166
-0.585792
-0.550816
-0.484583
-0.398881
-0.303103
-0.201181
-0.0943687
0.0162908
0.12946
0.243364
0.340468
0.402044
0.388989
0.245762
0.0632369
-0.128483
-0.293192
-0.382973
-0.405838
-0.422012
-0.612071
-0.57694
-0.510495
-0.424673
-0.329002
-0.227484
-0.121568
-0.0125048
0.0979635
0.207303
0.297874
0.345199
0.314475
0.145017
-0.0295853
-0.19667
-0.322438
-0.360357
-0.372223
-0.373436
-0.640124
-0.604762
-0.538093
-0.452248
-0.356821
-0.255931
-0.151166
-0.0440325
0.0632956
0.16747
0.25065
0.283427
0.231704
0.0522949
-0.113487
-0.261559
-0.33609
-0.353666
-0.35457
-0.354326
-0.670007
-0.634337
-0.56739
-0.481594
-0.386568
-0.286504
-0.183161
-0.0783044
0.0254621
0.12393
0.198728
0.21945
0.132636
-0.0324234
-0.190197
-0.310328
-0.347311
-0.344696
-0.344016
-0.343394
-0.701417
-0.66549
-0.598276
-0.512616
-0.418144
-0.31914
-0.217515
-0.11529
-0.0155019
0.0767734
0.142963
0.14706
0.0425683
-0.111672
-0.251094
-0.323418
-0.334477
-0.337516
-0.338116
-0.337784
-0.733796
-0.69773
-0.630498
-0.545071
-0.451351
-0.353666
-0.254062
-0.154855
-0.0594136
0.0263202
0.0837552
0.0733602
-0.0393371
-0.179251
-0.293041
-0.331822
-0.334844
-0.334873
-0.334664
-0.334421
-0.766651
-0.730465
-0.663593
-0.57854
-0.485826
-0.38974
-0.292501
-0.196705
-0.106
-0.0267401
0.0198695
0.00207595
-0.114456
-0.233277
-0.322897
-0.331009
-0.331209
-0.331822
-0.33204
-0.331928
-0.799095
-0.76298
-0.6966
-0.612423
-0.520998
-0.426861
-0.332349
-0.240339
-0.154809
-0.0818221
-0.0456796
-0.0665197
-0.181104
-0.273096
-0.325715
-0.338334
-0.334769
-0.332637
-0.331844
-0.331585
-0.82949
-0.79414
-0.728545
-0.645746
-0.556057
-0.464288
-0.372905
-0.285019
-0.205032
-0.138492
-0.106434
-0.144669
-0.239301
-0.309288
-0.32118
-0.334928
-0.337912
-0.336647
-0.336027
-0.335473
-0.856206
-0.821962
-0.758329
-0.677263
-0.58991
-0.50103
-0.41324
-0.329784
-0.255465
-0.195921
-0.16557
-0.222448
-0.299725
-0.330101
-0.352761
-0.354076
-0.35152
-0.349891
-0.349957
-0.349661
-0.877098
-0.844573
-0.783777
-0.705539
-0.621222
-0.535851
-0.452173
-0.373463
-0.304796
-0.252609
-0.227636
-0.295186
-0.370622
-0.388492
-0.395198
-0.401416
-0.398938
-0.396476
-0.39495
-0.3931
-0.889883
-0.860069
-0.802934
-0.72863
-0.648423
-0.567323
-0.488337
-0.414657
-0.351608
-0.306456
-0.287658
-0.365848
-0.471804
-0.519547
-0.485028
-0.489233
-0.495491
-0.492292
-0.482687
-0.480159
-0.891845
-0.866075
-0.813841
-0.744665
-0.669729
-0.593972
-0.520201
-0.451798
-0.394166
-0.355174
-0.33673
-0.423554
-0.57629
-0.753
-0.674921
-0.578172
-0.533004
-0.510619
-0.501431
-0.4993
-0.880932
-0.860055
-0.814306
-0.75199
-0.683603
-0.614164
-0.546279
-0.483175
-0.430356
-0.395523
-0.374342
-0.42849
-0.528661
-0.768518
-0.676955
-0.524361
-0.455774
-0.435923
-0.430854
-0.428571
-0.854748
-0.838991
-0.802502
-0.749386
-0.689067
-0.626857
-0.565217
-0.507273
-0.457777
-0.424718
-0.385731
-0.325381
-0.209293
-0.18726
-0.238925
-0.265809
-0.289329
-0.302729
-0.30735
-0.306696
-0.815904
-0.805657
-0.779128
-0.737048
-0.686135
-0.63184
-0.576517
-0.52296
-0.475282
-0.43958
-0.395675
-0.223118
0.0864949
0.405209
0.234218
-0.0478027
-0.22918
-0.279711
-0.291018
-0.292963
-0.771083
-0.76523
-0.749027
-0.717785
-0.676837
-0.630081
-0.580706
-0.530496
-0.483538
-0.443406
-0.402623
-0.336298
-0.264631
-0.101195
-0.208193
-0.391946
-0.470366
-0.457216
-0.446397
-0.466043
-0.729985
-0.726495
-0.718438
-0.697156
-0.664305
-0.623978
-0.579147
-0.531559
-0.483061
-0.444489
-0.413077
-0.543357
-1.01249
-1.77757
-2.26384
-2.3633
-2.19685
-1.92067
-1.61349
-1.48555
-0.699876
-0.697669
-0.693605
-0.679982
-0.653207
-0.616729
-0.574306
-0.526194
-0.475531
-0.425932
-0.403619
-0.521189
-0.952755
-1.42583
-1.63872
-1.5634
-1.37413
-1.16747
-0.97597
-0.901419
-0.677322
-0.676484
-0.675211
-0.668132
-0.646549
-0.611886
-0.568113
-0.517578
-0.459842
-0.394289
-0.346877
-0.339004
-0.332933
-0.178102
0.0120352
0.255194
0.460421
0.590382
0.671473
0.702533
-0.664343
-0.663964
-0.663428
-0.660328
-0.643953
-0.609443
-0.562356
-0.506517
-0.440874
-0.36427
-0.275555
-0.167308
0.0242469
0.412921
0.849525
1.25181
1.54519
1.69478
1.74755
1.75855
-0.656172
-0.655958
-0.655475
-0.654881
-0.64348
-0.609216
-0.558361
-0.49601
-0.421141
-0.325784
-0.215964
-0.0944991
0.159333
0.593987
1.07389
1.51189
1.82482
1.98128
2.03753
2.05082
-0.650716
-0.650929
-0.651189
-0.651321
-0.642932
-0.611136
-0.558479
-0.489908
-0.404521
-0.301785
-0.187796
-0.0709421
0.150564
0.559457
0.988205
1.36573
1.63961
1.78697
1.84518
1.86031
-0.647763
-0.647033
-0.644362
-0.640539
-0.637051
-0.615901
-0.565687
-0.490779
-0.397933
-0.29292
-0.181489
-0.0750327
0.0856557
0.433721
0.782255
1.07351
1.29396
1.41746
1.46925
1.48326
-0.6659
-0.661533
-0.648744
-0.635945
-0.63836
-0.635689
-0.583975
-0.498407
-0.397546
-0.290098
-0.187397
-0.0905524
0.0226694
0.282212
0.558757
0.779146
0.945531
1.04159
1.08224
1.09316
-0.729816
-0.72674
-0.724054
-0.728076
-0.731136
-0.706601
-0.618268
-0.508478
-0.395803
-0.285821
-0.193682
-0.114722
-0.0248235
0.17727
0.376953
0.531774
0.649987
0.719351
0.749293
0.756458
-0.829178
-0.840586
-0.868001
-0.885555
-0.87408
-0.798054
-0.653677
-0.511327
-0.388169
-0.280155
-0.198712
-0.135909
-0.0782961
0.0684361
0.22135
0.339854
0.424854
0.472376
0.492158
0.496766
-0.855258
-0.874339
-0.905367
-0.92327
-0.90313
-0.80261
-0.63708
-0.487721
-0.3665
-0.267498
-0.196937
-0.147876
-0.108022
0.00257639
0.113101
0.194911
0.25561
0.290576
0.304976
0.307412
-0.69706
-0.715459
-0.742746
-0.760417
-0.73953
-0.651629
-0.532164
-0.419702
-0.322764
-0.241955
-0.182069
-0.1404
-0.0993493
-0.0189517
0.0589288
0.112995
0.150296
0.170314
0.178548
0.179719
-0.406373
-0.416867
-0.433986
-0.451852
-0.451813
-0.419181
-0.369657
-0.314049
-0.258846
-0.203413
-0.155779
-0.118165
-0.08077
-0.028755
0.0177612
0.0541273
0.0815368
0.0973025
0.103202
0.103055
-0.136199
-0.140799
-0.152464
-0.172155
-0.193685
-0.209921
-0.215237
-0.208144
-0.189494
-0.160521
-0.127594
-0.0944331
-0.0636046
-0.0309723
-4.83856e-05
0.0235699
0.040769
0.0507094
0.0547476
0.0541926
0.0232119
0.0208324
0.0118922
-0.00891768
-0.0423165
-0.078773
-0.108196
-0.126312
-0.13091
-0.121357
-0.100652
-0.0754211
-0.0520451
-0.0350856
-0.0171559
0.000583806
0.0133249
0.020725
0.0224971
0.0213275
0.0840255
0.0823834
0.0751232
0.0568637
0.0262025
-0.010295
-0.0449723
-0.0719502
-0.0876034
-0.0898112
-0.0791221
-0.0623263
-0.0479536
-0.0414127
-0.0327068
-0.022177
-0.01254
-0.00717826
-0.00604081
-0.00738152
0.0923399
0.0910821
0.0856668
0.0719665
0.0484365
0.0189595
-0.0116658
-0.0388283
-0.0588646
-0.0688891
-0.0671377
-0.0584737
-0.0518734
-0.0516417
-0.0468401
-0.0401263
-0.0351328
-0.0331672
-0.033498
-0.0349114
0.0796656
0.0787858
0.075031
0.0654826
0.0487363
0.026658
0.00187893
-0.0221633
-0.0425141
-0.0566356
-0.0620633
-0.0616265
-0.0614634
-0.0670171
-0.0667885
-0.063165
-0.0604284
-0.0602169
-0.0609181
-0.062019
0.0611671
0.0605863
0.0580664
0.0516037
0.0399879
0.0239789
0.00484976
-0.0152486
-0.0343804
-0.0510932
-0.0631826
-0.0711471
-0.0786672
-0.0859107
-0.0860765
-0.084514
-0.0839409
-0.0848841
-0.0858907
-0.0866986
0.043016
0.0426412
0.0409682
0.0366335
0.0286474
0.0171492
0.00260053
-0.013937
-0.0316367
-0.0500391
-0.0678285
-0.0841892
-0.0973756
-0.102956
-0.102407
-0.101676
-0.102627
-0.104608
-0.105729
-0.106313
0.0274567
0.0271943
0.0261014
0.023203
0.0177123
0.00944582
-0.00157956
-0.0150429
-0.0309579
-0.0500428
-0.0719043
-0.0963226
-0.113056
-0.116376
-0.114062
-0.11368
-0.1152
-0.117457
-0.11844
-0.118808
0.0152341
0.0150407
0.0143064
0.0123739
0.00862159
0.00273427
-0.00555032
-0.0164158
-0.0303693
-0.048929
-0.0728328
-0.100201
-0.119224
-0.119274
-0.11593
-0.116105
-0.11875
-0.121248
-0.122107
-0.122294
0.00624192
0.00611586
0.00561679
0.00438131
0.00189312
-0.00222917
-0.00835391
-0.0168757
-0.028573
-0.0450881
-0.0677787
-0.0939765
-0.110213
-0.107899
-0.106242
-0.107955
-0.111635
-0.114329
-0.115037
-0.115121
0.000236409
0.000133256
-0.000189961
-0.000916451
-0.00243693
-0.00516684
-0.00950042
-0.0158832
-0.0250406
-0.0382964
-0.0562841
-0.0762299
-0.0865492
-0.0843833
-0.0854336
-0.0899766
-0.094563
-0.0972007
-0.0977957
-0.0978665
-0.00303145
-0.0031124
-0.00329479
-0.00366245
-0.0044985
-0.00615985
-0.00901284
-0.0134234
-0.0198941
-0.0290695
-0.0403645
-0.0512038
-0.0558955
-0.0550357
-0.0591391
-0.0654271
-0.0703948
-0.0727205
-0.0732336
-0.0733539
-0.00399526
-0.0040626
-0.00416399
-0.00429171
-0.00463199
-0.00550045
-0.00716385
-0.00987715
-0.0138362
-0.0190216
-0.0234912
-0.0247226
-0.0202013
-0.0228697
-0.0310924
-0.0388994
-0.0433419
-0.0449174
-0.0453736
-0.0456321
-0.00308276
-0.00313607
-0.00318132
-0.00318095
-0.00323551
-0.00356364
-0.00434626
-0.00568114
-0.00756922
-0.00968333
-0.00943497
-0.00293573
0.00536011
0.000939876
-0.00881581
-0.0160283
-0.0189925
-0.0194419
-0.0198063
-0.0202941
-0.000745925
-0.00076074
-0.000772499
-0.000782599
-0.000699548
-0.00062391
-0.000676909
-0.000841389
-0.00110756
-0.00147784
-0.00146671
0.000261909
0.00407609
0.00303011
0.000527252
-0.00199324
-0.00263218
-0.00290323
-0.00359211
-0.00369298
-0.118517
0.068776
0.268776
0.436813
0.570971
0.676799
0.764833
0.838893
0.8693
0.853116
0.205868
0.328842
0.457567
0.568736
0.662368
0.739988
0.802495
0.846318
0.869065
0.881928
0.424942
0.508325
0.595887
0.673767
0.740588
0.796424
0.840661
0.873241
0.897178
0.915072
0.58444
0.643727
0.705074
0.761971
0.811268
0.853043
0.887381
0.915135
0.937696
0.955971
0.709388
0.751862
0.798834
0.841933
0.880421
0.914039
0.942859
0.967154
0.98697
1.00492
0.81304
0.846041
0.884446
0.919803
0.952228
0.981407
1.00698
1.02868
1.04572
1.06332
0.905477
0.934322
0.968307
1.00046
1.03033
1.05749
1.08131
1.10115
1.11576
1.13321
0.99398
1.02338
1.05731
1.08942
1.119
1.14559
1.1685
1.18693
1.19958
1.21704
1.08925
1.12281
1.1592
1.19288
1.2229
1.24902
1.27092
1.28799
1.29943
1.31722
1.2041
1.24264
1.28084
1.31503
1.34426
1.3689
1.38918
1.40486
1.41618
1.43452
1.34877
1.38824
1.42378
1.45416
1.47971
1.50174
1.52074
1.53625
1.54889
1.56701
1.52348
1.55552
1.5813
1.60362
1.62365
1.64238
1.66
1.67655
1.69228
1.71047
1.71107
1.72862
1.74414
1.76072
1.77686
1.7914
1.80442
1.81839
1.83547
1.85515
1.89265
1.90361
1.91575
1.92654
1.93579
1.94534
1.95622
1.9678
1.97775
1.99292
2.10365
2.10567
2.09051
2.07528
2.06889
2.07456
2.09316
2.12357
2.15571
2.18645
2.40956
2.27252
2.19622
2.15411
2.13667
2.14071
2.16806
2.22421
2.32766
2.54294
0.714849
0.711473
0.705546
0.695739
0.682796
0.670372
0.660059
0.652114
0.646459
0.643179
0.642811
0.645553
0.650676
0.657931
0.667371
0.679062
0.692195
0.704187
0.711643
0.716364
0.632861
0.638747
0.64565
0.650888
0.653733
0.653403
0.650497
0.646574
0.643007
0.640718
0.640557
0.642758
0.646447
0.650804
0.654753
0.656755
0.655643
0.651553
0.64566
0.638616
0.625203
0.627549
0.630898
0.633804
0.636018
0.637816
0.638773
0.638515
0.637481
0.636581
0.636743
0.638164
0.639978
0.641256
0.6413
0.640128
0.638319
0.635976
0.63282
0.629856
0.620056
0.621143
0.623007
0.625386
0.627343
0.628731
0.629822
0.630676
0.631139
0.631379
0.631862
0.63264
0.633179
0.633143
0.632618
0.631742
0.630336
0.628277
0.626164
0.62475
0.614956
0.615611
0.616718
0.618435
0.620236
0.621847
0.623107
0.624126
0.62504
0.625853
0.626575
0.627086
0.627223
0.627013
0.626448
0.625414
0.623972
0.622396
0.621071
0.620287
0.610026
0.610481
0.611262
0.612554
0.614042
0.615568
0.617027
0.618303
0.619426
0.620476
0.621375
0.621912
0.622033
0.62175
0.621046
0.620034
0.618886
0.617744
0.61683
0.616309
0.605226
0.605566
0.606173
0.607235
0.608517
0.609886
0.611324
0.612761
0.614113
0.61537
0.616455
0.617121
0.617278
0.616983
0.616358
0.615559
0.614696
0.613824
0.61315
0.612768
0.600514
0.600779
0.601268
0.60217
0.603328
0.604612
0.605997
0.607475
0.608998
0.610491
0.611807
0.612643
0.612912
0.61276
0.61234
0.611761
0.611098
0.61045
0.609954
0.609663
0.595814
0.596025
0.596431
0.597222
0.598299
0.599534
0.600903
0.602421
0.604071
0.605798
0.60739
0.608472
0.608967
0.609047
0.608852
0.608487
0.608025
0.607563
0.607206
0.606977
0.591041
0.591211
0.591559
0.592277
0.593306
0.594518
0.595912
0.597507
0.599306
0.601277
0.603199
0.604622
0.605425
0.605781
0.605828
0.605683
0.605424
0.60513
0.604886
0.604704
0.586111
0.586249
0.586555
0.587227
0.588239
0.589473
0.59093
0.592646
0.594644
0.596912
0.599235
0.601085
0.60226
0.602935
0.603254
0.603342
0.603283
0.603149
0.603001
0.602855
0.580936
0.581048
0.581327
0.581979
0.583007
0.584307
0.585871
0.58776
0.590026
0.592671
0.595492
0.597854
0.599467
0.600508
0.601134
0.601471
0.601618
0.601645
0.601581
0.601462
0.575425
0.575513
0.575776
0.576433
0.577515
0.578923
0.580648
0.582779
0.585392
0.588521
0.591954
0.594929
0.597056
0.598518
0.599488
0.600118
0.60049
0.600666
0.600675
0.600577
0.569473
0.569541
0.569797
0.570481
0.571654
0.573217
0.575168
0.57762
0.580675
0.584411
0.588593
0.592307
0.595044
0.597001
0.598364
0.599317
0.599936
0.600272
0.60035
0.60027
0.562956
0.563004
0.563261
0.563996
0.565299
0.567075
0.569324
0.572186
0.575803
0.580288
0.585385
0.589989
0.593455
0.595996
0.597818
0.59913
0.600036
0.600544
0.600691
0.600625
0.555725
0.555755
0.556017
0.556825
0.558305
0.560356
0.562986
0.56637
0.57069
0.576097
0.582307
0.587987
0.592322
0.595553
0.597921
0.599659
0.60089
0.601582
0.601797
0.601744
0.547595
0.547612
0.547876
0.548783
0.55049
0.552884
0.556006
0.560056
0.565259
0.571808
0.579372
0.586339
0.591704
0.595746
0.598755
0.601007
0.602602
0.603497
0.603782
0.603737
0.53826
0.538247
0.538574
0.539614
0.541605
0.544451
0.548204
0.553096
0.559406
0.56737
0.57658
0.585079
0.591659
0.596656
0.600419
0.603271
0.605287
0.606408
0.606765
0.606727
0.527444
0.527406
0.527776
0.529009
0.531367
0.534797
0.539352
0.545311
0.553009
0.562717
0.57392
0.584244
0.592252
0.598374
0.603025
0.606571
0.609074
0.610439
0.610869
0.610834
0.514671
0.514607
0.515054
0.516536
0.519377
0.523567
0.52916
0.536488
0.54594
0.557803
0.571409
0.583893
0.593568
0.600993
0.606683
0.611028
0.614083
0.615711
0.616211
0.616175
0.49931
0.499218
0.499787
0.501618
0.505103
0.510309
0.517282
0.526406
0.538107
0.552645
0.569129
0.58413
0.595715
0.604624
0.611509
0.616757
0.620421
0.622318
0.62288
0.622837
0.480433
0.480315
0.481081
0.483419
0.487813
0.494432
0.503291
0.514809
0.529409
0.547262
0.56716
0.585042
0.598786
0.609369
0.617571
0.623842
0.628157
0.630316
0.630922
0.630864
0.456642
0.456509
0.457605
0.460729
0.466489
0.475175
0.486708
0.501485
0.519822
0.541722
0.565607
0.586745
0.602881
0.615301
0.624946
0.63233
0.637302
0.639687
0.640309
0.640229
0.42564
0.42553
0.427229
0.431714
0.439755
0.451653
0.467113
0.486372
0.509515
0.536305
0.564743
0.589438
0.608117
0.622491
0.633679
0.642223
0.647786
0.650315
0.650911
0.6508
0.383317
0.383372
0.386393
0.393712
0.405993
0.423153
0.44443
0.469731
0.49885
0.531335
0.564801
0.593278
0.6146
0.630982
0.643744
0.653416
0.659416
0.661946
0.66246
0.662312
0.321991
0.323173
0.33055
0.344265
0.364286
0.3898
0.419245
0.452215
0.488389
0.527227
0.566032
0.598378
0.622342
0.640694
0.654951
0.665571
0.671805
0.674116
0.674459
0.674281
0.248846
0.250875
0.265108
0.288717
0.319501
0.35488
0.393251
0.434426
0.478206
0.524099
0.569139
0.606314
0.633774
0.654726
0.670886
0.682643
0.689075
0.691282
0.691597
0.691506
0.173513
0.179839
0.201019
0.234731
0.275877
0.32087
0.368143
0.417579
0.469053
0.522119
0.573597
0.615799
0.646878
0.670605
0.68888
0.701581
0.707854
0.709709
0.709959
0.709931
0.112016
0.120463
0.146165
0.186909
0.236155
0.289337
0.34466
0.401857
0.460705
0.520694
0.57834
0.625274
0.659688
0.68584
0.705737
0.71911
0.725402
0.727128
0.727488
0.727527
0.0618647
0.0709243
0.100161
0.146118
0.201474
0.261244
0.323374
0.387421
0.452995
0.519462
0.582946
0.634352
0.67187
0.70025
0.721673
0.735906
0.742453
0.744539
0.74499
0.74502
0.0198388
0.029175
0.0608553
0.110818
0.171182
0.236421
0.304304
0.37432
0.445932
0.51837
0.58733
0.642961
0.683424
0.713961
0.736931
0.752154
0.759367
0.761833
0.762352
0.762439
-0.0164446
-0.0069905
0.026534
0.0797071
0.144214
0.214126
0.287024
0.362324
0.439389
0.517317
0.591396
0.651004
0.694244
0.726815
0.751265
0.767456
0.775338
0.778028
0.778632
0.778722
-0.0486433
-0.0391369
-0.00418773
0.0517015
0.119684
0.193623
0.270961
0.351015
0.433065
0.516088
0.594982
0.658336
0.704181
0.738571
0.764298
0.781329
0.789871
0.792824
0.793456
0.79354
-0.0780117
-0.0684426
-0.0323249
0.0259126
0.0968793
0.174344
0.255627
0.339996
0.426648
0.514461
0.597929
0.664849
0.713114
0.749186
0.775971
0.793682
0.802717
0.805887
0.806553
0.806614
-0.105398
-0.0957634
-0.058588
0.00164242
0.0752723
0.155864
0.240672
0.328967
0.419888
0.512231
0.600104
0.67048
0.721055
0.758662
0.786397
0.804619
0.813933
0.817275
0.817984
0.818032
-0.131357
-0.121636
-0.0834633
-0.0215563
0.0544896
0.137862
0.225845
0.317717
0.412604
0.509252
0.601426
0.675227
0.728083
0.767142
0.795753
0.814343
0.823786
0.827217
0.827951
0.827973
-0.156367
-0.146456
-0.107437
-0.0439172
0.0342711
0.120121
0.210969
0.306106
0.404682
0.505432
0.601833
0.679101
0.734275
0.774784
0.804177
0.823049
0.83253
0.835947
0.836654
0.836649
-0.18066
-0.170519
-0.130741
-0.0656288
0.0144424
0.102504
0.195937
0.294055
0.396046
0.500703
0.601283
0.682106
0.739715
0.781749
0.811886
0.830925
0.840372
0.84373
0.844386
0.844344
-0.204338
-0.193978
-0.153356
-0.0868523
-0.00509659
0.0849537
0.1807
0.28152
0.386661
0.495013
0.599728
0.684246
0.744482
0.788172
0.819034
0.838145
0.84748
0.850718
0.851298
0.851233
-0.227533
-0.216867
-0.175463
-0.10766
-0.0243841
0.0674374
0.165249
0.268502
0.376526
0.488351
0.597118
0.685492
0.748629
0.794171
0.825762
0.844849
0.853963
0.856993
0.85746
0.85735
-0.250224
-0.239267
-0.197095
-0.128077
-0.0434228
0.0499704
0.149619
0.25504
0.365669
0.480709
0.59341
0.685786
0.75217
0.799844
0.832225
0.85116
0.85986
0.862567
0.86289
0.862744
-0.272457
-0.26117
-0.218188
-0.148077
-0.0621886
0.0325893
0.133855
0.241197
0.354146
0.472113
0.588569
0.685058
0.755051
0.805254
0.838627
0.857307
0.865317
0.867509
0.867657
0.867484
-0.294042
-0.282505
-0.238729
-0.16762
-0.080631
0.0153679
0.118026
0.227046
0.342033
0.462623
0.582577
0.683223
0.757168
0.810401
0.845217
0.863687
0.870628
0.871943
0.871806
0.871619
-0.315114
-0.303222
-0.258699
-0.186681
-0.0987148
-0.00165265
0.102225
0.21267
0.329419
0.452321
0.575445
0.680179
0.758355
0.815164
0.85216
0.870878
0.876468
0.876228
0.875414
0.875222
-0.335513
-0.323292
-0.278069
-0.205208
-0.116359
-0.0183858
0.0865371
0.198192
0.316415
0.441277
0.567217
0.67583
0.75841
0.819277
0.859354
0.879461
0.884162
0.881651
0.879058
0.878113
-0.355286
-0.342757
-0.29678
-0.223146
-0.133526
-0.0347612
0.0710483
0.183694
0.303135
0.42963
0.55797
0.670083
0.75711
0.82234
0.86623
0.889396
0.895219
0.891408
0.884959
0.875927
-0.374356
-0.361581
-0.314913
-0.240654
-0.150429
-0.0510557
0.0554231
0.168773
0.289128
0.416872
0.54717
0.662353
0.753946
0.82394
0.872005
0.899762
0.909787
0.906606
0.896458
0.892161
-0.392668
-0.379752
-0.332462
-0.257688
-0.167056
-0.06725
0.0396862
0.153413
0.274358
0.402891
0.534638
0.652242
0.748183
0.823296
0.874642
0.905961
0.91869
0.919673
0.882337
0.835152
-0.409922
-0.396598
-0.349363
-0.274148
-0.183459
-0.0834452
0.0238087
0.137738
0.258884
0.38774
0.520299
0.639515
0.738732
0.819789
0.872116
0.898362
0.911359
0.893635
0.837142
0.776348
-0.42794
-0.411929
-0.365315
-0.289397
-0.199284
-0.099287
0.00750829
0.121795
0.242831
0.371573
0.504147
0.623977
0.724201
0.81417
0.862231
0.896215
0.868247
0.821191
0.751291
0.684808
-0.41511
-0.394566
-0.343586
-0.263133
-0.167268
-0.0641956
0.0478373
0.164986
0.289141
0.421726
0.548929
0.656888
0.749876
0.842577
0.875113
0.802949
0.751833
0.686598
0.614321
0.566754
-0.434848
-0.421685
-0.384209
-0.313284
-0.223582
-0.12452
-0.0174717
0.0963163
0.216686
0.344346
0.475335
0.593864
0.691152
0.776252
0.845749
0.832022
0.716623
0.632758
0.569446
0.48888
-0.456209
-0.441728
-0.39935
-0.327225
-0.236951
-0.138232
-0.0323064
0.0805324
0.199949
0.32622
0.455562
0.572172
0.66625
0.738871
0.765701
0.685889
0.548589
0.454594
0.380256
0.294723
-0.4778
-0.465172
-0.418618
-0.34529
-0.254981
-0.155898
-0.0499766
0.0625833
0.181122
0.305926
0.432519
0.544616
0.629974
0.686752
0.664293
0.534139
0.386137
0.272103
0.176542
0.0461335
-0.50138
-0.48862
-0.439909
-0.365318
-0.27482
-0.175674
-0.0698646
0.0421353
0.159575
0.2825
0.405694
0.512261
0.588781
0.623804
0.56461
0.385816
0.211527
0.0650972
-0.0703465
-0.255932
-0.52433
-0.51176
-0.461842
-0.386037
-0.295062
-0.195958
-0.0905308
0.0206304
0.13671
0.257355
0.376659
0.476988
0.545398
0.546745
0.437969
0.244262
0.0397967
-0.148749
-0.318002
-0.694066
-0.547428
-0.535089
-0.484581
-0.407917
-0.316529
-0.217389
-0.112356
-0.00206159
0.112529
0.230635
0.345661
0.438739
0.495725
0.465233
0.314923
0.117358
-0.0944735
-0.291791
-0.45806
-0.748571
-0.571445
-0.559238
-0.508401
-0.431193
-0.339515
-0.240336
-0.135657
-0.026213
0.0868204
0.20219
0.312661
0.398119
0.44014
0.391604
0.203936
0.0118764
-0.185004
-0.34915
-0.416643
-0.454918
-0.596928
-0.584842
-0.533692
-0.456168
-0.364408
-0.265367
-0.161203
-0.0528439
0.0582947
0.170419
0.275673
0.352888
0.378134
0.294047
0.104164
-0.0771775
-0.242352
-0.346929
-0.381927
-0.390414
-0.624119
-0.611994
-0.560611
-0.482863
-0.391153
-0.292435
-0.189009
-0.0820046
0.0268579
0.13521
0.234506
0.303173
0.302368
0.189135
0.0128715
-0.154383
-0.292792
-0.347303
-0.358619
-0.362392
-0.653124
-0.640903
-0.589224
-0.511291
-0.419743
-0.321535
-0.219076
-0.113736
-0.00752778
0.096584
0.189174
0.248439
0.223761
0.0905945
-0.0710452
-0.227757
-0.325297
-0.350232
-0.34869
-0.348795
-0.683687
-0.671681
-0.619487
-0.541411
-0.450135
-0.352617
-0.251384
-0.14802
-0.0448462
0.0545437
0.13995
0.187679
0.154147
0.000300412
-0.147649
-0.284067
-0.325797
-0.336178
-0.340103
-0.340266
-0.715646
-0.703634
-0.651173
-0.57305
-0.482182
-0.385566
-0.285831
-0.184775
-0.0850333
0.00924878
0.0870167
0.123725
0.0823912
-0.0772935
-0.214849
-0.308788
-0.346926
-0.337646
-0.336364
-0.336228
-0.748467
-0.736401
-0.683973
-0.605862
-0.51558
-0.420116
-0.322166
-0.223779
-0.127877
-0.0389607
0.0307065
0.0581941
-0.00299043
-0.145052
-0.268054
-0.313775
-0.331501
-0.333233
-0.333398
-0.333287
-0.781406
-0.769335
-0.716972
-0.639252
-0.549854
-0.455826
-0.360005
-0.264649
-0.173002
-0.0897224
-0.0276695
-0.0157681
-0.0845527
-0.201804
-0.298393
-0.329653
-0.32987
-0.331928
-0.331828
-0.331809
-0.813159
-0.801473
-0.749266
-0.672527
-0.584273
-0.492048
-0.398741
-0.306784
-0.219759
-0.142573
-0.0862406
-0.0893272
-0.158932
-0.252014
-0.316942
-0.363149
-0.342652
-0.335214
-0.33343
-0.332901
-0.842189
-0.831017
-0.779849
-0.704223
-0.617827
-0.527881
-0.437553
-0.349369
-0.26724
-0.196491
-0.145102
-0.155581
-0.233189
-0.293568
-0.330334
-0.33088
-0.34084
-0.341862
-0.341513
-0.341314
-0.866814
-0.85633
-0.806675
-0.733166
-0.649228
-0.562146
-0.475352
-0.391367
-0.314299
-0.249985
-0.205315
-0.219174
-0.305641
-0.346729
-0.334589
-0.367872
-0.372543
-0.367123
-0.366326
-0.366346
-0.884599
-0.875048
-0.827737
-0.757341
-0.676914
-0.593526
-0.510824
-0.431503
-0.359628
-0.301618
-0.264711
-0.281565
-0.381667
-0.436152
-0.425983
-0.434801
-0.440439
-0.445293
-0.441833
-0.436651
-0.893391
-0.884714
-0.840924
-0.774784
-0.699024
-0.620399
-0.54255
-0.468261
-0.401713
-0.349719
-0.31915
-0.34076
-0.46453
-0.594452
-0.614181
-0.559577
-0.532089
-0.522635
-0.511135
-0.50379
-0.88913
-0.881933
-0.844408
-0.783596
-0.71378
-0.641114
-0.568965
-0.500133
-0.438789
-0.391981
-0.366659
-0.383805
-0.494752
-0.694087
-0.817606
-0.649367
-0.54387
-0.499385
-0.482165
-0.476292
-0.870057
-0.865162
-0.835571
-0.782337
-0.719831
-0.654341
-0.588673
-0.525565
-0.468846
-0.425782
-0.404106
-0.392044
-0.388247
-0.449316
-0.537671
-0.448263
-0.38494
-0.366279
-0.365229
-0.364974
-0.836747
-0.833195
-0.812825
-0.770136
-0.716803
-0.65947
-0.60085
-0.543265
-0.490576
-0.448799
-0.422357
-0.346391
-0.140937
0.141582
0.148816
-0.0346084
-0.185342
-0.254251
-0.27246
-0.276449
-0.793745
-0.791498
-0.779673
-0.749054
-0.705775
-0.657155
-0.605623
-0.553148
-0.503116
-0.459978
-0.425668
-0.337227
-0.131129
0.165536
0.318826
0.0881324
-0.182918
-0.317094
-0.34406
-0.354526
-0.749471
-0.748162
-0.742216
-0.723598
-0.690513
-0.649343
-0.604233
-0.556217
-0.507363
-0.463593
-0.425363
-0.421179
-0.533519
-0.769925
-0.960627
-1.18978
-1.26526
-1.13023
-0.936317
-0.845058
-0.713281
-0.712561
-0.70964
-0.698624
-0.674503
-0.640016
-0.599262
-0.553511
-0.505161
-0.456068
-0.427183
-0.447921
-0.828782
-1.61047
-2.40554
-2.57534
-2.43597
-2.1432
-1.83388
-1.69605
-0.687636
-0.686799
-0.685237
-0.680588
-0.663056
-0.632782
-0.593269
-0.547478
-0.4953
-0.439751
-0.390331
-0.365103
-0.526329
-0.666721
-0.675248
-0.60617
-0.419033
-0.259617
-0.124275
-0.0408542
-0.670114
-0.669779
-0.669123
-0.667243
-0.656602
-0.629128
-0.588652
-0.539375
-0.482728
-0.417323
-0.343441
-0.283755
-0.200332
0.0132727
0.343223
0.696976
1.00033
1.19151
1.28869
1.32204
-0.659816
-0.659662
-0.659225
-0.658418
-0.653214
-0.628478
-0.585834
-0.531911
-0.467629
-0.389684
-0.296502
-0.187577
-0.0248783
0.315002
0.784333
1.24406
1.63266
1.86291
1.95782
1.98392
-0.653318
-0.653346
-0.653281
-0.653421
-0.650802
-0.629592
-0.585827
-0.526653
-0.453655
-0.365003
-0.257005
-0.140011
0.0210058
0.365665
0.825197
1.27306
1.63826
1.85954
1.95919
1.99048
-0.648151
-0.648455
-0.6484
-0.647842
-0.645697
-0.630569
-0.589848
-0.52712
-0.446744
-0.349865
-0.240097
-0.124035
-0.00187476
0.30391
0.70621
1.06714
1.36353
1.55513
1.64569
1.67658
-0.651831
-0.651391
-0.646591
-0.636363
-0.630667
-0.632209
-0.602499
-0.535981
-0.44743
-0.344491
-0.240053
-0.130977
-0.03661
0.18857
0.517976
0.802031
1.02811
1.17944
1.25389
1.28002
-0.692627
-0.689718
-0.681108
-0.669407
-0.667183
-0.672613
-0.637125
-0.553257
-0.450939
-0.342359
-0.239228
-0.143886
-0.0649782
0.102353
0.350741
0.561329
0.725025
0.837266
0.892878
0.912818
-0.781848
-0.779508
-0.787762
-0.806011
-0.810017
-0.791442
-0.701874
-0.574513
-0.450502
-0.337178
-0.237526
-0.158729
-0.09767
0.0280235
0.21489
0.367896
0.485172
0.565022
0.603837
0.616915
-0.860609
-0.866026
-0.893681
-0.922295
-0.925066
-0.877543
-0.73737
-0.576044
-0.438598
-0.32512
-0.23346
-0.169503
-0.126368
-0.0415148
0.095891
0.212823
0.298119
0.354266
0.382089
0.391726
-0.798818
-0.806885
-0.834285
-0.861521
-0.863353
-0.807253
-0.669571
-0.52499
-0.400188
-0.299648
-0.220999
-0.168653
-0.130644
-0.062887
0.0403969
0.118851
0.176287
0.214521
0.232184
0.237533
-0.556357
-0.565473
-0.58596
-0.608297
-0.614183
-0.575833
-0.496481
-0.410972
-0.329622
-0.257245
-0.195333
-0.149441
-0.112744
-0.0639592
0.00781006
0.0597338
0.0970303
0.121043
0.132548
0.135955
-0.258132
-0.262964
-0.273625
-0.290804
-0.307033
-0.310033
-0.299059
-0.27448
-0.242104
-0.203484
-0.161353
-0.123163
-0.0900562
-0.053491
-0.0109617
0.0227698
0.0482364
0.0665019
0.0749208
0.0772045
-0.0405539
-0.0427624
-0.0485598
-0.0635008
-0.0897474
-0.120969
-0.146374
-0.161211
-0.162699
-0.150806
-0.127918
-0.0995724
-0.0696925
-0.0459814
-0.020224
0.00353636
0.0200657
0.0313843
0.0367335
0.0372938
0.0637147
0.0623044
0.0581636
0.0446787
0.0177592
-0.0193411
-0.0562731
-0.0858323
-0.103672
-0.107838
-0.0977998
-0.0778657
-0.0569417
-0.0428784
-0.0321819
-0.0185187
-0.00550971
0.00376268
0.00762977
0.00762996
0.092812
0.0918766
0.0886685
0.0779903
0.0560613
0.0248235
-0.00901149
-0.0401369
-0.0637333
-0.0764856
-0.0764385
-0.0658529
-0.0529728
-0.0474029
-0.0425163
-0.0349102
-0.0269445
-0.02126
-0.0195114
-0.0203202
0.0876505
0.0870602
0.0847349
0.0771052
0.0612797
0.0379581
0.0107742
-0.0165489
-0.040119
-0.0570511
-0.0640889
-0.0614153
-0.0563361
-0.0570731
-0.0584147
-0.0537814
-0.0491251
-0.0468316
-0.0470237
-0.0480999
0.0707482
0.0704208
0.0688294
0.0636379
0.0526974
0.0360268
0.0153842
-0.00694932
-0.0282087
-0.0462417
-0.0582581
-0.0635369
-0.0667805
-0.0730466
-0.0775321
-0.0757643
-0.0734403
-0.0727485
-0.0733857
-0.0743006
0.0518868
0.0517313
0.0506636
0.0471975
0.0397716
0.0280638
0.0127954
-0.00489558
-0.0234554
-0.0416915
-0.0580372
-0.0711561
-0.0829019
-0.0922201
-0.0950392
-0.0938572
-0.0933499
-0.0944432
-0.0961268
-0.0969179
0.0348269
0.0347638
0.034061
0.0317627
0.0267318
0.0185132
0.0072568
-0.00665727
-0.0225612
-0.0403573
-0.0598594
-0.0799212
-0.0993767
-0.109417
-0.110103
-0.108612
-0.109141
-0.110991
-0.112709
-0.113276
0.0209181
0.0208908
0.0203855
0.0188489
0.0154569
0.00971127
0.00144608
-0.00943321
-0.022877
-0.0396887
-0.0606803
-0.0855983
-0.110566
-0.119955
-0.117775
-0.116065
-0.116974
-0.119559
-0.121272
-0.121618
0.0103281
0.0103246
0.00997642
0.00896827
0.00667716
0.00272684
-0.00327791
-0.0116474
-0.0227579
-0.0376757
-0.0584679
-0.0847284
-0.110066
-0.117289
-0.113268
-0.112396
-0.114831
-0.118035
-0.119787
-0.119976
0.00284898
0.00284394
0.00260539
0.00196528
0.000562347
-0.0020578
-0.00629337
-0.0125416
-0.0213498
-0.0339051
-0.0516486
-0.074446
-0.0954072
-0.0992989
-0.0969932
-0.098057
-0.102188
-0.105817
-0.107417
-0.107554
-0.001724
-0.00173383
-0.00190079
-0.00226165
-0.00305704
-0.00466343
-0.00747694
-0.0118847
-0.0183691
-0.0277711
-0.0408099
-0.0564614
-0.0696237
-0.0712007
-0.0711515
-0.075367
-0.0809124
-0.0846972
-0.0860799
-0.0862432
-0.00377996
-0.00379705
-0.0039155
-0.00409286
-0.00444844
-0.00529236
-0.00698843
-0.00983088
-0.0141329
-0.0202606
-0.0278699
-0.0348684
-0.0389546
-0.0387084
-0.041776
-0.0484946
-0.0548619
-0.0582416
-0.0592812
-0.0595347
-0.00374347
-0.00376742
-0.00385383
-0.00391308
-0.00397858
-0.00430772
-0.0051566
-0.00671011
-0.00913948
-0.0124392
-0.0154616
-0.0148916
-0.00814011
-0.0052273
-0.0142014
-0.0231879
-0.0289867
-0.0310527
-0.0316763
-0.0321616
-0.000752853
-0.000763629
-0.000787021
-0.000749274
-0.000651461
-0.000629986
-0.000749684
-0.00095938
-0.00129372
-0.00160702
-0.000995905
0.00214964
0.00456159
0.00174011
-0.00097983
-0.00232393
-0.00265525
-0.00328621
-0.003656
-0.0101083
-1.02198
-0.411545
0.00981351
0.260683
0.444341
0.584918
0.694502
0.784744
0.881091
0.95817
-0.0784681
0.120244
0.293119
0.441478
0.565196
0.666239
0.748697
0.815687
0.856314
0.861913
0.254453
0.37036
0.479536
0.579304
0.665006
0.737287
0.796364
0.840912
0.870292
0.888443
0.4626
0.541067
0.616795
0.687241
0.748956
0.801511
0.844698
0.878658
0.905153
0.924067
0.615142
0.668461
0.727011
0.778568
0.82484
0.865001
0.899094
0.927537
0.951186
0.967951
0.736316
0.777076
0.821947
0.861903
0.89869
0.931741
0.960724
0.985655
1.00657
1.02062
0.838105
0.87284
0.908794
0.943089
0.975108
1.00455
1.03082
1.0535
1.07208
1.08372
0.930824
0.962234
0.995223
1.02786
1.05851
1.08677
1.11187
1.13319
1.14986
1.1596
1.02152
1.05446
1.08888
1.12294
1.15422
1.18242
1.20694
1.22717
1.24224
1.25107
1.12324
1.16116
1.19879
1.23498
1.26699
1.29473
1.31807
1.33687
1.35068
1.36009
1.2499
1.29265
1.3316
1.36706
1.39728
1.4228
1.44428
1.46175
1.47515
1.48638
1.41121
1.45275
1.4863
1.5153
1.53969
1.56116
1.5807
1.59805
1.613
1.62672
1.60164
1.63106
1.65266
1.67178
1.69002
1.70736
1.72348
1.73916
1.75585
1.77309
1.7982
1.80882
1.82108
1.83561
1.85013
1.86304
1.87431
1.88514
1.89785
1.91341
1.98515
1.99473
2.00435
2.00637
2.00693
2.01113
2.02194
2.03827
2.0556
2.0603
2.28978
2.23091
2.17919
2.13916
2.11678
2.11269
2.12623
2.15994
2.21592
2.29525
0.849585
0.792477
0.750084
0.716549
0.692221
0.674809
0.662316
0.653355
0.647206
0.643692
0.643284
0.646144
0.651599
0.659559
0.670487
0.685464
0.706236
0.734976
0.77342
0.821508
0.653961
0.66299
0.669133
0.669744
0.665765
0.659371
0.652783
0.647242
0.643361
0.64168
0.642842
0.646444
0.651755
0.658315
0.665307
0.671024
0.673068
0.669735
0.661379
0.654192
0.629499
0.631596
0.636192
0.639943
0.642948
0.644696
0.644469
0.642679
0.640435
0.638829
0.638822
0.640641
0.643378
0.64604
0.647522
0.646992
0.644683
0.641462
0.637353
0.632917
0.623302
0.624202
0.626704
0.62934
0.631276
0.632729
0.633885
0.634444
0.634329
0.634065
0.634394
0.635454
0.636511
0.636902
0.636429
0.635418
0.633998
0.631853
0.629245
0.62722
0.617835
0.618299
0.619706
0.62175
0.62368
0.625196
0.626322
0.627262
0.628027
0.628618
0.629231
0.629828
0.63008
0.629906
0.629395
0.628465
0.626988
0.625138
0.62347
0.622444
0.612722
0.613012
0.613924
0.61539
0.617027
0.618631
0.620024
0.621168
0.622183
0.623132
0.623946
0.624446
0.624558
0.624317
0.623665
0.622599
0.621286
0.619953
0.618869
0.618241
0.607796
0.608
0.608683
0.609847
0.611219
0.61266
0.614125
0.615504
0.616743
0.617891
0.618878
0.619475
0.619609
0.619301
0.61861
0.617698
0.616705
0.615706
0.614922
0.61448
0.603005
0.60316
0.603702
0.604677
0.60589
0.607213
0.608623
0.610086
0.611533
0.612906
0.6141
0.614844
0.615043
0.614803
0.614275
0.613588
0.612828
0.612069
0.61149
0.611158
0.598278
0.5984
0.598844
0.599684
0.600798
0.602058
0.603432
0.604926
0.606512
0.608122
0.609571
0.610518
0.610886
0.610843
0.610536
0.610064
0.609499
0.608943
0.608521
0.608263
0.593529
0.593628
0.594002
0.594751
0.595802
0.597024
0.598404
0.599955
0.601673
0.603518
0.605266
0.606507
0.607147
0.60736
0.607284
0.607027
0.606665
0.606285
0.605987
0.605783
0.58867
0.588751
0.589076
0.589766
0.590783
0.592004
0.593428
0.595077
0.596967
0.599077
0.601188
0.602814
0.603796
0.604304
0.604486
0.604453
0.604292
0.604076
0.603882
0.603719
0.583612
0.58368
0.58397
0.584628
0.585644
0.58691
0.588418
0.590212
0.592335
0.594779
0.597337
0.599431
0.600816
0.601666
0.602138
0.602347
0.602389
0.602328
0.602223
0.602091
0.578268
0.578324
0.578593
0.579243
0.580293
0.581648
0.583289
0.585289
0.587716
0.590588
0.593699
0.596353
0.598211
0.599453
0.600251
0.600725
0.600982
0.601078
0.601051
0.600943
0.572539
0.572586
0.572843
0.573508
0.57463
0.576117
0.577951
0.580231
0.58305
0.586465
0.590253
0.59358
0.595998
0.597694
0.598861
0.599648
0.600135
0.600381
0.600425
0.600337
0.56631
0.566349
0.566603
0.567306
0.568537
0.570208
0.572304
0.574947
0.578265
0.582355
0.586972
0.59111
0.594194
0.596427
0.59802
0.599146
0.599891
0.600306
0.60042
0.600348
0.559446
0.559475
0.559734
0.560497
0.561881
0.563797
0.566231
0.569336
0.573283
0.578203
0.583828
0.588947
0.592827
0.595696
0.597792
0.599306
0.60035
0.600946
0.601129
0.60107
0.551785
0.551801
0.552071
0.552916
0.554499
0.556726
0.559593
0.563288
0.568022
0.573969
0.580822
0.587116
0.591943
0.595561
0.598254
0.600234
0.601617
0.602406
0.602659
0.602611
0.543079
0.543105
0.543406
0.544345
0.546178
0.548803
0.552228
0.556671
0.562394
0.569611
0.577957
0.585658
0.591605
0.5961
0.599493
0.602023
0.603796
0.604801
0.605125
0.605086
0.533051
0.533065
0.533408
0.534492
0.536651
0.539799
0.543934
0.549324
0.556287
0.565077
0.575236
0.584607
0.591872
0.597403
0.601617
0.604785
0.607012
0.608255
0.608652
0.608618
0.521325
0.521333
0.521712
0.522995
0.525588
0.529408
0.534453
0.541048
0.549567
0.560292
0.572639
0.584001
0.592815
0.599561
0.604739
0.608644
0.611392
0.61289
0.61336
0.613327
0.507368
0.507371
0.507814
0.509359
0.512521
0.517229
0.523468
0.531626
0.542129
0.555257
0.570237
0.583933
0.594535
0.602673
0.608973
0.613722
0.61705
0.618817
0.619355
0.619318
0.490419
0.490416
0.490954
0.49288
0.496831
0.502749
0.510593
0.520818
0.533872
0.54998
0.5681
0.584495
0.597133
0.606851
0.614413
0.620113
0.624077
0.626114
0.626707
0.62666
0.469344
0.469336
0.470036
0.472547
0.47765
0.485292
0.495368
0.508381
0.524728
0.544504
0.566322
0.585786
0.600706
0.612184
0.621126
0.627894
0.632519
0.634804
0.63543
0.635365
0.442403
0.442393
0.443376
0.446862
0.453788
0.464022
0.477318
0.494151
0.514741
0.538973
0.565068
0.587954
0.605353
0.618742
0.629188
0.637084
0.642353
0.64483
0.645453
0.64536
0.406561
0.406565
0.408168
0.413551
0.423724
0.438074
0.456159
0.478225
0.504208
0.533751
0.56465
0.59121
0.611206
0.626587
0.638602
0.647651
0.653464
0.656025
0.656592
0.656461
0.356067
0.35629
0.359956
0.369715
0.385936
0.40705
0.432093
0.461028
0.493548
0.529137
0.565246
0.595661
0.61832
0.635712
0.649292
0.659414
0.665594
0.66809
0.668542
0.668367
0.283473
0.285769
0.29654
0.315619
0.341864
0.372437
0.406337
0.443391
0.48331
0.525568
0.567314
0.601875
0.627446
0.647065
0.662402
0.673561
0.68003
0.682422
0.682774
0.682594
0.206191
0.212278
0.231354
0.260516
0.297436
0.337764
0.380607
0.425922
0.473556
0.523045
0.571329
0.611055
0.640365
0.662791
0.680284
0.692692
0.69926
0.701357
0.701619
0.701515
0.139574
0.146024
0.171664
0.209462
0.255499
0.304798
0.356223
0.409626
0.464844
0.52141
0.576006
0.620605
0.653392
0.678419
0.697698
0.710798
0.717266
0.719181
0.719452
0.719439
0.0850451
0.0919255
0.121514
0.165466
0.218289
0.274928
0.333789
0.394521
0.456815
0.520099
0.580704
0.629903
0.66589
0.693184
0.713977
0.727877
0.734636
0.73675
0.737027
0.737062
0.039765
0.0469793
0.079091
0.127732
0.185931
0.248535
0.313636
0.380758
0.449425
0.518936
0.585201
0.638748
0.677761
0.707248
0.729535
0.744461
0.751833
0.753985
0.754304
0.75434
0.0012477
0.00864371
0.0425509
0.0947304
0.157416
0.225067
0.295523
0.368249
0.442648
0.517882
0.589441
0.64709
0.68896
0.720546
0.744386
0.760243
0.768196
0.770583
0.770966
0.771013
-0.0325083
-0.0249965
0.0102243
0.0653409
0.131755
0.203742
0.278915
0.356647
0.436251
0.516767
0.593284
0.65479
0.699356
0.732868
0.75803
0.774806
0.783256
0.785978
0.786486
0.786534
-0.0629663
-0.0553415
-0.0190524
0.0385879
0.108158
0.183906
0.263263
0.345521
0.429914
0.515363
0.596568
0.661722
0.708796
0.744048
0.770387
0.787879
0.79679
0.799818
0.800419
0.800464
-0.0910658
-0.0833443
-0.0460991
0.0136624
0.0859989
0.165065
0.248151
0.334525
0.423349
0.513454
0.599139
0.667796
0.717223
0.754084
0.781368
0.799473
0.808714
0.81195
0.81263
0.812674
-0.117547
-0.109702
-0.0715506
-0.0100534
0.0648366
0.146853
0.233281
0.323403
0.416342
0.510861
0.600895
0.672982
0.724695
0.763036
0.791238
0.809745
0.819175
0.822565
0.823267
0.823302
-0.142858
-0.134853
-0.0957816
-0.0328084
0.044358
0.128998
0.218444
0.311985
0.408747
0.507468
0.601763
0.677287
0.731295
0.771076
0.800097
0.818891
0.828439
0.831851
0.832566
0.832564
-0.167353
-0.159159
-0.119398
-0.054824
0.024345
0.111326
0.203497
0.300158
0.400473
0.5032
0.601696
0.680727
0.737098
0.778359
0.808135
0.82713
0.836672
0.840075
0.840764
0.840751
-0.191178
-0.182741
-0.142321
-0.0762791
0.0046654
0.093746
0.188362
0.287865
0.391463
0.497992
0.600647
0.6833
0.742193
0.785036
0.815545
0.834648
0.8441
0.847431
0.848061
0.848025
-0.214431
-0.205863
-0.164614
-0.0972927
-0.0147475
0.0762086
0.173014
0.275084
0.381703
0.491816
0.598571
0.684995
0.746644
0.791233
0.822462
0.841587
0.85086
0.854038
0.854578
0.854485
-0.237213
-0.22844
-0.186441
-0.117908
-0.0339162
0.0587126
0.157468
0.261839
0.371194
0.484657
0.595413
0.685771
0.750489
0.797057
0.829033
0.84807
0.857022
0.859929
0.860335
0.860203
-0.259534
-0.250558
-0.207785
-0.138124
-0.0528295
0.0412829
0.141758
0.248173
0.359993
0.476537
0.591141
0.685564
0.753709
0.802595
0.835435
0.854258
0.862669
0.865163
0.865413
0.865247
-0.281329
-0.272144
-0.228585
-0.157903
-0.0714431
0.0239649
0.125955
0.23416
0.348166
0.467485
0.585724
0.684295
0.756225
0.807878
0.841901
0.860458
0.867994
0.869822
0.869853
0.869665
-0.302534
-0.293138
-0.248828
-0.177215
-0.0897115
0.00683158
0.110128
0.219886
0.335789
0.457577
0.579156
0.681866
0.757902
0.812857
0.848657
0.86716
0.873445
0.874096
0.873706
0.873509
-0.323145
-0.313528
-0.268493
-0.196016
-0.107588
-0.0100448
0.0943687
0.205448
0.322963
0.446887
0.571472
0.678181
0.75855
0.817339
0.855764
0.87499
0.880007
0.878683
0.877184
0.876892
-0.343092
-0.333262
-0.287538
-0.21426
-0.125006
-0.0266094
0.078762
0.190938
0.309801
0.435522
0.562715
0.673143
0.757956
0.820983
0.862903
0.884325
0.889255
0.885808
0.881813
0.879998
-0.362399
-0.352365
-0.305938
-0.231948
-0.141991
-0.0428785
0.0632871
0.176329
0.296275
0.423449
0.55282
0.66653
0.755833
0.823387
0.869368
0.894679
0.902267
0.898906
0.891168
0.875687
-0.381077
-0.37087
-0.323788
-0.249258
-0.158785
-0.0591578
0.0475655
0.161153
0.281839
0.410033
0.541127
0.657618
0.751466
0.823971
0.873878
0.903681
0.915841
0.911745
0.902473
0.865307
-0.399373
-0.388514
-0.341039
-0.26603
-0.175259
-0.0753135
0.0317897
0.145635
0.266725
0.395477
0.527711
0.646232
0.744036
0.821948
0.874171
0.904112
0.916755
0.914497
0.863204
0.80565
-0.418597
-0.40404
-0.357507
-0.28212
-0.191626
-0.0915555
0.0156994
0.129777
0.250906
0.379749
0.512418
0.632089
0.732185
0.817133
0.867844
0.885158
0.895135
0.864083
0.799683
0.736046
-0.438769
-0.437854
-0.378225
-0.295119
-0.204944
-0.105172
-0.000207651
0.114236
0.235112
0.363645
0.49588
0.615543
0.715377
0.811746
0.832453
0.849245
0.827683
0.768231
0.695758
0.626201
-0.414373
-0.411097
-0.35271
-0.269822
-0.174664
-0.0716725
0.0380656
0.155027
0.278833
0.41089
0.537405
0.644712
0.734797
0.827014
0.840122
0.747123
0.667181
0.602063
0.531436
0.392416
-0.454174
-0.426725
-0.366086
-0.282494
-0.187428
-0.0846243
0.024528
0.140876
0.263788
0.394401
0.518613
0.623048
0.703687
0.76647
0.738073
0.611246
0.496786
0.417635
0.336115
0.180035
-0.479177
-0.447218
-0.384901
-0.301824
-0.206661
-0.104006
0.00529999
0.120888
0.242519
0.370968
0.491918
0.591072
0.663562
0.689883
0.614534
0.457192
0.324388
0.225429
0.11474
-0.106412
-0.503199
-0.469255
-0.405353
-0.321614
-0.226396
-0.123812
-0.0148359
0.0998461
0.219958
0.345798
0.46249
0.554676
0.614923
0.606999
0.476388
0.297201
0.134678
-0.000914154
-0.153234
-0.511596
-0.526434
-0.491614
-0.426566
-0.34196
-0.246584
-0.144176
-0.0358193
0.0778231
0.196204
0.319055
0.430689
0.51513
0.557512
0.520731
0.342446
0.14271
-0.0590313
-0.227025
-0.469596
-0.98151
-0.549514
-0.514591
-0.448796
-0.363569
-0.267968
-0.165752
-0.0580103
0.0544992
0.170938
0.290464
0.396485
0.47325
0.496099
0.410796
0.21963
0.0105381
-0.196732
-0.378964
-0.550232
-1.10321
-0.573591
-0.538519
-0.472306
-0.38667
-0.290895
-0.188835
-0.0816776
0.02967
0.144027
0.259966
0.360146
0.427355
0.426466
0.298586
0.112952
-0.0889032
-0.274547
-0.397029
-0.429691
-0.474196
-0.599085
-0.563882
-0.497403
-0.411574
-0.315809
-0.21407
-0.107671
0.00223148
0.114095
0.225792
0.319684
0.374274
0.35161
0.194443
0.0158627
-0.162958
-0.307047
-0.365653
-0.386446
-0.391593
-0.626306
-0.590862
-0.524174
-0.438266
-0.342678
-0.241446
-0.136071
-0.0279362
0.08102
0.187835
0.274818
0.31446
0.276081
0.0975472
-0.0723976
-0.229143
-0.335491
-0.359093
-0.361585
-0.362142
-0.65539
-0.61959
-0.552654
-0.466728
-0.371463
-0.270961
-0.166875
-0.0608362
0.0447638
0.146142
0.225139
0.252103
0.182425
0.00901631
-0.152398
-0.288704
-0.336031
-0.348509
-0.348897
-0.348422
-0.686201
-0.650002
-0.582796
-0.496941
-0.402141
-0.302582
-0.200061
-0.0964716
0.0053492
0.100776
0.171095
0.184182
0.0857897
-0.0732849
-0.220831
-0.326017
-0.337389
-0.338982
-0.340375
-0.339967
-0.718267
-0.681894
-0.614414
-0.528725
-0.434568
-0.336194
-0.235542
-0.134778
-0.0371173
0.0519064
0.113602
0.110034
0.000873664
-0.146561
-0.274026
-0.314761
-0.33287
-0.336182
-0.336341
-0.336074
-0.75122
-0.714527
-0.647154
-0.561756
-0.468469
-0.371549
-0.273087
-0.175535
-0.0824108
4.8389e-05
0.0521412
0.0371352
-0.0782925
-0.207228
-0.307759
-0.348244
-0.335907
-0.333502
-0.333335
-0.333213
-0.784107
-0.747366
-0.680456
-0.595524
-0.50338
-0.408224
-0.312307
-0.21836
-0.130189
-0.054082
-0.0135696
-0.0312729
-0.14913
-0.251938
-0.326375
-0.32717
-0.331097
-0.331843
-0.331828
-0.331751
-0.815844
-0.779631
-0.713005
-0.629282
-0.538614
-0.445609
-0.352611
-0.262624
-0.17983
-0.110036
-0.0770823
-0.10468
-0.210816
-0.291563
-0.31877
-0.337597
-0.336934
-0.334104
-0.333106
-0.332633
-0.844829
-0.809649
-0.744093
-0.661899
-0.57322
-0.482837
-0.393194
-0.307486
-0.230319
-0.167229
-0.136099
-0.184272
-0.268353
-0.317198
-0.332418
-0.338853
-0.341988
-0.34165
-0.341459
-0.340967
-0.869319
-0.835636
-0.771926
-0.692038
-0.605987
-0.518792
-0.432994
-0.351873
-0.280374
-0.224516
-0.19667
-0.259213
-0.332625
-0.349901
-0.372969
-0.376072
-0.369145
-0.366373
-0.366422
-0.365793
-0.886928
-0.855481
-0.794414
-0.717966
-0.635472
-0.55212
-0.470721
-0.394501
-0.328661
-0.280071
-0.258976
-0.331078
-0.415893
-0.439688
-0.426112
-0.438063
-0.443984
-0.444157
-0.439005
-0.435383
-0.895308
-0.866691
-0.809642
-0.737728
-0.65994
-0.581399
-0.504937
-0.433873
-0.373594
-0.331764
-0.314477
-0.39757
-0.530285
-0.627806
-0.579095
-0.53868
-0.528178
-0.51673
-0.506555
-0.503137
-0.89167
-0.867134
-0.815712
-0.749484
-0.677691
-0.604991
-0.534102
-0.468348
-0.413246
-0.376816
-0.356081
-0.43787
-0.574876
-0.830762
-0.720064
-0.586253
-0.515856
-0.488663
-0.478172
-0.475628
-0.872221
-0.853992
-0.810895
-0.751838
-0.687405
-0.621529
-0.556747
-0.496248
-0.445308
-0.411925
-0.395695
-0.389282
-0.404365
-0.528117
-0.496846
-0.410276
-0.371381
-0.365148
-0.365319
-0.364216
-0.838577
-0.825931
-0.793554
-0.744329
-0.688505
-0.63033
-0.571852
-0.516263
-0.467764
-0.434322
-0.394604
-0.25917
-0.00685497
0.212411
0.0610451
-0.119343
-0.229295
-0.266429
-0.275515
-0.276241
-0.795304
-0.787409
-0.766632
-0.728409
-0.681908
-0.631742
-0.579472
-0.527654
-0.480611
-0.442493
-0.393379
-0.254718
0.0119011
0.325333
0.228121
-0.0528403
-0.272709
-0.336914
-0.351055
-0.355335
-0.750673
-0.746268
-0.734786
-0.708475
-0.670669
-0.627431
-0.580542
-0.531824
-0.484213
-0.444649
-0.411138
-0.4513
-0.643091
-0.856717
-1.08755
-1.25846
-1.21716
-1.02957
-0.872929
-0.847216
-0.714024
-0.711663
-0.705593
-0.688111
-0.65835
-0.620212
-0.577015
-0.529545
-0.480311
-0.438542
-0.414984
-0.57749
-1.17036
-2.08422
-2.55493
-2.52769
-2.30223
-1.97043
-1.75138
-1.66669
-0.687273
-0.686138
-0.683872
-0.67361
-0.649248
-0.613985
-0.571191
-0.522183
-0.468522
-0.409506
-0.375745
-0.432552
-0.613447
-0.681005
-0.661826
-0.517875
-0.333923
-0.186289
-0.0770205
-0.0161029
-0.670011
-0.669447
-0.668686
-0.663735
-0.64481
-0.610247
-0.565067
-0.512287
-0.450347
-0.380561
-0.312782
-0.243576
-0.118624
0.170056
0.522866
0.859894
1.10958
1.25138
1.31092
1.32913
-0.659773
-0.65947
-0.658909
-0.657377
-0.643495
-0.608945
-0.560018
-0.500927
-0.431131
-0.34472
-0.241645
-0.120145
0.115872
0.545797
1.01817
1.45357
1.76887
1.92368
1.97597
1.98781
-0.65334
-0.653324
-0.653241
-0.653028
-0.643297
-0.609945
-0.55788
-0.492262
-0.411812
-0.311121
-0.198887
-0.0789046
0.164605
0.589861
1.05486
1.47073
1.76755
1.9215
1.98062
1.99512
-0.648353
-0.64846
-0.648172
-0.647539
-0.640943
-0.613137
-0.561024
-0.489345
-0.400001
-0.296175
-0.181731
-0.0703525
0.123235
0.506271
0.893118
1.22573
1.47429
1.61075
1.6664
1.68133
-0.65199
-0.649684
-0.641898
-0.632474
-0.632985
-0.622435
-0.572899
-0.493905
-0.397445
-0.291377
-0.184569
-0.0818337
0.0499784
0.353692
0.667411
0.922335
1.11464
1.22481
1.27135
1.28398
-0.691729
-0.686361
-0.674684
-0.666564
-0.670474
-0.662668
-0.598834
-0.50358
-0.39722
-0.288098
-0.190137
-0.102305
-0.000425361
0.226588
0.462623
0.648136
0.789127
0.870969
0.906253
0.915432
-0.779407
-0.782615
-0.796828
-0.810033
-0.805687
-0.756511
-0.639107
-0.511831
-0.392995
-0.283437
-0.196848
-0.125707
-0.05192
0.122984
0.296364
0.430385
0.530932
0.588763
0.612725
0.618094
-0.860374
-0.877384
-0.909819
-0.927824
-0.910967
-0.817652
-0.654852
-0.503939
-0.379861
-0.275093
-0.199025
-0.144222
-0.0982808
0.0268476
0.158327
0.258985
0.330364
0.371102
0.388689
0.392281
-0.800498
-0.819123
-0.84922
-0.867079
-0.845036
-0.744678
-0.595513
-0.459992
-0.347493
-0.256553
-0.191436
-0.146588
-0.106746
-0.0104489
0.0831691
0.149494
0.198521
0.225392
0.236005
0.237572
-0.559658
-0.574564
-0.598281
-0.614701
-0.601723
-0.538575
-0.453881
-0.369336
-0.292701
-0.223924
-0.16986
-0.130327
-0.0902917
-0.0253225
0.0358431
0.0800595
0.110863
0.128181
0.135039
0.135574
-0.260204
-0.267404
-0.281535
-0.299877
-0.310446
-0.306148
-0.288032
-0.259072
-0.223623
-0.181851
-0.141331
-0.105983
-0.071352
-0.0306825
0.00696594
0.0361747
0.058876
0.0715805
0.0767406
0.0765655
-0.0417585
-0.0448263
-0.0546855
-0.0753328
-0.105432
-0.134785
-0.155138
-0.16353
-0.158292
-0.140215
-0.114206
-0.0843673
-0.0571034
-0.0325513
-0.00790708
0.0126196
0.0264554
0.0348163
0.037476
0.0364683
0.0628838
0.0610072
0.052892
0.0329244
-8.39776e-05
-0.0382901
-0.0722072
-0.0961611
-0.107418
-0.104374
-0.0887217
-0.0675368
-0.0489248
-0.0381284
-0.0257996
-0.011812
-0.000109319
0.00629257
0.00795993
0.00675004
0.0923228
0.0908711
0.0845292
0.0684887
0.0412056
0.00795715
-0.0251769
-0.0529654
-0.071442
-0.0780277
-0.0720914
-0.0594787
-0.0488596
-0.0456859
-0.03908
-0.0308152
-0.0236287
-0.0199211
-0.0196488
-0.0210954
0.0873819
0.0863188
0.0817807
0.0702803
0.0503406
0.0246823
-0.00308789
-0.028896
-0.0494382
-0.0618821
-0.0638019
-0.059059
-0.0557613
-0.0586727
-0.0564315
-0.0512468
-0.047584
-0.0468421
-0.0474539
-0.0486996
0.0706268
0.0699091
0.0668253
0.0589487
0.0449706
0.0261218
0.00427126
-0.0177957
-0.0375833
-0.0530822
-0.0619282
-0.0656278
-0.0694528
-0.0768635
-0.0769959
-0.0744815
-0.0727271
-0.072973
-0.0738256
-0.0747791
0.0518592
0.0513864
0.04933
0.0440351
0.034408
0.020845
0.00414837
-0.014107
-0.0325503
-0.0502401
-0.0653057
-0.0775389
-0.0881585
-0.0945062
-0.0944431
-0.0934466
-0.0937561
-0.095404
-0.0965793
-0.097283
0.0348227
0.03454
0.0331822
0.0296364
0.0230113
0.0132587
0.000587509
-0.0143494
-0.0311825
-0.0500768
-0.0701684
-0.0906247
-0.106059
-0.110578
-0.109236
-0.108579
-0.109868
-0.112025
-0.113072
-0.113546
0.0209459
0.0207186
0.0197918
0.0174281
0.0128863
0.0059043
-0.00366803
-0.015783
-0.0307737
-0.0497319
-0.0730443
-0.0991702
-0.11769
-0.119479
-0.116379
-0.116354
-0.118269
-0.120609
-0.121525
-0.121795
0.0103565
0.0102056
0.00958472
0.0080462
0.00493695
-5.28686e-07
-0.00714479
-0.0168079
-0.0296228
-0.0473883
-0.0711829
-0.0986089
-0.116751
-0.115425
-0.112651
-0.113175
-0.116536
-0.119176
-0.119955
-0.120073
0.00287143
0.00275757
0.00235292
0.00138581
-0.000570945
-0.00395408
-0.0091386
-0.01657
-0.0270486
-0.0420991
-0.0627029
-0.0861905
-0.099781
-0.0971036
-0.0968987
-0.100077
-0.104193
-0.106902
-0.107544
-0.107611
-0.00170854
-0.00180051
-0.00204752
-0.0025834
-0.00373565
-0.00589877
-0.00945871
-0.0148242
-0.022629
-0.0338895
-0.0485858
-0.064101
-0.0713911
-0.070535
-0.0728012
-0.0782485
-0.0831081
-0.0856597
-0.0862054
-0.0862895
-0.00377283
-0.00384904
-0.00399431
-0.00423248
-0.00478703
-0.00601829
-0.00824884
-0.0117771
-0.0169321
-0.0240185
-0.0317084
-0.0376493
-0.0388214
-0.0387906
-0.0449705
-0.0520845
-0.0569218
-0.0589502
-0.0594282
-0.0595962
-0.00374383
-0.00380885
-0.00389037
-0.00393198
-0.00409252
-0.00465747
-0.00583419
-0.0078096
-0.0106829
-0.0141899
-0.0159051
-0.0129233
-0.003664
-0.00836841
-0.0189053
-0.0266797
-0.0303774
-0.0314105
-0.031929
-0.0322825
-0.00206397
-0.00209177
-0.00216557
-0.00212929
-0.00206339
-0.00209514
-0.00236234
-0.00293629
-0.00383624
-0.00504592
-0.00565225
-0.00302358
0.00499346
0.00896245
0.000578696
-0.00690553
-0.00914279
-0.00990534
-0.00970797
-0.0102374
-0.673033
-0.164451
0.14574
0.356874
0.518652
0.642069
0.742022
0.829245
0.932001
0.923954
0.055151
0.209914
0.370612
0.506473
0.618423
0.709424
0.78436
0.840418
0.863116
0.869398
0.324947
0.425417
0.531219
0.623892
0.702786
0.768511
0.820599
0.857242
0.880915
0.898047
0.510714
0.579716
0.653046
0.719252
0.77639
0.824286
0.862776
0.892665
0.916166
0.934788
0.6503
0.700939
0.753241
0.802489
0.845685
0.882786
0.91398
0.939913
0.961147
0.979545
0.763221
0.800237
0.842329
0.88073
0.915715
0.946738
0.973699
0.996624
1.015
1.03298
0.860344
0.89074
0.926241
0.959394
0.990189
1.01811
1.04264
1.06335
1.07913
1.09681
0.949712
0.978365
1.01178
1.04345
1.07299
1.09975
1.12306
1.14218
1.15575
1.17329
1.04004
1.07127
1.10622
1.13894
1.16874
1.19517
1.21763
1.23541
1.24738
1.26506
1.14354
1.17979
1.21735
1.25152
1.2814
1.30696
1.32806
1.34441
1.35567
1.37386
1.27241
1.31236
1.34996
1.3828
1.41058
1.43402
1.45353
1.46889
1.48071
1.49914
1.43324
1.47003
1.50147
1.52796
1.5507
1.57116
1.58969
1.60577
1.61985
1.63784
1.61723
1.64251
1.66237
1.681
1.69883
1.71559
1.73129
1.74732
1.76453
1.78363
1.80299
1.81469
1.82816
1.84303
1.85681
1.86886
1.87966
1.8911
1.90543
1.92401
1.98625
2.00077
2.00593
2.00649
2.00831
2.01564
2.02953
2.04749
2.0601
2.07361
2.25871
2.20435
2.15715
2.12566
2.11255
2.11713
2.1404
2.18511
2.25246
2.34796
0.713372
0.708689
0.701294
0.689404
0.676422
0.664952
0.655829
0.649026
0.644524
0.642601
0.643825
0.647821
0.654009
0.662335
0.672912
0.685518
0.698586
0.708475
0.714447
0.717847
0.635381
0.642464
0.648443
0.652658
0.653941
0.652179
0.648571
0.644695
0.641666
0.640329
0.641402
0.644454
0.648586
0.652916
0.656108
0.65664
0.65394
0.648809
0.641965
0.636098
0.626209
0.629214
0.63247
0.634961
0.636974
0.638429
0.638778
0.638042
0.636959
0.636488
0.637338
0.639077
0.640742
0.641463
0.64084
0.639282
0.637241
0.634461
0.631185
0.628846
0.620511
0.621965
0.624198
0.626437
0.628088
0.629297
0.630285
0.630953
0.631259
0.63157
0.632247
0.632971
0.633242
0.63293
0.632232
0.631128
0.629382
0.627155
0.625373
0.624288
0.615252
0.616072
0.617537
0.619334
0.621076
0.622515
0.623632
0.624592
0.625456
0.626232
0.626875
0.627204
0.62716
0.626785
0.625997
0.624734
0.623193
0.621659
0.620641
0.619983
0.610241
0.610797
0.611871
0.613283
0.614802
0.616311
0.617686
0.618874
0.619956
0.620964
0.621703
0.622023
0.621947
0.621452
0.62057
0.619472
0.618304
0.617231
0.616545
0.616083
0.60539
0.605807
0.606665
0.607866
0.609189
0.610597
0.612045
0.613447
0.61475
0.615957
0.616857
0.617263
0.617185
0.616704
0.615975
0.615131
0.614246
0.613446
0.612942
0.61259
0.600642
0.600969
0.601677
0.60273
0.603956
0.60529
0.606723
0.608232
0.609749
0.611199
0.612305
0.612842
0.612881
0.612577
0.612068
0.611434
0.610762
0.610173
0.609798
0.609518
0.595915
0.596181
0.596783
0.597735
0.5989
0.600198
0.601641
0.603229
0.604927
0.606647
0.608018
0.608784
0.609051
0.608978
0.608688
0.608264
0.607786
0.607367
0.607087
0.606855
0.591122
0.591344
0.591872
0.592762
0.593889
0.595189
0.596682
0.598379
0.600271
0.602287
0.604001
0.605091
0.605651
0.605837
0.605775
0.605569
0.605273
0.605001
0.604795
0.604598
0.586175
0.586363
0.586842
0.5877
0.588827
0.59017
0.591751
0.593606
0.595745
0.598115
0.600256
0.601746
0.602652
0.603132
0.603322
0.603329
0.603219
0.603077
0.602932
0.60276
0.580986
0.58115
0.5816
0.582456
0.583624
0.585051
0.586769
0.588841
0.591299
0.594116
0.596777
0.598743
0.600049
0.600864
0.601334
0.601558
0.601645
0.601624
0.601529
0.601375
0.575462
0.575608
0.576047
0.576931
0.57818
0.579739
0.581655
0.58402
0.586888
0.590267
0.593557
0.596087
0.597859
0.599054
0.599839
0.600329
0.600601
0.60069
0.600637
0.600495
0.569498
0.56963
0.570075
0.571017
0.57239
0.574136
0.576323
0.579064
0.582452
0.586527
0.590582
0.593785
0.596107
0.597745
0.598882
0.59966
0.60014
0.600341
0.600325
0.60019
0.562969
0.56309
0.563555
0.564587
0.566133
0.56813
0.570668
0.573889
0.577929
0.582856
0.587839
0.59185
0.594826
0.596984
0.598525
0.599629
0.600341
0.600657
0.600677
0.600546
0.555725
0.555839
0.556337
0.557492
0.559265
0.561587
0.56457
0.568399
0.573247
0.579217
0.585324
0.590307
0.594058
0.59683
0.598855
0.600337
0.601305
0.601741
0.601793
0.601662
0.547582
0.547694
0.548226
0.549547
0.551605
0.55434
0.557898
0.562496
0.568352
0.575603
0.583065
0.589204
0.593869
0.597361
0.599964
0.601887
0.60314
0.603703
0.603786
0.603652
0.538229
0.538352
0.538981
0.540497
0.542924
0.546199
0.550487
0.556052
0.563165
0.57199
0.581081
0.588587
0.59433
0.598668
0.601952
0.604384
0.605963
0.606664
0.606777
0.606635
0.527395
0.527516
0.528261
0.530049
0.53295
0.536917
0.542132
0.548918
0.557594
0.56834
0.579387
0.588507
0.595519
0.600855
0.604927
0.607958
0.609902
0.610747
0.610887
0.610735
0.5146
0.514739
0.515638
0.517785
0.521306
0.526168
0.532578
0.54092
0.55155
0.564642
0.578025
0.589042
0.597523
0.604021
0.609011
0.612729
0.615076
0.616069
0.616232
0.616066
0.499212
0.499388
0.500515
0.503147
0.507493
0.513551
0.521541
0.531903
0.545002
0.560952
0.577091
0.590297
0.600455
0.608278
0.61432
0.618807
0.621586
0.622724
0.622901
0.622718
0.480301
0.480551
0.482022
0.485347
0.490847
0.498555
0.50868
0.521693
0.537913
0.557331
0.57667
0.592363
0.604411
0.613724
0.620926
0.626273
0.629494
0.630759
0.630938
0.630734
0.456469
0.456861
0.458878
0.463259
0.47047
0.480558
0.493654
0.510183
0.530315
0.553865
0.576881
0.595345
0.609476
0.620433
0.628896
0.635155
0.638794
0.640151
0.640315
0.640088
0.425419
0.426104
0.429078
0.435266
0.445236
0.458913
0.476237
0.497438
0.522446
0.550847
0.577958
0.599402
0.615744
0.628442
0.638265
0.645417
0.64939
0.650774
0.650898
0.650651
0.383061
0.384446
0.389463
0.399224
0.414017
0.433261
0.456555
0.483795
0.514662
0.548555
0.580096
0.604666
0.623289
0.637763
0.648976
0.656914
0.661051
0.662361
0.662422
0.66216
0.321791
0.326119
0.336621
0.353491
0.376466
0.404024
0.435257
0.469871
0.507452
0.547322
0.583466
0.611199
0.632073
0.648284
0.660743
0.669273
0.673357
0.674424
0.674394
0.674138
0.248543
0.256665
0.275908
0.303278
0.336726
0.373641
0.413417
0.455927
0.500833
0.5475
0.589211
0.621013
0.64491
0.663351
0.677378
0.686536
0.69058
0.691556
0.691565
0.691438
0.175019
0.188497
0.216763
0.254499
0.297969
0.344145
0.392491
0.442976
0.495309
0.548921
0.596409
0.632439
0.659486
0.680373
0.69604
0.705481
0.709151
0.709922
0.70995
0.70992
0.114085
0.131174
0.165165
0.21069
0.26232
0.316649
0.372912
0.430974
0.490463
0.550766
0.603743
0.643714
0.67361
0.696528
0.713324
0.723089
0.726588
0.72739
0.727522
0.727552
0.0639641
0.0831512
0.12158
0.172882
0.230875
0.29193
0.35504
0.41991
0.486013
0.552626
0.610803
0.654478
0.686997
0.711793
0.729808
0.740019
0.743877
0.744885
0.745034
0.745092
0.0219135
0.0423421
0.0841055
0.140011
0.203263
0.269941
0.338923
0.409813
0.481939
0.554424
0.617504
0.66468
0.699711
0.726363
0.745594
0.756669
0.760975
0.762215
0.762407
0.762495
-0.0144127
0.0068266
0.0512543
0.110888
0.178569
0.250105
0.324247
0.400519
0.478133
0.556067
0.623747
0.674229
0.71162
0.74003
0.760456
0.772336
0.777093
0.778477
0.778685
0.778774
-0.046656
-0.0248342
0.0217696
0.0845394
0.15599
0.231768
0.310518
0.391669
0.474341
0.557368
0.629388
0.682974
0.722555
0.752472
0.773921
0.786597
0.791798
0.793314
0.793508
0.793583
-0.076021
-0.053754
-0.00530983
0.0601602
0.134889
0.214405
0.297292
0.382912
0.470294
0.558141
0.634295
0.69081
0.732408
0.763686
0.786038
0.799205
0.804796
0.806396
0.806597
0.806639
-0.103441
-0.0807121
-0.0306121
0.0371387
0.11479
0.197629
0.284248
0.37397
0.465765
0.558214
0.63837
0.697716
0.741195
0.773715
0.796735
0.810268
0.816125
0.817817
0.818027
0.818044
-0.129436
-0.106204
-0.0547598
0.0150987
0.0953497
0.181158
0.271153
0.364649
0.460591
0.557467
0.641572
0.703727
0.749035
0.782693
0.806324
0.82006
0.826049
0.827766
0.827987
0.827966
-0.15442
-0.130633
-0.0780899
-0.00622402
0.0763219
0.164793
0.257856
0.354824
0.45466
0.555831
0.643874
0.708884
0.756046
0.790802
0.814946
0.828804
0.834781
0.836486
0.836674
0.836621
-0.178659
-0.154394
-0.100669
-0.0270369
0.057556
0.148422
0.244257
0.344418
0.447906
0.553231
0.645257
0.713237
0.762348
0.798234
0.822785
0.836677
0.842594
0.84424
0.844388
0.844299
-0.202313
-0.177512
-0.122644
-0.0474565
0.0389707
0.131976
0.230313
0.333394
0.440293
0.549627
0.645684
0.71682
0.768063
0.805133
0.83002
0.843847
0.849639
0.851185
0.851287
0.85117
-0.225449
-0.20007
-0.144138
-0.0675351
0.0205353
0.115451
0.216029
0.321752
0.431803
0.544979
0.64511
0.719638
0.77328
0.811629
0.836791
0.850445
0.856009
0.857391
0.857419
0.857275
-0.248045
-0.222161
-0.165187
-0.0872851
0.00225437
0.0988595
0.201432
0.309528
0.422453
0.539266
0.643471
0.721667
0.778055
0.817863
0.843251
0.856553
0.861722
0.862871
0.862825
0.862662
-0.270161
-0.243721
-0.185759
-0.106681
-0.0158389
0.0822494
0.186581
0.296777
0.412299
0.532483
0.640718
0.722839
0.782378
0.823974
0.84964
0.862367
0.866874
0.867693
0.867572
0.867399
-0.291693
-0.264711
-0.205815
-0.125693
-0.0336977
0.0656932
0.171552
0.283583
0.401404
0.524652
0.636785
0.723039
0.786174
0.830071
0.856307
0.868256
0.871671
0.871922
0.871701
0.871548
-0.312649
-0.285087
-0.225346
-0.144266
-0.051255
0.0492581
0.156437
0.270047
0.389848
0.515828
0.631628
0.722133
0.789282
0.836144
0.86364
0.874907
0.876667
0.875742
0.875249
0.875211
-0.332936
-0.304844
-0.244298
-0.162355
-0.0684564
0.0330254
0.141315
0.256248
0.377744
0.506093
0.625219
0.71996
0.791457
0.84195
0.871814
0.883316
0.883312
0.880142
0.878399
0.878207
-0.352618
-0.323962
-0.262621
-0.179903
-0.0852267
0.0170829
0.126311
0.242323
0.365217
0.495545
0.617569
0.716358
0.792394
0.846973
0.880372
0.894104
0.893972
0.888358
0.881376
0.864992
-0.371625
-0.342435
-0.28045
-0.197114
-0.101861
0.00110204
0.111007
0.227813
0.35175
0.483659
0.608127
0.710731
0.791705
0.850678
0.888337
0.906699
0.909434
0.902926
0.889406
0.904337
-0.390053
-0.360196
-0.297743
-0.213949
-0.118298
-0.0148645
0.0954107
0.212743
0.337336
0.470332
0.59669
0.702432
0.788682
0.85193
0.892356
0.914352
0.921148
0.911242
0.853142
0.840525
-0.408548
-0.377661
-0.314224
-0.230079
-0.134033
-0.0303931
0.0797211
0.197383
0.32227
0.455776
0.583297
0.690985
0.782516
0.849893
0.887482
0.908483
0.906532
0.869753
0.803376
0.763903
-0.428462
-0.396348
-0.329421
-0.24507
-0.14849
-0.0452106
0.0643577
0.181957
0.30669
0.440047
0.567871
0.67621
0.771168
0.843566
0.890416
0.875314
0.849335
0.786329
0.715354
0.672965
-0.0068829
0.107436
0.228142
0.356374
0.487913
0.606768
0.705027
0.552912
-0.446391
-0.430656
-0.391307
-0.320012
-0.230028
-0.131314
-0.0249653
0.0882193
0.2081
0.335077
0.465388
0.583371
0.679641
0.759434
0.81094
0.765034
0.628609
0.54262
0.474636
-0.466282
-0.453318
-0.408489
-0.335768
-0.245443
-0.146521
-0.0406568
0.0720259
0.191021
0.31659
0.444661
0.559237
0.649482
0.714943
0.713467
0.60968
0.468655
0.365679
0.278709
-0.489427
-0.476854
-0.429099
-0.355207
-0.264857
-0.165722
-0.0598027
0.052538
0.170564
0.294487
0.419444
0.528868
0.6096
0.65613
0.617507
0.459676
0.299987
0.17137
0.0573145
-0.512787
-0.500109
-0.450728
-0.375551
-0.284832
-0.185715
-0.080079
0.0315246
0.1483
0.270129
0.391444
0.494992
0.568026
0.587806
0.502021
0.313848
0.124243
-0.0456587
-0.20665
-0.535598
-0.523229
-0.47301
-0.396788
-0.305619
-0.206498
-0.101285
0.00943286
0.124778
0.244169
0.361357
0.458158
0.521635
0.504419
0.375078
0.177828
-0.0334847
-0.226073
-0.405461
-0.558964
-0.546835
-0.496218
-0.419318
-0.327779
-0.228596
-0.123732
-0.0138442
0.10001
0.216816
0.329654
0.419052
0.468736
0.429374
0.258187
0.0629683
-0.14499
-0.334496
-0.449154
-0.51751
-0.58367
-0.57168
-0.520724
-0.443436
-0.351726
-0.252588
-0.148145
-0.039207
0.0729222
0.18674
0.294705
0.376196
0.410183
0.345947
0.1527
-0.0352921
-0.216109
-0.350444
-0.393411
-0.416967
-0.609893
-0.597994
-0.546794
-0.469265
-0.377542
-0.278649
-0.174813
-0.0670972
0.042949
0.153256
0.255639
0.328793
0.342088
0.240726
0.0577096
-0.11647
-0.268702
-0.348209
-0.368635
-0.373519
-0.637901
-0.625974
-0.574533
-0.496815
-0.405209
-0.30673
-0.20375
-0.0975469
0.01004
0.116339
0.212374
0.2768
0.26213
0.139309
-0.0298482
-0.192978
-0.310986
-0.354964
-0.353878
-0.354698
-0.667602
-0.655766
-0.603959
-0.526085
-0.434713
-0.336823
-0.234948
-0.130552
-0.0258125
0.0760017
0.165062
0.219105
0.187541
0.0437279
-0.110618
-0.26162
-0.325208
-0.342484
-0.344187
-0.343792
-0.69885
-0.687028
-0.634955
-0.556982
-0.465952
-0.368863
-0.26834
-0.166084
-0.064582
0.0322947
0.113966
0.156108
0.12026
-0.0390461
-0.184306
-0.297419
-0.34626
-0.338073
-0.337955
-0.338023
-0.731134
-0.719225
-0.66725
-0.589243
-0.49872
-0.402657
-0.303769
-0.204
-0.106122
-0.0145005
0.0592882
0.0918403
0.040487
-0.112714
-0.243704
-0.32028
-0.336704
-0.334915
-0.334755
-0.334558
-0.763945
-0.751925
-0.700221
-0.622417
-0.532627
-0.437849
-0.340916
-0.243997
-0.150167
-0.0640229
0.00173762
0.0224552
-0.0449412
-0.174859
-0.289169
-0.30933
-0.325692
-0.331309
-0.332008
-0.33201
-0.796233
-0.784201
-0.732947
-0.655846
-0.56708
-0.47391
-0.379288
-0.285584
-0.196207
-0.11591
-0.0568552
-0.0533632
-0.121706
-0.22895
-0.306445
-0.357939
-0.339682
-0.333851
-0.332063
-0.331727
-0.826157
-0.814937
-0.764507
-0.68845
-0.601208
-0.510066
-0.418178
-0.328055
-0.243456
-0.169472
-0.115341
-0.123183
-0.195658
-0.275004
-0.329909
-0.337267
-0.338405
-0.337158
-0.336271
-0.335802
-0.852853
-0.841951
-0.793546
-0.718934
-0.63385
-0.545273
-0.456632
-0.370486
-0.290872
-0.223377
-0.174835
-0.187601
-0.2696
-0.318633
-0.330684
-0.345851
-0.352766
-0.350466
-0.34981
-0.34998
-0.873706
-0.863475
-0.817499
-0.745826
-0.663596
-0.578281
-0.493435
-0.411723
-0.337232
-0.276118
-0.235121
-0.250493
-0.34198
-0.387157
-0.367183
-0.398126
-0.400513
-0.397708
-0.39566
-0.394083
-0.886611
-0.877443
-0.834731
-0.76691
-0.688742
-0.6076
-0.527235
-0.450364
-0.381139
-0.326197
-0.292404
-0.312163
-0.42447
-0.509596
-0.505517
-0.490652
-0.492034
-0.495087
-0.48771
-0.480468
-0.888932
-0.881375
-0.843068
-0.780388
-0.70739
-0.631599
-0.556473
-0.484869
-0.420967
-0.371654
-0.343397
-0.365477
-0.490921
-0.679005
-0.741936
-0.62498
-0.551099
-0.519585
-0.504826
-0.499685
-0.878906
-0.872795
-0.840267
-0.784326
-0.717993
-0.64869
-0.579684
-0.513703
-0.454773
-0.410038
-0.386344
-0.392102
-0.466316
-0.641554
-0.774383
-0.589479
-0.481041
-0.442624
-0.432774
-0.429578
-0.852924
-0.848573
-0.823604
-0.777299
-0.719562
-0.657883
-0.595666
-0.535388
-0.480723
-0.438891
-0.411061
-0.364244
-0.269165
-0.159378
-0.224543
-0.251356
-0.278755
-0.297509
-0.305836
-0.30744
-0.814306
-0.811587
-0.794939
-0.759529
-0.712259
-0.659138
-0.604053
-0.549102
-0.498035
-0.455433
-0.425166
-0.335755
-0.0719062
0.263614
0.360514
0.0865607
-0.154988
-0.266385
-0.287064
-0.29253
-0.769653
-0.767954
-0.759401
-0.734868
-0.698343
-0.653804
-0.605511
-0.555431
-0.506067
-0.462738
-0.425403
-0.368459
-0.305427
-0.216727
-0.119469
-0.316666
-0.439013
-0.47179
-0.44706
-0.457603
-0.728962
-0.727858
-0.723876
-0.709627
-0.681937
-0.644593
-0.602001
-0.555454
-0.507206
-0.461477
-0.426609
-0.447715
-0.737478
-1.3766
-2.08619
-2.34597
-2.30809
-2.05936
-1.76487
-1.51234
-0.69923
-0.698578
-0.696091
-0.688665
-0.668009
-0.635947
-0.596223
-0.550832
-0.500881
-0.44846
-0.415007
-0.408375
-0.720879
-1.19823
-1.57693
-1.62721
-1.46917
-1.2719
-1.06656
-0.920491
-0.677517
-0.67698
-0.675989
-0.673224
-0.659319
-0.630579
-0.590809
-0.543539
-0.489232
-0.429555
-0.366286
-0.329124
-0.347873
-0.272718
-0.0796163
0.128981
0.370287
0.531515
0.637156
0.692002
-0.664409
-0.664191
-0.66372
-0.662374
-0.654744
-0.628618
-0.587091
-0.535443
-0.475484
-0.403622
-0.320325
-0.231587
-0.09527
0.204655
0.630133
1.05942
1.41757
1.63498
1.72914
1.75486
-0.656194
-0.65611
-0.655745
-0.655518
-0.651961
-0.629034
-0.58535
-0.528745
-0.460021
-0.376557
-0.274255
-0.158103
0.0111936
0.362728
0.836377
1.30203
1.68903
1.91941
2.01748
2.04642
-0.650609
-0.650816
-0.651047
-0.651348
-0.649358
-0.630339
-0.587034
-0.525885
-0.449138
-0.355991
-0.245911
-0.129032
0.0147132
0.344023
0.778409
1.18628
1.51908
1.72719
1.82384
1.85543
-0.647545
-0.647643
-0.645939
-0.642089
-0.638814
-0.630146
-0.594456
-0.530593
-0.446365
-0.346218
-0.238836
-0.125701
-0.0214313
0.248026
0.615638
0.93492
1.19532
1.36676
1.44985
1.47883
-0.666155
-0.66457
-0.656121
-0.641082
-0.634883
-0.64201
-0.616137
-0.543678
-0.449235
-0.343616
-0.240367
-0.136868
-0.0495845
0.139464
0.426939
0.675889
0.870159
1.00213
1.06691
1.08987
-0.731375
-0.728127
-0.725173
-0.726134
-0.72934
-0.727672
-0.667694
-0.564144
-0.451602
-0.340255
-0.238254
-0.151695
-0.0815547
0.0676681
0.283249
0.459282
0.596089
0.690633
0.738058
0.75466
-0.831187
-0.832378
-0.852878
-0.879895
-0.884276
-0.847875
-0.72822
-0.580205
-0.446711
-0.332458
-0.236133
-0.164747
-0.113367
-0.0118909
0.148733
0.285176
0.386496
0.45297
0.484733
0.495714
-0.853373
-0.862079
-0.890327
-0.917644
-0.920086
-0.866438
-0.720085
-0.558633
-0.423329
-0.314484
-0.228687
-0.171394
-0.132582
-0.0571496
0.0615577
0.157148
0.227919
0.276153
0.299733
0.307277
-0.694389
-0.704321
-0.729004
-0.754492
-0.757068
-0.704579
-0.591496
-0.47442
-0.368573
-0.280471
-0.209754
-0.16075
-0.12315
-0.0645871
0.0235332
0.0883094
0.133661
0.162203
0.175456
0.179886
-0.403703
-0.410526
-0.425051
-0.444052
-0.455454
-0.439171
-0.395675
-0.341963
-0.286252
-0.231065
-0.178761
-0.136458
-0.101375
-0.060285
-0.00404548
0.0371583
0.0689526
0.090838
0.101339
0.103522
-0.134643
-0.137863
-0.145557
-0.161459
-0.183413
-0.202747
-0.214362
-0.213315
-0.200237
-0.176239
-0.144298
-0.110992
-0.0792023
-0.0491573
-0.0150832
0.0129985
0.032687
0.0466713
0.0533345
0.0549123
0.0241329
0.0224206
0.0176037
0.00323505
-0.0244099
-0.061111
-0.094737
-0.119067
-0.130515
-0.127959
-0.112169
-0.0877143
-0.0625088
-0.0437427
-0.0263843
-0.00748122
0.00749025
0.0176818
0.0221919
0.0222237
0.0846451
0.083522
0.0798622
0.0676584
0.0428327
0.00805233
-0.0283251
-0.0598513
-0.0815399
-0.0905924
-0.0857626
-0.0706697
-0.0538172
-0.044067
-0.037175
-0.0274362
-0.0170335
-0.00924875
-0.00618595
-0.00655086
0.0927099
0.0919549
0.0891965
0.0800882
0.0612998
0.0340606
0.00345682
-0.0260232
-0.0500738
-0.0654693
-0.0693844
-0.06287
-0.054013
-0.0525354
-0.049673
-0.0433713
-0.0373172
-0.0338145
-0.0331351
-0.0342195
0.0798514
0.0794051
0.0774729
0.0711579
0.0579583
0.0381768
0.0143689
-0.0105081
-0.0330637
-0.0507385
-0.0603773
-0.0617259
-0.0602466
-0.0633025
-0.0675994
-0.0650189
-0.0615986
-0.0599934
-0.0604682
-0.0614803
0.0612413
0.0610079
0.0597023
0.0554579
0.0464344
0.0324461
0.0146655
-0.00522965
-0.0251375
-0.0433415
-0.0576053
-0.0669804
-0.0745231
-0.0832464
-0.086594
-0.0852814
-0.0840038
-0.0843568
-0.085459
-0.0862848
0.0430206
0.0429275
0.0420541
0.0392266
0.033114
0.0233067
0.0101998
-0.00549993
-0.0227301
-0.0408506
-0.0589567
-0.0756896
-0.0913039
-0.101152
-0.103047
-0.101883
-0.101976
-0.103573
-0.105313
-0.105997
0.0274403
0.0273795
0.0268135
0.0249427
0.020809
0.0139272
0.00426429
-0.00804836
-0.0226864
-0.0400324
-0.0604691
-0.0827064
-0.105913
-0.116079
-0.115212
-0.113467
-0.114237
-0.116437
-0.11813
-0.118585
0.0152053
0.015192
0.014776
0.0135359
0.0107495
0.00596355
-0.00109212
-0.0106699
-0.0229378
-0.0390705
-0.0601077
-0.0862073
-0.111927
-0.120711
-0.117111
-0.11584
-0.117232
-0.120133
-0.121897
-0.12216
0.00621474
0.006215
0.00592844
0.00512539
0.00332408
6.00423e-05
-0.00501604
-0.0122884
-0.0222514
-0.0359799
-0.0556232
-0.0808026
-0.104556
-0.109999
-0.10647
-0.106382
-0.10983
-0.113205
-0.114892
-0.115048
0.000217699
0.00020949
8.1198e-06
-0.000480077
-0.00154894
-0.00362366
-0.00710529
-0.0124011
-0.0200518
-0.0310629
-0.0466402
-0.0663764
-0.0836192
-0.0862965
-0.0847485
-0.0874896
-0.0924201
-0.0961763
-0.0976677
-0.0978174
-0.00304317
-0.00305523
-0.00319088
-0.0034414
-0.00400014
-0.00519829
-0.00741305
-0.0109963
-0.0163686
-0.0241309
-0.0344702
-0.0459863
-0.0547041
-0.0551232
-0.0564901
-0.0621782
-0.0682074
-0.0718868
-0.0730885
-0.0733042
-0.00399908
-0.00401819
-0.0041137
-0.00421733
-0.00441726
-0.00497839
-0.00621481
-0.00837585
-0.011695
-0.0163343
-0.0215012
-0.0243823
-0.023101
-0.0218366
-0.0271122
-0.0351719
-0.0415439
-0.0444123
-0.0451776
-0.0455469
-0.00308104
-0.0031036
-0.00316467
-0.00318578
-0.00318888
-0.00335159
-0.00389051
-0.00493582
-0.00657415
-0.00868553
-0.0100603
-0.0070931
0.000890352
0.00571099
-0.00448276
-0.0129148
-0.017967
-0.0193413
-0.0195254
-0.0201309
-0.00206954
-0.00213121
-0.00216197
-0.00209144
-0.00205967
-0.0021915
-0.00261201
-0.0033413
-0.00440191
-0.00560756
-0.0049889
0.000692035
0.0088883
0.00515642
-0.00338361
-0.00852933
-0.00986471
-0.00968308
-0.00990318
-0.00364983
-0.377622
-0.0489727
0.169665
0.356517
0.507034
0.626743
0.722485
0.804201
0.861707
0.856876
0.106664
0.259838
0.395218
0.515432
0.617688
0.703039
0.77321
0.827121
0.860065
0.873684
0.366709
0.462443
0.552905
0.636249
0.708541
0.76989
0.820048
0.858275
0.886148
0.905094
0.543484
0.607688
0.674021
0.734505
0.787561
0.833089
0.871121
0.901957
0.927211
0.944927
0.678513
0.724679
0.775892
0.82091
0.861783
0.897837
0.929031
0.955531
0.977813
0.993071
0.788743
0.826181
0.86564
0.902493
0.936394
0.967249
0.994665
1.01832
1.03802
1.05067
0.885213
0.917807
0.951454
0.984665
1.0157
1.04429
1.06986
1.09177
1.10937
1.11983
0.975631
1.00722
1.04041
1.07368
1.10455
1.13271
1.15755
1.17834
1.19417
1.20316
1.07003
1.10518
1.14111
1.17651
1.20836
1.23647
1.26053
1.28011
1.2945
1.30326
1.18254
1.22325
1.26202
1.29858
1.33023
1.35713
1.37959
1.39762
1.41105
1.42113
1.32606
1.3691
1.40653
1.43965
1.46744
1.4911
1.51165
1.52895
1.54286
1.55505
1.50383
1.54083
1.56886
1.59282
1.61384
1.63316
1.65134
1.66839
1.68454
1.69988
1.70115
1.72054
1.73623
1.75236
1.76895
1.78437
1.79797
1.81108
1.82658
1.84445
1.89013
1.89787
1.90973
1.9214
1.93126
1.94042
1.95066
1.96198
1.9733
1.9806
2.10896
2.10722
2.09912
2.08212
2.07073
2.07011
2.08228
2.10711
2.14079
2.16838
2.51749
2.33066
2.2291
2.17168
2.14264
2.13598
2.15126
2.19188
2.26765
2.41394
-0.416126
-0.417403
-0.376854
-0.303839
-0.213657
-0.114174
0.797046
0.859459
0.852433
0.776828
0.704294
0.632256
0.407127
0.189349
-0.0712087
-0.415548
-0.766235
)
;

boundaryField
{
    wall-4
    {
        type            zeroGradient;
    }
    pressure-outlet-7
    {
        type            fixedValue;
        value           uniform 0;
    }
    velocity-inlet-6
    {
        type            zeroGradient;
    }
    velocity-inlet-5
    {
        type            zeroGradient;
    }
    frontAndBackPlanes
    {
        type            empty;
    }
}


// ************************************************************************* //
