/*--------------------------------*- C++ -*----------------------------------*\
| =========                 |                                                 |
| \\      /  F ield         | OpenFOAM: The Open Source CFD Toolbox           |
|  \\    /   O peration     | Version:  v2012                                 |
|   \\  /    A nd           | Website:  www.openfoam.com                      |
|    \\/     M anipulation  |                                                 |
\*---------------------------------------------------------------------------*/
FoamFile
{
    version     2.0;
    format      ascii;
    class       volScalarField;
    location    "20";
    object      p;
}
// * * * * * * * * * * * * * * * * * * * * * * * * * * * * * * * * * * * * * //

dimensions      [0 2 -2 0 0 0 0];


internalField   nonuniform List<scalar> 
8800
(
0.419053
0.371006
0.332635
0.303999
0.28338
0.268626
0.258016
0.250491
0.245599
0.243425
0.244535
0.248567
0.255081
0.264288
0.276947
0.294467
0.318861
0.352437
0.394855
0.451972
0.251575
0.258783
0.267227
0.270651
0.268743
0.263229
0.256525
0.250352
0.245555
0.242615
0.242191
0.244517
0.248859
0.254712
0.261501
0.268026
0.272092
0.271538
0.265433
0.256427
0.228259
0.234447
0.238668
0.242053
0.244575
0.245388
0.244284
0.242129
0.240037
0.238989
0.239779
0.24198
0.244623
0.246682
0.247087
0.245452
0.242518
0.238811
0.234238
0.230445
0.223107
0.225818
0.228576
0.230931
0.232619
0.233975
0.2349
0.235087
0.234749
0.234564
0.235114
0.236058
0.236639
0.236385
0.235425
0.23409
0.232222
0.229624
0.22714
0.225607
0.217903
0.219335
0.221199
0.223332
0.225155
0.226508
0.227544
0.228392
0.229011
0.229467
0.229863
0.230032
0.229809
0.229242
0.228347
0.226957
0.225087
0.223062
0.22166
0.220843
0.212922
0.213842
0.215177
0.216893
0.218678
0.220313
0.221651
0.222723
0.223633
0.224375
0.224771
0.224756
0.224392
0.223654
0.222484
0.220985
0.219374
0.217895
0.216975
0.216446
0.208148
0.208808
0.209897
0.211387
0.212994
0.214651
0.216249
0.217644
0.218784
0.219675
0.220169
0.220149
0.219634
0.218674
0.217426
0.216072
0.214705
0.213497
0.212798
0.212428
0.203668
0.204154
0.205101
0.206504
0.208035
0.20961
0.211222
0.212788
0.21417
0.215266
0.215875
0.215858
0.215292
0.214367
0.213257
0.212048
0.210795
0.209733
0.209176
0.208914
0.199514
0.199864
0.20068
0.201968
0.203417
0.204887
0.206358
0.207868
0.209377
0.210716
0.211462
0.211535
0.211165
0.210516
0.20965
0.208609
0.207508
0.2066
0.206165
0.205985
0.195793
0.19602
0.196749
0.197997
0.199427
0.200942
0.202546
0.204142
0.205698
0.207139
0.208163
0.208552
0.208405
0.207828
0.207011
0.206077
0.20507
0.20426
0.203926
0.203824
0.192727
0.192853
0.193404
0.194441
0.195667
0.196976
0.198399
0.200003
0.201728
0.203447
0.204743
0.205381
0.205502
0.205313
0.204879
0.204265
0.203545
0.202987
0.202788
0.202737
0.189942
0.190022
0.190385
0.191142
0.192136
0.193311
0.194684
0.196271
0.198071
0.200028
0.201724
0.202809
0.203349
0.203503
0.203404
0.203149
0.202816
0.202569
0.202484
0.202447
0.186813
0.186883
0.187148
0.187708
0.18853
0.189595
0.190976
0.192701
0.194782
0.197147
0.199299
0.200783
0.201701
0.202155
0.202403
0.202507
0.202502
0.202483
0.202458
0.202419
0.182902
0.182961
0.183211
0.183702
0.18444
0.185484
0.186937
0.18881
0.191182
0.194023
0.196763
0.198813
0.200199
0.201138
0.201717
0.202093
0.202345
0.202456
0.202465
0.202425
0.178155
0.17821
0.178481
0.179042
0.179871
0.181051
0.182735
0.184972
0.187833
0.191324
0.194776
0.197423
0.199283
0.200522
0.201425
0.202057
0.202423
0.202583
0.202616
0.202579
0.17262
0.172661
0.172972
0.173679
0.174653
0.176089
0.1781
0.180779
0.184254
0.188565
0.192899
0.196305
0.198742
0.20046
0.201647
0.202457
0.202919
0.203133
0.203201
0.20317
0.166344
0.166381
0.166721
0.167563
0.168875
0.170584
0.173035
0.176303
0.18058
0.185916
0.191346
0.195664
0.198799
0.20101
0.20254
0.203542
0.204125
0.204421
0.204529
0.204499
0.159186
0.159219
0.159618
0.16058
0.162155
0.164337
0.167333
0.171366
0.176661
0.183296
0.190069
0.195493
0.19946
0.202268
0.204222
0.205484
0.206256
0.206669
0.206815
0.206781
0.150849
0.150883
0.151386
0.152504
0.154369
0.157067
0.160777
0.165816
0.172422
0.180694
0.189133
0.195904
0.200847
0.204386
0.20683
0.208456
0.209471
0.210023
0.210208
0.210164
0.140822
0.140866
0.14147
0.14287
0.14517
0.148508
0.153168
0.159499
0.167791
0.178123
0.188607
0.196985
0.203128
0.207513
0.210557
0.21261
0.213914
0.214619
0.214845
0.214789
0.128541
0.128605
0.129392
0.131159
0.134058
0.138292
0.144218
0.152258
0.162715
0.175619
0.188595
0.198912
0.206465
0.211839
0.215596
0.218152
0.219788
0.220659
0.220935
0.220863
0.113208
0.113294
0.114338
0.116671
0.120478
0.125977
0.133644
0.143948
0.157172
0.173252
0.189216
0.201815
0.211003
0.217563
0.222166
0.22532
0.227347
0.228411
0.228744
0.228653
0.0936662
0.0937924
0.0952451
0.09846
0.103624
0.110976
0.121083
0.134417
0.151176
0.171134
0.19062
0.205862
0.216955
0.224899
0.230505
0.234382
0.236894
0.238216
0.238607
0.238488
0.0681567
0.0683661
0.0705159
0.0751824
0.082478
0.0926223
0.10622
0.123626
0.144846
0.169437
0.192978
0.211214
0.224479
0.23403
0.240835
0.24559
0.248689
0.250309
0.250773
0.250621
0.0336212
0.0340388
0.037589
0.0449794
0.0558773
0.0703912
0.0889847
0.111749
0.138441
0.168412
0.196479
0.218009
0.233684
0.245073
0.253304
0.259157
0.263016
0.265017
0.265555
0.265354
-0.0158205
-0.0143398
-0.00712724
0.00580175
0.0230002
0.044253
0.0697237
0.0992475
0.132386
0.168358
0.201288
0.22631
0.244566
0.257986
0.267883
0.2751
0.279977
0.282524
0.283166
0.28289
-0.0893419
-0.080721
-0.0642046
-0.0413152
-0.0146789
0.0155307
0.0494023
0.0867224
0.127037
0.169591
0.207864
0.236816
0.258098
0.274015
0.286103
0.295309
0.301811
0.305425
0.306455
0.306343
-0.167676
-0.148702
-0.122244
-0.0889451
-0.0525908
-0.0132995
0.0290618
0.0743823
0.122304
0.17221
0.216909
0.250917
0.276261
0.295606
0.310703
0.322604
0.331487
0.337027
0.338931
0.338984
-0.231507
-0.209703
-0.175052
-0.133343
-0.0884654
-0.0407096
0.00978034
0.0628371
0.118105
0.174995
0.225624
0.264124
0.292932
0.315079
0.332472
0.346214
0.356658
0.363225
0.36489
0.365148
-0.283228
-0.259248
-0.219738
-0.172087
-0.120524
-0.0657971
-0.00824102
0.0517987
0.113836
0.177178
0.233135
0.275435
0.306938
0.331042
0.349881
0.364745
0.376002
0.383
0.385055
0.385423
-0.325582
-0.300674
-0.257663
-0.205461
-0.148667
-0.0882952
-0.0247924
0.041332
0.109405
0.178551
0.239202
0.284668
0.318209
0.343631
0.363329
0.378778
0.390341
0.397567
0.399934
0.400287
-0.361682
-0.336252
-0.29072
-0.234829
-0.173728
-0.108632
-0.0400429
0.0313993
0.10485
0.179224
0.244077
0.292241
0.327407
0.353774
0.373962
0.389591
0.401188
0.408411
0.410925
0.411247
-0.393473
-0.367756
-0.32026
-0.26135
-0.196647
-0.127456
-0.0543913
0.0217881
0.10013
0.179319
0.248072
0.298756
0.335388
0.362507
0.382995
0.398645
0.410188
0.417381
0.419997
0.420303
-0.422406
-0.396426
-0.347324
-0.285866
-0.21807
-0.145302
-0.0682633
0.0122231
0.0950852
0.178851
0.251384
0.304484
0.342488
0.370321
0.39112
0.406845
0.418348
0.425448
0.42814
0.428433
-0.449338
-0.423122
-0.372644
-0.308991
-0.238495
-0.162574
-0.0819709
0.00244464
0.0895336
0.177673
0.253902
0.309484
0.348985
0.377664
0.398871
0.414744
0.426263
0.433222
0.43591
0.43627
-0.474955
-0.448453
-0.396697
-0.331158
-0.258256
-0.179533
-0.0957355
-0.00773642
0.083296
0.175656
0.255701
0.313988
0.35518
0.384845
0.40658
0.422685
0.434255
0.441125
0.44373
0.444094
-0.499539
-0.472717
-0.419798
-0.352644
-0.277587
-0.196372
-0.109701
-0.018424
0.0763155
0.172849
0.256812
0.317997
0.361127
0.391988
0.414419
0.430884
0.442579
0.449402
0.451875
0.452166
-0.523427
-0.496205
-0.442414
-0.373625
-0.296641
-0.213196
-0.123931
-0.0296506
0.0685754
0.16914
0.257095
0.321449
0.366818
0.399146
0.422469
0.439431
0.451322
0.458125
0.46044
0.460639
-0.546667
-0.51898
-0.464445
-0.394169
-0.315483
-0.230052
-0.138462
-0.041452
0.0599835
0.164413
0.256462
0.324275
0.372215
0.406303
0.430739
0.448347
0.460508
0.467303
0.469481
0.469536
-0.569332
-0.541266
-0.485895
-0.414331
-0.334142
-0.246954
-0.1533
-0.0538588
0.050512
0.158635
0.254795
0.326327
0.377211
0.4134
0.439199
0.457602
0.470085
0.476821
0.478848
0.478772
-0.591516
-0.562981
-0.506814
-0.434113
-0.352606
-0.263867
-0.168406
-0.0668162
0.0402088
0.151767
0.25197
0.327423
0.381636
0.42034
0.447801
0.467146
0.479978
0.486601
0.488416
0.488223
-0.61321
-0.584146
-0.527219
-0.45349
-0.370816
-0.280737
-0.183707
-0.0802473
0.0291115
0.143783
0.247888
0.327372
0.385263
0.426971
0.456504
0.476971
0.49012
0.496527
0.498054
0.497757
-0.634256
-0.60471
-0.547059
-0.472422
-0.388727
-0.297488
-0.199127
-0.0940716
0.0172885
0.134725
0.242463
0.325977
0.387827
0.433081
0.465276
0.487149
0.50047
0.506393
0.507526
0.507127
-0.654617
-0.624615
-0.5663
-0.490852
-0.406274
-0.31405
-0.21457
-0.108201
0.0048415
0.124641
0.235658
0.32306
0.389007
0.438325
0.474015
0.497932
0.511277
0.516107
0.516549
0.516078
-0.67435
-0.643816
-0.584911
-0.508736
-0.423389
-0.330341
-0.229944
-0.122516
-0.00811852
0.113623
0.227462
0.318493
0.388474
0.442186
0.48238
0.50967
0.523455
0.526164
0.524913
0.524377
-0.693291
-0.662313
-0.602835
-0.526012
-0.440015
-0.34628
-0.24515
-0.136901
-0.0214624
0.101802
0.217926
0.312184
0.385942
0.443972
0.48953
0.522234
0.538661
0.539338
0.534018
0.532139
-0.711524
-0.680097
-0.620092
-0.542707
-0.456185
-0.361911
-0.260244
-0.151417
-0.0352582
0.0891088
0.206933
0.303894
0.381116
0.442863
0.493933
0.534173
0.557316
0.561173
0.550984
0.53559
-0.728991
-0.697171
-0.636813
-0.559001
-0.472181
-0.37756
-0.275633
-0.166546
-0.050056
0.0748723
0.19377
0.292726
0.373221
0.43765
0.492432
0.540461
0.570534
0.572864
0.557017
0.539489
-0.745542
-0.713591
-0.65284
-0.574667
-0.487752
-0.392906
-0.291095
-0.181954
-0.0655201
0.0594185
0.178665
0.278467
0.361879
0.427839
0.480178
0.529248
0.558571
0.548957
0.479477
0.441664
-0.760776
-0.730496
-0.667769
-0.589132
-0.502213
-0.407471
-0.306355
-0.197402
-0.0814054
0.0429256
0.161692
0.261013
0.346402
0.414015
0.456739
0.488935
0.50269
0.457376
0.382943
0.336132
-0.808866
-0.745782
-0.681331
-0.603535
-0.516694
-0.422431
-0.321397
-0.21309
-0.0979823
0.025059
0.142437
0.240155
0.324228
0.397883
0.410798
0.418988
0.390634
0.326817
0.244985
0.19941
-0.775099
-0.758961
-0.70096
-0.624513
-0.537871
-0.444156
-0.344219
-0.237102
-0.123786
-0.00345639
0.11017
0.203999
0.279093
0.349895
0.354746
0.242105
0.132617
0.0576081
-0.0200386
0.0221118
-0.804534
-0.775672
-0.716823
-0.640393
-0.554207
-0.460954
-0.361086
-0.254932
-0.143148
-0.025321
0.0845581
0.173863
0.240871
0.278752
0.231005
0.0766674
-0.0633917
-0.162989
-0.267583
-0.203939
-0.826607
-0.795184
-0.735034
-0.658298
-0.572303
-0.479278
-0.379758
-0.274734
-0.164781
-0.049975
0.0554386
0.138702
0.195785
0.202825
0.0892001
-0.10584
-0.27583
-0.413065
-0.564241
-0.497153
-0.847849
-0.815103
-0.753955
-0.676572
-0.590518
-0.497721
-0.398898
-0.295124
-0.18718
-0.0757386
0.024486
0.100917
0.144497
0.11311
-0.0632757
-0.291799
-0.505992
-0.706203
-0.932057
-0.90267
-0.868184
-0.8353
-0.77347
-0.695524
-0.609381
-0.516875
-0.41885
-0.316426
-0.210713
-0.10297
-0.00847947
0.0605522
0.0863327
0.0163087
-0.210745
-0.464246
-0.72003
-0.941799
-1.24973
-1.55898
-0.888594
-0.855978
-0.793796
-0.715501
-0.629269
-0.537012
-0.439712
-0.338645
-0.235228
-0.131348
-0.0427818
0.018143
0.0262567
-0.0964872
-0.341742
-0.601744
-0.862231
-1.07181
-1.17494
-1.35844
-0.90979
-0.877411
-0.815184
-0.736788
-0.650581
-0.558654
-0.462157
-0.362595
-0.261763
-0.162198
-0.0800891
-0.0287953
-0.0457755
-0.218947
-0.459191
-0.704322
-0.924112
-1.05062
-1.07705
-1.10208
-0.932065
-0.899954
-0.837755
-0.759404
-0.67337
-0.581911
-0.486414
-0.388622
-0.290764
-0.196118
-0.120979
-0.0807333
-0.126644
-0.332701
-0.566259
-0.78558
-0.955243
-1.01944
-1.0348
-1.03758
-0.955587
-0.923579
-0.861536
-0.783269
-0.697516
-0.606699
-0.512392
-0.416643
-0.322153
-0.233027
-0.165301
-0.13869
-0.21098
-0.440897
-0.665655
-0.864122
-0.989656
-1.00579
-1.01021
-1.0106
-0.980271
-0.948211
-0.88645
-0.8083
-0.722942
-0.632896
-0.539962
-0.446506
-0.355765
-0.272673
-0.213022
-0.19961
-0.304157
-0.544297
-0.755198
-0.933467
-0.98926
-0.998467
-0.999717
-0.99921
-1.00582
-0.973758
-0.912251
-0.834341
-0.749455
-0.660316
-0.568934
-0.477977
-0.391366
-0.31463
-0.264027
-0.261486
-0.411064
-0.647045
-0.832201
-0.975688
-1.00885
-0.996478
-0.992854
-0.991667
-1.03169
-0.999887
-0.938589
-0.861086
-0.776773
-0.688653
-0.598969
-0.51068
-0.428462
-0.358376
-0.31708
-0.33022
-0.514523
-0.758044
-0.900425
-0.956766
-0.97991
-0.988189
-0.988681
-0.988267
-1.05737
-1.02611
-0.965124
-0.888091
-0.804454
-0.717441
-0.629566
-0.544072
-0.466251
-0.403377
-0.370639
-0.405975
-0.606751
-0.876717
-1.02003
-0.959002
-0.9943
-0.998386
-0.996222
-0.995964
-1.08213
-1.05135
-0.99128
-0.914779
-0.831888
-0.746063
-0.660017
-0.577377
-0.503662
-0.448572
-0.42355
-0.479778
-0.700187
-0.983302
-1.32829
-1.32525
-1.19065
-1.11835
-1.0893
-1.07558
-1.10492
-1.07493
-1.01619
-0.940321
-0.858322
-0.77372
-0.689403
-0.609482
-0.539528
-0.49169
-0.475321
-0.547422
-0.796869
-1.02973
-1.47613
-1.66032
-1.36445
-1.32848
-1.29949
-1.28614
-1.12452
-1.09589
-1.03848
-0.963864
-0.882828
-0.799423
-0.716653
-0.638928
-0.572435
-0.529532
-0.524461
-0.603401
-0.856104
-0.863505
-0.60004
-0.667253
-1.19526
-1.40338
-1.38623
-1.38368
-1.13964
-1.11287
-1.05747
-0.984125
-0.904274
-0.822004
-0.740506
-0.664093
-0.600174
-0.559523
-0.568884
-0.652257
-0.914749
-0.906871
-0.648321
-0.941593
-1.29741
-1.43231
-1.39259
-1.41915
-1.14911
-1.12472
-1.07186
-1.00016
-0.921467
-0.840222
-0.759591
-0.6835
-0.619721
-0.580482
-0.596362
-0.725291
-1.20872
-1.95756
-2.69146
-3.18998
-3.13603
-2.68908
-2.24873
-2.11359
-1.15137
-1.13017
-1.0806
-1.01091
-0.933392
-0.852948
-0.772438
-0.695681
-0.628807
-0.585395
-0.594151
-0.774335
-1.43544
-2.50887
-3.44542
-3.90036
-3.87517
-3.56736
-3.15634
-2.89878
-1.14598
-1.12839
-1.08284
-1.01563
-0.939297
-0.85935
-0.778214
-0.69911
-0.626778
-0.569595
-0.559016
-0.645161
-1.13555
-1.71259
-2.36622
-2.57302
-2.386
-2.04937
-1.74289
-1.56634
-1.13186
-1.11782
-1.07785
-1.01402
-0.938908
-0.859101
-0.776736
-0.693882
-0.61199
-0.535443
-0.470758
-0.382276
-0.414607
-0.336561
-0.0943816
0.209823
0.573735
0.868936
1.03586
1.09976
-1.11017
-1.1
-1.06595
-1.00614
-0.932279
-0.852517
-0.768806
-0.681573
-0.590039
-0.490666
-0.375795
-0.259302
0.0465792
0.565973
1.19656
1.81583
2.26989
2.53978
2.66213
2.6976
-1.08245
-1.07608
-1.04843
-0.992751
-0.919921
-0.840637
-0.756436
-0.666869
-0.568365
-0.451954
-0.325936
-0.189114
0.0191614
0.581554
1.25934
1.85257
2.27386
2.51066
2.61988
2.65439
-1.04978
-1.04653
-1.02556
-0.973407
-0.902346
-0.82456
-0.742185
-0.653349
-0.553777
-0.435261
-0.309601
-0.189829
-0.0638941
0.33237
0.861356
1.29785
1.62102
1.81212
1.90882
1.94317
-1.00971
-1.00851
-0.993054
-0.945977
-0.878179
-0.803671
-0.726235
-0.643481
-0.549726
-0.434327
-0.308797
-0.211768
-0.141964
0.0821364
0.425218
0.718603
0.941372
1.08103
1.1532
1.17673
-0.945117
-0.945059
-0.933992
-0.896439
-0.839109
-0.775296
-0.709334
-0.638508
-0.553907
-0.444967
-0.317666
-0.210462
-0.134639
0.00148142
0.228563
0.415337
0.555817
0.645372
0.696105
0.710691
-0.857846
-0.857034
-0.849273
-0.824925
-0.785523
-0.739713
-0.691173
-0.637043
-0.567852
-0.468387
-0.344304
-0.224765
-0.129042
-0.0433392
0.0943337
0.208105
0.291852
0.34443
0.36892
0.374917
-0.778752
-0.777162
-0.771766
-0.758675
-0.735868
-0.708208
-0.677885
-0.642893
-0.594458
-0.513533
-0.391121
-0.261444
-0.153351
-0.0956452
-0.0364588
0.0355225
0.0940198
0.131333
0.149757
0.152321
-0.730683
-0.729125
-0.726078
-0.7201
-0.708991
-0.696038
-0.683523
-0.671701
-0.654679
-0.613067
-0.508306
-0.362543
-0.241038
-0.192258
-0.152495
-0.0988829
-0.0525308
-0.0176989
0.000187522
0.000561104
-0.713481
-0.712872
-0.711956
-0.710292
-0.708026
-0.708013
-0.715067
-0.735243
-0.772135
-0.812981
-0.764046
-0.591951
-0.433002
-0.368509
-0.314043
-0.245116
-0.1809
-0.137022
-0.11724
-0.118426
-0.709889
-0.710435
-0.711883
-0.714693
-0.721023
-0.735603
-0.767294
-0.832886
-0.959243
-1.13746
-1.19419
-0.970849
-0.734914
-0.621091
-0.528942
-0.417949
-0.3212
-0.254729
-0.228475
-0.23181
-0.701642
-0.703389
-0.707215
-0.714459
-0.729193
-0.758439
-0.81644
-0.934846
-1.17132
-1.54412
-1.71992
-1.44211
-1.09261
-0.903867
-0.749603
-0.59228
-0.469095
-0.393071
-0.370891
-0.374498
-0.672263
-0.674879
-0.680314
-0.690821
-0.71183
-0.752855
-0.827185
-0.98616
-1.30447
-1.81785
-2.08228
-1.7717
-1.37526
-1.13068
-0.929149
-0.760298
-0.647307
-0.592158
-0.578101
-0.579151
-0.611866
-0.614656
-0.620379
-0.631547
-0.653301
-0.694985
-0.775851
-0.940918
-1.27245
-1.80086
-2.0425
-1.76418
-1.42605
-1.20538
-0.995288
-0.871587
-0.815354
-0.795792
-0.783545
-0.779748
-0.521508
-0.523799
-0.528533
-0.537724
-0.556042
-0.591037
-0.658679
-0.795413
-1.07154
-1.50109
-1.69545
-1.50592
-1.26993
-1.05864
-0.915957
-0.852672
-0.856149
-0.859216
-0.850336
-0.84501
-0.412407
-0.413802
-0.416767
-0.422631
-0.434685
-0.457807
-0.502189
-0.590742
-0.768624
-1.04903
-1.18698
-1.08333
-0.915115
-0.766656
-0.698434
-0.710466
-0.739299
-0.749148
-0.746205
-0.742932
-0.300532
-0.301014
-0.302228
-0.304802
-0.310504
-0.321675
-0.342977
-0.38459
-0.466536
-0.600261
-0.672003
-0.59817
-0.505043
-0.458274
-0.483858
-0.528146
-0.554988
-0.563877
-0.565422
-0.564589
-0.200057
-0.199888
-0.199891
-0.200191
-0.201376
-0.203962
-0.208985
-0.218598
-0.236199
-0.256853
-0.251959
-0.221437
-0.211021
-0.255487
-0.312395
-0.354032
-0.37356
-0.38128
-0.384114
-0.384455
-0.1193
-0.118823
-0.118269
-0.117527
-0.116482
-0.11471
-0.111572
-0.106073
-0.0964882
-0.0787365
-0.0543196
-0.039233
-0.0778447
-0.136083
-0.184248
-0.213711
-0.229082
-0.235546
-0.238726
-0.239569
-0.0602832
-0.0597571
-0.0591271
-0.0582404
-0.0566552
-0.0536359
-0.0481834
-0.038787
-0.0237039
-0.0024596
0.0134431
0.0105963
-0.0230361
-0.0665294
-0.100243
-0.120534
-0.130523
-0.135507
-0.138258
-0.139126
-0.0206922
-0.0202551
-0.0197772
-0.0191556
-0.0178913
-0.0152229
-0.0102969
-0.00204716
0.0103084
0.0251936
0.0316289
0.0223798
-0.00180796
-0.0295769
-0.0509359
-0.0638819
-0.0705815
-0.0740104
-0.0759246
-0.0765568
0.00367594
0.00398311
0.00426102
0.00451269
0.00522155
0.00700551
0.0104803
0.0162567
0.0243885
0.0327466
0.0333619
0.0236052
0.00695665
-0.0102067
-0.0233232
-0.0314822
-0.0358587
-0.0381201
-0.0393412
-0.0397419
0.0171472
0.017337
0.0174485
0.0173987
0.0176033
0.0185281
0.02056
0.0239863
0.0285713
0.0324314
0.0304315
0.0221779
0.0109421
0.000222392
-0.00791833
-0.0131505
-0.0160818
-0.0175955
-0.0183655
-0.0186108
0.023313
0.0234173
0.0234112
0.0231725
0.023046
0.0233351
0.0242873
0.0260039
0.0281641
0.0293538
0.0265358
0.0200949
0.0125141
0.00565512
0.000457975
-0.00299467
-0.00501546
-0.00606432
-0.00653576
-0.00669125
0.0248101
0.0248595
0.0247871
0.0244649
0.0241515
0.0240423
0.0242907
0.0249133
0.0256229
0.025421
0.0226053
0.0177548
0.0125854
0.00807805
0.00466031
0.00232576
0.00091131
0.000183989
-0.000138776
-0.000234867
0.0234336
0.0234514
0.0233523
0.0230191
0.0226288
0.0223134
0.0221642
0.0221612
0.022081
0.0212612
0.0187975
0.015229
0.0116673
0.00864099
0.00634134
0.00473535
0.00373508
0.00322281
0.00300858
0.00294616
0.0203414
0.0203436
0.0202437
0.0199394
0.0195493
0.0191632
0.0188355
0.0185388
0.0181124
0.0171253
0.0151227
0.012549
0.0100933
0.00804293
0.00648024
0.00536983
0.00466397
0.00430428
0.00416006
0.00412046
0.0162462
0.0162422
0.0161558
0.0159012
0.0155561
0.0151863
0.0148235
0.0144444
0.0139404
0.0130418
0.0115327
0.00974408
0.0080879
0.00671948
0.00567097
0.00491376
0.00442418
0.00417641
0.0040812
0.00405609
0.0115694
0.0115641
0.0114971
0.0113013
0.0110286
0.010732
0.0104289
0.0101016
0.00968161
0.00900928
0.00798934
0.00684336
0.00580245
0.00494546
0.00428221
0.00379274
0.00346914
0.00330616
0.00324631
0.00322963
0.00655238
0.00654754
0.00650327
0.00637447
0.00620071
0.00601875
0.00583387
0.00563515
0.0053857
0.00500574
0.00445725
0.00385895
0.00332167
0.00287929
0.00253228
0.00226742
0.00208453
0.00199195
0.00195851
0.00194662
0.00135538
0.00136158
0.00139488
0.00142029
0.00139155
0.00134009
0.00128385
0.0012257
0.00115774
0.0010669
0.000939719
0.000790077
0.000652119
0.000535095
0.00044092
0.000369287
0.000327678
0.00033195
0.000362045
0.000377429
-0.687705
-0.455858
-0.21155
-0.0112779
0.150054
0.279826
0.389483
0.481231
0.5197
0.504099
-0.286893
-0.137675
0.0160261
0.148874
0.261433
0.355556
0.431708
0.485567
0.51422
0.526425
-0.0219306
0.0774925
0.180217
0.272147
0.351392
0.417778
0.470401
0.509123
0.536759
0.55399
0.164153
0.232655
0.304919
0.370964
0.428291
0.476751
0.516358
0.54796
0.572764
0.590616
0.305749
0.354688
0.40794
0.4571
0.500744
0.538589
0.570749
0.597475
0.618745
0.636415
0.420115
0.456792
0.499501
0.538588
0.574278
0.606143
0.633835
0.657069
0.675072
0.692539
0.518978
0.550057
0.586879
0.621378
0.653275
0.682136
0.707307
0.728137
0.743406
0.760819
0.611556
0.642327
0.677969
0.711556
0.742404
0.770072
0.79385
0.812931
0.826035
0.843513
0.709336
0.743659
0.781097
0.815723
0.846544
0.873363
0.895816
0.913316
0.92507
0.942909
0.82579
0.864677
0.90351
0.938325
0.968067
0.993143
1.01377
1.02973
1.04127
1.05965
0.971528
1.01135
1.04707
1.07776
1.10361
1.12591
1.14512
1.1608
1.17358
1.19174
1.1465
1.17889
1.20492
1.2274
1.2476
1.26648
1.28423
1.30087
1.31669
1.33491
1.3344
1.35211
1.36782
1.38455
1.40079
1.41541
1.42851
1.44254
1.45968
1.47938
1.51641
1.52729
1.53948
1.55032
1.55961
1.56924
1.58022
1.59186
1.60184
1.61703
1.72739
1.72944
1.71431
1.6991
1.69279
1.69851
1.71713
1.74758
1.77974
1.8105
2.03332
1.89628
1.82004
1.77805
1.76062
1.76467
1.79207
1.84821
1.95167
2.16696
0.315335
0.311962
0.306041
0.296242
0.283309
0.270896
0.260592
0.252642
0.246961
0.243611
0.243106
0.24566
0.250607
0.257713
0.267038
0.278637
0.291703
0.303647
0.311078
0.31578
0.233326
0.239214
0.246135
0.251392
0.254256
0.253947
0.251061
0.247149
0.243554
0.241176
0.240864
0.242883
0.246391
0.250581
0.254389
0.256283
0.255086
0.250928
0.244981
0.237914
0.225655
0.228003
0.231373
0.23431
0.236556
0.238384
0.239366
0.239112
0.238051
0.237067
0.237066
0.23828
0.239885
0.240977
0.240861
0.239555
0.237638
0.235204
0.231983
0.228991
0.220482
0.221565
0.223468
0.225913
0.227936
0.229381
0.230507
0.231372
0.231814
0.231963
0.232264
0.232801
0.233092
0.232832
0.232115
0.231067
0.229503
0.227304
0.225085
0.223639
0.215387
0.216033
0.217192
0.21901
0.220921
0.222629
0.223952
0.224982
0.225852
0.226571
0.227088
0.2273
0.227154
0.226694
0.225886
0.224615
0.222948
0.221172
0.219707
0.21889
0.210509
0.210947
0.211794
0.213234
0.21489
0.216579
0.218179
0.219553
0.220682
0.221617
0.222268
0.222467
0.222225
0.221562
0.220486
0.219129
0.217663
0.216244
0.215145
0.214594
0.205862
0.206168
0.206852
0.208134
0.209669
0.211276
0.212931
0.214518
0.215894
0.216998
0.217778
0.218072
0.217793
0.217012
0.21589
0.214623
0.213324
0.21206
0.211146
0.210745
0.201554
0.201769
0.202326
0.203476
0.20492
0.206414
0.207917
0.209467
0.211026
0.212429
0.213417
0.213713
0.213402
0.212721
0.211843
0.210807
0.209651
0.208535
0.207779
0.207485
0.197576
0.197708
0.198168
0.199235
0.200625
0.202106
0.203632
0.205155
0.206647
0.208096
0.209266
0.20983
0.20984
0.209423
0.208681
0.207743
0.206697
0.205693
0.205053
0.204851
0.194184
0.194246
0.194602
0.195554
0.196854
0.198245
0.199739
0.201342
0.203027
0.204676
0.206083
0.206908
0.207077
0.206804
0.206236
0.205505
0.204646
0.203801
0.203307
0.203188
0.19134
0.191367
0.191601
0.192286
0.193308
0.19446
0.195744
0.197192
0.198829
0.200631
0.202345
0.203536
0.204136
0.204319
0.204195
0.203847
0.203366
0.202876
0.202616
0.202556
0.188458
0.188475
0.188641
0.189117
0.189907
0.190926
0.192173
0.193703
0.195515
0.197575
0.199675
0.201297
0.202256
0.2027
0.202865
0.202844
0.202725
0.202573
0.202493
0.202455
0.184963
0.184982
0.185131
0.185502
0.186125
0.187021
0.188213
0.189783
0.191777
0.19419
0.19678
0.198921
0.200352
0.201288
0.201814
0.202163
0.202359
0.202463
0.202485
0.202458
0.180636
0.180648
0.1808
0.181182
0.18181
0.182733
0.184042
0.185828
0.188147
0.191029
0.194242
0.197015
0.198963
0.200272
0.201213
0.201758
0.202209
0.202456
0.202528
0.202515
0.175484
0.175482
0.175632
0.17609
0.176827
0.17794
0.179489
0.181602
0.184395
0.187919
0.191919
0.195437
0.197978
0.199755
0.200989
0.201864
0.202438
0.202736
0.202844
0.202849
0.169591
0.169572
0.169745
0.170278
0.171229
0.172579
0.174438
0.17701
0.180399
0.184729
0.189701
0.19415
0.197429
0.199765
0.201385
0.202516
0.203205
0.203587
0.203752
0.203777
0.1629
0.162867
0.163059
0.163686
0.164794
0.166549
0.168844
0.171965
0.176139
0.181496
0.187686
0.193281
0.197428
0.200402
0.202486
0.203907
0.204792
0.205302
0.205538
0.205576
0.155191
0.155145
0.155385
0.156134
0.157482
0.159528
0.162375
0.166257
0.171441
0.178108
0.185825
0.192811
0.198026
0.201763
0.204405
0.206195
0.207352
0.20804
0.208355
0.208403
0.14608
0.14603
0.146329
0.147251
0.148879
0.151349
0.154866
0.159725
0.166225
0.174561
0.184176
0.192863
0.199327
0.204006
0.207299
0.209552
0.211043
0.211948
0.212351
0.212408
0.134974
0.13491
0.135311
0.136457
0.138491
0.141592
0.146034
0.152186
0.160381
0.170829
0.182792
0.193532
0.201524
0.207297
0.211355
0.214156
0.216035
0.217184
0.217685
0.217754
0.121241
0.121166
0.121721
0.123228
0.125844
0.129816
0.135522
0.143389
0.153792
0.166913
0.181754
0.19496
0.204746
0.211795
0.216773
0.220224
0.222556
0.223986
0.224607
0.224687
0.103925
0.103843
0.104638
0.106676
0.110145
0.115398
0.122884
0.13309
0.146388
0.162859
0.181173
0.197282
0.209155
0.217713
0.223775
0.228
0.230873
0.232634
0.233397
0.233487
0.0815767
0.0815012
0.082692
0.0855727
0.090378
0.0975844
0.107668
0.121106
0.138173
0.158784
0.181211
0.200667
0.214933
0.225235
0.232576
0.237735
0.241269
0.243433
0.244355
0.24446
0.0518689
0.051849
0.0537592
0.0581131
0.0651922
0.0755095
0.0894576
0.107356
0.129274
0.154899
0.182073
0.205285
0.222227
0.234512
0.243351
0.249641
0.253996
0.256662
0.257779
0.257893
0.0106327
0.0108332
0.0143454
0.0217491
0.033023
0.0484615
0.0681366
0.0920576
0.120028
0.151518
0.183983
0.211273
0.231117
0.245597
0.256162
0.263826
0.269243
0.272556
0.273893
0.274005
-0.0499366
-0.0484249
-0.0399649
-0.0259709
-0.00696552
0.0166373
0.0443235
0.0758944
0.111005
0.149033
0.187143
0.21868
0.241546
0.258353
0.270821
0.280086
0.286784
0.290953
0.292601
0.29273
-0.122663
-0.119912
-0.103856
-0.0794285
-0.0498997
-0.0168196
0.0196215
0.0593804
0.102196
0.147522
0.19231
0.229294
0.25637
0.276637
0.292045
0.303863
0.312789
0.318275
0.3201
0.320529
-0.197171
-0.189097
-0.165392
-0.130953
-0.0917311
-0.0494552
-0.0043162
0.0436211
0.0941505
0.146815
0.198378
0.240898
0.272206
0.295933
0.314332
0.328764
0.339909
0.346532
0.349603
0.350476
-0.255493
-0.246014
-0.217499
-0.176343
-0.129628
-0.0796226
-0.0267769
0.0286959
0.0864705
0.146041
0.203878
0.251326
0.286197
0.312618
0.333105
0.349174
0.361491
0.369462
0.373451
0.37455
-0.302846
-0.292808
-0.260875
-0.214952
-0.162642
-0.106551
-0.0473103
0.0146954
0.0789639
0.144818
0.208308
0.260007
0.297722
0.326087
0.347926
0.364994
0.378129
0.38692
0.3913
0.39243
-0.342176
-0.332037
-0.297986
-0.24833
-0.191519
-0.13048
-0.0659229
0.00167945
0.0716541
0.143137
0.21168
0.267064
0.307059
0.336826
0.359519
0.37709
0.39051
0.399609
0.404074
0.405276
-0.376314
-0.366172
-0.330556
-0.277931
-0.217426
-0.152223
-0.0830724
-0.0105693
0.0644833
0.141065
0.214222
0.27291
0.314903
0.34582
0.369102
0.386885
0.400335
0.409451
0.413899
0.415151
-0.406814
-0.396703
-0.35991
-0.304827
-0.241239
-0.172453
-0.0992673
-0.0223978
0.0572805
0.138572
0.216094
0.277966
0.321838
0.353761
0.377506
0.395453
0.408904
0.41804
0.422503
0.423651
-0.434872
-0.424758
-0.386992
-0.329819
-0.263608
-0.191694
-0.114945
-0.034125
0.0498082
0.135553
0.217283
0.282249
0.32799
0.360971
0.385257
0.403433
0.416945
0.426063
0.430548
0.431541
-0.46125
-0.451108
-0.412485
-0.353524
-0.284984
-0.210306
-0.130386
-0.045996
0.0418634
0.131815
0.217647
0.285822
0.333624
0.367835
0.392782
0.411265
0.424884
0.433993
0.438457
0.439355
-0.486417
-0.476225
-0.436841
-0.376292
-0.30568
-0.228544
-0.145795
-0.0581767
0.0333059
0.127266
0.217257
0.288833
0.338881
0.374507
0.400279
0.419201
0.433017
0.442145
0.446571
0.447438
-0.510745
-0.500438
-0.460244
-0.398416
-0.32591
-0.246585
-0.161293
-0.0707485
0.0240983
0.121918
0.216048
0.291194
0.343766
0.381059
0.407873
0.427395
0.441517
0.450719
0.455034
0.455881
-0.534416
-0.523922
-0.483074
-0.419982
-0.345781
-0.264512
-0.17694
-0.0837385
0.0142069
0.115663
0.213877
0.292807
0.348243
0.387514
0.415602
0.435894
0.450424
0.459738
0.46395
0.464751
-0.557463
-0.54678
-0.505368
-0.441047
-0.365354
-0.282357
-0.192762
-0.0971812
0.00356945
0.108416
0.210672
0.293572
0.352188
0.393795
0.423433
0.444682
0.459728
0.469186
0.473276
0.473962
-0.580018
-0.56909
-0.527056
-0.461641
-0.384647
-0.300127
-0.208745
-0.111066
-0.0077964
0.100198
0.206349
0.293334
0.35545
0.39978
0.431308
0.453723
0.46937
0.478958
0.482892
0.48344
-0.602002
-0.590837
-0.548193
-0.481786
-0.403628
-0.317771
-0.224828
-0.125321
-0.0198214
0.091009
0.200835
0.291936
0.357839
0.405321
0.43915
0.462984
0.479303
0.488972
0.492689
0.493063
-0.623422
-0.61201
-0.568752
-0.501446
-0.422257
-0.335237
-0.240949
-0.13986
-0.0324417
0.0808784
0.194095
0.289228
0.359107
0.410192
0.446859
0.47248
0.489521
0.499091
0.502434
0.502618
-0.644147
-0.632535
-0.58868
-0.520572
-0.440475
-0.352444
-0.257027
-0.154607
-0.0455722
0.0698902
0.186121
0.285089
0.359011
0.414077
0.454252
0.482283
0.500163
0.509273
0.511922
0.51186
-0.664252
-0.652373
-0.60795
-0.53913
-0.458239
-0.369344
-0.272969
-0.16947
-0.059103
0.058148
0.176948
0.279429
0.35731
0.416575
0.460974
0.49246
0.511747
0.51987
0.520997
0.520495
-0.683617
-0.671469
-0.62654
-0.557065
-0.475467
-0.385852
-0.288688
-0.184318
-0.0729116
0.0457423
0.166659
0.272203
0.353809
0.417213
0.466376
0.502752
0.525108
0.532414
0.53035
0.528233
-0.702261
-0.689893
-0.644396
-0.574327
-0.492122
-0.401902
-0.3041
-0.199067
-0.0868786
0.0328321
0.155376
0.2634
0.348387
0.415537
0.469426
0.512033
0.540314
0.549952
0.54475
0.533202
-0.720124
-0.7076
-0.661616
-0.591066
-0.508409
-0.417771
-0.319541
-0.214127
-0.101471
0.0188747
0.1425
0.252342
0.340366
0.410856
0.468545
0.517946
0.554993
0.571125
0.567341
0.558718
-0.737178
-0.724545
-0.678225
-0.607229
-0.524309
-0.433453
-0.334977
-0.229503
-0.116704
0.0037955
0.127914
0.23876
0.329181
0.402582
0.461352
0.514397
0.556045
0.576212
0.548849
0.493493
-0.75319
-0.740079
-0.6942
-0.622753
-0.5399
-0.449033
-0.350427
-0.245066
-0.132496
-0.0123105
0.111625
0.222596
0.314121
0.390525
0.447222
0.49136
0.530232
0.530387
0.474616
0.405569
-0.769848
-0.754624
-0.709224
-0.637203
-0.554979
-0.464146
-0.366146
-0.260758
-0.148713
-0.0292693
0.093681
0.203814
0.294283
0.375761
0.427431
0.473403
0.459669
0.427688
0.357292
0.282921
-0.756112
-0.73623
-0.688365
-0.613421
-0.526724
-0.432515
-0.329765
-0.22183
-0.107272
0.0149658
0.131391
0.228201
0.310132
0.393597
0.449434
0.373141
0.329658
0.267794
0.190542
0.138382
-0.775286
-0.761411
-0.726174
-0.660036
-0.578173
-0.487905
-0.390023
-0.285501
-0.174729
-0.0572635
0.0626886
0.169617
0.254969
0.332203
0.400656
0.397743
0.284723
0.198362
0.133108
0.0431031
-0.794922
-0.780624
-0.740014
-0.672589
-0.590449
-0.500816
-0.404206
-0.300812
-0.191347
-0.0758157
0.0415771
0.145426
0.226992
0.290953
0.317795
0.246277
0.0932378
-0.0108439
-0.0901685
-0.186327
-0.814606
-0.802555
-0.757677
-0.689022
-0.606885
-0.517276
-0.420861
-0.318024
-0.209795
-0.0962751
0.0176132
0.116272
0.19107
0.23831
0.21326
0.0742756
-0.0950057
-0.227714
-0.338267
-0.473729
-0.836038
-0.823722
-0.777009
-0.707331
-0.625068
-0.535525
-0.43938
-0.337363
-0.230575
-0.119442
-0.00957446
0.083216
0.149816
0.17798
0.109904
-0.0953565
-0.299315
-0.473006
-0.64115
-0.846135
-0.856583
-0.844435
-0.796785
-0.726126
-0.643536
-0.554097
-0.458458
-0.357496
-0.252383
-0.143991
-0.0385612
0.0478647
0.105326
0.106718
-0.0199689
-0.258586
-0.503724
-0.738144
-0.947036
-1.40925
-0.876759
-0.865062
-0.81712
-0.745768
-0.662922
-0.573553
-0.478429
-0.378527
-0.275192
-0.169754
-0.0690996
0.0103944
0.057994
0.0203884
-0.156579
-0.405739
-0.672024
-0.91931
-1.13756
-1.56262
-0.897442
-0.886178
-0.838162
-0.766455
-0.683465
-0.594166
-0.499522
-0.400655
-0.299148
-0.196814
-0.101175
-0.0290127
0.00620143
-0.0636503
-0.282878
-0.527852
-0.783247
-1.00243
-1.09362
-1.13514
-0.919212
-0.908229
-0.860204
-0.78842
-0.705466
-0.616382
-0.522354
-0.424727
-0.325357
-0.226608
-0.136589
-0.0726118
-0.0533887
-0.150663
-0.3993
-0.633227
-0.848441
-1.0014
-1.04267
-1.0575
-0.942062
-0.93133
-0.88341
-0.811627
-0.728807
-0.640085
-0.546852
-0.450681
-0.353789
-0.259117
-0.175335
-0.120211
-0.118911
-0.259994
-0.505045
-0.726233
-0.910949
-0.996194
-1.0195
-1.02192
-0.966198
-0.955533
-0.907855
-0.836014
-0.753408
-0.665189
-0.572912
-0.478424
-0.384331
-0.294159
-0.21737
-0.170973
-0.1979
-0.372713
-0.603293
-0.813434
-0.959405
-1.00676
-1.00347
-1.00466
-0.991378
-0.980786
-0.9333
-0.861465
-0.779154
-0.691541
-0.600388
-0.507782
-0.416775
-0.33153
-0.262379
-0.224692
-0.280249
-0.484171
-0.696224
-0.888092
-0.989965
-0.999621
-0.997126
-0.995876
-1.01721
-1.00675
-0.959243
-0.887757
-0.805811
-0.718919
-0.62903
-0.538488
-0.450787
-0.370899
-0.309518
-0.28233
-0.359741
-0.595303
-0.787485
-0.93058
-0.987696
-0.989379
-0.990529
-0.989758
-1.04318
-1.03298
-0.985615
-0.914522
-0.833021
-0.746948
-0.65843
-0.570111
-0.485813
-0.411702
-0.358033
-0.343236
-0.436748
-0.69803
-0.902677
-0.948935
-0.976362
-0.987524
-0.988607
-0.989422
-1.06864
-1.05868
-1.01196
-0.941164
-0.860277
-0.775101
-0.688037
-0.60202
-0.521134
-0.452875
-0.407211
-0.402395
-0.524416
-0.787533
-1.07502
-1.09635
-1.04892
-1.04505
-1.02959
-1.02267
-1.09277
-1.08316
-1.03722
-0.967176
-0.886871
-0.802674
-0.717101
-0.633319
-0.555823
-0.492761
-0.456057
-0.458088
-0.62034
-0.867652
-1.24525
-1.71821
-1.43434
-1.2639
-1.21123
-1.18401
-1.1144
-1.10533
-1.06037
-0.991367
-0.912024
-0.828832
-0.744672
-0.662869
-0.588575
-0.529526
-0.502559
-0.510127
-0.702312
-0.925369
-1.05272
-1.10395
-1.25607
-1.37267
-1.36765
-1.35575
-1.13241
-1.12398
-1.08056
-1.01275
-0.934599
-0.852533
-0.769639
-0.689385
-0.617502
-0.561739
-0.542344
-0.556855
-0.755991
-0.886491
-0.55694
-0.300741
-0.815821
-1.28961
-1.37826
-1.38614
-1.1454
-1.13772
-1.0965
-1.03037
-0.953468
-0.872525
-0.790769
-0.711515
-0.640444
-0.587084
-0.568335
-0.599048
-0.867465
-1.21617
-1.4756
-1.80588
-2.15686
-2.03005
-1.7222
-1.60073
-1.15218
-1.14538
-1.10696
-1.04303
-0.967597
-0.887701
-0.806674
-0.727721
-0.655753
-0.601102
-0.581718
-0.631742
-1.01867
-1.83612
-2.98178
-3.62826
-3.8581
-3.6014
-3.11912
-2.75667
-1.1508
-1.1451
-1.11133
-1.04981
-0.976008
-0.897103
-0.81633
-0.736546
-0.662106
-0.600577
-0.572257
-0.607103
-1.01441
-1.77157
-2.72965
-3.38288
-3.55362
-3.31387
-2.93441
-2.6486
-1.14105
-1.13696
-1.10849
-1.05033
-0.978075
-0.900186
-0.819112
-0.737461
-0.658033
-0.586241
-0.530687
-0.512842
-0.626634
-0.937883
-1.15277
-1.21307
-1.01741
-0.7122
-0.425912
-0.245718
-1.1229
-1.11991
-1.09731
-1.04435
-0.974068
-0.896765
-0.815171
-0.730945
-0.64531
-0.556919
-0.464582
-0.380942
-0.228205
0.0517983
0.487715
0.995649
1.47611
1.84606
2.07198
2.17216
-1.09775
-1.09583
-1.07954
-1.03247
-0.964235
-0.88736
-0.805569
-0.719146
-0.627223
-0.525067
-0.413486
-0.276003
-0.098466
0.314999
0.986075
1.67275
2.22271
2.57863
2.75649
2.81342
-1.06731
-1.06631
-1.05497
-1.01495
-0.949121
-0.87298
-0.791699
-0.705202
-0.611201
-0.504007
-0.379343
-0.250947
-0.128104
0.185575
0.786291
1.35797
1.80994
2.1049
2.26327
2.32713
-1.0315
-1.03127
-1.02446
-0.99013
-0.927839
-0.853285
-0.774909
-0.69231
-0.601215
-0.494732
-0.369661
-0.251622
-0.156042
0.000977403
0.416246
0.819783
1.14205
1.36395
1.49735
1.5658
-0.981793
-0.981896
-0.97805
-0.950799
-0.894568
-0.826075
-0.754883
-0.68062
-0.598483
-0.49879
-0.375991
-0.257631
-0.170416
-0.0840753
0.168537
0.429094
0.634622
0.777953
0.861337
0.907446
-0.901992
-0.902631
-0.899764
-0.880548
-0.839032
-0.785868
-0.729327
-0.669217
-0.600617
-0.512598
-0.393077
-0.267921
-0.164678
-0.0865165
0.0733012
0.239297
0.365475
0.454129
0.505307
0.525939
-0.815246
-0.815181
-0.811929
-0.800247
-0.775193
-0.740949
-0.702841
-0.660961
-0.609988
-0.537015
-0.429096
-0.301115
-0.181743
-0.105189
-0.0185717
0.0746734
0.154273
0.210809
0.240962
0.251247
-0.750323
-0.749709
-0.746947
-0.740441
-0.727714
-0.709271
-0.68848
-0.666404
-0.638529
-0.588194
-0.50168
-0.370414
-0.233551
-0.158306
-0.118967
-0.0644914
-0.00855918
0.0348585
0.061361
0.071267
-0.719301
-0.718734
-0.717151
-0.714468
-0.709204
-0.702319
-0.69706
-0.696862
-0.702385
-0.702762
-0.668052
-0.545136
-0.381216
-0.289396
-0.248795
-0.194696
-0.140228
-0.0944854
-0.0671202
-0.0584612
-0.711187
-0.711111
-0.71118
-0.711546
-0.712489
-0.716348
-0.728227
-0.756743
-0.814877
-0.911509
-0.984693
-0.875065
-0.65658
-0.520007
-0.459564
-0.375229
-0.28791
-0.219353
-0.179933
-0.17198
-0.707328
-0.707881
-0.709769
-0.713504
-0.720685
-0.736108
-0.767711
-0.832168
-0.963115
-1.19917
-1.4455
-1.36185
-1.04567
-0.817298
-0.701903
-0.572137
-0.445191
-0.349888
-0.299231
-0.293642
-0.69005
-0.691249
-0.694652
-0.701274
-0.714135
-0.739626
-0.788127
-0.886719
-1.08999
-1.46856
-1.89042
-1.83981
-1.43848
-1.12191
-0.942347
-0.756971
-0.610625
-0.512801
-0.471605
-0.467946
-0.645562
-0.647238
-0.651402
-0.659322
-0.674975
-0.705389
-0.762736
-0.878357
-1.11617
-1.5646
-2.05604
-2.00506
-1.6072
-1.29859
-1.08561
-0.896471
-0.775908
-0.71614
-0.694657
-0.687777
-0.569262
-0.57095
-0.574767
-0.582206
-0.596867
-0.625337
-0.679684
-0.787444
-1.00881
-1.42587
-1.85655
-1.80647
-1.50593
-1.26136
-1.04983
-0.920123
-0.862289
-0.855087
-0.846308
-0.836655
-0.467743
-0.469094
-0.471805
-0.477234
-0.488098
-0.509381
-0.549928
-0.629638
-0.792075
-1.09882
-1.41439
-1.40325
-1.21371
-1.0163
-0.863445
-0.793635
-0.802487
-0.819417
-0.818333
-0.812219
-0.355383
-0.356221
-0.357569
-0.360455
-0.366533
-0.378731
-0.40199
-0.447093
-0.537471
-0.708823
-0.894941
-0.884779
-0.768079
-0.643802
-0.583328
-0.600197
-0.637374
-0.656576
-0.659696
-0.658465
-0.247913
-0.248273
-0.248488
-0.249303
-0.251387
-0.255902
-0.264676
-0.281426
-0.31393
-0.373169
-0.439507
-0.423173
-0.359148
-0.33464
-0.365443
-0.418716
-0.45251
-0.466605
-0.470968
-0.471836
-0.15681
-0.156848
-0.156381
-0.156045
-0.155776
-0.155632
-0.155604
-0.155693
-0.156058
-0.155003
-0.141143
-0.112279
-0.109596
-0.157718
-0.216893
-0.263492
-0.288164
-0.299824
-0.304651
-0.306527
-0.0870794
-0.0869618
-0.0862742
-0.0855857
-0.0844747
-0.0824735
-0.0788775
-0.0724632
-0.0615472
-0.0437006
-0.0200311
-0.00544781
-0.0207204
-0.0705375
-0.118738
-0.151591
-0.16914
-0.177351
-0.181683
-0.183734
-0.0382777
-0.0381235
-0.0374917
-0.0369083
-0.0358697
-0.0337325
-0.0297026
-0.0226078
-0.0110554
0.00576343
0.0224604
0.0247419
0.00673665
-0.0279701
-0.0599704
-0.0814094
-0.0931768
-0.0989914
-0.102119
-0.103691
-0.00687668
-0.00674585
-0.00628207
-0.00597285
-0.00532686
-0.00378696
-0.000648839
0.00491084
0.0135803
0.0250017
0.033636
0.029981
0.0143796
-0.00785843
-0.0276106
-0.0410096
-0.0485663
-0.0524137
-0.0544894
-0.0555224
0.011533
0.0116231
0.011909
0.0119701
0.012187
0.013009
0.0149697
0.0185646
0.0240395
0.0305908
0.0338541
0.0283228
0.016455
0.00227919
-0.00983285
-0.0181809
-0.0230711
-0.0256369
-0.0269818
-0.0276199
0.0209618
0.021015
0.021159
0.0210533
0.020954
0.0211993
0.022173
0.0241338
0.0270846
0.0302328
0.0305927
0.0251859
0.0166239
0.00747055
-0.00012057
-0.00544347
-0.00869943
-0.0104577
-0.0113414
-0.0117355
0.0245211
0.0245478
0.0245994
0.0244084
0.0241149
0.0239934
0.0242862
0.0251255
0.0264247
0.0275244
0.0265079
0.0219012
0.0158045
0.00977745
0.00487772
0.00138329
-0.000839953
-0.00207143
-0.00266683
-0.00291445
0.0244014
0.0244116
0.0244112
0.0241908
0.023813
0.0234934
0.0233788
0.023528
0.0238405
0.023833
0.0223212
0.0186549
0.0143274
0.0102775
0.00702733
0.00467599
0.00313191
0.00225779
0.00184519
0.00169694
0.0220531
0.0220545
0.0220303
0.0218169
0.0214341
0.0210397
0.0207259
0.0205146
0.0203174
0.0197975
0.0182475
0.0154431
0.0123838
0.00962768
0.00743353
0.00582715
0.00474677
0.00412743
0.00384616
0.00374121
0.01839
0.0183875
0.0183571
0.0181715
0.0178268
0.0174396
0.0170665
0.0167155
0.0163189
0.0156534
0.0143032
0.0122396
0.0101117
0.0082429
0.00676147
0.00566513
0.00491338
0.00447846
0.00428652
0.00421766
0.0139627
0.0139589
0.0139318
0.0137838
0.0135003
0.0131706
0.0128299
0.0124818
0.0120786
0.011479
0.0104475
0.00902475
0.00761362
0.00639323
0.00542486
0.00469849
0.00419031
0.00389413
0.00376762
0.00372475
0.00909062
0.00908655
0.00906633
0.00895957
0.0087525
0.00851446
0.00826806
0.00801336
0.00771923
0.00730447
0.00664514
0.00578779
0.00495885
0.00424735
0.00367943
0.00324425
0.00292933
0.00274237
0.00266457
0.00263824
0.00135504
0.00137566
0.0014136
0.00141275
0.00136755
0.00131191
0.00125569
0.00119315
0.00111585
0.00100882
0.000866637
0.000719145
0.000590662
0.00048539
0.000402417
0.000343932
0.000324215
0.000347181
0.000372395
0.00120407
-1.75348
-0.99098
-0.51282
-0.222459
-0.00488408
0.164887
0.300534
0.415803
0.5323
0.61287
-0.637107
-0.391057
-0.181959
-0.00396733
0.144295
0.266814
0.368118
0.450618
0.501705
0.511591
-0.225906
-0.0864938
0.0428163
0.161267
0.263361
0.350007
0.421093
0.474905
0.51065
0.531626
0.023897
0.115938
0.203728
0.286125
0.35854
0.420318
0.471013
0.510741
0.541206
0.561831
0.199834
0.263101
0.327959
0.387443
0.440682
0.486725
0.525563
0.557653
0.583781
0.601684
0.335682
0.380949
0.431873
0.476763
0.518051
0.554834
0.586825
0.614066
0.636553
0.6514
0.447056
0.484334
0.524188
0.561651
0.596436
0.628239
0.656416
0.680564
0.700172
0.712381
0.545432
0.578722
0.613938
0.648572
0.680947
0.710679
0.737003
0.75927
0.776623
0.786769
0.63983
0.67393
0.709622
0.7449
0.777269
0.806408
0.831699
0.852555
0.868082
0.877209
0.743844
0.78236
0.820717
0.8577
0.890414
0.918741
0.942575
0.961786
0.975905
0.98551
0.871983
0.91511
0.954392
0.990295
1.02095
1.04684
1.06861
1.08634
1.09994
1.1113
1.03397
1.07583
1.10981
1.13889
1.1635
1.18519
1.20491
1.22241
1.23749
1.25129
1.22474
1.2543
1.27624
1.29554
1.31391
1.33135
1.34758
1.36335
1.38012
1.39741
1.42169
1.43239
1.44476
1.45938
1.47397
1.48694
1.4983
1.50921
1.52198
1.53757
1.60884
1.61845
1.62812
1.63015
1.6307
1.63495
1.64586
1.66227
1.67965
1.68437
1.91353
1.8547
1.80302
1.763
1.74069
1.73667
1.7502
1.78392
1.83993
1.91928
0.450082
0.392976
0.350589
0.317061
0.292741
0.275335
0.262844
0.253877
0.247701
0.24412
0.243574
0.246255
0.25154
0.25935
0.270162
0.285054
0.305766
0.334462
0.372872
0.42094
0.254447
0.263481
0.269632
0.270253
0.266286
0.259906
0.253326
0.24777
0.243838
0.242055
0.24304
0.246454
0.251602
0.258025
0.264903
0.270537
0.272526
0.269158
0.260751
0.253557
0.229958
0.232059
0.236675
0.240453
0.243484
0.245256
0.245046
0.243264
0.241003
0.239313
0.239147
0.240776
0.243312
0.245793
0.24713
0.24648
0.244074
0.240772
0.236607
0.232144
0.223739
0.224642
0.227174
0.229855
0.231839
0.233335
0.234523
0.235095
0.234948
0.234585
0.234743
0.235588
0.236431
0.236616
0.235961
0.234796
0.233245
0.230989
0.228298
0.226243
0.218254
0.21872
0.220171
0.222295
0.224306
0.22589
0.227054
0.227996
0.228735
0.229249
0.229673
0.229989
0.229967
0.229559
0.228841
0.227717
0.226059
0.224045
0.222257
0.221198
0.213161
0.213449
0.214422
0.216017
0.217797
0.219531
0.221026
0.222215
0.223197
0.224033
0.224622
0.224808
0.224614
0.224071
0.223117
0.221758
0.220173
0.218599
0.21735
0.21669
0.208318
0.208515
0.20927
0.210613
0.212185
0.213824
0.215471
0.216982
0.218249
0.219267
0.219979
0.220219
0.219948
0.219198
0.21807
0.21675
0.215387
0.214066
0.213073
0.212604
0.203787
0.203925
0.204544
0.205766
0.207265
0.20882
0.210417
0.212023
0.213515
0.214763
0.215639
0.21594
0.215629
0.214859
0.213824
0.21266
0.211422
0.210221
0.209385
0.209041
0.199593
0.199687
0.200191
0.201285
0.202686
0.204156
0.205623
0.207112
0.208632
0.210089
0.211176
0.211564
0.21139
0.210867
0.210106
0.209144
0.208054
0.20701
0.20632
0.206073
0.195833
0.195886
0.1963
0.197332
0.198704
0.200174
0.201741
0.203351
0.204933
0.206444
0.207716
0.208431
0.208537
0.208155
0.207435
0.206555
0.205572
0.204617
0.204034
0.203875
0.19274
0.192765
0.193057
0.19388
0.195047
0.196313
0.197673
0.199181
0.200857
0.202607
0.204163
0.205137
0.205487
0.20544
0.20512
0.20459
0.203905
0.203226
0.202847
0.202764
0.189945
0.189962
0.190154
0.190721
0.19162
0.192699
0.193971
0.195456
0.197148
0.19904
0.20093
0.202341
0.20314
0.203461
0.203478
0.203286
0.202985
0.20267
0.202512
0.202467
0.186815
0.186834
0.186982
0.18739
0.188087
0.189034
0.190244
0.191793
0.193703
0.195941
0.198273
0.200128
0.201298
0.20198
0.202296
0.202474
0.20251
0.202492
0.202471
0.202441
0.182899
0.182913
0.183058
0.183425
0.184038
0.184915
0.186147
0.187815
0.189935
0.192555
0.195434
0.197883
0.199572
0.20072
0.20146
0.201926
0.202237
0.202416
0.202468
0.20245
0.178147
0.17816
0.178311
0.17873
0.17943
0.18041
0.181829
0.183778
0.186325
0.189506
0.193091
0.196211
0.198441
0.199966
0.201005
0.201772
0.202269
0.202524
0.202609
0.202605
0.172603
0.172613
0.172772
0.173274
0.174135
0.175278
0.177022
0.179349
0.182412
0.186314
0.190776
0.194738
0.197629
0.199681
0.201104
0.202101
0.202723
0.203049
0.203181
0.203196
0.166317
0.166324
0.166496
0.167079
0.168179
0.169665
0.171713
0.174555
0.178311
0.183125
0.188672
0.193669
0.197363
0.2
0.201847
0.203111
0.203874
0.2043
0.204495
0.204528
0.159149
0.159151
0.15937
0.160012
0.161297
0.163151
0.165729
0.169204
0.173851
0.179821
0.186731
0.192986
0.197641
0.200993
0.203337
0.204927
0.205922
0.206498
0.206769
0.206814
0.150801
0.150804
0.151062
0.151855
0.153346
0.155604
0.158773
0.163116
0.168916
0.176363
0.184975
0.19277
0.198582
0.202768
0.205725
0.207731
0.209027
0.209797
0.210152
0.210205
0.140761
0.140766
0.141083
0.14206
0.143901
0.146696
0.15065
0.156106
0.163392
0.172721
0.183448
0.193112
0.2003
0.205518
0.209177
0.21169
0.213343
0.214333
0.214778
0.214841
0.128462
0.128471
0.128891
0.13014
0.132456
0.135993
0.141017
0.147953
0.157181
0.16889
0.182222
0.194142
0.203
0.209385
0.213891
0.217003
0.219071
0.220308
0.220854
0.220928
0.113104
0.113117
0.113675
0.115329
0.118382
0.122991
0.12951
0.138449
0.150199
0.164898
0.181396
0.195997
0.206788
0.214567
0.220074
0.223899
0.226461
0.227986
0.228645
0.228734
0.0935268
0.0935467
0.0943201
0.096617
0.10079
0.106994
0.115654
0.127335
0.142386
0.160817
0.181106
0.198833
0.211864
0.221267
0.227952
0.232631
0.235793
0.23769
0.238496
0.238589
0.0679637
0.0680005
0.0691489
0.0725219
0.0784984
0.0871563
0.0989673
0.114452
0.133798
0.156804
0.181528
0.202814
0.218386
0.229654
0.237727
0.243437
0.247331
0.249668
0.250645
0.250745
0.0333322
0.0334143
0.0353516
0.0408065
0.0500107
0.0626502
0.0791801
0.099876
0.124668
0.153123
0.182882
0.208101
0.226472
0.239837
0.249528
0.256496
0.261322
0.264233
0.265415
0.26551
-0.0162566
-0.0158756
-0.0114986
-0.00129652
0.0139399
0.0331164
0.0564948
0.0840389
0.115454
0.150145
0.185402
0.214804
0.236152
0.251792
0.263315
0.271794
0.277826
0.281531
0.283012
0.283094
-0.0885989
-0.0858349
-0.0734295
-0.0533016
-0.0283768
9.067e-06
0.0320728
0.0677193
0.106622
0.148185
0.189449
0.223487
0.248254
0.266623
0.280469
0.291041
0.298905
0.303988
0.306177
0.306465
-0.165347
-0.158469
-0.136565
-0.106039
-0.0710417
-0.0332603
0.00757641
0.0514543
0.0981458
0.147166
0.195395
0.23522
0.264487
0.286568
0.303612
0.317026
0.327452
0.334725
0.338405
0.338979
-0.22939
-0.222386
-0.193614
-0.154601
-0.111183
-0.0648458
-0.0157037
0.0361111
0.0903425
0.146516
0.201277
0.246344
0.279528
0.30471
0.324295
0.33977
0.351819
0.360644
0.364446
0.36507
-0.281049
-0.273442
-0.240961
-0.196399
-0.146642
-0.0934258
-0.0372394
0.0216154
0.0827394
0.145536
0.206273
0.255925
0.292296
0.319772
0.341032
0.357775
0.370784
0.380237
0.384421
0.385332
-0.32347
-0.31562
-0.280822
-0.232172
-0.177454
-0.118782
-0.0567809
0.008118
0.0753194
0.144067
0.210146
0.263746
0.302658
0.331772
0.354095
0.371539
0.385052
0.394607
0.399204
0.400199
-0.359599
-0.351628
-0.315329
-0.263528
-0.204711
-0.141523
-0.074605
-0.00448141
0.0680936
0.142175
0.213075
0.270135
0.311147
0.341509
0.364529
0.382287
0.395905
0.405409
0.410133
0.411188
-0.391441
-0.383416
-0.346054
-0.29165
-0.229491
-0.162449
-0.0912206
-0.0164804
0.0609302
0.139901
0.215255
0.275547
0.318501
0.349935
0.373455
0.39135
0.404948
0.414362
0.419157
0.420269
-0.420411
-0.412322
-0.374096
-0.317495
-0.252523
-0.182129
-0.107117
-0.0282277
0.0536183
0.137164
0.216806
0.280226
0.325013
0.357455
0.38146
0.399542
0.41312
0.422494
0.427258
0.42842
-0.447357
-0.439214
-0.400219
-0.341766
-0.274356
-0.20103
-0.122652
-0.0400044
0.0459294
0.133805
0.217588
0.284127
0.330862
0.36444
0.38905
0.407388
0.421038
0.430331
0.43499
0.436238
-0.47294
-0.464714
-0.42506
-0.364972
-0.295367
-0.219429
-0.138061
-0.0520193
0.0376863
0.129658
0.217563
0.287423
0.336316
0.371197
0.396538
0.415242
0.42902
0.438295
0.442837
0.44409
-0.497519
-0.489187
-0.448919
-0.387391
-0.315814
-0.237558
-0.153507
-0.0643905
0.0288012
0.124712
0.21678
0.290117
0.341399
0.377816
0.404079
0.423294
0.437305
0.446614
0.451045
0.452192
-0.521367
-0.512895
-0.471853
-0.409241
-0.335862
-0.255539
-0.169076
-0.0771714
0.0192578
0.118927
0.215103
0.292112
0.346077
0.384327
0.411741
0.431633
0.445985
0.455365
0.4597
0.460691
-0.544558
-0.53594
-0.494441
-0.430551
-0.355581
-0.273423
-0.184814
-0.0903872
0.00899683
0.112175
0.21242
0.29332
0.350299
0.390694
0.419523
0.440276
0.455079
0.464569
0.468817
0.469635
-0.567213
-0.558389
-0.516404
-0.451382
-0.375017
-0.291239
-0.200724
-0.104058
-0.00201145
0.104439
0.208667
0.2936
0.353929
0.396842
0.427383
0.449194
0.464549
0.474143
0.478259
0.478931
-0.589321
-0.580374
-0.537784
-0.471757
-0.394162
-0.308953
-0.216765
-0.118138
-0.0137219
0.0957296
0.203752
0.292797
0.356781
0.402634
0.435252
0.458345
0.474335
0.484015
0.487924
0.488428
-0.610913
-0.601782
-0.558619
-0.491668
-0.412977
-0.326515
-0.232882
-0.132549
-0.0260561
0.0860667
0.197628
0.290761
0.358636
0.40787
0.443041
0.467719
0.484404
0.494085
0.497685
0.497999
-0.631882
-0.622593
-0.578851
-0.511071
-0.43141
-0.343869
-0.248988
-0.147209
-0.0389428
0.0754951
0.190269
0.287353
0.359256
0.41229
0.450621
0.477356
0.494794
0.504218
0.507311
0.507399
-0.652187
-0.642744
-0.598438
-0.529923
-0.449407
-0.360935
-0.26501
-0.162026
-0.0522891
0.0641149
0.181685
0.28246
0.358385
0.415536
0.457736
0.487348
0.505814
0.514505
0.516572
0.516347
-0.671815
-0.662209
-0.617364
-0.548176
-0.466915
-0.377639
-0.280856
-0.176893
-0.0659768
0.0520212
0.171945
0.276019
0.355802
0.417163
0.463898
0.497656
0.518189
0.52577
0.525551
0.52454
-0.6907
-0.680931
-0.635591
-0.565784
-0.483867
-0.393928
-0.296439
-0.191712
-0.0798848
0.0393421
0.161133
0.268003
0.351352
0.41669
0.468267
0.507664
0.532603
0.540448
0.536419
0.532583
-0.708866
-0.698961
-0.653104
-0.582752
-0.50029
-0.409824
-0.311786
-0.206518
-0.0940463
0.0260427
0.149194
0.258218
0.344777
0.413638
0.469621
0.515724
0.54822
0.561517
0.557059
0.539448
-0.726332
-0.716298
-0.670027
-0.599238
-0.51641
-0.425632
-0.327264
-0.221773
-0.109009
0.0114698
0.135422
0.245874
0.335216
0.407196
0.465816
0.51777
0.558811
0.57354
0.572891
0.531585
-0.74335
-0.73265
-0.686341
-0.615093
-0.532106
-0.441232
-0.34268
-0.237246
-0.124518
-0.00411757
0.119994
0.231013
0.322203
0.397041
0.455058
0.505806
0.547132
0.563437
0.516682
0.450819
-0.761067
-0.746983
-0.701922
-0.63027
-0.547652
-0.456792
-0.358269
-0.252921
-0.140576
-0.020717
0.102828
0.213514
0.304819
0.383348
0.438094
0.469538
0.500782
0.485789
0.420801
0.349273
-0.779412
-0.780414
-0.71975
-0.642562
-0.560517
-0.469795
-0.37356
-0.268176
-0.156492
-0.0375648
0.0845648
0.193855
0.283004
0.368736
0.405197
0.394966
0.410701
0.361123
0.287158
0.209563
-0.755247
-0.752196
-0.695979
-0.62024
-0.533601
-0.439612
-0.33901
-0.231444
-0.117481
0.00384837
0.11904
0.214584
0.293207
0.375165
0.410265
0.313699
0.232391
0.167507
0.0911908
-0.069404
-0.792814
-0.76687
-0.708372
-0.631883
-0.545458
-0.451994
-0.352121
-0.245464
-0.132859
-0.0137005
0.0981251
0.189852
0.261106
0.31554
0.293421
0.16317
0.0356626
-0.0504963
-0.138902
-0.319201
-0.815835
-0.785441
-0.725819
-0.64929
-0.563235
-0.470127
-0.370371
-0.264768
-0.153875
-0.0375225
0.0702207
0.156645
0.218883
0.241656
0.164479
-0.0137328
-0.16658
-0.282478
-0.40543
-0.653414
-0.83769
-0.805261
-0.74447
-0.667401
-0.581387
-0.488466
-0.389256
-0.284845
-0.175876
-0.0627133
0.0401818
0.120067
0.170804
0.159232
0.012436
-0.199297
-0.389753
-0.554541
-0.740334
-1.15375
-0.85838
-0.825292
-0.763653
-0.685931
-0.599834
-0.507172
-0.408751
-0.305643
-0.198787
-0.0891587
0.00825206
0.081035
0.116053
0.0655701
-0.138034
-0.381021
-0.621963
-0.838659
-1.12586
-1.84494
-0.878607
-0.845739
-0.78357
-0.70539
-0.619196
-0.526824
-0.429175
-0.327439
-0.22287
-0.117059
-0.0255302
0.039453
0.0564934
-0.0381214
-0.278822
-0.538053
-0.800231
-1.02982
-1.26804
-2.10914
-0.899413
-0.866761
-0.804398
-0.725984
-0.639738
-0.547629
-0.450717
-0.350366
-0.248196
-0.1464
-0.0609997
-0.00489441
-0.00715365
-0.158697
-0.401972
-0.65752
-0.901912
-1.06746
-1.1056
-1.16528
-0.921168
-0.888727
-0.826379
-0.747949
-0.6618
-0.570092
-0.474067
-0.375355
-0.275969
-0.178789
-0.100132
-0.054295
-0.0857726
-0.276667
-0.513722
-0.746056
-0.938013
-1.03407
-1.04985
-1.05958
-0.944137
-0.911902
-0.849571
-0.771206
-0.685285
-0.594128
-0.4992
-0.402402
-0.306176
-0.214226
-0.142769
-0.109184
-0.168299
-0.387295
-0.617765
-0.824111
-0.97253
-1.01352
-1.02114
-1.02165
-0.968335
-0.936055
-0.873959
-0.795662
-0.710083
-0.61964
-0.525998
-0.431367
-0.338704
-0.252545
-0.1888
-0.169281
-0.255365
-0.492955
-0.711956
-0.900261
-0.986506
-1.00032
-1.00427
-1.00442
-0.993591
-0.961204
-0.899354
-0.821234
-0.73608
-0.64648
-0.554301
-0.462069
-0.373355
-0.293412
-0.238307
-0.230358
-0.357145
-0.594478
-0.79586
-0.957517
-1.00673
-0.998957
-0.996389
-0.995424
-1.01942
-0.987144
-0.925548
-0.847674
-0.763037
-0.674406
-0.583858
-0.494218
-0.409785
-0.33632
-0.290513
-0.294602
-0.464288
-0.701437
-0.863817
-0.977651
-0.989051
-0.990069
-0.99037
-0.989149
-1.0454
-1.0135
-0.95202
-0.874607
-0.790606
-0.703039
-0.614251
-0.527347
-0.447353
-0.380782
-0.344049
-0.368224
-0.561366
-0.816144
-0.945876
-0.930785
-0.978448
-0.988721
-0.988906
-0.989531
-1.07078
-1.03947
-0.978494
-0.901563
-0.818247
-0.731831
-0.64488
-0.560815
-0.485109
-0.426099
-0.397397
-0.443353
-0.651485
-0.934495
-1.14279
-1.0606
-1.05351
-1.03628
-1.02514
-1.02102
-1.0949
-1.06426
-1.00419
-0.927821
-0.845275
-0.760082
-0.674927
-0.593683
-0.521906
-0.470655
-0.449856
-0.515074
-0.749038
-1.01613
-1.51249
-1.64136
-1.33175
-1.22901
-1.19625
-1.17479
-1.11645
-1.08698
-1.02784
-0.95253
-0.870875
-0.786896
-0.703394
-0.62466
-0.556503
-0.51154
-0.500544
-0.5769
-0.837244
-0.984491
-1.10237
-1.20314
-1.32466
-1.38216
-1.36222
-1.35372
-1.13428
-1.10643
-1.0486
-0.974549
-0.894007
-0.811196
-0.7291
-0.652166
-0.587173
-0.54552
-0.547723
-0.628162
-0.863985
-0.786724
-0.309341
-0.507685
-1.09959
-1.36261
-1.38315
-1.3869
-1.14708
-1.12127
-1.06544
-0.99283
-0.913446
-0.831745
-0.750766
-0.674633
-0.611173
-0.571392
-0.586563
-0.685808
-1.04572
-1.36353
-1.5768
-2.02903
-2.15256
-1.87162
-1.62948
-1.6165
-1.1536
-1.13027
-1.0771
-1.00629
-0.928115
-0.847341
-0.766881
-0.69062
-0.625692
-0.585519
-0.599054
-0.764053
-1.36368
-2.40841
-3.36272
-3.82364
-3.77605
-3.3751
-2.90653
-2.69228
-1.15275
-1.1324
-1.08284
-1.01397
-0.937106
-0.856977
-0.776257
-0.698522
-0.629258
-0.580477
-0.581447
-0.736094
-1.36672
-2.22988
-3.1302
-3.53489
-3.46889
-3.12739
-2.74616
-2.61969
-1.14268
-1.12669
-1.08211
-1.0154
-0.939803
-0.860072
-0.778378
-0.697558
-0.620871
-0.553937
-0.523196
-0.509207
-0.790177
-1.0553
-1.21756
-1.14261
-0.868557
-0.559716
-0.319769
-0.200263
-1.12424
-1.11225
-1.07402
-1.01054
-0.936264
-0.856545
-0.773499
-0.688367
-0.60124
-0.5138
-0.418043
-0.310679
-0.108932
0.251548
0.739156
1.24271
1.67978
1.97614
2.1367
2.18888
-1.09883
-1.0908
-1.05969
-1.00002
-0.926623
-0.84717
-0.763012
-0.674261
-0.578754
-0.469012
-0.344453
-0.20837
0.0613903
0.628874
1.33742
1.97128
2.42572
2.68724
2.79612
2.82097
-1.0682
-1.06322
-1.03898
-0.984219
-0.91167
-0.833117
-0.749492
-0.659792
-0.559675
-0.440969
-0.315848
-0.188041
-0.0236594
0.472178
1.08331
1.60189
1.97738
2.19893
2.30458
2.3373
-1.03207
-1.03001
-1.0115
-0.961302
-0.89149
-0.81489
-0.73446
-0.647871
-0.550482
-0.432998
-0.30697
-0.201075
-0.113807
0.191271
0.627647
0.991405
1.26637
1.43997
1.5392
1.57761
-0.981687
-0.981539
-0.968378
-0.92521
-0.861183
-0.790705
-0.717939
-0.640444
-0.551003
-0.438746
-0.312227
-0.211841
-0.142082
0.0305059
0.30414
0.538542
0.715223
0.825791
0.888163
0.915555
-0.90219
-0.902246
-0.893
-0.861995
-0.813251
-0.75795
-0.700306
-0.637426
-0.559598
-0.454719
-0.328608
-0.214346
-0.128258
-0.0229853
0.161867
0.306459
0.415217
0.483682
0.519492
0.527003
-0.815432
-0.814151
-0.80754
-0.789312
-0.75879
-0.722407
-0.683056
-0.638126
-0.578415
-0.486931
-0.363561
-0.240037
-0.138336
-0.0637623
0.0269594
0.117633
0.185689
0.228992
0.248065
0.251588
-0.75027
-0.748603
-0.744304
-0.735065
-0.71898
-0.699053
-0.677663
-0.653606
-0.619229
-0.553393
-0.436413
-0.298774
-0.185364
-0.140438
-0.0939973
-0.0351934
0.0151877
0.0500222
0.0686527
0.0701578
-0.719166
-0.718035
-0.716029
-0.712242
-0.705817
-0.699259
-0.695981
-0.698601
-0.704436
-0.697893
-0.615318
-0.458928
-0.321534
-0.264822
-0.22367
-0.166798
-0.115455
-0.0783661
-0.0603412
-0.0608377
-0.711154
-0.711105
-0.711339
-0.711862
-0.713829
-0.720884
-0.739673
-0.780908
-0.858261
-0.95949
-0.958865
-0.763153
-0.573033
-0.490529
-0.418893
-0.331014
-0.250297
-0.195611
-0.172363
-0.174524
-0.707468
-0.708635
-0.711346
-0.71628
-0.727038
-0.749193
-0.794338
-0.886429
-1.06758
-1.34541
-1.45155
-1.20515
-0.911892
-0.760155
-0.640684
-0.505005
-0.392779
-0.318095
-0.292252
-0.296122
-0.690413
-0.692648
-0.697454
-0.706606
-0.724826
-0.760189
-0.828843
-0.970507
-1.25514
-1.71033
-1.94415
-1.64525
-1.25832
-1.02751
-0.847231
-0.678988
-0.554378
-0.485135
-0.46755
-0.470292
-0.646163
-0.648959
-0.654712
-0.665875
-0.687815
-0.729695
-0.810566
-0.976571
-1.30809
-1.84995
-2.11048
-1.81316
-1.43005
-1.19477
-0.981507
-0.827426
-0.739563
-0.702336
-0.689717
-0.68838
-0.569919
-0.57253
-0.577896
-0.588336
-0.608883
-0.648181
-0.724326
-0.879031
-1.19098
-1.67975
-1.89738
-1.65629
-1.37316
-1.15765
-0.972873
-0.881305
-0.857239
-0.851816
-0.840599
-0.835317
-0.468333
-0.470201
-0.474099
-0.481708
-0.497071
-0.526445
-0.583044
-0.696801
-0.926195
-1.28396
-1.45321
-1.31405
-1.11408
-0.924459
-0.817468
-0.792217
-0.812984
-0.820594
-0.815147
-0.810716
-0.355822
-0.356741
-0.358785
-0.362921
-0.371658
-0.388541
-0.420818
-0.484617
-0.611878
-0.816016
-0.919663
-0.832609
-0.704478
-0.602321
-0.58515
-0.619862
-0.649719
-0.659603
-0.659109
-0.657638
-0.248188
-0.248302
-0.248829
-0.250108
-0.25326
-0.259603
-0.271718
-0.295073
-0.339882
-0.410176
-0.444389
-0.384754
-0.341336
-0.343766
-0.392992
-0.438452
-0.461584
-0.469168
-0.471712
-0.471556
-0.156957
-0.156595
-0.156241
-0.15588
-0.155687
-0.155608
-0.155626
-0.155851
-0.156018
-0.150695
-0.128477
-0.100961
-0.129702
-0.188116
-0.242677
-0.278331
-0.295139
-0.302802
-0.3059
-0.306562
-0.0871456
-0.0866192
-0.0859842
-0.0850896
-0.083617
-0.0809341
-0.0761109
-0.0676875
-0.0536614
-0.0318003
-0.0108434
-0.00654473
-0.0442466
-0.0962048
-0.137192
-0.162226
-0.173867
-0.179858
-0.18299
-0.183915
-0.0383035
-0.0378116
-0.0372425
-0.0364637
-0.034977
-0.0320125
-0.0266185
-0.017467
-0.00327758
0.0151486
0.0259458
0.0188169
-0.0099621
-0.0450301
-0.0720601
-0.0883144
-0.0965945
-0.100775
-0.103107
-0.103865
-0.00688663
-0.00651379
-0.00613669
-0.00570019
-0.00470808
-0.00246118
0.00178038
0.00883551
0.0190588
0.0304659
0.033519
0.0235901
0.00345067
-0.0183892
-0.0351408
-0.0454077
-0.0508171
-0.0536011
-0.0551377
-0.0556458
0.0115273
0.0117722
0.0119608
0.0120476
0.0124875
0.0138199
0.0165384
0.0210768
0.0273063
0.0331551
0.0321477
0.0230329
0.00934017
-0.00418856
-0.0144913
-0.0210033
-0.0245708
-0.026416
-0.0273844
-0.027698
0.0209563
0.0210992
0.0211449
0.0209878
0.0210036
0.0215796
0.0230215
0.025506
0.0287365
0.0310665
0.0285125
0.021179
0.0119588
0.00341267
-0.00306677
-0.00730203
-0.00972738
-0.0109789
-0.0115918
-0.0117843
0.0245152
0.0245886
0.0245437
0.0242517
0.0240163
0.024079
0.0246364
0.0257394
0.0270748
0.0274438
0.0245598
0.0189505
0.0127003
0.00715824
0.00295838
0.000126818
-0.00156034
-0.00242858
-0.00282578
-0.00294588
0.0243955
0.0244266
0.0243368
0.0240025
0.0236388
0.0234059
0.0234225
0.0236818
0.0239285
0.0233456
0.020683
0.0165133
0.0122265
0.00854088
0.00574379
0.00381039
0.00262079
0.0020083
0.00175576
0.00167546
0.0220477
0.022056
0.0219544
0.0216324
0.0212346
0.0208707
0.0206104
0.0204279
0.0201319
0.0191864
0.0169463
0.0139067
0.010947
0.00845623
0.00656085
0.00522506
0.00438407
0.00395468
0.00377889
0.00372654
0.0183854
0.0183835
0.0182897
0.0180089
0.0176374
0.0172506
0.0168911
0.0165325
0.0160418
0.0150764
0.0133199
0.0111607
0.0091343
0.00745278
0.00616827
0.00524811
0.00465832
0.00435934
0.00424208
0.00420797
0.0139589
0.0139538
0.0138779
0.0136527
0.0133405
0.0130013
0.0126592
0.0122935
0.011817
0.0110197
0.00975732
0.00830487
0.00697438
0.00587776
0.00503363
0.00441786
0.00401627
0.00381472
0.00373954
0.00371811
0.00908739
0.0090822
0.00902765
0.0088644
0.00863638
0.00839222
0.00814355
0.0078751
0.00753455
0.00700477
0.00622462
0.00536335
0.00458613
0.00394604
0.00344677
0.00307175
0.00281943
0.00269311
0.00264756
0.00263351
0.00395625
0.00395397
0.00395234
0.00390469
0.00379986
0.00368651
0.00357139
0.00345462
0.00332111
0.00313625
0.00285267
0.0024962
0.00215772
0.00186854
0.00163645
0.00145461
0.00131731
0.00123808
0.00121304
0.00119959
-1.2987
-0.711522
-0.357858
-0.109002
0.0842911
0.235183
0.360765
0.471279
0.587288
0.5727
-0.473463
-0.282433
-0.0888443
0.0737889
0.208599
0.319769
0.412043
0.481372
0.511171
0.517158
-0.14182
-0.0212759
0.104145
0.214304
0.308593
0.387556
0.450319
0.494771
0.523196
0.539607
0.078811
0.160324
0.246072
0.323662
0.390787
0.44707
0.492183
0.526984
0.553343
0.571427
0.239465
0.297235
0.358299
0.414962
0.464613
0.507023
0.542405
0.571429
0.594433
0.612497
0.365682
0.407743
0.45473
0.497937
0.53704
0.571422
0.601038
0.625922
0.645467
0.663241
0.470948
0.504329
0.543279
0.579384
0.612755
0.642809
0.669025
0.690984
0.707552
0.725156
0.565474
0.595969
0.63153
0.665054
0.696191
0.724304
0.74869
0.768631
0.782748
0.800284
0.658995
0.691369
0.727586
0.761459
0.792279
0.819567
0.842724
0.861046
0.873398
0.891107
0.764478
0.801323
0.839678
0.874603
0.905132
0.93123
0.952781
0.969485
0.981011
0.99924
0.894694
0.934978
0.972969
1.00627
1.03444
1.05821
1.078
1.09359
1.10558
1.12405
1.05607
1.09347
1.12501
1.15165
1.17462
1.19529
1.21398
1.2302
1.24438
1.26241
1.24037
1.26593
1.28605
1.30482
1.32277
1.33963
1.35544
1.37155
1.38883
1.40795
1.4265
1.43832
1.45188
1.46684
1.48068
1.4928
1.50369
1.5152
1.52957
1.54817
1.60994
1.62452
1.62971
1.63025
1.6321
1.63952
1.6535
1.67152
1.68416
1.69768
1.88248
1.82816
1.78098
1.74952
1.7365
1.74111
1.76436
1.8091
1.87648
1.97199
0.31386
0.309181
0.301793
0.289912
0.276941
0.265481
0.256361
0.249545
0.244997
0.242972
0.244026
0.247838
0.253861
0.262056
0.272529
0.285057
0.298068
0.307919
0.313874
0.317259
0.235845
0.24294
0.248938
0.253171
0.254474
0.252733
0.249143
0.245262
0.242178
0.240717
0.24162
0.244487
0.248445
0.252617
0.255686
0.256123
0.253347
0.248153
0.241273
0.235396
0.22666
0.229677
0.232959
0.235484
0.237528
0.239011
0.239377
0.238631
0.237497
0.236899
0.23756
0.239087
0.240554
0.241101
0.240331
0.238652
0.236512
0.233653
0.230328
0.227984
0.220932
0.222401
0.224691
0.226998
0.228711
0.229968
0.230979
0.231644
0.231898
0.232072
0.232531
0.233008
0.233038
0.23252
0.231641
0.230372
0.228476
0.226121
0.224267
0.223185
0.215673
0.216512
0.218058
0.219964
0.221812
0.223334
0.224489
0.225432
0.22623
0.226864
0.227242
0.227271
0.226964
0.226345
0.225317
0.223821
0.222065
0.220353
0.219247
0.218599
0.21071
0.211282
0.212472
0.214047
0.215733
0.217395
0.218895
0.220141
0.221171
0.221995
0.22243
0.2224
0.221951
0.221075
0.219835
0.218405
0.216936
0.215621
0.214828
0.214387
0.206004
0.206427
0.207444
0.208893
0.210461
0.212099
0.213739
0.215234
0.216476
0.217441
0.218002
0.218005
0.217461
0.216485
0.215268
0.213976
0.212667
0.211532
0.210907
0.210596
0.201653
0.20197
0.202845
0.204183
0.205664
0.207159
0.208681
0.210252
0.211754
0.213006
0.213658
0.213623
0.213097
0.212305
0.211348
0.21024
0.209067
0.20809
0.207598
0.207377
0.197635
0.197863
0.198639
0.19991
0.201357
0.202863
0.204395
0.205898
0.207381
0.208749
0.209635
0.209895
0.209683
0.209087
0.208232
0.20723
0.206172
0.205307
0.204921
0.204781
0.194209
0.194356
0.195011
0.196183
0.197537
0.198974
0.200525
0.20218
0.203857
0.205442
0.20659
0.207065
0.206989
0.206548
0.205889
0.205094
0.2042
0.203494
0.203223
0.203151
0.191348
0.191438
0.191885
0.192773
0.193867
0.195084
0.196439
0.197984
0.199715
0.201541
0.203028
0.203901
0.204269
0.204294
0.204046
0.203622
0.203106
0.202711
0.202575
0.202534
0.188458
0.188529
0.188834
0.18948
0.190385
0.191518
0.192902
0.194571
0.196515
0.198666
0.200582
0.201848
0.202532
0.202814
0.20287
0.202798
0.202643
0.202525
0.202473
0.202434
0.184962
0.185034
0.185285
0.185784
0.186542
0.187573
0.188948
0.190724
0.192932
0.19552
0.19795
0.199711
0.200878
0.201584
0.202007
0.202274
0.202422
0.202483
0.202475
0.202434
0.180632
0.1807
0.18096
0.181461
0.182225
0.183335
0.184875
0.186915
0.189515
0.19266
0.195743
0.198085
0.199673
0.200803
0.201512
0.201999
0.202359
0.202509
0.202529
0.202489
0.175472
0.175527
0.175822
0.176427
0.177338
0.178645
0.180464
0.182909
0.186062
0.189943
0.193808
0.196818
0.198949
0.200422
0.201467
0.20219
0.202618
0.202808
0.202857
0.202823
0.169568
0.169625
0.169959
0.170695
0.171871
0.173424
0.175627
0.17859
0.182442
0.187232
0.192085
0.195923
0.1987
0.200656
0.201995
0.20291
0.203432
0.20369
0.20378
0.20375
0.162866
0.162926
0.163308
0.16418
0.165574
0.167616
0.170284
0.173907
0.178661
0.18461
0.190675
0.195515
0.199043
0.201537
0.203272
0.204401
0.205089
0.20545
0.205577
0.205545
0.155146
0.155215
0.155689
0.156731
0.158404
0.160848
0.164166
0.168669
0.174579
0.181988
0.189551
0.19562
0.200056
0.203204
0.205394
0.20684
0.207749
0.20824
0.208405
0.208366
0.146025
0.146123
0.146703
0.147973
0.149994
0.152962
0.157106
0.16275
0.170153
0.1794
0.188811
0.196353
0.201856
0.205804
0.208536
0.21038
0.211564
0.212207
0.212412
0.212362
0.134902
0.135037
0.135779
0.137359
0.139892
0.143622
0.148872
0.156006
0.165312
0.176859
0.188529
0.197835
0.204658
0.209507
0.212889
0.215195
0.216697
0.217507
0.217759
0.217697
0.121149
0.121345
0.122345
0.124389
0.127638
0.132424
0.139157
0.148249
0.160004
0.174414
0.18882
0.200235
0.208568
0.214506
0.21866
0.221512
0.22338
0.224389
0.224695
0.224616
0.103806
0.104106
0.105492
0.108216
0.112523
0.118828
0.127615
0.139329
0.154222
0.172151
0.189809
0.203685
0.213792
0.22101
0.226082
0.229585
0.231889
0.23313
0.233501
0.2334
0.0814232
0.0819078
0.0839132
0.0877094
0.093656
0.102229
0.113936
0.129167
0.148035
0.170215
0.191665
0.208363
0.220509
0.229221
0.235388
0.239682
0.24252
0.244035
0.244479
0.244354
0.0516751
0.0525274
0.055624
0.0612815
0.0699253
0.0819971
0.0978868
0.117798
0.141626
0.168821
0.194573
0.214424
0.228865
0.239298
0.246769
0.252036
0.255541
0.257395
0.257921
0.257763
0.0104119
0.0121248
0.017593
0.0268718
0.0402126
0.0577492
0.079545
0.105525
0.135334
0.168243
0.198713
0.221973
0.23892
0.251294
0.260306
0.266792
0.271172
0.273445
0.274048
0.273849
-0.0500671
-0.0449892
-0.0335668
-0.0171085
0.00428188
0.029948
0.0595947
0.0929846
0.129642
0.168773
0.204201
0.231001
0.250578
0.265041
0.275799
0.283735
0.289215
0.292056
0.292794
0.292533
-0.122603
-0.113378
-0.0924013
-0.0652047
-0.0338332
0.000917946
0.0390242
0.0803519
0.124497
0.170766
0.212299
0.243837
0.267206
0.284851
0.298337
0.308678
0.316072
0.319553
0.320396
0.320513
-0.195147
-0.179189
-0.149
-0.111826
-0.0710346
-0.0273228
0.0192173
0.0684827
0.120144
0.173611
0.221344
0.257677
0.284841
0.305686
0.321979
0.334733
0.343885
0.348366
0.350276
0.350563
-0.253233
-0.233879
-0.197983
-0.153518
-0.105095
-0.0536453
0.000538511
0.0572016
0.115942
0.176145
0.229527
0.270017
0.300267
0.323477
0.341621
0.355792
0.36612
0.371866
0.374289
0.374642
-0.300562
-0.279209
-0.239103
-0.189422
-0.135121
-0.077419
-0.0167519
0.04645
0.111597
0.177922
0.236305
0.28026
0.312855
0.337681
0.35697
0.372049
0.383164
0.389582
0.392193
0.392514
-0.33995
-0.317692
-0.27445
-0.220629
-0.161578
-0.0987408
-0.0326025
0.0362698
0.107112
0.178929
0.241739
0.288597
0.32298
0.348901
0.368851
0.384306
0.395684
0.402345
0.405009
0.405326
-0.374165
-0.351298
-0.305653
-0.248449
-0.185468
-0.118244
-0.047341
0.026536
0.102489
0.179319
0.246138
0.295572
0.331486
0.358248
0.378577
0.394121
0.405509
0.412196
0.414832
0.415175
-0.404725
-0.381456
-0.333884
-0.273872
-0.207557
-0.136509
-0.0613984
0.0169874
0.0976322
0.179137
0.249799
0.301704
0.339012
0.366472
0.387093
0.402699
0.414061
0.420839
0.423358
0.42366
-0.432787
-0.409215
-0.360018
-0.297619
-0.228424
-0.154026
-0.0751537
0.00734794
0.0923629
0.178342
0.252726
0.307047
0.345775
0.374005
0.394985
0.410726
0.422084
0.428887
0.431348
0.431487
-0.459209
-0.435249
-0.384717
-0.32022
-0.248478
-0.171107
-0.0888615
-0.00261
0.0864856
0.176748
0.254861
0.311774
0.352111
0.381257
0.402698
0.41863
0.430026
0.436813
0.439218
0.439266
-0.484406
-0.460077
-0.408317
-0.342007
-0.267991
-0.187985
-0.102712
-0.0130336
0.0798797
0.174336
0.256334
0.316035
0.358164
0.388402
0.410452
0.426689
0.438194
0.444936
0.447314
0.447334
-0.508721
-0.483979
-0.431184
-0.363222
-0.28717
-0.204806
-0.116799
-0.0239856
0.072529
0.171104
0.257049
0.319778
0.363975
0.395543
0.418392
0.435068
0.44676
0.453454
0.455766
0.455751
-0.53234
-0.507199
-0.453504
-0.383972
-0.306106
-0.221635
-0.131175
-0.0354906
0.0643758
0.166895
0.256886
0.32294
0.369545
0.40271
0.426559
0.44381
0.455759
0.462439
0.464633
0.464604
-0.555373
-0.529812
-0.475247
-0.404318
-0.324853
-0.238515
-0.14586
-0.0475936
0.0553458
0.161646
0.255754
0.325396
0.374765
0.409854
0.434933
0.452907
0.465182
0.47184
0.473882
0.473799
-0.577864
-0.551891
-0.496421
-0.424287
-0.343417
-0.255426
-0.160836
-0.0602834
0.0454531
0.155328
0.253524
0.326992
0.379491
0.416885
0.44347
0.462314
0.474943
0.481551
0.483413
0.48324
-0.599783
-0.57339
-0.517088
-0.44387
-0.361757
-0.272324
-0.176049
-0.0734852
0.0347448
0.147905
0.25008
0.327542
0.383551
0.423692
0.452126
0.471998
0.484979
0.491472
0.493101
0.492831
-0.621124
-0.594317
-0.537216
-0.463026
-0.379824
-0.289145
-0.191418
-0.0871247
0.0232771
0.139381
0.245338
0.326844
0.386687
0.430101
0.460873
0.481983
0.495225
0.501403
0.502721
0.502357
-0.641785
-0.614595
-0.556758
-0.481715
-0.397562
-0.305808
-0.206859
-0.101116
0.0111319
0.129798
0.239229
0.324709
0.3886
0.435831
0.469649
0.492418
0.505746
0.511205
0.512028
0.511585
-0.661814
-0.63417
-0.575689
-0.499875
-0.414898
-0.322241
-0.222278
-0.115343
-0.00158988
0.119235
0.231725
0.320983
0.388966
0.440463
0.478271
0.503642
0.517067
0.520956
0.52075
0.520265
-0.681067
-0.653046
-0.59396
-0.517457
-0.431777
-0.338366
-0.237588
-0.129715
-0.0147605
0.107801
0.22285
0.315552
0.387463
0.443388
0.486184
0.515868
0.530546
0.531982
0.528957
0.528011
-0.699657
-0.671204
-0.611523
-0.534407
-0.448127
-0.354099
-0.252669
-0.144093
-0.0282417
0.0956273
0.21268
0.30835
0.383857
0.44385
0.4922
0.528337
0.547579
0.548741
0.539917
0.521727
-0.717485
-0.688655
-0.628521
-0.550919
-0.464234
-0.369765
-0.267934
-0.158947
-0.0425718
0.0821376
0.200585
0.298658
0.377549
0.440828
0.494275
0.538513
0.56631
0.571532
0.557049
0.568644
-0.734675
-0.705353
-0.644921
-0.566935
-0.480057
-0.385311
-0.28337
-0.174238
-0.057736
0.067271
0.186446
0.285989
0.367982
0.433314
0.488057
0.537745
0.5685
0.574696
0.516784
0.493839
-0.751804
-0.721751
-0.660467
-0.582085
-0.495182
-0.400331
-0.298789
-0.189702
-0.073432
0.0512752
0.170396
0.270118
0.354697
0.42134
0.46945
0.51454
0.536992
0.508799
0.437447
0.391233
-0.770121
-0.739016
-0.674638
-0.595972
-0.509083
-0.414584
-0.313813
-0.205128
-0.0895172
0.0342483
0.15245
0.251103
0.336483
0.406218
0.448161
0.458812
0.450474
0.394496
0.31755
0.270523
-0.380007
-0.274867
-0.163563
-0.0452491
0.0756997
0.183528
0.270321
0.119785
-0.786035
-0.769895
-0.732637
-0.666141
-0.584136
-0.494306
-0.397195
-0.29335
-0.183246
-0.0667368
0.0520688
0.157819
0.241754
0.313251
0.364101
0.329508
0.185278
0.0930836
0.0210489
-0.804095
-0.791589
-0.748414
-0.680329
-0.598175
-0.508561
-0.412109
-0.309005
-0.200141
-0.0855874
0.030136
0.131555
0.210023
0.265501
0.266674
0.159664
0.00111659
-0.116414
-0.212594
-0.825228
-0.813113
-0.76722
-0.698099
-0.615934
-0.526359
-0.430032
-0.327552
-0.22001
-0.107632
0.00429759
0.100082
0.170983
0.209151
0.161892
-0.0106709
-0.195362
-0.347216
-0.484083
-0.846263
-0.834015
-0.786783
-0.716641
-0.634224
-0.544735
-0.448828
-0.347321
-0.241357
-0.131558
-0.0238501
0.0658484
0.128147
0.144261
0.049058
-0.178204
-0.403227
-0.605745
-0.812335
-0.866479
-0.854614
-0.806798
-0.735805
-0.653096
-0.563687
-0.468322
-0.367902
-0.263671
-0.15675
-0.05369
0.0293177
0.0821937
0.0638748
-0.0896008
-0.335338
-0.595601
-0.834345
-1.06333
-0.886674
-0.875352
-0.827433
-0.755931
-0.673003
-0.583648
-0.488757
-0.389356
-0.286896
-0.182949
-0.0847116
-0.00874653
0.0336079
-0.022206
-0.220269
-0.468906
-0.733774
-0.979888
-1.13089
-1.23584
-0.907891
-0.896891
-0.84893
-0.777257
-0.694289
-0.605073
-0.51072
-0.412442
-0.311965
-0.211359
-0.118441
-0.050234
-0.023291
-0.104651
-0.342478
-0.582744
-0.818864
-1.00616
-1.06179
-1.09448
-0.930081
-0.919393
-0.871532
-0.799845
-0.716968
-0.628053
-0.53439
-0.437465
-0.339294
-0.242522
-0.15552
-0.095806
-0.0850156
-0.203619
-0.452996
-0.681537
-0.87951
-1.00027
-1.03765
-1.03744
-0.953543
-0.942954
-0.89535
-0.823646
-0.740949
-0.652466
-0.559684
-0.464334
-0.368799
-0.276321
-0.19592
-0.145053
-0.156948
-0.316828
-0.554854
-0.770897
-0.939901
-0.998004
-1.0078
-1.01101
-0.97816
-0.967584
-0.920317
-0.848572
-0.766146
-0.67821
-0.586479
-0.492905
-0.40032
-0.312554
-0.239507
-0.197096
-0.239363
-0.428157
-0.650113
-0.854065
-0.980852
-1.00329
-0.999704
-0.999547
-1.00366
-0.993107
-0.94599
-0.874475
-0.792381
-0.705114
-0.614573
-0.522974
-0.433604
-0.350983
-0.285702
-0.252572
-0.320583
-0.539702
-0.741385
-0.916013
-0.989493
-0.995227
-0.993963
-0.992212
-1.02949
-1.01902
-0.972177
-0.901039
-0.819367
-0.732876
-0.643653
-0.554203
-0.468194
-0.39116
-0.333615
-0.312245
-0.397984
-0.647396
-0.841323
-0.936789
-0.98843
-0.987258
-0.988583
-0.988575
-1.05485
-1.04488
-0.99858
-0.92777
-0.846682
-0.761041
-0.673235
-0.586062
-0.503468
-0.432317
-0.382552
-0.37282
-0.479337
-0.745327
-0.980655
-0.990647
-0.975561
-0.998753
-0.997016
-0.996474
-1.07941
-1.0697
-1.02461
-0.954166
-0.873696
-0.789002
-0.702674
-0.617791
-0.538603
-0.473064
-0.431724
-0.430218
-0.572422
-0.829481
-1.17194
-1.3672
-1.24334
-1.14755
-1.10053
-1.08184
-1.10219
-1.09283
-1.04879
-0.979452
-0.899677
-0.815979
-0.731127
-0.64837
-0.572519
-0.51158
-0.479753
-0.484317
-0.664033
-0.906072
-1.22769
-1.72742
-1.45955
-1.3406
-1.31255
-1.28966
-1.12183
-1.11301
-1.0705
-1.00232
-0.923696
-0.841083
-0.757529
-0.676565
-0.603623
-0.546224
-0.523631
-0.534408
-0.729998
-0.904664
-0.740508
-0.465206
-0.918719
-1.3743
-1.38537
-1.38409
-1.13696
-1.12889
-1.08859
-1.02199
-0.94456
-0.863062
-0.780755
-0.701075
-0.629816
-0.575487
-0.55706
-0.577078
-0.798198
-0.960055
-0.771308
-0.768023
-1.1398
-1.40572
-1.40754
-1.40816
-1.14657
-1.13945
-1.10179
-1.0373
-0.961208
-0.880794
-0.79943
-0.720433
-0.649116
-0.595748
-0.576692
-0.616734
-0.945291
-1.55199
-2.36107
-2.9742
-3.23609
-2.93662
-2.44593
-2.12462
-1.14908
-1.14318
-1.10903
-1.04721
-0.972602
-0.893189
-0.812316
-0.733093
-0.660161
-0.602691
-0.580306
-0.626949
-1.05401
-1.9379
-3.07646
-3.70362
-3.94699
-3.7422
-3.3584
-2.99106
-1.14452
-1.13964
-1.10945
-1.05096
-0.977953
-0.899467
-0.818577
-0.737986
-0.661346
-0.595042
-0.556288
-0.568011
-0.863809
-1.41395
-2.05616
-2.52533
-2.51181
-2.22591
-1.87984
-1.63984
-1.13058
-1.12693
-1.10177
-1.04798
-0.977114
-0.899307
-0.817916
-0.735001
-0.652639
-0.573324
-0.496909
-0.445894
-0.396889
-0.396729
-0.228616
0.0459699
0.392696
0.737324
0.966633
1.07688
-1.1091
-1.1067
-1.08689
-1.03853
-0.970164
-0.892789
-0.810967
-0.725531
-0.636511
-0.54005
-0.438022
-0.321408
-0.124501
0.279749
0.878319
1.521
2.06648
2.42583
2.61564
2.68626
-1.08152
-1.0802
-1.06622
-1.02355
-0.957528
-0.88078
-0.799092
-0.712203
-0.618555
-0.513236
-0.393189
-0.255603
-0.116616
0.266543
0.926491
1.57346
2.0877
2.41179
2.57704
2.64379
-1.04898
-1.04847
-1.03989
-1.003
-0.93923
-0.863904
-0.783519
-0.698497
-0.605404
-0.497755
-0.371778
-0.249474
-0.134742
0.0929842
0.605686
1.09248
1.4764
1.73083
1.86943
1.93314
-1.00925
-1.0092
-1.0042
-0.973537
-0.913465
-0.840976
-0.765426
-0.686347
-0.598984
-0.49527
-0.371934
-0.25595
-0.171056
-0.0641116
0.257548
0.580092
0.840384
1.02071
1.12397
1.17112
-0.94495
-0.945409
-0.942186
-0.918854
-0.869174
-0.807414
-0.742734
-0.674842
-0.598877
-0.504464
-0.38205
-0.259711
-0.166004
-0.0845063
0.115573
0.329092
0.491305
0.606405
0.674712
0.709164
-0.857578
-0.857803
-0.854712
-0.839548
-0.80654
-0.76293
-0.71552
-0.664264
-0.60405
-0.523653
-0.408613
-0.282546
-0.170415
-0.0959201
0.029704
0.154647
0.253796
0.32205
0.359367
0.373808
-0.778695
-0.778299
-0.775169
-0.766449
-0.7481
-0.722393
-0.693225
-0.661072
-0.620705
-0.557023
-0.457632
-0.327088
-0.199331
-0.119499
-0.0692791
0.000706773
0.0666635
0.115672
0.142498
0.152777
-0.730812
-0.73012
-0.727773
-0.723675
-0.714732
-0.70258
-0.689678
-0.67803
-0.66507
-0.634957
-0.569255
-0.440722
-0.292782
-0.215045
-0.174945
-0.125419
-0.0749194
-0.0330311
-0.00663767
0.00233882
-0.713576
-0.713233
-0.712458
-0.711265
-0.709095
-0.707448
-0.71031
-0.723396
-0.752342
-0.795045
-0.804687
-0.688596
-0.502448
-0.392396
-0.345786
-0.279304
-0.211027
-0.155966
-0.124236
-0.11578
-0.709851
-0.710067
-0.711029
-0.713023
-0.717184
-0.726807
-0.748435
-0.794362
-0.887094
-1.04863
-1.20384
-1.10402
-0.840625
-0.663318
-0.579196
-0.474396
-0.366433
-0.283476
-0.236442
-0.229414
-0.701389
-0.702281
-0.705005
-0.710217
-0.720533
-0.741318
-0.782316
-0.864884
-1.03421
-1.34607
-1.68853
-1.61954
-1.25414
-0.969754
-0.826262
-0.666938
-0.52633
-0.424674
-0.376037
-0.371921
-0.671777
-0.673254
-0.677199
-0.684631
-0.699513
-0.728892
-0.780664
-0.892257
-1.11962
-1.54731
-2.01765
-1.97868
-1.55913
-1.236
-1.03506
-0.836495
-0.695507
-0.613096
-0.582214
-0.577486
-0.611222
-0.612954
-0.617057
-0.625016
-0.640539
-0.67076
-0.728376
-0.843054
-1.07944
-1.52438
-1.99595
-1.93944
-1.58346
-1.30457
-1.09176
-0.924974
-0.836363
-0.803535
-0.789252
-0.780296
-0.52087
-0.522425
-0.525758
-0.53233
-0.545345
-0.5707
-0.61906
-0.714576
-0.910208
-1.27886
-1.65601
-1.6251
-1.38363
-1.1668
-0.971905
-0.874631
-0.851054
-0.859757
-0.855113
-0.846592
-0.411886
-0.412988
-0.415015
-0.419166
-0.427634
-0.444376
-0.476256
-0.538546
-0.664582
-0.903222
-1.15306
-1.14941
-1.00003
-0.829722
-0.723813
-0.697147
-0.726666
-0.746653
-0.748255
-0.744239
-0.300177
-0.300761
-0.301493
-0.303242
-0.307144
-0.315176
-0.330575
-0.360185
-0.418727
-0.529102
-0.655263
-0.642474
-0.551447
-0.475075
-0.46429
-0.507193
-0.544273
-0.561152
-0.564934
-0.565147
-0.199852
-0.200029
-0.19984
-0.199962
-0.200654
-0.20244
-0.206065
-0.212997
-0.226199
-0.247992
-0.257031
-0.242414
-0.21044
-0.23
-0.283843
-0.336598
-0.365985
-0.377893
-0.383091
-0.384552
-0.119199
-0.119141
-0.118517
-0.117924
-0.117077
-0.115717
-0.113371
-0.109196
-0.101991
-0.0889815
-0.0665086
-0.0429621
-0.0530213
-0.106785
-0.162262
-0.201493
-0.222864
-0.232967
-0.23741
-0.239444
-0.0602412
-0.0600945
-0.0594118
-0.0587401
-0.0575921
-0.0553775
-0.0513055
-0.0440926
-0.0320686
-0.0136141
0.00729652
0.0148353
-0.00276008
-0.0452539
-0.0851459
-0.111906
-0.126491
-0.133384
-0.137096
-0.138938
-0.0206764
-0.0205296
-0.019976
-0.0195214
-0.0186656
-0.0167826
-0.0131134
-0.00665671
0.00361166
0.0178308
0.0302375
0.0288814
0.0117278
-0.0161273
-0.0413634
-0.0583604
-0.0677989
-0.0725454
-0.075114
-0.0764064
0.00368289
0.00379387
0.0041664
0.00434169
0.00476611
0.0059396
0.0084842
0.0130529
0.0200787
0.0288948
0.0344796
0.0295233
0.0157726
-0.00196738
-0.0174096
-0.0279676
-0.0340258
-0.0371596
-0.0388293
-0.0396433
0.0171526
0.0172232
0.0174318
0.0173998
0.0174394
0.0179486
0.019379
0.0220927
0.0261937
0.0308569
0.0324234
0.0268086
0.016695
0.00532833
-0.00422704
-0.0108686
-0.0148444
-0.0169615
-0.0180484
-0.0185492
0.0233187
0.0233573
0.0234493
0.023292
0.0230817
0.0231191
0.0237145
0.0250543
0.0270807
0.0290584
0.028586
0.0235406
0.0163114
0.00890348
0.00282734
-0.00147059
-0.0041551
-0.00562826
-0.00633085
-0.00665141
0.024816
0.0248335
0.0248547
0.0246434
0.0242954
0.0240566
0.0241153
0.0245615
0.0252974
0.0257519
0.0244089
0.0202726
0.0151344
0.0102047
0.00622559
0.00336652
0.0015172
0.000481342
-1.14423e-05
-0.000209638
0.0234391
0.0234444
0.0234292
0.0232086
0.0228208
0.0224512
0.0222154
0.0221502
0.0221589
0.0218363
0.0202658
0.017046
0.0134039
0.0100654
0.00739848
0.00545694
0.00416572
0.00342991
0.0030908
0.00296302
0.0203463
0.0203456
0.0203165
0.0201147
0.0197473
0.0193482
0.0189909
0.0186878
0.0183608
0.0177338
0.0162623
0.0138418
0.0112812
0.00900667
0.00720078
0.00587172
0.00496888
0.00444834
0.00421491
0.00413126
0.0162502
0.0162471
0.0162173
0.0160489
0.0157324
0.0153694
0.0150032
0.0146391
0.0142201
0.0135673
0.0123665
0.0106339
0.00888491
0.00736247
0.00615592
0.00525779
0.0046362
0.00427473
0.004117
0.0040637
0.0115726
0.011569
0.0115444
0.0114151
0.0111681
0.0108807
0.0105807
0.0102703
0.00991046
0.00939241
0.00854243
0.00740956
0.00630194
0.00534849
0.00459028
0.00401663
0.00360978
0.00337019
0.0032685
0.00323479
0.00655522
0.0065513
0.00653451
0.00644883
0.00628827
0.00610982
0.00592632
0.0057373
0.00552053
0.00521957
0.00475148
0.00415322
0.00357919
0.00308766
0.00269437
0.00238997
0.00216467
0.00202792
0.00197117
0.00195083
0.00395342
0.00395513
0.00393738
0.00385657
0.00374384
0.00362896
0.0035142
0.00339149
0.00323795
0.00300668
0.00267736
0.00232237
0.00200609
0.00174571
0.00154003
0.00138006
0.00126942
0.00122098
0.00120799
0.000377242
-0.994038
-0.602243
-0.329419
-0.107035
0.0729288
0.218064
0.336635
0.438385
0.509626
0.508757
-0.408198
-0.220094
-0.0582534
0.0850846
0.207608
0.310661
0.396013
0.461825
0.502854
0.520053
-0.0905943
0.0234377
0.129874
0.227785
0.313353
0.386221
0.445878
0.491356
0.524236
0.545368
0.117784
0.194163
0.269202
0.33902
0.400731
0.45363
0.497638
0.533038
0.56137
0.580517
0.271785
0.323532
0.381798
0.433154
0.479647
0.520379
0.555367
0.584747
0.609018
0.62521
0.394042
0.434019
0.478669
0.519458
0.556882
0.590713
0.620529
0.646013
0.666969
0.680302
0.497272
0.531987
0.568683
0.604459
0.637666
0.668125
0.695225
0.718302
0.736722
0.74768
0.592397
0.62533
0.660242
0.695112
0.727341
0.756678
0.78249
0.804035
0.820419
0.829767
0.689692
0.725588
0.76249
0.798898
0.831615
0.860473
0.885162
0.905236
0.919998
0.929005
0.80402
0.845088
0.884344
0.921576
0.9538
0.981164
1.00401
1.02236
1.03603
1.04628
0.948619
0.992127
1.0297
1.06309
1.0912
1.11514
1.13592
1.15342
1.16748
1.17979
1.12682
1.16393
1.19238
1.21652
1.2377
1.25718
1.2755
1.29267
1.30891
1.32431
1.32445
1.34393
1.35982
1.37613
1.39283
1.40833
1.42202
1.43521
1.45076
1.46868
1.51385
1.52156
1.53343
1.54515
1.55506
1.56427
1.57462
1.58601
1.59738
1.6047
1.7327
1.73098
1.72291
1.70593
1.69458
1.69405
1.70624
1.7311
1.76481
1.79242
2.14125
1.95442
1.85288
1.79557
1.76659
1.75994
1.77524
1.81589
1.89166
2.03796
-0.757042
-0.758482
-0.719441
-0.650902
-0.568917
-0.478251
0.35171
0.421724
0.420799
0.351223
0.282646
0.20849
-0.0537255
-0.309161
-0.6253
-1.05445
-1.5404
)
;

boundaryField
{
    wall-4
    {
        type            zeroGradient;
    }
    pressure-outlet-7
    {
        type            fixedValue;
        value           uniform 0;
    }
    velocity-inlet-6
    {
        type            zeroGradient;
    }
    velocity-inlet-5
    {
        type            zeroGradient;
    }
    frontAndBackPlanes
    {
        type            empty;
    }
}


// ************************************************************************* //
