/*--------------------------------*- C++ -*----------------------------------*\
| =========                 |                                                 |
| \\      /  F ield         | OpenFOAM: The Open Source CFD Toolbox           |
|  \\    /   O peration     | Version:  v2012                                 |
|   \\  /    A nd           | Website:  www.openfoam.com                      |
|    \\/     M anipulation  |                                                 |
\*---------------------------------------------------------------------------*/
FoamFile
{
    version     2.0;
    format      ascii;
    class       volScalarField;
    location    "4";
    object      p;
}
// * * * * * * * * * * * * * * * * * * * * * * * * * * * * * * * * * * * * * //

dimensions      [0 2 -2 0 0 0 0];


internalField   nonuniform List<scalar> 
8800
(
0.658416
0.61114
0.573782
0.546281
0.526767
0.513104
0.503444
0.496742
0.492423
0.490474
0.491343
0.49478
0.500433
0.508634
0.520207
0.536563
0.559834
0.592236
0.633701
0.690492
0.489707
0.497528
0.50782
0.512621
0.512358
0.508413
0.502967
0.497606
0.493101
0.490108
0.489555
0.491819
0.495898
0.501063
0.506684
0.511699
0.514065
0.511989
0.504251
0.4937
0.470992
0.477247
0.482195
0.485847
0.488165
0.489006
0.48834
0.486759
0.48515
0.484384
0.484871
0.486431
0.488383
0.489825
0.489924
0.488364
0.485427
0.481076
0.475692
0.472238
0.47521
0.477073
0.479714
0.481974
0.483601
0.484229
0.484124
0.483503
0.48274
0.482324
0.482752
0.483752
0.484734
0.485285
0.485163
0.484147
0.482248
0.479751
0.477364
0.476594
0.473307
0.47355
0.474069
0.47474
0.475494
0.47629
0.476871
0.477123
0.477132
0.47715
0.477502
0.477942
0.478128
0.477923
0.477339
0.476633
0.47598
0.475391
0.475045
0.474946
0.469542
0.469731
0.470098
0.47054
0.470999
0.47143
0.471784
0.47203
0.472178
0.47237
0.472704
0.473063
0.473249
0.473189
0.472973
0.472638
0.472254
0.47188
0.471614
0.47153
0.465293
0.465358
0.465489
0.465697
0.465974
0.466306
0.466661
0.467009
0.467345
0.467713
0.46809
0.468364
0.468481
0.468447
0.4683
0.468115
0.467937
0.467791
0.467701
0.467666
0.460435
0.460488
0.460583
0.460724
0.460917
0.461166
0.461471
0.461827
0.462234
0.462703
0.46317
0.463515
0.463702
0.463771
0.463761
0.463711
0.463647
0.463585
0.463541
0.46352
0.455438
0.455475
0.455551
0.455666
0.45583
0.456057
0.456361
0.456754
0.457246
0.45784
0.458434
0.458878
0.459156
0.459312
0.459382
0.459404
0.4594
0.459384
0.459367
0.459354
0.450293
0.450314
0.450374
0.450475
0.45063
0.45086
0.451186
0.451634
0.452225
0.452967
0.453723
0.454308
0.4547
0.454952
0.455101
0.455182
0.455222
0.455236
0.455237
0.455229
0.444951
0.444971
0.445029
0.44513
0.445295
0.445549
0.445924
0.446457
0.447182
0.448113
0.449074
0.449829
0.450366
0.450721
0.450946
0.451081
0.451157
0.451195
0.451208
0.451203
0.439399
0.439415
0.439477
0.439592
0.439783
0.440084
0.440536
0.441189
0.44209
0.443264
0.444491
0.445474
0.446169
0.446641
0.446947
0.447137
0.447249
0.447309
0.447333
0.447329
0.433589
0.433606
0.433679
0.433816
0.434048
0.434417
0.434977
0.435793
0.436927
0.438415
0.439976
0.441232
0.442131
0.442747
0.44315
0.443402
0.443553
0.443634
0.443669
0.443665
0.427459
0.427479
0.427569
0.42774
0.42803
0.428493
0.429199
0.43023
0.431667
0.433556
0.435543
0.437144
0.438294
0.439082
0.439601
0.439929
0.440125
0.440233
0.44028
0.440276
0.420926
0.420951
0.421065
0.421281
0.421649
0.422238
0.423136
0.424449
0.426279
0.428683
0.43121
0.433246
0.434709
0.435714
0.436375
0.436793
0.437043
0.437182
0.437243
0.437238
0.413878
0.41391
0.414056
0.414334
0.414806
0.415561
0.416712
0.418391
0.420729
0.423792
0.427004
0.429586
0.431441
0.432713
0.433552
0.434083
0.434401
0.434577
0.434654
0.434648
0.406163
0.406205
0.406394
0.406755
0.407366
0.40834
0.409822
0.41198
0.414972
0.418877
0.422955
0.426225
0.42857
0.430177
0.431235
0.431904
0.432306
0.432529
0.432626
0.432618
0.397581
0.397637
0.397886
0.398357
0.399152
0.400419
0.402339
0.405122
0.408961
0.413941
0.419113
0.423243
0.426198
0.428221
0.429553
0.430396
0.430901
0.431181
0.431303
0.431293
0.387861
0.387936
0.388266
0.388888
0.389936
0.391595
0.394097
0.3977
0.402636
0.408988
0.415535
0.420739
0.424455
0.426996
0.428668
0.429725
0.430359
0.430709
0.430862
0.430849
0.376625
0.376731
0.377176
0.378009
0.379403
0.381598
0.384884
0.389576
0.395935
0.404029
0.412295
0.418828
0.423484
0.426669
0.428766
0.430092
0.430888
0.431328
0.431519
0.431503
0.363345
0.363498
0.364109
0.365247
0.367134
0.370079
0.37444
0.380587
0.388798
0.399096
0.409487
0.417652
0.423464
0.427446
0.430075
0.431741
0.432743
0.433298
0.433538
0.433517
0.347253
0.347482
0.348346
0.349939
0.352555
0.356581
0.362449
0.370564
0.381185
0.39424
0.40722
0.417359
0.424588
0.429562
0.432864
0.434968
0.436239
0.436943
0.437247
0.437221
0.32719
0.327545
0.328812
0.331136
0.334891
0.340544
0.348575
0.359375
0.373106
0.389554
0.405623
0.418107
0.427045
0.433256
0.437429
0.440117
0.441753
0.442663
0.443056
0.443026
0.301274
0.301842
0.303835
0.307459
0.313137
0.321354
0.332553
0.347004
0.364682
0.385192
0.404829
0.420016
0.430983
0.438735
0.444059
0.447571
0.44975
0.45097
0.451492
0.451459
0.266021
0.267038
0.270706
0.276996
0.286152
0.29851
0.314336
0.333647
0.35617
0.381355
0.404949
0.423137
0.436435
0.446076
0.45294
0.457677
0.460762
0.462561
0.463337
0.4633
0.214183
0.217267
0.225649
0.237725
0.253131
0.271983
0.294273
0.319729
0.347898
0.378197
0.40596
0.427313
0.443166
0.455019
0.463874
0.470423
0.475134
0.478274
0.479881
0.479893
0.133272
0.148916
0.16866
0.191074
0.215894
0.24343
0.273538
0.305892
0.340096
0.375714
0.407798
0.432545
0.45131
0.465867
0.477382
0.486634
0.494179
0.500265
0.505121
0.5068
0.0481751
0.0804112
0.112273
0.145424
0.180074
0.216236
0.253885
0.292859
0.332904
0.373831
0.410498
0.439039
0.461129
0.478804
0.493322
0.505549
0.516036
0.525071
0.534534
0.537008
-0.0100889
0.0247966
0.0644072
0.105802
0.14836
0.191986
0.236413
0.281337
0.326495
0.371806
0.411944
0.443101
0.467272
0.486642
0.502487
0.515641
0.526678
0.536031
0.544222
0.546585
-0.0514353
-0.0143376
0.0291246
0.0751463
0.122956
0.171965
0.221557
0.271163
0.320321
0.368904
0.411402
0.444125
0.469331
0.489342
0.505519
0.518761
0.529718
0.538923
0.546849
0.549259
-0.0807525
-0.0430074
0.00291212
0.0520381
0.103401
0.156258
0.209734
0.262896
0.314985
0.365721
0.409501
0.442897
0.468456
0.488615
0.504798
0.517952
0.528762
0.537746
0.545287
0.54766
-0.103534
-0.0650316
-0.0174105
0.0340728
0.0882346
0.144118
0.200549
0.256306
0.310329
0.362155
0.40627
0.439691
0.465199
0.485267
0.501324
0.514325
0.52495
0.533746
0.541005
0.543363
-0.121763
-0.0824389
-0.0333355
0.0200367
0.0764275
0.134712
0.193471
0.25113
0.30628
0.358258
0.401866
0.4348
0.460002
0.479882
0.495794
0.508645
0.519144
0.527773
0.53479
0.537147
-0.136759
-0.0966351
-0.0461321
0.00893714
0.0672751
0.127588
0.188221
0.247241
0.302823
0.354079
0.396371
0.428367
0.453135
0.47285
0.488692
0.501487
0.511904
0.520447
0.527303
0.529678
-0.149389
-0.108431
-0.056661
1.91128e-05
0.0601371
0.122276
0.184514
0.244512
0.299966
0.349648
0.389776
0.420405
0.444704
0.464411
0.48038
0.493286
0.503746
0.512273
0.519012
0.521398
-0.160526
-0.118564
-0.0655075
-0.00725234
0.0545635
0.118425
0.182123
0.242867
0.297729
0.345014
0.382011
0.4108
0.434678
0.454694
0.471145
0.48445
0.495151
0.503785
0.510501
0.512935
-0.170438
-0.127444
-0.0731581
-0.0133553
0.0501621
0.115742
0.180869
0.24225
0.296184
0.340248
0.372969
0.399287
0.422868
0.443723
0.461249
0.475429
0.486707
0.495651
0.502447
0.504958
-0.179681
-0.135769
-0.0799957
-0.0186374
0.046626
0.113959
0.180575
0.242615
0.295429
0.335463
0.362508
0.38546
0.408882
0.431383
0.450909
0.466724
0.479092
0.488647
0.495721
0.498373
-0.188432
-0.143553
-0.0863426
-0.0233798
0.0436761
0.112853
0.181088
0.243921
0.29558
0.330861
0.350505
0.368749
0.39208
0.417376
0.440297
0.458906
0.473184
0.483823
0.491401
0.494237
-0.19711
-0.151062
-0.092434
-0.0278261
0.0410838
0.11221
0.182229
0.246102
0.296755
0.326707
0.336907
0.348417
0.371468
0.401133
0.429529
0.452585
0.470091
0.482462
0.490892
0.493997
-0.20587
-0.158521
-0.0984635
-0.0321655
0.0386472
0.111836
0.183837
0.249067
0.299056
0.323351
0.321782
0.323624
0.345635
0.381736
0.418703
0.448921
0.470982
0.486164
0.495958
0.499484
-0.214919
-0.166103
-0.104576
-0.0365591
0.0362109
0.111557
0.185754
0.252698
0.302534
0.321174
0.305376
0.293437
0.312779
0.357772
0.407638
0.448299
0.477527
0.496771
0.508769
0.512983
-0.22412
-0.173895
-0.110852
-0.0411113
0.0336382
0.111205
0.187788
0.256854
0.307197
0.320606
0.288183
0.256924
0.270265
0.327249
0.395663
0.451713
0.491586
0.517032
0.531773
0.536641
-0.233511
-0.181938
-0.117355
-0.0458851
0.0308347
0.110651
0.189771
0.261365
0.312994
0.322032
0.270987
0.212347
0.215171
0.286647
0.380242
0.459916
0.515484
0.549399
0.567244
0.571617
-0.243285
-0.19021
-0.124091
-0.0509157
0.0277433
0.109808
0.191548
0.266004
0.319785
0.325782
0.254829
0.159732
0.141741
0.230588
0.361562
0.474975
0.552441
0.596911
0.616467
0.618608
-0.253215
-0.198709
-0.131015
-0.0561831
0.0243207
0.108603
0.193021
0.270588
0.327345
0.332061
0.240929
0.098767
0.0428833
0.15047
0.336276
0.500042
0.607372
0.665182
0.682491
0.671745
-0.263539
-0.207412
-0.138071
-0.0616908
0.0205418
0.106998
0.194099
0.275023
0.335534
0.341041
0.230451
0.0280082
-0.0961579
0.0289475
0.299179
0.530335
0.672106
0.747492
0.769692
0.751264
-0.274123
-0.216216
-0.145211
-0.0675282
0.0162862
0.104885
0.194672
0.279222
0.344403
0.353288
0.224989
-0.057218
-0.313869
-0.181735
0.235185
0.554413
0.730643
0.786842
0.784546
0.729955
-0.284583
-0.224703
-0.15221
-0.0736233
0.0116805
0.102351
0.194644
0.283014
0.353548
0.36856
0.228091
-0.155858
-0.675292
-0.625242
0.0504081
0.51721
0.723011
0.731683
0.610771
0.524426
-0.29426
-0.232044
-0.158519
-0.0793955
0.00733392
0.0998087
0.194195
0.286415
0.36273
0.386605
0.242384
-0.265057
-1.20493
-1.32636
-0.322593
0.313195
0.496336
0.467606
0.349221
0.27276
-0.367141
-0.236179
-0.165309
-0.0855991
0.00217023
0.0961812
0.193394
0.289219
0.372061
0.408291
0.274665
-0.321235
-1.67936
-2.06793
-0.877598
-0.174928
0.0133743
0.0615334
-0.00118095
-0.0360751
-0.261642
-0.241766
-0.176285
-0.0955364
-0.006248
0.0901555
0.190241
0.291027
0.382594
0.436434
0.337737
-0.309322
-1.98883
-2.35715
-1.37961
-0.898292
-0.646587
-0.535251
-0.541597
-0.386636
-0.304412
-0.254571
-0.186092
-0.104772
-0.0141948
0.0837276
0.186478
0.29066
0.388683
0.457301
0.395317
-0.173703
-1.56832
-1.91872
-1.42174
-1.10561
-0.978034
-0.908467
-0.933897
-0.74606
-0.329626
-0.272775
-0.199681
-0.116483
-0.0242562
0.0754796
0.180671
0.28811
0.39163
0.472734
0.446044
0.0182785
-0.978006
-1.33149
-1.21457
-1.17713
-1.2115
-1.24582
-1.34122
-1.16314
-0.35469
-0.291974
-0.214774
-0.128995
-0.034792
0.0668239
0.174215
0.284458
0.392361
0.484421
0.49138
0.210163
-0.446228
-0.816491
-0.991039
-1.18075
-1.39762
-1.58604
-1.80081
-1.70566
-0.378243
-0.311629
-0.231113
-0.142729
-0.0463857
0.057186
0.166557
0.279127
0.391263
0.492196
0.52518
0.360277
-0.0674708
-0.44994
-0.79861
-1.18108
-1.55973
-1.87341
-2.27673
-2.59279
-0.401109
-0.332188
-0.249012
-0.158149
-0.0595572
0.0459843
0.157205
0.272257
0.387398
0.493159
0.545849
0.45677
0.159073
-0.231153
-0.666505
-1.16593
-1.69816
-2.10198
-2.27241
-2.6022
-0.424597
-0.354061
-0.268717
-0.175517
-0.0747527
0.0327204
0.145896
0.262769
0.38002
0.49051
0.556186
0.51114
0.291613
-0.0808667
-0.545169
-1.11931
-1.7774
-2.21704
-2.20694
-2.25562
-0.44912
-0.377479
-0.290308
-0.194928
-0.0921554
0.0172754
0.132228
0.250937
0.370192
0.482451
0.554159
0.53374
0.362483
0.0262309
-0.429958
-1.04392
-1.82917
-2.47568
-2.42548
-2.37496
-0.475563
-0.402705
-0.313865
-0.216482
-0.11173
-0.000356375
0.116311
0.236162
0.356315
0.470162
0.545669
0.540997
0.407229
0.132204
-0.27954
-0.895665
-1.69515
-2.46325
-2.50883
-2.35268
-0.504295
-0.430141
-0.339555
-0.24025
-0.133625
-0.0205465
0.0975981
0.218957
0.34079
0.455556
0.533292
0.540989
0.445203
0.245291
-0.0615507
-0.529921
-1.08182
-1.50162
-1.56337
-1.45835
-0.535321
-0.459786
-0.3675
-0.266355
-0.157757
-0.0426768
0.0772308
0.199837
0.32237
0.438174
0.520896
0.544121
0.492839
0.371626
0.202169
-0.0161742
-0.216811
-0.320212
-0.327634
-0.300514
-0.568422
-0.491683
-0.397562
-0.294401
-0.183809
-0.0670055
0.0543514
0.178357
0.301928
0.420206
0.510136
0.552414
0.544361
0.498995
0.443311
0.387288
0.361609
0.378616
0.41613
0.430859
-0.603927
-0.525871
-0.429842
-0.32468
-0.212041
-0.0931977
0.0300051
0.155464
0.280293
0.402339
0.500578
0.561443
0.589836
0.597824
0.605151
0.622196
0.658461
0.708769
0.749111
0.760126
-0.641618
-0.562008
-0.463703
-0.356264
-0.241385
-0.120553
0.00436643
0.131447
0.258732
0.385306
0.492606
0.569638
0.623993
0.666148
0.707303
0.752547
0.803201
0.852917
0.88725
0.89592
-0.680916
-0.599456
-0.498812
-0.388937
-0.271722
-0.148807
-0.0217807
0.107571
0.238312
0.369847
0.486303
0.576565
0.647198
0.707126
0.761689
0.813218
0.861704
0.904111
0.933585
0.941781
-0.720599
-0.637472
-0.534158
-0.42165
-0.301961
-0.176754
-0.0472409
0.0848671
0.219277
0.356004
0.479976
0.580116
0.661109
0.729599
0.788572
0.840021
0.884423
0.92129
0.947793
0.955821
-0.759291
-0.673877
-0.568223
-0.453011
-0.330795
-0.203094
-0.0709545
0.0640584
0.201896
0.343186
0.474752
0.581456
0.668236
0.740209
0.800503
0.850975
0.892986
0.927301
0.951381
0.959567
-0.794003
-0.706855
-0.59899
-0.481156
-0.356501
-0.226404
-0.0919452
0.0456087
0.18637
0.332089
0.468057
0.579405
0.669091
0.742494
0.802841
0.852452
0.89304
0.926107
0.949257
0.957374
-0.821219
-0.733441
-0.623666
-0.503727
-0.377195
-0.245346
-0.109344
0.0298867
0.172691
0.321074
0.459523
0.573317
0.663922
0.737553
0.797495
0.846278
0.885932
0.917988
0.940415
0.948542
-0.836508
-0.750226
-0.639287
-0.518343
-0.390939
-0.258504
-0.122259
0.0172233
0.160517
0.30965
0.448666
0.562786
0.652994
0.725944
0.785068
0.83303
0.871955
0.90338
0.925445
0.933587
-0.837505
-0.752681
-0.642221
-0.521941
-0.395513
-0.264432
-0.129804
0.00803063
0.14971
0.297083
0.434458
0.546802
0.635552
0.70709
0.765075
0.812161
0.850444
0.881371
0.903166
0.911432
-0.816981
-0.73613
-0.628524
-0.511041
-0.388046
-0.261029
-0.130732
0.00272791
0.139988
0.282675
0.415958
0.52427
0.610138
0.679465
0.735873
0.781879
0.819451
0.849888
0.871636
0.880164
-0.7683
-0.693594
-0.592581
-0.481299
-0.365548
-0.246201
-0.123734
0.00189872
0.131424
0.266478
0.392168
0.493995
0.574992
0.640717
0.694617
0.73895
0.775428
0.805291
0.827364
0.836028
-0.68298
-0.617873
-0.527606
-0.428626
-0.325223
-0.218346
-0.107945
0.00608997
0.12433
0.247961
0.362638
0.45503
0.528322
0.587875
0.637116
0.678046
0.71187
0.739628
0.761803
0.770489
-0.554727
-0.505547
-0.431346
-0.350605
-0.265955
-0.176711
-0.0828955
0.0156054
0.11898
0.22764
0.327956
0.407643
0.469718
0.51918
0.55943
0.592874
0.620357
0.641845
0.657405
0.66339
-0.359755
-0.337495
-0.296425
-0.246376
-0.188387
-0.122952
-0.0501579
0.0298121
0.116702
0.210137
0.297215
0.366027
0.418648
0.459246
0.490471
0.514208
0.532758
0.548136
0.560305
0.564405
-0.178865
-0.173189
-0.158713
-0.136229
-0.104791
-0.0636326
-0.012506
0.0483895
0.118446
0.196634
0.270709
0.329045
0.372736
0.405197
0.429169
0.44668
0.458768
0.466134
0.470031
0.471217
-0.0670621
-0.0661967
-0.0614599
-0.0514211
-0.0348997
-0.0102227
0.0239538
0.0683218
0.122746
0.186217
0.24779
0.296293
0.331965
0.357617
0.375365
0.38696
0.394121
0.398303
0.400263
0.400572
-0.00456552
-0.0047972
-0.00324018
0.00200161
0.0122268
0.0286707
0.0526139
0.0852082
0.127033
0.177596
0.22763
0.267107
0.295744
0.31582
0.329416
0.338274
0.343643
0.346457
0.34754
0.347726
0.0332232
0.033381
0.0346296
0.0380255
0.044669
0.0558969
0.0730783
0.0973942
0.129592
0.169551
0.209758
0.24159
0.26455
0.280502
0.291131
0.297847
0.301814
0.303938
0.304864
0.305063
0.0584022
0.0586365
0.0596748
0.062221
0.0670599
0.0751796
0.0877511
0.105965
0.13071
0.162099
0.194119
0.219567
0.237849
0.250425
0.258722
0.263952
0.267052
0.268715
0.269444
0.269602
0.0749783
0.0752216
0.0760894
0.0780405
0.0816607
0.0877254
0.0971746
0.111018
0.130104
0.154682
0.180038
0.200269
0.214781
0.224736
0.231286
0.2354
0.237834
0.239145
0.239726
0.239851
0.0856765
0.0858939
0.0866025
0.0881244
0.0908926
0.0954959
0.102679
0.113279
0.128038
0.147261
0.167266
0.183283
0.194774
0.202642
0.207805
0.211045
0.212961
0.213995
0.214455
0.214553
0.0920078
0.0921861
0.0927476
0.0939306
0.0960633
0.0995985
0.105113
0.113277
0.124724
0.139749
0.155487
0.168133
0.177209
0.18342
0.187495
0.19005
0.191561
0.192376
0.192736
0.192811
0.095029
0.095172
0.0956134
0.0965335
0.0981836
0.100911
0.105167
0.111485
0.12038
0.132123
0.144489
0.154449
0.161605
0.166503
0.169713
0.171725
0.172913
0.173553
0.173835
0.173894
0.0955149
0.0956282
0.0959741
0.0966904
0.0979704
0.100084
0.103383
0.108287
0.11521
0.124387
0.134087
0.141919
0.147552
0.151409
0.153937
0.15552
0.156452
0.156954
0.157174
0.157219
0.0940507
0.0941398
0.0944099
0.094967
0.0959618
0.0976034
0.100166
0.103979
0.109375
0.116549
0.124154
0.130307
0.134735
0.137765
0.139749
0.140991
0.141725
0.142119
0.142291
0.142326
0.0910762
0.0911461
0.091357
0.0917914
0.0925652
0.0938414
0.0958352
0.0988059
0.103014
0.10862
0.114576
0.1194
0.122875
0.125256
0.126818
0.127795
0.128368
0.128675
0.128808
0.128834
0.0869333
0.0869878
0.087152
0.08749
0.0880927
0.0890868
0.0906397
0.0929534
0.0962351
0.100615
0.105276
0.109059
0.111786
0.113652
0.114874
0.115639
0.116089
0.11633
0.116435
0.116455
0.0818795
0.0819222
0.0820503
0.0823134
0.0827827
0.0835568
0.0847662
0.0865698
0.0891307
0.0925522
0.0961972
0.0991569
0.101291
0.102753
0.10371
0.104306
0.104657
0.104845
0.104926
0.104942
0.0761202
0.076153
0.0762523
0.076457
0.0768222
0.0774251
0.0783663
0.079771
0.0817671
0.0844351
0.0872816
0.0895935
0.0912597
0.0924015
0.0931508
0.0936202
0.0938953
0.0940414
0.0941038
0.0941157
0.0698088
0.0698346
0.0699121
0.0700715
0.0703553
0.0708236
0.0715564
0.0726503
0.0742042
0.0762822
0.0785024
0.0803064
0.0816064
0.0824977
0.083081
0.0834445
0.0836579
0.083771
0.0838191
0.0838284
0.063072
0.0630917
0.0631515
0.0632749
0.0634956
0.0638594
0.0644267
0.0652736
0.0664796
0.0680948
0.069819
0.0712214
0.0722351
0.0729297
0.0733822
0.073663
0.0738267
0.0739131
0.0739491
0.0739561
0.056003
0.0560182
0.0560641
0.0561587
0.056328
0.0566086
0.0570485
0.0577046
0.0586375
0.0598872
0.0612214
0.0623056
0.0630862
0.0636189
0.0639685
0.0641877
0.0643157
0.0643831
0.0644122
0.0644177
0.0486774
0.048689
0.0487243
0.0487969
0.0489267
0.0491409
0.0494774
0.049981
0.0506974
0.0516564
0.0526796
0.0535104
0.0541083
0.0545186
0.0547878
0.0549544
0.0550509
0.0551016
0.0551226
0.0551265
0.0411565
0.0411648
0.0411905
0.041245
0.0413436
0.0415059
0.0417599
0.0421405
0.0426819
0.0434076
0.0441842
0.0448169
0.0452728
0.0455839
0.0457847
0.0459082
0.0459802
0.0460186
0.046034
0.046037
0.0334847
0.0334913
0.0335113
0.0335519
0.0336233
0.0337442
0.0339344
0.0342175
0.0346194
0.0351575
0.0357314
0.0361972
0.0365319
0.0367578
0.0369037
0.0369954
0.0370491
0.0370782
0.0370914
0.0370939
0.0257024
0.0257074
0.0257216
0.025752
0.0258052
0.0258927
0.0260283
0.0262295
0.0265156
0.0268978
0.0273048
0.0276342
0.0278715
0.0280322
0.0281359
0.0281988
0.0282343
0.0282516
0.0282563
0.0282561
0.0178408
0.0178451
0.0178564
0.0178775
0.0179139
0.0179727
0.018061
0.0181919
0.0183779
0.0186268
0.0188933
0.0191089
0.0192641
0.0193704
0.0194387
0.0194792
0.0195001
0.0195079
0.0195087
0.0195083
0.00992785
0.00993117
0.00993893
0.00995222
0.00997289
0.0100034
0.0100513
0.0101212
0.0102201
0.0103523
0.0104938
0.0106067
0.0106851
0.0107399
0.0107756
0.0107942
0.0108003
0.010799
0.0107963
0.0107995
0.00198737
0.00198526
0.00198378
0.00198379
0.00198789
0.00199467
0.00200346
0.00201546
0.00203243
0.00205595
0.00208465
0.00210982
0.0021322
0.00214387
0.00215167
0.00215613
0.00216
0.00216462
0.00216794
0.00216865
-1.34614
-0.995622
-0.631878
-0.320854
-0.0443677
0.201718
0.411561
0.584324
0.687282
0.654851
-0.666803
-0.442551
-0.209156
-0.0001783
0.187244
0.348958
0.480454
0.574986
0.622064
0.620709
-0.223894
-0.0785811
0.072137
0.208848
0.330316
0.432969
0.512542
0.566984
0.597423
0.605318
0.0640429
0.159401
0.257451
0.347152
0.424693
0.489146
0.539296
0.574524
0.596458
0.606084
0.257898
0.321102
0.385522
0.443236
0.493048
0.534899
0.56815
0.593065
0.609253
0.616385
0.395138
0.435235
0.476166
0.515505
0.550579
0.580812
0.605097
0.621248
0.630927
0.635618
0.49502
0.522159
0.553725
0.584678
0.612197
0.634549
0.651402
0.66154
0.667254
0.672618
0.568553
0.592546
0.621113
0.646389
0.669556
0.690381
0.707586
0.720401
0.725782
0.734381
0.631245
0.659733
0.691433
0.722613
0.751809
0.776453
0.794762
0.806924
0.810527
0.823188
0.712846
0.75664
0.799637
0.83623
0.864994
0.887013
0.904002
0.915619
0.922293
0.93737
0.85309
0.895184
0.932862
0.962913
0.988003
1.00972
1.0277
1.04107
1.05145
1.06868
1.0251
1.05771
1.08478
1.10827
1.12837
1.14668
1.16369
1.17974
1.1951
1.2127
1.21398
1.23253
1.24815
1.26466
1.28105
1.2956
1.30851
1.32221
1.33891
1.35827
1.39634
1.40743
1.42002
1.43088
1.43993
1.44932
1.45996
1.47143
1.48134
1.49654
1.6068
1.60871
1.5938
1.57892
1.57266
1.57829
1.59693
1.6272
1.65912
1.68976
1.91314
1.77619
1.69967
1.65713
1.63971
1.6439
1.67101
1.72715
1.83081
2.04612
0.554136
0.551388
0.546773
0.538518
0.526985
0.515855
0.506587
0.49938
0.494169
0.490948
0.490407
0.492718
0.497185
0.503563
0.511879
0.522238
0.533895
0.54445
0.550138
0.554089
0.47256
0.478437
0.486837
0.492905
0.49668
0.497453
0.495737
0.492756
0.489728
0.487616
0.487255
0.488915
0.491833
0.495156
0.497811
0.498493
0.496259
0.491193
0.484183
0.475803
0.473161
0.47498
0.478934
0.482329
0.484487
0.485581
0.485722
0.485129
0.484055
0.483126
0.483029
0.483987
0.485346
0.486443
0.486819
0.48633
0.484754
0.482083
0.478218
0.475021
0.475068
0.475321
0.476295
0.477676
0.478982
0.480161
0.480933
0.481035
0.480781
0.480482
0.480554
0.481158
0.481818
0.482117
0.481838
0.480899
0.47976
0.478427
0.477194
0.476579
0.471365
0.471454
0.471774
0.472238
0.47273
0.473231
0.473687
0.474023
0.474152
0.47419
0.474396
0.474791
0.475095
0.475189
0.474978
0.474623
0.474209
0.473788
0.473414
0.473234
0.467547
0.467594
0.46776
0.468039
0.468395
0.468797
0.469196
0.469545
0.469832
0.4701
0.470432
0.470796
0.471013
0.47101
0.470863
0.470601
0.470303
0.470022
0.469804
0.469699
0.462889
0.462916
0.462988
0.463119
0.463308
0.463555
0.463853
0.464189
0.464546
0.464937
0.465368
0.465734
0.465957
0.466042
0.466017
0.465931
0.465826
0.465727
0.465648
0.465608
0.457952
0.457972
0.458037
0.458144
0.458294
0.458499
0.458767
0.459104
0.459513
0.460003
0.460548
0.461022
0.461334
0.461494
0.461557
0.461562
0.461537
0.461501
0.461466
0.461444
0.452887
0.452895
0.452943
0.453029
0.453158
0.453348
0.453614
0.453976
0.454452
0.455053
0.455742
0.456344
0.456765
0.457029
0.45718
0.457258
0.457292
0.4573
0.457296
0.457288
0.447649
0.447656
0.447693
0.447769
0.447894
0.44809
0.448379
0.448793
0.44936
0.450103
0.450972
0.451754
0.452306
0.452686
0.452925
0.453068
0.453149
0.453189
0.453205
0.453205
0.442203
0.442204
0.442244
0.442326
0.442465
0.442686
0.443024
0.443518
0.444211
0.445138
0.446238
0.447239
0.447975
0.448476
0.448807
0.449015
0.44914
0.449209
0.449241
0.449248
0.43653
0.43653
0.436574
0.436667
0.43683
0.437095
0.437505
0.438113
0.438977
0.440142
0.44154
0.442822
0.443768
0.444426
0.444864
0.445144
0.445315
0.445412
0.44546
0.445472
0.430568
0.430568
0.43062
0.430733
0.430933
0.431262
0.431774
0.432536
0.433625
0.435101
0.436876
0.438511
0.439721
0.440568
0.441136
0.441502
0.441726
0.441856
0.441921
0.441939
0.424249
0.424247
0.424312
0.424455
0.424707
0.425122
0.42577
0.426737
0.428119
0.429994
0.432253
0.434334
0.435876
0.436956
0.437682
0.438151
0.438439
0.438607
0.438692
0.438716
0.417475
0.417472
0.417555
0.417736
0.418059
0.418589
0.419416
0.420651
0.422415
0.424805
0.42768
0.430323
0.43228
0.433652
0.434575
0.435171
0.435538
0.435752
0.435861
0.435891
0.410115
0.410112
0.410219
0.410453
0.410869
0.411551
0.412614
0.4142
0.416458
0.41951
0.423168
0.426522
0.429
0.430737
0.431903
0.432657
0.433122
0.433392
0.43353
0.433568
0.401996
0.401992
0.402132
0.402437
0.402977
0.403862
0.405238
0.407282
0.410183
0.414085
0.418737
0.422986
0.426115
0.428305
0.429775
0.430725
0.431312
0.431652
0.431826
0.431874
0.392884
0.392881
0.393065
0.393467
0.394175
0.395331
0.397122
0.399771
0.403509
0.408503
0.414417
0.419788
0.423731
0.426486
0.428335
0.429528
0.430265
0.430692
0.43091
0.43097
0.382462
0.382459
0.382706
0.383243
0.384181
0.385708
0.388058
0.39151
0.396342
0.40274
0.410245
0.417016
0.42197
0.425427
0.427747
0.429244
0.430168
0.430703
0.430977
0.431051
0.370285
0.370286
0.370625
0.371353
0.372616
0.374656
0.377771
0.382304
0.388576
0.396775
0.406277
0.414778
0.420977
0.425301
0.428206
0.430084
0.431245
0.431918
0.432262
0.432355
0.355718
0.355727
0.356207
0.357222
0.358959
0.361733
0.365921
0.371929
0.380107
0.39061
0.402589
0.413203
0.420924
0.426319
0.429954
0.432312
0.433775
0.434626
0.435061
0.435178
0.337799
0.337828
0.338546
0.340015
0.342476
0.346344
0.352083
0.360142
0.370852
0.384276
0.39928
0.412429
0.421982
0.428693
0.43325
0.436229
0.438089
0.439179
0.439741
0.439894
0.314983
0.315071
0.316237
0.318484
0.322126
0.327712
0.335772
0.346726
0.360787
0.377857
0.396467
0.412582
0.424304
0.432621
0.438353
0.44216
0.444575
0.446017
0.446781
0.446997
0.284644
0.284928
0.287042
0.290739
0.296478
0.304935
0.316569
0.331603
0.350021
0.371512
0.394277
0.413746
0.427962
0.438213
0.445457
0.450422
0.45368
0.455705
0.456837
0.457186
0.241979
0.242872
0.247336
0.254154
0.263993
0.277419
0.294493
0.315089
0.338928
0.365529
0.392859
0.415946
0.432909
0.445407
0.454559
0.461149
0.465761
0.468865
0.470788
0.471415
0.178369
0.181134
0.192026
0.206231
0.224186
0.245729
0.270459
0.298071
0.328185
0.360312
0.392337
0.419081
0.438878
0.453813
0.465198
0.473904
0.480545
0.485611
0.489219
0.49005
0.098461
0.105867
0.127269
0.153804
0.182499
0.213335
0.246259
0.281127
0.317635
0.355454
0.392499
0.423457
0.446814
0.465036
0.479593
0.491428
0.501183
0.509406
0.515214
0.517596
0.020377
0.0363521
0.0690144
0.105602
0.143808
0.183369
0.224103
0.265811
0.308271
0.351291
0.392868
0.427519
0.453826
0.474618
0.491517
0.505493
0.517123
0.526826
0.53428
0.538381
-0.0289833
-0.0122948
0.0246312
0.067224
0.111979
0.158079
0.205028
0.252397
0.299795
0.346967
0.391879
0.42898
0.457046
0.479126
0.496906
0.511395
0.523247
0.532961
0.540301
0.544244
-0.0642264
-0.0471147
-0.00730721
0.0387666
0.0874699
0.137967
0.189457
0.241159
0.292368
0.342648
0.38983
0.428369
0.457282
0.479846
0.497865
0.512433
0.524259
0.533868
0.541215
0.54525
-0.0899681
-0.0729571
-0.0315624
0.0170084
0.0687182
0.122508
0.177408
0.232352
0.286315
0.338599
0.386932
0.425984
0.455104
0.477732
0.495714
0.510183
0.521882
0.531347
0.538662
0.542716
-0.110644
-0.0933204
-0.0504414
3.97904e-05
0.0540422
0.11045
0.168041
0.225454
0.28132
0.33467
0.383197
0.422031
0.450925
0.473383
0.491222
0.505548
0.51711
0.526444
0.533716
0.53779
-0.127431
-0.109763
-0.0655035
-0.0133447
0.0426134
0.101162
0.160929
0.220228
0.277329
0.330914
0.378729
0.416672
0.445031
0.467221
0.484911
0.499135
0.510613
0.519868
0.527083
0.531185
-0.141432
-0.123356
-0.0778208
-0.02413
0.033588
0.0940574
0.155677
0.21647
0.274266
0.327348
0.373548
0.409959
0.43755
0.459491
0.477158
0.491408
0.502902
0.512151
0.519369
0.523541
-0.153438
-0.13495
-0.0881442
-0.032983
0.0264165
0.0886473
0.151956
0.213997
0.272097
0.324009
0.367671
0.401833
0.428458
0.450302
0.46821
0.482736
0.494427
0.503782
0.511056
0.515286
-0.164138
-0.145136
-0.0970525
-0.0403982
0.0206145
0.0845803
0.149506
0.212682
0.270824
0.320977
0.361078
0.392138
0.417599
0.439637
0.458251
0.473471
0.485674
0.495341
0.50279
0.507166
-0.173899
-0.154242
-0.105034
-0.0468363
0.0158205
0.0815283
0.148094
0.212392
0.270472
0.318364
0.353788
0.380615
0.404628
0.427318
0.447379
0.463988
0.477209
0.487504
0.495283
0.499816
-0.183056
-0.16285
-0.112306
-0.0526289
0.0117234
0.0792355
0.147512
0.213043
0.271057
0.316348
0.345842
0.366917
0.388992
0.412975
0.435601
0.454658
0.469694
0.481129
0.48952
0.494368
-0.191912
-0.171133
-0.119235
-0.0580359
0.0080528
0.0774529
0.147582
0.214509
0.272632
0.315099
0.337391
0.350666
0.369897
0.395946
0.422775
0.445891
0.463969
0.477291
0.486704
0.492011
-0.200763
-0.179315
-0.126029
-0.063268
0.00460083
0.075962
0.148092
0.216662
0.27518
0.314876
0.328667
0.331459
0.346244
0.375178
0.408604
0.438144
0.46097
0.477318
0.488387
0.494379
-0.209667
-0.187498
-0.132849
-0.0684976
0.00119254
0.0745871
0.148859
0.219363
0.278698
0.315898
0.320074
0.308959
0.31656
0.349208
0.392465
0.431896
0.461924
0.482847
0.496466
0.503641
-0.218899
-0.195886
-0.139818
-0.0738475
-0.00231067
0.0731693
0.149709
0.222429
0.283107
0.318381
0.312144
0.282937
0.278832
0.315743
0.373059
0.427288
0.468089
0.49583
0.513113
0.521351
-0.228211
-0.204528
-0.147002
-0.0793921
-0.00600351
0.0715903
0.15049
0.225669
0.288261
0.32246
0.305545
0.253292
0.231425
0.272464
0.34875
0.424076
0.480922
0.518376
0.540657
0.550836
-0.237838
-0.213409
-0.154416
-0.0851781
-0.0099595
0.0697353
0.15107
0.228937
0.293982
0.328203
0.30099
0.220496
0.172223
0.213627
0.316338
0.422406
0.503328
0.554558
0.582504
0.593523
-0.24772
-0.222477
-0.162048
-0.0911928
-0.0141869
0.0675543
0.151325
0.232071
0.30009
0.335524
0.299236
0.185551
0.0967164
0.132244
0.272258
0.422425
0.536781
0.607189
0.641008
0.648007
-0.25793
-0.231836
-0.169849
-0.0973866
-0.0187115
0.0650031
0.151203
0.234895
0.306347
0.344281
0.300928
0.149742
0.000922423
0.016737
0.206442
0.426777
0.587151
0.678616
0.720344
0.712859
-0.268423
-0.241489
-0.177754
-0.103766
-0.0235953
0.0620166
0.150636
0.237387
0.312774
0.35472
0.307026
0.112448
-0.130678
-0.166143
0.103732
0.42342
0.636774
0.747903
0.797257
0.802265
-0.279072
-0.251369
-0.185532
-0.110296
-0.028874
0.0585393
0.149547
0.239353
0.319091
0.366564
0.318592
0.0765992
-0.318019
-0.492939
-0.118742
0.388373
0.665077
0.782039
0.75101
0.653133
-0.289203
-0.260878
-0.192858
-0.117069
-0.0345857
0.0544182
0.147785
0.240644
0.324971
0.379278
0.336527
0.0489341
-0.589611
-1.0912
-0.563354
0.21019
0.582166
0.649966
0.565566
0.43142
-0.302066
-0.268537
-0.19915
-0.124116
-0.0405645
0.0499334
0.144991
0.241186
0.33023
0.392176
0.360107
0.0369684
-0.911604
-1.91117
-1.1535
-0.167293
0.221776
0.28008
0.23173
0.127786
-0.259627
-0.23628
-0.172085
-0.0920744
-0.00374608
0.0912338
0.191381
0.288864
0.374281
0.414749
0.283938
-0.366433
-1.83598
-2.27804
-1.16937
-0.473896
-0.233393
-0.137348
-0.162079
-0.188926
-0.276873
-0.260016
-0.210837
-0.136478
-0.0518133
0.0407368
0.139185
0.23981
0.336047
0.41164
0.406219
0.0755215
-1.19094
-2.45751
-1.86158
-0.97565
-0.554433
-0.3935
-0.336283
-0.396271
-0.289701
-0.269029
-0.217091
-0.141737
-0.0564815
0.0371363
0.136509
0.239339
0.339498
0.422929
0.436238
0.155488
-1.00344
-2.26669
-1.78794
-1.18619
-0.906342
-0.763954
-0.71244
-0.760675
-0.311706
-0.289334
-0.22981
-0.152529
-0.0656613
0.0297029
0.13127
0.236934
0.34123
0.433437
0.469079
0.256415
-0.662806
-1.63013
-1.45842
-1.21759
-1.12299
-1.0942
-1.08609
-1.17772
-0.336538
-0.312137
-0.246093
-0.16577
-0.0769118
0.0202883
0.124029
0.232198
0.340407
0.440499
0.49585
0.356534
-0.278916
-0.968313
-1.07678
-1.13402
-1.23979
-1.36437
-1.46419
-1.66085
-0.360335
-0.334124
-0.263416
-0.180064
-0.0888487
0.0102671
0.115913
0.226308
0.337963
0.444154
0.515902
0.441577
0.041811
-0.455346
-0.746875
-1.03176
-1.33364
-1.62263
-1.86437
-2.39786
-0.383219
-0.356194
-0.281973
-0.195875
-0.102224
-0.00112119
0.106473
0.21903
0.333428
0.444079
0.52747
0.501966
0.258967
-0.139806
-0.522464
-0.949727
-1.41024
-1.83711
-2.16671
-2.81823
-0.406079
-0.378703
-0.301971
-0.213409
-0.117445
-0.0142614
0.09538
0.209778
0.326246
0.440417
0.532319
0.540026
0.386878
0.0483614
-0.366066
-0.869859
-1.43967
-2.00114
-2.2025
-2.23663
-0.43017
-0.402483
-0.323644
-0.23293
-0.134792
-0.0295166
0.0819098
0.198
0.316757
0.433513
0.529637
0.556515
0.451461
0.165179
-0.240115
-0.776691
-1.43099
-2.13763
-2.31594
-2.25741
-0.455729
-0.427611
-0.347129
-0.254452
-0.154279
-0.0470161
0.0663085
0.184226
0.304216
0.421788
0.520553
0.558082
0.481211
0.2476
-0.123842
-0.652222
-1.38322
-2.23962
-2.65814
-2.48379
-0.48331
-0.454748
-0.37265
-0.278106
-0.175944
-0.0667168
0.0482094
0.167312
0.288626
0.407927
0.508171
0.551381
0.498906
0.320535
0.0232654
-0.437136
-1.08895
-1.80506
-2.1775
-2.0551
-0.513265
-0.484153
-0.400367
-0.303995
-0.199939
-0.0889256
0.0277679
0.148698
0.271352
0.391359
0.492867
0.543042
0.516703
0.394958
0.197348
-0.0919395
-0.468725
-0.776219
-0.901049
-0.870423
-0.545546
-0.515729
-0.430343
-0.332074
-0.225939
-0.112957
0.00548622
0.127743
0.251274
0.372571
0.477149
0.53846
0.540713
0.482339
0.386967
0.272854
0.160349
0.0995466
0.102565
0.124399
-0.580253
-0.549451
-0.462496
-0.362221
-0.254138
-0.139353
-0.0190702
0.104872
0.229692
0.352639
0.461922
0.536156
0.567082
0.561909
0.541944
0.525003
0.524027
0.553362
0.600681
0.626183
-0.616826
-0.585728
-0.496717
-0.394341
-0.284109
-0.167145
-0.044825
0.0805935
0.207026
0.332385
0.448281
0.535182
0.58975
0.623058
0.649238
0.678963
0.721479
0.772835
0.820461
0.843043
-0.65542
-0.62414
-0.532395
-0.427651
-0.315143
-0.19603
-0.0717789
0.0554399
0.184335
0.313267
0.435898
0.534585
0.607086
0.66395
0.714697
0.764193
0.814537
0.864114
0.904748
0.924952
-0.695135
-0.66343
-0.569057
-0.461809
-0.346803
-0.225348
-0.0989391
0.0306854
0.162549
0.295666
0.424966
0.53388
0.619013
0.688919
0.749808
0.80431
0.853408
0.896841
0.931692
0.950756
-0.734809
-0.702156
-0.605336
-0.495382
-0.377746
-0.25383
-0.125028
0.00734362
0.142267
0.279626
0.415235
0.532231
0.625413
0.702418
0.767277
0.822598
0.869606
0.909203
0.941042
0.959214
-0.772067
-0.738945
-0.639609
-0.526735
-0.406495
-0.28004
-0.148783
-0.0137865
0.124035
0.265396
0.406015
0.529287
0.627547
0.707766
0.774015
0.829044
0.874621
0.91224
0.942584
0.961313
-0.804265
-0.770778
-0.668821
-0.5536
-0.431
-0.302363
-0.169066
-0.0320416
0.108107
0.252406
0.396589
0.523644
0.624354
0.705977
0.772576
0.827044
0.871644
0.90814
0.937749
0.956208
-0.827228
-0.794363
-0.690366
-0.573286
-0.449083
-0.319213
-0.184795
-0.0467898
0.0944875
0.240279
0.386197
0.515021
0.616307
0.697857
0.764012
0.817784
0.861574
0.897272
0.926483
0.944812
-0.837354
-0.805687
-0.700307
-0.582908
-0.458639
-0.328759
-0.194747
-0.057495
0.0832696
0.228565
0.374141
0.502366
0.602801
0.683247
0.748396
0.801303
0.844403
0.879544
0.90859
0.926708
-0.829443
-0.799353
-0.69519
-0.579002
-0.456461
-0.329018
-0.197759
-0.0633047
0.0745387
0.216844
0.359421
0.484513
0.582578
0.661056
0.72467
0.776532
0.818959
0.85367
0.882746
0.900679
-0.797503
-0.769939
-0.669245
-0.557033
-0.439251
-0.317281
-0.191894
-0.0634491
0.0683632
0.20468
0.341384
0.460722
0.554349
0.62951
0.690732
0.741079
0.782735
0.81718
0.846328
0.86419
-0.734147
-0.70999
-0.61594
-0.511505
-0.403322
-0.291197
-0.175789
-0.0571353
0.0651326
0.192034
0.319335
0.429962
0.516626
0.586328
0.64343
0.690925
0.731067
0.765182
0.794365
0.812432
-0.627286
-0.604734
-0.526926
-0.438506
-0.345761
-0.249017
-0.148331
-0.0436967
0.0651947
0.178962
0.293161
0.391752
0.468305
0.529412
0.579155
0.62039
0.655563
0.686897
0.714805
0.733897
-0.466111
-0.450982
-0.400141
-0.335741
-0.266205
-0.190815
-0.109819
-0.0230892
0.0693127
0.167323
0.266225
0.35098
0.41558
0.465842
0.505572
0.537061
0.561734
0.581152
0.597872
0.610742
-0.261199
-0.257706
-0.238238
-0.208129
-0.169012
-0.120802
-0.0635295
0.00253403
0.0770133
0.159307
0.244347
0.317596
0.372859
0.414694
0.44618
0.469786
0.487705
0.501266
0.510326
0.514872
-0.115067
-0.11454
-0.109035
-0.0976495
-0.0793767
-0.0525204
-0.0158403
0.0311606
0.0883018
0.154825
0.225746
0.287425
0.333426
0.367351
0.391986
0.409341
0.420736
0.427587
0.431397
0.433121
-0.0310193
-0.0314837
-0.0306552
-0.0259237
-0.016016
0.000223671
0.0242024
0.0572584
0.100103
0.152523
0.210265
0.261054
0.298621
0.325631
0.344355
0.35681
0.364763
0.369503
0.371827
0.372501
0.0163534
0.0162139
0.0166423
0.0191611
0.0250804
0.0357672
0.0525526
0.0766643
0.10907
0.150058
0.196345
0.237475
0.267776
0.289304
0.304083
0.313821
0.319838
0.323214
0.324836
0.32537
0.0471306
0.047163
0.0477312
0.049675
0.0538272
0.0612153
0.0730966
0.0907828
0.115346
0.147272
0.184068
0.217067
0.241357
0.25848
0.270057
0.277537
0.282123
0.284734
0.286034
0.286489
0.0675561
0.0676209
0.0681466
0.069651
0.0727486
0.0782205
0.0870297
0.100271
0.118987
0.143798
0.172855
0.199128
0.218468
0.232038
0.241169
0.247056
0.250657
0.252701
0.253718
0.254077
0.0809482
0.0810212
0.081488
0.0826904
0.0850586
0.089178
0.0958144
0.105869
0.120237
0.139526
0.162393
0.183212
0.198554
0.209302
0.216514
0.221148
0.22398
0.225592
0.2264
0.226688
0.0893097
0.0893744
0.089757
0.0907033
0.0925327
0.0956899
0.10076
0.108458
0.119535
0.134544
0.152497
0.168933
0.181067
0.189564
0.195257
0.198913
0.201143
0.202412
0.203048
0.203273
0.0938727
0.0939265
0.0942324
0.0949735
0.09639
0.0988217
0.102724
0.108659
0.117233
0.128925
0.143002
0.155946
0.165519
0.172221
0.176711
0.179593
0.181353
0.182353
0.182852
0.183028
0.095544
0.0955874
0.0958285
0.0964061
0.0975054
0.0993885
0.102405
0.107
0.113657
0.122769
0.133798
0.143976
0.151515
0.156798
0.160337
0.162605
0.163987
0.16477
0.165163
0.165301
0.0949924
0.0950271
0.0952169
0.0956684
0.0965231
0.0979838
0.100325
0.103892
0.109069
0.116179
0.124814
0.132804
0.138732
0.142887
0.145669
0.147453
0.148541
0.149157
0.149463
0.149568
0.0927259
0.0927533
0.0929012
0.0932521
0.0939168
0.0950528
0.0968725
0.0996474
0.103681
0.109231
0.115989
0.122258
0.126912
0.130176
0.132362
0.133763
0.134615
0.135098
0.135338
0.135421
0.0891306
0.0891521
0.0892683
0.0895427
0.0900605
0.0909438
0.0923599
0.0945206
0.0976637
0.101996
0.107281
0.112192
0.115843
0.118405
0.120121
0.121222
0.121892
0.122269
0.122455
0.122518
0.0845042
0.0845209
0.0846111
0.084824
0.0852268
0.0859156
0.087019
0.0887026
0.0911531
0.0945348
0.0986679
0.102513
0.105374
0.107382
0.108726
0.109586
0.110108
0.110403
0.110549
0.110599
0.0790763
0.0790892
0.0791595
0.0793256
0.0796395
0.0801757
0.0810343
0.0823448
0.0842551
0.0868941
0.090122
0.0931273
0.0953646
0.0969345
0.0979852
0.0986583
0.0990688
0.0993009
0.0994152
0.099453
0.0730235
0.0730336
0.0730883
0.0732175
0.0734613
0.0738776
0.0745462
0.0755675
0.0770563
0.079112
0.0816292
0.0839756
0.0857208
0.0869459
0.0877679
0.088295
0.0886142
0.0887931
0.0888809
0.0889098
0.0664869
0.0664946
0.0665367
0.0666366
0.0668263
0.0671507
0.0676698
0.0684622
0.0696184
0.0712177
0.0731773
0.0750055
0.076367
0.0773236
0.0779634
0.0783703
0.0786166
0.0787556
0.0788236
0.0788465
0.059573
0.059579
0.0596119
0.0596893
0.0598355
0.0600856
0.0604876
0.0611018
0.0619972
0.0632374
0.0647568
0.0661733
0.06723
0.0679715
0.0684658
0.0687824
0.0689749
0.0690823
0.0691347
0.0691522
0.0523683
0.0523728
0.0523976
0.0524568
0.0525687
0.0527609
0.053071
0.0535454
0.0542369
0.0551932
0.0563649
0.0574564
0.0582675
0.0588351
0.0592152
0.0594582
0.059606
0.0596898
0.0597307
0.0597443
0.0449371
0.0449405
0.0449596
0.0450054
0.0450923
0.0452393
0.0454746
0.0458351
0.0463617
0.0470904
0.0479836
0.0488163
0.0494368
0.0498727
0.0501647
0.0503511
0.0504622
0.0505233
0.050552
0.0505611
0.0373352
0.0373378
0.0373526
0.037387
0.0374514
0.0375623
0.0377396
0.0380103
0.0384054
0.0389521
0.0396233
0.040249
0.0407139
0.0410398
0.0412549
0.0413917
0.0414752
0.0415205
0.0415408
0.0415479
0.0296055
0.0296071
0.0296166
0.0296403
0.0296872
0.0297691
0.0298992
0.0300972
0.0303856
0.0307847
0.031273
0.0317275
0.0320633
0.0322972
0.0324538
0.0325518
0.0326093
0.0326411
0.0326553
0.0326604
0.0217792
0.0217803
0.021788
0.021806
0.0218404
0.0218972
0.0219864
0.0221215
0.0223193
0.0225926
0.0229279
0.0232409
0.0234744
0.0236387
0.0237455
0.023809
0.0238425
0.0238589
0.0238657
0.0238689
0.0138902
0.013891
0.0138987
0.013914
0.0139359
0.0139698
0.0140245
0.0141079
0.0142276
0.0143921
0.0145933
0.0147808
0.0149183
0.0150123
0.015075
0.0151168
0.0151423
0.0151519
0.0151505
0.0151487
0.00198627
0.00198438
0.0019835
0.00198508
0.001991
0.00199886
0.00200884
0.00202327
0.00204332
0.00207026
0.00209831
0.00212124
0.00213858
0.0021485
0.00215408
0.00215789
0.00216228
0.00216672
0.00216775
0.00647248
-2.78371
-1.72562
-1.12422
-0.7148
-0.370245
-0.0581277
0.219845
0.45675
0.66281
0.81589
-1.23801
-0.853343
-0.543102
-0.269523
-0.0267703
0.189101
0.374066
0.523368
0.625532
0.648827
-0.564929
-0.337857
-0.146602
0.032026
0.193608
0.334273
0.450113
0.538141
0.591302
0.612085
-0.15077
-0.00966869
0.113979
0.229602
0.334589
0.424724
0.496231
0.549264
0.583448
0.601388
0.117308
0.206818
0.287596
0.363701
0.431276
0.488619
0.534439
0.568874
0.592533
0.606385
0.297357
0.355992
0.408595
0.457774
0.501829
0.540679
0.572469
0.596892
0.611393
0.619121
0.425176
0.461563
0.497977
0.532768
0.565714
0.594631
0.617886
0.63452
0.643531
0.644357
0.518419
0.543583
0.574468
0.603288
0.629475
0.651653
0.67011
0.683406
0.692188
0.691232
0.586777
0.611105
0.638891
0.666227
0.69207
0.716574
0.737777
0.753924
0.763653
0.763091
0.652197
0.68359
0.721692
0.759406
0.792811
0.820118
0.840388
0.854756
0.862254
0.864786
0.753963
0.798461
0.844407
0.88188
0.911605
0.935423
0.955079
0.97036
0.980827
0.989224
0.914386
0.956415
0.990494
1.02076
1.04568
1.06731
1.08651
1.10257
1.11598
1.12824
1.10228
1.13308
1.15588
1.17553
1.19404
1.21121
1.22711
1.24266
1.25922
1.2761
1.30184
1.31246
1.32509
1.33997
1.35456
1.36748
1.37851
1.38905
1.40152
1.41684
1.48853
1.49813
1.5079
1.51018
1.51094
1.51516
1.52585
1.54219
1.55931
1.56377
1.79266
1.73377
1.68214
1.64241
1.6203
1.61609
1.62975
1.66342
1.71921
1.79844
0.689411
0.632626
0.591178
0.558802
0.535574
0.519279
0.507808
0.499743
0.494279
0.491107
0.490556
0.492803
0.49735
0.504209
0.513984
0.527728
0.547294
0.574829
0.612208
0.659494
0.492579
0.503148
0.510909
0.513022
0.510712
0.50576
0.500228
0.495225
0.491388
0.489482
0.490379
0.493664
0.498372
0.503853
0.509367
0.513377
0.513684
0.508914
0.498641
0.490829
0.472208
0.474448
0.479848
0.484217
0.487181
0.488805
0.488846
0.48761
0.485892
0.484614
0.484482
0.485556
0.487418
0.489222
0.490063
0.489328
0.487044
0.483414
0.478484
0.473454
0.47534
0.475978
0.47838
0.480925
0.482905
0.484024
0.484257
0.483863
0.483101
0.482449
0.482427
0.483228
0.484278
0.485082
0.485322
0.484788
0.483261
0.481066
0.478454
0.476726
0.473338
0.473411
0.473775
0.474397
0.475108
0.475902
0.476622
0.477041
0.477157
0.47712
0.477279
0.477721
0.478075
0.478082
0.477662
0.476979
0.476298
0.475671
0.475178
0.474976
0.469557
0.469614
0.469899
0.470315
0.47077
0.471221
0.471619
0.471923
0.472112
0.472256
0.472513
0.472905
0.473177
0.473236
0.473101
0.472815
0.472448
0.472061
0.471724
0.471556
0.465305
0.465324
0.465414
0.465584
0.465827
0.466136
0.466483
0.466838
0.467176
0.467521
0.467909
0.468251
0.468448
0.468478
0.468382
0.468208
0.468023
0.467859
0.467737
0.467679
0.460443
0.460459
0.46053
0.460648
0.460814
0.461035
0.461312
0.461643
0.462023
0.46246
0.462942
0.463362
0.463629
0.463749
0.463772
0.463739
0.463679
0.463615
0.46356
0.463528
0.45544
0.455452
0.455508
0.455603
0.455741
0.455935
0.456199
0.456546
0.456987
0.45753
0.458144
0.458676
0.459037
0.459248
0.459355
0.459397
0.459404
0.459392
0.459375
0.459361
0.450294
0.4503
0.45034
0.450419
0.450544
0.450734
0.451009
0.451394
0.451911
0.452578
0.453351
0.454038
0.454523
0.454842
0.455037
0.455148
0.455206
0.455231
0.455237
0.455234
0.444949
0.444955
0.444995
0.445073
0.445203
0.445409
0.445719
0.446169
0.446794
0.447623
0.448601
0.449487
0.450123
0.450563
0.450846
0.451022
0.451125
0.45118
0.451204
0.451208
0.439395
0.4394
0.439441
0.439527
0.439676
0.439917
0.440288
0.440834
0.441607
0.442644
0.443885
0.445019
0.445854
0.446429
0.446811
0.447054
0.447201
0.447284
0.447325
0.447334
0.433584
0.433589
0.433636
0.433738
0.433918
0.434212
0.434669
0.435349
0.436317
0.437628
0.439204
0.440652
0.441722
0.44247
0.44297
0.443291
0.443488
0.4436
0.443657
0.443671
0.427452
0.427458
0.427516
0.427642
0.427867
0.428236
0.42881
0.429668
0.430894
0.432557
0.434559
0.436404
0.437771
0.438728
0.43937
0.439785
0.44004
0.440188
0.440263
0.440283
0.420917
0.420924
0.420997
0.421157
0.421442
0.421911
0.422642
0.423734
0.425295
0.427411
0.429959
0.432305
0.434042
0.435261
0.43608
0.436609
0.436935
0.437124
0.437221
0.437247
0.413866
0.413875
0.413969
0.414175
0.41454
0.415141
0.416079
0.417477
0.419472
0.422173
0.425415
0.428394
0.430596
0.43214
0.433178
0.433849
0.434263
0.434503
0.434626
0.43466
0.406148
0.40616
0.406282
0.406549
0.407022
0.407799
0.409007
0.410806
0.413365
0.416815
0.42094
0.424716
0.427502
0.429453
0.430764
0.431609
0.432132
0.432435
0.432591
0.432633
0.397561
0.397578
0.397738
0.398088
0.398705
0.399716
0.401284
0.40361
0.406901
0.411315
0.416561
0.42134
0.424853
0.42731
0.428959
0.430024
0.430682
0.431063
0.431259
0.431312
0.387834
0.387857
0.38807
0.388533
0.389347
0.390675
0.392724
0.395745
0.399993
0.405646
0.412309
0.418342
0.422764
0.425852
0.427923
0.42926
0.430084
0.430562
0.430807
0.430873
0.376591
0.376623
0.376912
0.377534
0.378621
0.380382
0.383084
0.387036
0.392539
0.399782
0.40823
0.415822
0.421366
0.425234
0.427831
0.429508
0.430543
0.431144
0.43145
0.431533
0.363301
0.363347
0.363746
0.3646
0.366078
0.368452
0.372058
0.37727
0.384429
0.393712
0.404388
0.413896
0.42082
0.425652
0.428902
0.431006
0.432309
0.433065
0.433451
0.433555
0.347196
0.347266
0.347834
0.349036
0.351095
0.354365
0.359258
0.366207
0.375563
0.387445
0.400869
0.412698
0.421296
0.427317
0.431388
0.434039
0.435687
0.436647
0.437138
0.43727
0.327118
0.327228
0.328062
0.329822
0.332804
0.33745
0.344236
0.353618
0.36589
0.381044
0.397782
0.412366
0.422966
0.430445
0.435558
0.438927
0.441042
0.442281
0.442915
0.443086
0.301181
0.301354
0.302653
0.305419
0.31001
0.3169
0.326563
0.339378
0.355474
0.374654
0.395277
0.413027
0.42596
0.435208
0.441658
0.446007
0.4488
0.450459
0.451305
0.451534
0.265864
0.266169
0.268534
0.273511
0.281198
0.291916
0.305995
0.323588
0.344565
0.368516
0.39351
0.414755
0.430314
0.441653
0.449811
0.455541
0.4594
0.461801
0.463057
0.463405
0.213945
0.214964
0.220875
0.231288
0.245017
0.262139
0.282738
0.306667
0.333553
0.362877
0.392541
0.417452
0.435824
0.449526
0.459776
0.467406
0.472983
0.476901
0.479253
0.480076
0.135543
0.141138
0.158308
0.17964
0.203189
0.229371
0.258234
0.289519
0.322858
0.357829
0.392315
0.421075
0.442553
0.45904
0.471957
0.48226
0.490604
0.497389
0.502877
0.506672
0.0524402
0.0645553
0.0962477
0.128725
0.16263
0.198033
0.234958
0.273302
0.312849
0.353355
0.392794
0.425756
0.450753
0.470441
0.48641
0.499694
0.511002
0.520757
0.529843
0.536807
-0.00641601
0.00628521
0.0443519
0.0850338
0.127025
0.170146
0.214213
0.258932
0.304003
0.349226
0.392598
0.428597
0.455907
0.477478
0.49496
0.509374
0.521407
0.531531
0.540394
0.546227
-0.0478309
-0.0342425
0.00700016
0.051973
0.0989558
0.147453
0.196835
0.246505
0.295932
0.344786
0.390971
0.428919
0.457506
0.479901
0.497859
0.512473
0.524509
0.534506
0.543139
0.548882
-0.0772811
-0.0634695
-0.0205765
0.0272494
0.0775838
0.129805
0.183097
0.236534
0.289234
0.340637
0.388515
0.427406
0.456485
0.479119
0.49715
0.511717
0.523625
0.533455
0.541777
0.547252
-0.0999867
-0.0858882
-0.0418287
0.00803827
0.0609787
0.116149
0.172468
0.228719
0.283721
0.336639
0.385179
0.424206
0.453256
0.47582
0.493741
0.50817
0.519892
0.529563
0.537625
0.542934
-0.118176
-0.103758
-0.0585531
-0.0069886
0.0480262
0.105538
0.164263
0.222676
0.27923
0.332793
0.381068
0.419533
0.448192
0.470523
0.488282
0.502564
0.514159
0.523684
0.531525
0.536694
-0.133148
-0.11837
-0.0721049
-0.0189707
0.0378818
0.0974068
0.158121
0.218205
0.275707
0.32912
0.376239
0.413496
0.441497
0.463552
0.48121
0.495437
0.506964
0.516398
0.524126
0.529195
-0.145736
-0.130619
-0.0832677
-0.0287266
0.0298418
0.0911926
0.153667
0.215101
0.273088
0.325662
0.370707
0.406087
0.433218
0.455085
0.472832
0.487186
0.498793
0.508238
0.515904
0.520888
-0.156796
-0.141245
-0.0927736
-0.0367954
0.0234073
0.0864965
0.150608
0.21322
0.271363
0.32246
0.364471
0.3972
0.423269
0.445169
0.463357
0.478168
0.490098
0.499709
0.507416
0.512391
-0.166655
-0.150793
-0.10116
-0.0436835
0.0181428
0.0829738
0.148706
0.212431
0.270541
0.319615
0.357524
0.386626
0.411409
0.433705
0.452934
0.468744
0.481404
0.491449
0.499343
0.504369
-0.17597
-0.159264
-0.108738
-0.0497729
0.0137239
0.080328
0.147738
0.212628
0.270655
0.317274
0.349888
0.374056
0.397184
0.420433
0.441611
0.459289
0.47331
0.484188
0.492507
0.497717
-0.184583
-0.167492
-0.115804
-0.0553439
0.00986388
0.0783113
0.147502
0.213704
0.271735
0.315617
0.341666
0.359128
0.379929
0.404845
0.429337
0.450181
0.466568
0.478905
0.487997
0.493503
-0.193006
-0.17566
-0.122634
-0.0606411
0.00633113
0.0766924
0.147802
0.215529
0.273802
0.314848
0.333033
0.341444
0.358702
0.386097
0.415881
0.441834
0.462169
0.476807
0.487155
0.49318
-0.201534
-0.183737
-0.12942
-0.0658557
0.00292107
0.0752851
0.148458
0.217964
0.276841
0.315229
0.32432
0.320622
0.332235
0.362947
0.400817
0.434857
0.460929
0.479331
0.491669
0.498565
-0.21022
-0.191966
-0.136306
-0.0711365
-0.000526085
0.0739116
0.149295
0.220863
0.280806
0.316965
0.315991
0.296377
0.298784
0.33356
0.383398
0.429399
0.464306
0.488226
0.503355
0.512047
-0.21918
-0.200427
-0.143376
-0.0765777
-0.00411457
0.0724179
0.150138
0.224043
0.285596
0.320225
0.308645
0.268544
0.256282
0.295583
0.361247
0.425594
0.473691
0.505822
0.52556
0.535505
-0.228372
-0.209161
-0.150678
-0.0822445
-0.00793149
0.0707081
0.150827
0.227333
0.291069
0.325125
0.302979
0.237225
0.203564
0.24544
0.333558
0.422927
0.490678
0.534758
0.559993
0.570962
-0.237825
-0.218084
-0.158206
-0.0881484
-0.0120265
0.0687061
0.151253
0.230544
0.297026
0.331678
0.299721
0.203235
0.136651
0.176217
0.296245
0.422525
0.518131
0.578231
0.609199
0.619306
-0.247524
-0.227258
-0.165939
-0.0942606
-0.0164039
0.0663408
0.151326
0.233538
0.303233
0.339766
0.299621
0.167668
0.0516138
0.0797352
0.242561
0.424698
0.560544
0.641448
0.678697
0.678756
-0.257569
-0.236742
-0.173803
-0.100533
-0.0210848
0.0635973
0.151004
0.236221
0.309578
0.349329
0.303362
0.131247
-0.0589562
-0.0630949
0.160701
0.42595
0.611354
0.715665
0.767193
0.753872
-0.26799
-0.246516
-0.181697
-0.107008
-0.026177
0.0603586
0.15018
0.238481
0.316013
0.360563
0.312146
0.0936913
-0.215628
-0.30234
0.0179909
0.418384
0.656184
0.770145
0.798822
0.741625
-0.279419
-0.256325
-0.189298
-0.113623
-0.0316341
0.056597
0.148798
0.240141
0.322182
0.372951
0.326839
0.0610617
-0.44281
-0.754881
-0.309562
0.320483
0.6487
0.748949
0.677998
0.550292
-0.293928
-0.264989
-0.196312
-0.120663
-0.0376471
0.0521101
0.146546
0.241045
0.327776
0.385966
0.347776
0.0408411
-0.752652
-1.50163
-0.860093
0.0539012
0.450131
0.498417
0.413688
0.290031
-0.308996
-0.279517
-0.200575
-0.126042
-0.0419587
0.0492692
0.143649
0.241572
0.332942
0.3993
0.376585
0.047049
-1.0047
-2.29559
-1.43719
-0.442568
-0.0582119
0.0524717
0.0387603
-0.0420299
-0.23799
-0.240039
-0.17541
-0.0950147
-0.00623859
0.0895097
0.188965
0.288273
0.377039
0.424474
0.310716
-0.366461
-2.02914
-2.39977
-1.31391
-0.73826
-0.467773
-0.347226
-0.356381
-0.535442
-0.289412
-0.247076
-0.180402
-0.0995019
-0.00960156
0.0875282
0.188912
0.29139
0.386218
0.447667
0.367541
-0.25172
-1.81445
-2.18356
-1.44421
-1.02112
-0.822622
-0.724008
-0.731961
-0.922404
-0.317396
-0.263429
-0.192627
-0.110517
-0.0191578
0.0796373
0.183656
0.289499
0.390441
0.465568
0.421309
-0.0809722
-1.27806
-1.62043
-1.32904
-1.15632
-1.10947
-1.07916
-1.12884
-1.38011
-0.342689
-0.282405
-0.207106
-0.122637
-0.0294517
0.0712179
0.177542
0.286459
0.392269
0.478952
0.469615
0.117375
-0.696385
-1.06227
-1.09938
-1.18098
-1.30433
-1.40897
-1.55324
-2.01598
-0.367084
-0.301773
-0.222772
-0.135664
-0.040414
0.0621752
0.170591
0.28201
0.392003
0.489042
0.510146
0.291965
-0.235592
-0.612086
-0.886552
-1.18101
-1.48195
-1.75011
-2.06013
-3.08533
-0.390077
-0.321874
-0.239876
-0.150222
-0.052763
0.0517998
0.162076
0.275885
0.389841
0.493388
0.536786
0.414692
0.0612539
-0.327719
-0.729106
-1.17685
-1.63194
-2.00732
-2.36752
-3.62532
-0.413263
-0.34306
-0.258649
-0.166582
-0.0668813
0.0396223
0.151833
0.267906
0.383968
0.492222
0.552641
0.488986
0.235341
-0.149069
-0.604932
-1.14783
-1.74334
-2.15373
-2.20562
-2.28992
-0.437236
-0.365725
-0.279297
-0.184967
-0.0831786
0.025275
0.139325
0.257085
0.375591
0.487341
0.556414
0.525261
0.332294
-0.0242401
-0.487948
-1.08625
-1.80747
-2.32534
-2.26298
-2.28119
-0.462691
-0.390036
-0.301857
-0.205444
-0.101682
0.00873305
0.124627
0.244021
0.363601
0.476497
0.550461
0.538725
0.386908
0.0777534
-0.36237
-0.98865
-1.80891
-2.57082
-2.578
-2.44451
-0.490394
-0.416396
-0.326485
-0.228085
-0.122364
-0.0101244
0.107198
0.227685
0.348776
0.463305
0.539794
0.541316
0.425649
0.188149
-0.178881
-0.744327
-1.45038
-2.08519
-2.14494
-1.99944
-0.52041
-0.444982
-0.353288
-0.253051
-0.145484
-0.0314359
0.0876709
0.209761
0.331951
0.447026
0.526859
0.541668
0.467813
0.306207
0.0676366
-0.274541
-0.640029
-0.867321
-0.889826
-0.848734
-0.552646
-0.475797
-0.382344
-0.280136
-0.170485
-0.0545131
0.0660555
0.189275
0.312315
0.429204
0.515351
0.547912
0.518835
0.437973
0.332207
0.212404
0.121947
0.0936102
0.115166
0.129479
-0.587356
-0.508866
-0.413507
-0.309318
-0.197755
-0.0799833
0.0423117
0.167088
0.291196
0.411197
0.505193
0.556989
0.568418
0.552443
0.532897
0.521009
0.534545
0.576864
0.618155
0.62863
-0.624298
-0.544152
-0.446712
-0.340368
-0.226595
-0.106729
0.0173106
0.143506
0.269396
0.39365
0.496343
0.565729
0.608434
0.635951
0.664089
0.698732
0.746291
0.798441
0.835865
0.84504
-0.663496
-0.581032
-0.481231
-0.372524
-0.256502
-0.134662
-0.00874455
0.119396
0.248322
0.377325
0.489305
0.573308
0.636874
0.689547
0.739206
0.789154
0.839697
0.886243
0.918118
0.926561
-0.703639
-0.618837
-0.516676
-0.405411
-0.286963
-0.162928
-0.034694
0.0959974
0.228585
0.36286
0.483114
0.578823
0.655228
0.720264
0.777639
0.829451
0.875913
0.915626
0.94403
0.952019
-0.743551
-0.656704
-0.55159
-0.437634
-0.316686
-0.190252
-0.059418
0.0741529
0.210345
0.349157
0.477531
0.581023
0.665401
0.736086
0.795985
0.847023
0.890274
0.926168
0.952692
0.960551
-0.780629
-0.692007
-0.584265
-0.467665
-0.344203
-0.215252
-0.0818956
0.0544715
0.193839
0.337567
0.471566
0.580949
0.669487
0.742336
0.802766
0.852868
0.894318
0.928307
0.95459
0.962494
-0.812422
-0.722593
-0.612459
-0.493348
-0.367623
-0.236548
-0.101206
0.0373294
0.179277
0.326549
0.464027
0.576862
0.667208
0.740877
0.80112
0.850421
0.890785
0.923723
0.949544
0.957415
-0.834722
-0.745356
-0.633029
-0.51221
-0.385117
-0.252799
-0.116464
0.0230931
0.166359
0.315406
0.454377
0.568628
0.659186
0.732602
0.792245
0.840751
0.880313
0.91259
0.938111
0.946036
-0.844531
-0.756045
-0.642768
-0.521784
-0.394589
-0.262486
-0.126771
0.0121095
0.15491
0.303477
0.441975
0.555486
0.645129
0.717481
0.776172
0.823911
0.862852
0.89471
0.920022
0.928054
-0.836219
-0.750434
-0.638209
-0.518675
-0.39353
-0.264091
-0.131208
0.00486405
0.144709
0.290135
0.425728
0.53634
0.623857
0.694457
0.751867
0.798761
0.837173
0.868785
0.894052
0.902185
-0.80367
-0.722941
-0.614083
-0.498992
-0.37898
-0.255241
-0.128327
0.0017097
0.135568
0.274931
0.4048
0.510159
0.593846
0.661597
0.717064
0.762847
0.800751
0.832332
0.857542
0.865889
-0.739489
-0.666275
-0.564298
-0.458212
-0.347907
-0.234132
-0.117122
0.0032458
0.127648
0.257533
0.378195
0.475713
0.553227
0.616195
0.668173
0.711769
0.748766
0.780419
0.805601
0.814391
-0.633747
-0.568212
-0.4835
-0.39284
-0.298079
-0.199362
-0.0967321
0.00996671
0.12118
0.237768
0.345739
0.432249
0.500447
0.555467
0.600643
0.638537
0.671566
0.70135
0.726303
0.736826
-0.463091
-0.42823
-0.368891
-0.301838
-0.229326
-0.151168
-0.0673132
0.0222488
0.117446
0.218274
0.31156
0.385338
0.442191
0.48682
0.522219
0.550159
0.571946
0.589702
0.60529
0.613249
-0.261124
-0.249489
-0.224302
-0.189789
-0.146083
-0.0933529
-0.0316685
0.0386439
0.117103
0.20296
0.283558
0.347115
0.395222
0.431553
0.458815
0.47933
0.495011
0.506362
0.513233
0.515172
-0.115424
-0.112426
-0.104072
-0.0894708
-0.0671289
-0.0354675
0.00632662
0.0584362
0.12038
0.191045
0.25878
0.31212
0.351693
0.380679
0.401484
0.415715
0.424631
0.429796
0.432516
0.433249
-0.0312672
-0.0314291
-0.028857
-0.021662
-0.00876688
0.0111515
0.039521
0.077415
0.125114
0.181849
0.237469
0.281306
0.313291
0.335903
0.351252
0.361259
0.367482
0.370931
0.372305
0.372492
0.0162711
0.0162618
0.0175665
0.0216241
0.0297528
0.0433201
0.0636171
0.0917706
0.128476
0.173462
0.218364
0.253849
0.279505
0.297423
0.309495
0.317228
0.321802
0.324201
0.325201
0.325403
0.0471134
0.0473328
0.0484857
0.0514238
0.057049
0.066515
0.081137
0.102146
0.130368
0.165805
0.201721
0.230209
0.250712
0.26487
0.274231
0.280131
0.283633
0.285517
0.286343
0.286522
0.0675544
0.0677953
0.0687438
0.0709608
0.0751363
0.0821448
0.0930272
0.108885
0.130606
0.158388
0.186897
0.209599
0.225891
0.237081
0.244455
0.249095
0.251839
0.253313
0.253962
0.254102
0.0809522
0.0811865
0.0819753
0.0836997
0.0868587
0.0921302
0.100357
0.112461
0.12924
0.150978
0.173511
0.191521
0.204437
0.213288
0.219103
0.222751
0.224912
0.226077
0.226596
0.226707
0.0893151
0.0895126
0.090144
0.0914853
0.0939147
0.0979457
0.104234
0.11353
0.126522
0.143518
0.161266
0.175502
0.185719
0.192711
0.197299
0.200176
0.201877
0.202794
0.203201
0.203287
0.0938779
0.094038
0.0945368
0.0955805
0.0974549
0.100558
0.1054
0.112579
0.122668
0.135951
0.149904
0.16113
0.169189
0.174704
0.178321
0.180589
0.181931
0.182654
0.182972
0.183039
0.0955486
0.0956758
0.0960663
0.0968773
0.0983309
0.100731
0.104476
0.110041
0.117887
0.128268
0.139222
0.148056
0.154407
0.158755
0.161605
0.163388
0.16444
0.165007
0.165257
0.165309
0.0949961
0.0950969
0.095403
0.0960354
0.0971633
0.0990256
0.101932
0.106255
0.112366
0.12048
0.129069
0.136013
0.141007
0.144425
0.146666
0.148069
0.148897
0.149342
0.149535
0.149574
0.092729
0.0928078
0.0930459
0.0935373
0.0944149
0.0958623
0.0981222
0.101488
0.106253
0.112595
0.119327
0.124776
0.128699
0.131385
0.133145
0.134246
0.134894
0.135243
0.135395
0.135425
0.0891331
0.089195
0.0893816
0.0897651
0.0904477
0.0915736
0.0933331
0.0959543
0.0996701
0.104625
0.109894
0.114166
0.117246
0.119354
0.120736
0.121602
0.12211
0.122382
0.122498
0.122522
0.0845061
0.0845543
0.084699
0.0849969
0.0855287
0.0864063
0.087777
0.0898203
0.0927196
0.0965908
0.100714
0.104061
0.106473
0.108125
0.109207
0.109882
0.110279
0.110491
0.110583
0.110602
0.0790777
0.0791151
0.079228
0.0794603
0.0798746
0.0805576
0.0816242
0.0832156
0.0854767
0.0884988
0.0917203
0.094337
0.0962239
0.0975158
0.0983616
0.0988908
0.0992032
0.09937
0.0994408
0.0994547
0.0730246
0.0730538
0.0731416
0.0733222
0.0736437
0.0741749
0.0750059
0.0762464
0.0780082
0.0803628
0.0828775
0.0849199
0.0863914
0.0874004
0.0880625
0.0884763
0.0887179
0.0888463
0.0889005
0.0889112
0.0664877
0.0665101
0.0665779
0.066718
0.0669686
0.0673816
0.0680264
0.0689891
0.0703587
0.0721918
0.0741497
0.0757415
0.0768902
0.0776779
0.0781913
0.0785099
0.0786973
0.0787968
0.0788394
0.0788473
0.0595736
0.0595912
0.0596438
0.0597521
0.0599451
0.0602643
0.0607642
0.0615098
0.062571
0.0639927
0.06551
0.0667448
0.0676366
0.0682451
0.0686428
0.0688918
0.0690372
0.0691141
0.0691467
0.0691531
0.0523688
0.052382
0.052422
0.0525049
0.0526527
0.0528987
0.0532845
0.0538606
0.0546794
0.0557755
0.0569454
0.057895
0.0585781
0.0590453
0.0593512
0.0595418
0.0596546
0.0597147
0.05974
0.0597449
0.0449374
0.0449475
0.0449784
0.0450428
0.0451568
0.0453439
0.0456368
0.0460751
0.0466989
0.0475345
0.0484267
0.0491522
0.0496756
0.0500339
0.0502692
0.0504145
0.0504978
0.0505408
0.0505582
0.0505616
0.0373354
0.0373435
0.0373669
0.0374145
0.0375001
0.0376412
0.0378614
0.0381903
0.0386583
0.0392855
0.0399561
0.0405002
0.0408925
0.0411594
0.0413315
0.041439
0.0415019
0.041533
0.0415455
0.0415487
0.0296056
0.0296104
0.0296264
0.0296601
0.0297232
0.0298271
0.0299884
0.0302287
0.0305704
0.0310275
0.031515
0.0319096
0.0321916
0.0323837
0.0325088
0.0325847
0.0326279
0.0326499
0.0326585
0.0326611
0.0217792
0.0217831
0.0217954
0.0218207
0.0218656
0.0219371
0.0220471
0.0222117
0.0224458
0.0227592
0.0230943
0.0233673
0.0235641
0.0236988
0.0237821
0.0238286
0.0238522
0.0238631
0.0238675
0.0238698
0.01389
0.0138939
0.0139054
0.013924
0.0139508
0.0139939
0.0140624
0.0141625
0.0143037
0.0144921
0.0146933
0.014855
0.0149705
0.0150465
0.015098
0.0151317
0.0151494
0.0151519
0.0151489
0.0151496
0.00595821
0.00595763
0.00596146
0.00596571
0.00597649
0.00599444
0.00601997
0.00605454
0.00610397
0.00617231
0.00625582
0.00633213
0.00638736
0.00642525
0.00645088
0.0064644
0.00646917
0.00647211
0.00647417
0.00647458
-2.12619
-1.38202
-0.908903
-0.53766
-0.213605
0.0831037
0.344188
0.561052
0.759642
0.778745
-0.982027
-0.6922
-0.402134
-0.144482
0.0848077
0.285911
0.453281
0.582526
0.647904
0.637206
-0.422506
-0.240785
-0.0556117
0.115315
0.26676
0.395409
0.498117
0.569219
0.605683
0.611031
-0.0638147
0.0525151
0.173183
0.283611
0.381759
0.46288
0.525008
0.568966
0.594561
0.604414
0.171478
0.247208
0.326778
0.398547
0.461298
0.513037
0.552911
0.582558
0.601152
0.610411
0.332739
0.382808
0.433716
0.480478
0.522314
0.557507
0.585476
0.606056
0.619248
0.624807
0.449185
0.481513
0.515344
0.549694
0.580782
0.606991
0.627174
0.6396
0.646476
0.650832
0.534353
0.559001
0.589231
0.616822
0.641038
0.661402
0.677466
0.688294
0.693604
0.700393
0.599984
0.624711
0.652871
0.679185
0.704621
0.727747
0.74645
0.759903
0.764396
0.775129
0.666581
0.702547
0.740785
0.776813
0.807338
0.83107
0.848298
0.859379
0.863701
0.877649
0.775697
0.822096
0.864282
0.897599
0.924109
0.945704
0.9634
0.976026
0.984936
1.00127
0.937187
0.973727
1.00639
1.03374
1.0568
1.07728
1.0949
1.10956
1.122
1.13938
1.1183
1.14533
1.16586
1.18494
1.20281
1.21929
1.23487
1.25073
1.26779
1.28638
1.30667
1.31841
1.33243
1.34743
1.36126
1.37322
1.38371
1.39489
1.40899
1.42746
1.48959
1.50427
1.50957
1.51042
1.51236
1.51962
1.53346
1.55136
1.56365
1.5771
1.76159
1.70723
1.66023
1.62907
1.61602
1.62058
1.64392
1.68849
1.75568
1.8511
0.552997
0.549059
0.543397
0.532877
0.521278
0.51099
0.502765
0.496548
0.492308
0.490345
0.491207
0.494702
0.500106
0.507437
0.516779
0.527978
0.539556
0.54784
0.552475
0.55523
0.474631
0.483016
0.490038
0.495131
0.49741
0.496826
0.494323
0.49119
0.488512
0.487152
0.487869
0.490259
0.493503
0.496648
0.4985
0.497789
0.494048
0.488
0.479607
0.473732
0.473696
0.476908
0.48081
0.483531
0.485162
0.485742
0.485512
0.484624
0.483539
0.482931
0.483413
0.484646
0.485966
0.486732
0.486708
0.485685
0.483578
0.480227
0.476301
0.474483
0.475109
0.475724
0.476972
0.478349
0.479571
0.48063
0.481046
0.480929
0.480614
0.480438
0.480816
0.481519
0.482014
0.482077
0.481432
0.480356
0.479114
0.47776
0.476792
0.476539
0.47139
0.471584
0.471999
0.47248
0.472983
0.47347
0.473875
0.47411
0.474161
0.474264
0.474602
0.474964
0.475199
0.475105
0.474815
0.474419
0.473999
0.473586
0.473296
0.473205
0.467561
0.46766
0.467888
0.468209
0.468593
0.468999
0.469378
0.469695
0.469964
0.470259
0.47061
0.470928
0.471039
0.470958
0.470741
0.470454
0.470157
0.469902
0.469737
0.46968
0.4629
0.462945
0.463047
0.463206
0.463424
0.463698
0.464017
0.464366
0.464737
0.465153
0.465567
0.465859
0.466013
0.466042
0.465979
0.465879
0.465775
0.465684
0.465623
0.465597
0.457957
0.457999
0.458086
0.458213
0.458389
0.458625
0.458927
0.4593
0.459748
0.460278
0.460805
0.4612
0.461427
0.461535
0.461565
0.461552
0.461519
0.461482
0.461453
0.461437
0.452888
0.452915
0.452981
0.453087
0.453244
0.45347
0.453782
0.454199
0.454736
0.455401
0.456069
0.45658
0.456912
0.457116
0.457227
0.457279
0.457299
0.457299
0.457292
0.457282
0.447648
0.44767
0.447726
0.447824
0.447982
0.448221
0.448569
0.449055
0.449708
0.450539
0.451392
0.452054
0.452518
0.45282
0.453007
0.453115
0.453173
0.453199
0.453207
0.4532
0.4422
0.44222
0.442279
0.442387
0.442563
0.442838
0.443248
0.443837
0.444644
0.445688
0.446774
0.447638
0.44825
0.44866
0.448924
0.449086
0.44918
0.449229
0.449248
0.449243
0.436525
0.436547
0.436613
0.436738
0.436947
0.437279
0.437781
0.438509
0.439519
0.44084
0.442224
0.443336
0.444128
0.444668
0.445021
0.445241
0.445371
0.445441
0.445471
0.445467
0.430562
0.430587
0.430667
0.43082
0.431078
0.431491
0.432119
0.433035
0.434311
0.435987
0.437748
0.439166
0.440185
0.440882
0.44134
0.441629
0.441801
0.441895
0.441936
0.441932
0.424241
0.424271
0.424372
0.424565
0.424891
0.425412
0.426207
0.42737
0.428991
0.431121
0.433362
0.435168
0.436467
0.437357
0.437943
0.438314
0.438536
0.438658
0.438711
0.438707
0.417464
0.417503
0.417632
0.417876
0.418293
0.418959
0.419975
0.421459
0.423527
0.42624
0.429089
0.431382
0.43303
0.434162
0.434907
0.435378
0.435661
0.435818
0.435886
0.435881
0.410101
0.410152
0.410318
0.410634
0.41117
0.412027
0.413332
0.415235
0.417879
0.421338
0.424957
0.427864
0.42995
0.431381
0.432324
0.43292
0.433277
0.433475
0.433561
0.433555
0.401978
0.402044
0.402261
0.402672
0.403369
0.404479
0.406165
0.408614
0.412002
0.416411
0.421005
0.424681
0.427314
0.429117
0.430305
0.431056
0.431507
0.431757
0.431866
0.431857
0.392861
0.392949
0.393235
0.393775
0.394687
0.396135
0.398325
0.40149
0.405841
0.411466
0.417287
0.421925
0.42524
0.427507
0.429
0.429944
0.43051
0.430823
0.430959
0.430948
0.382432
0.382551
0.382934
0.383652
0.384858
0.386764
0.389628
0.393736
0.399337
0.406508
0.413868
0.419701
0.423863
0.426709
0.428582
0.429765
0.430476
0.430868
0.431038
0.431024
0.370247
0.370413
0.370934
0.371905
0.373523
0.376059
0.379838
0.385203
0.392427
0.401559
0.410833
0.418141
0.423345
0.426905
0.429253
0.430739
0.431631
0.432125
0.432339
0.432321
0.355669
0.355909
0.35664
0.357984
0.360195
0.363625
0.368672
0.375726
0.385062
0.396662
0.408285
0.41739
0.423875
0.428325
0.431268
0.433137
0.434263
0.434888
0.435158
0.435135
0.337734
0.338104
0.339177
0.341099
0.344208
0.348951
0.355795
0.365147
0.377222
0.391886
0.406345
0.417606
0.425648
0.431203
0.434907
0.437276
0.438713
0.439517
0.439868
0.439839
0.314897
0.315529
0.317214
0.320099
0.324643
0.331402
0.340862
0.353354
0.368948
0.387342
0.405135
0.418925
0.428833
0.435766
0.440462
0.443515
0.445397
0.446473
0.446957
0.446926
0.284547
0.285792
0.288677
0.293309
0.300332
0.31033
0.323644
0.340381
0.360386
0.383176
0.404757
0.421417
0.433515
0.442161
0.448187
0.452234
0.454823
0.456371
0.457114
0.457096
0.241937
0.244791
0.250421
0.258649
0.270238
0.285489
0.30434
0.326596
0.35188
0.379607
0.405293
0.425068
0.439632
0.450344
0.458133
0.463671
0.46748
0.469966
0.471281
0.471294
0.17834
0.186144
0.198707
0.214715
0.23451
0.257681
0.283882
0.312793
0.343974
0.376894
0.406745
0.429685
0.44685
0.459881
0.469839
0.47745
0.483235
0.487666
0.490006
0.489842
0.100464
0.115258
0.140256
0.167827
0.197598
0.229478
0.2634
0.299124
0.33632
0.374675
0.40914
0.435891
0.456447
0.472694
0.485796
0.496524
0.50545
0.512826
0.516607
0.518121
0.0247019
0.0515368
0.0870428
0.124443
0.163351
0.203517
0.244759
0.286866
0.329619
0.372903
0.411481
0.441489
0.464778
0.483468
0.498815
0.511563
0.522178
0.530982
0.536753
0.538848
-0.024699
0.00480479
0.0455048
0.0893058
0.134797
0.181373
0.228581
0.276005
0.323302
0.370383
0.411834
0.443894
0.468693
0.488465
0.504504
0.517609
0.528333
0.537036
0.542722
0.544756
-0.0601136
-0.0286073
0.0152485
0.062748
0.112442
0.163525
0.21521
0.266741
0.317512
0.367326
0.410604
0.443762
0.469208
0.489332
0.505517
0.518644
0.529304
0.537912
0.543694
0.545724
-0.0860063
-0.0538183
-0.0078358
0.0424447
0.0953017
0.149766
0.204814
0.259381
0.312554
0.363963
0.408023
0.441505
0.467078
0.487209
0.503324
0.516333
0.526857
0.535345
0.541164
0.543192
-0.106765
-0.0734962
-0.025812
0.0265709
0.0819025
0.139053
0.196725
0.253515
0.3082
0.360224
0.404192
0.43743
0.46281
0.482788
0.498759
0.51163
0.522019
0.530397
0.53624
0.538264
-0.123574
-0.0892921
-0.0400726
0.0141304
0.0715233
0.130862
0.190606
0.249005
0.304458
0.356186
0.399242
0.431763
0.456756
0.476542
0.492397
0.50517
0.515485
0.523772
0.529632
0.531657
-0.137494
-0.102311
-0.0516455
0.00419399
0.0634479
0.124703
0.186164
0.245716
0.301302
0.351879
0.393203
0.424573
0.449105
0.468787
0.484654
0.497456
0.507774
0.516042
0.521967
0.524027
-0.149527
-0.113244
-0.0612867
-0.00383227
0.0571467
0.120161
0.183143
0.243543
0.298751
0.347342
0.38604
0.415816
0.439892
0.459699
0.47585
0.488894
0.499363
0.507695
0.513695
0.515798
-0.160165
-0.122802
-0.0694811
-0.0104644
0.0522059
0.116932
0.181346
0.242419
0.296852
0.342634
0.377654
0.405303
0.429011
0.449363
0.466253
0.479913
0.490789
0.499344
0.505518
0.507708
-0.169855
-0.131443
-0.076679
-0.0161058
0.0482755
0.114727
0.18059
0.2423
0.295695
0.337842
0.367925
0.392695
0.41618
0.437734
0.456117
0.470987
0.482683
0.491705
0.498103
0.500407
-0.17889
-0.139456
-0.0832333
-0.0210784
0.0450757
0.113311
0.180717
0.243134
0.295373
0.333127
0.356711
0.377513
0.400892
0.424616
0.445621
0.462657
0.475816
0.485693
0.492525
0.495034
-0.187576
-0.147134
-0.0894264
-0.0256465
0.0423341
0.112471
0.181566
0.244889
0.296024
0.328709
0.343913
0.359098
0.38234
0.409589
0.43493
0.455536
0.471167
0.482455
0.489986
0.492769
-0.196294
-0.154654
-0.0954621
-0.0300187
0.0398416
0.111991
0.182975
0.247474
0.297743
0.324905
0.329536
0.336656
0.359339
0.391921
0.424131
0.450399
0.46988
0.483456
0.492107
0.495247
-0.205002
-0.162192
-0.101517
-0.0343671
0.0374221
0.111684
0.184768
0.250802
0.300623
0.322074
0.313728
0.309282
0.330218
0.370466
0.41319
0.448137
0.473418
0.490473
0.500962
0.504487
-0.213961
-0.169907
-0.107702
-0.0388254
0.0349337
0.11138
0.186755
0.254724
0.304709
0.320644
0.296838
0.276073
0.293171
0.343502
0.401691
0.449476
0.483445
0.505635
0.518465
0.522108
-0.223131
-0.177842
-0.114083
-0.0434854
0.0322557
0.110946
0.188775
0.259068
0.309967
0.321034
0.279518
0.235765
0.244528
0.308654
0.388204
0.455077
0.5019
0.531141
0.547302
0.551457
-0.232559
-0.186025
-0.120702
-0.0483841
0.0293148
0.110262
0.190683
0.263659
0.316274
0.3236
0.262692
0.187099
0.181222
0.260915
0.371157
0.466708
0.532377
0.570983
0.590049
0.593605
-0.242161
-0.194408
-0.127538
-0.0535313
0.0260619
0.10924
0.19231
0.268295
0.323455
0.328599
0.247509
0.13034
0.0961383
0.194312
0.349392
0.48518
0.577239
0.628208
0.647265
0.644968
-0.252129
-0.203013
-0.134527
-0.0589103
0.022475
0.107845
0.193588
0.272793
0.331296
0.336129
0.235251
0.0651471
-0.0193026
0.0972328
0.320601
0.517171
0.639779
0.705631
0.722524
0.685774
-0.262381
-0.211797
-0.141642
-0.0645815
0.0184533
0.105989
0.194435
0.277135
0.339876
0.346721
0.226981
-0.0129293
-0.192794
-0.0590411
0.270801
0.546192
0.702096
0.778594
0.805058
0.793308
-0.273157
-0.22051
-0.148747
-0.0705746
0.0139878
0.103628
0.194701
0.281126
0.348891
0.360485
0.225223
-0.104629
-0.471187
-0.366743
0.165954
0.548306
0.743888
0.78258
0.703257
0.632217
-0.285753
-0.228554
-0.155488
-0.0766314
0.00941163
0.101022
0.194402
0.284692
0.358048
0.377228
0.233694
-0.209563
-0.926347
-0.951696
-0.114026
0.448487
0.64381
0.624807
0.495633
0.407545
-0.301559
-0.234764
-0.161404
-0.0820918
0.00520782
0.0984205
0.193827
0.287802
0.367175
0.396175
0.2537
-0.317895
-1.47718
-1.71954
-0.578166
0.108468
0.271047
0.270249
0.178915
0.123694
0.143349
0.242702
0.336306
0.406813
0.390594
0.0459055
-1.1275
-0.261564
-0.282721
-0.262611
-0.213498
-0.138696
-0.0539169
0.0390373
0.137793
0.239411
0.337625
0.417028
0.420086
0.110738
-1.11263
-2.42609
-1.86842
-1.10692
-0.743978
-0.579008
-0.527003
-0.299337
-0.278238
-0.222663
-0.146549
-0.0605465
0.0339233
0.134317
0.238549
0.340771
0.428572
0.453149
0.205232
-0.848349
-1.97699
-1.64586
-1.22284
-1.03292
-0.935725
-0.909097
-0.323924
-0.300736
-0.237754
-0.159026
-0.0712009
0.0250635
0.127765
0.234749
0.341045
0.437404
0.483295
0.307353
-0.46776
-1.2829
-1.26032
-1.186
-1.185
-1.23237
-1.27848
-0.34821
-0.323057
-0.254613
-0.172759
-0.0827513
0.0153948
0.120105
0.229406
0.3394
0.442741
0.506822
0.401884
-0.106781
-0.689952
-0.901251
-1.08078
-1.2884
-1.49873
-1.68266
-0.371529
-0.344986
-0.272494
-0.187755
-0.0953241
0.00479094
0.111381
0.222872
0.336013
0.444651
0.522753
0.474873
0.163704
-0.275348
-0.619501
-0.988286
-1.37545
-1.7242
-2.03762
-0.394029
-0.367079
-0.291739
-0.204393
-0.109567
-0.00742992
0.101193
0.214729
0.33019
0.442601
0.53061
0.523481
0.331559
-0.0355927
-0.44087
-0.911073
-1.43232
-1.94172
-2.19769
-2.3888
-0.417359
-0.390173
-0.31255
-0.222917
-0.125858
-0.021609
0.0889503
0.204148
0.321747
0.43751
0.532036
0.550781
0.42556
0.113926
-0.299223
-0.824463
-1.43617
-2.06156
-2.23559
-2.22629
-0.441965
-0.414546
-0.3351
-0.243433
-0.144255
-0.0379958
0.0743552
0.191436
0.311003
0.42815
0.525584
0.558558
0.468725
0.207834
-0.184479
-0.721625
-1.42205
-2.21455
-2.50127
-2.37806
-0.468332
-0.440528
-0.359554
-0.266
-0.164837
-0.0565655
0.0576519
0.176123
0.296606
0.415041
0.514805
0.555501
0.490758
0.285226
-0.0542557
-0.561368
-1.28038
-2.12057
-2.57581
-2.40737
-0.496928
-0.468747
-0.386156
-0.290739
-0.187634
-0.0775353
0.038163
0.15818
0.280335
0.400077
0.500723
0.546836
0.507155
0.355814
0.107172
-0.276434
-0.806868
-1.32674
-1.56925
-1.50833
-0.527817
-0.499147
-0.414987
-0.317776
-0.21271
-0.100686
0.0169696
0.138583
0.261582
0.382119
0.484985
0.540353
0.52799
0.438165
0.292473
0.0972449
-0.127583
-0.278464
-0.336449
-0.312582
-0.560811
-0.531686
-0.446017
-0.346817
-0.239708
-0.125872
-0.00660126
0.116479
0.24066
0.36275
0.469442
0.537098
0.554056
0.52399
0.471113
0.415502
0.369734
0.365098
0.39912
0.425611
-0.595858
-0.566543
-0.479254
-0.378089
-0.268976
-0.153111
-0.0317697
0.0929286
0.218455
0.342466
0.454862
0.535577
0.57903
0.594955
0.600615
0.611609
0.63812
0.683094
0.732171
0.757305
-0.633162
-0.603677
-0.514224
-0.410787
-0.299458
-0.181435
-0.0581765
0.0680619
0.195632
0.322618
0.442018
0.534869
0.599051
0.645798
0.686603
0.729248
0.777511
0.82904
0.872961
0.894136
-0.67213
-0.642158
-0.5505
-0.444669
-0.330955
-0.21069
-0.085388
0.0429682
0.173312
0.304368
0.430142
0.534358
0.613807
0.678052
0.735032
0.787916
0.837932
0.884025
0.921019
0.940376
-0.711596
-0.680821
-0.587169
-0.478689
-0.362407
-0.239739
-0.112164
0.0188153
0.152211
0.287387
0.419925
0.533093
0.622707
0.696829
0.760145
0.815272
0.863138
0.903884
0.936369
0.954283
-0.749942
-0.71812
-0.622538
-0.511386
-0.392478
-0.267287
-0.13723
-0.00349808
0.132906
0.272381
0.410653
0.531086
0.627135
0.706002
0.77174
0.826913
0.873017
0.911105
0.94103
0.957806
-0.784821
-0.751641
-0.654581
-0.540828
-0.419382
-0.29174
-0.159373
-0.0232611
0.115833
0.258797
0.401431
0.526815
0.626573
0.707695
0.774205
0.828916
0.873811
0.910471
0.939247
0.955611
-0.812064
-0.778152
-0.68037
-0.564419
-0.44094
-0.31156
-0.177518
-0.0398345
0.101066
0.246325
0.391578
0.519781
0.620969
0.702695
0.769119
0.823179
0.86717
0.90291
0.930571
0.946746
-0.8272
-0.794913
-0.696674
-0.579514
-0.45511
-0.324942
-0.190538
-0.0526246
0.0886171
0.234461
0.380519
0.509346
0.610347
0.691431
0.757097
0.810339
0.853536
0.888629
0.915657
0.931763
-0.828259
-0.797722
-0.699615
-0.582728
-0.459141
-0.3302
-0.197222
-0.0610382
0.0786269
0.222786
0.367231
0.494203
0.593683
0.673258
0.737638
0.789876
0.832315
0.866894
0.893363
0.909656
-0.808363
-0.779107
-0.684864
-0.570371
-0.449878
-0.324717
-0.195991
-0.0641343
0.0710887
0.210824
0.350853
0.473481
0.569628
0.646663
0.709152
0.760085
0.801631
0.83569
0.861693
0.878473
-0.760649
-0.733774
-0.645533
-0.537436
-0.423684
-0.306034
-0.18509
-0.061076
0.0663704
0.198376
0.330818
0.446205
0.536749
0.609566
0.66903
0.717909
0.758086
0.791323
0.817104
0.834203
-0.676695
-0.654649
-0.574299
-0.47865
-0.377144
-0.272012
-0.16336
-0.0511737
0.0648743
0.185614
0.306735
0.411711
0.493722
0.559616
0.61368
0.658569
0.69582
0.72642
0.751644
0.768147
-0.551487
-0.535394
-0.469856
-0.391164
-0.308688
-0.221729
-0.130195
-0.0340433
0.0668704
0.172831
0.279183
0.37044
0.440559
0.495822
0.540313
0.576944
0.607391
0.631844
0.650377
0.662006
-0.360216
-0.352264
-0.318436
-0.272225
-0.218275
-0.1565
-0.0873537
-0.0109328
0.0725599
0.162782
0.25487
0.334017
0.394089
0.440277
0.475931
0.503156
0.523985
0.540799
0.554788
0.563575
-0.178992
-0.177154
-0.166967
-0.148536
-0.121653
-0.0854346
-0.0392621
0.0168265
0.0824153
0.156733
0.234638
0.301997
0.352503
0.390202
0.418101
0.43865
0.453355
0.462984
0.468408
0.470998
-0.0667043
-0.0669115
-0.0644825
-0.0571764
-0.0440849
-0.0236732
0.00562523
0.0448851
0.094374
0.153539
0.217715
0.273865
0.315552
0.345902
0.367362
0.381818
0.390984
0.396521
0.399523
0.400569
-0.00441763
-0.00473396
-0.00439209
-0.0011821
0.00640054
0.0195892
0.0396286
0.0677897
0.105001
0.15137
0.203127
0.248881
0.282638
0.306716
0.323304
0.334346
0.341326
0.345309
0.347164
0.347703
0.0332636
0.0332408
0.0337912
0.0359898
0.0408519
0.0496154
0.0636617
0.0842908
0.112511
0.148706
0.190019
0.226904
0.254064
0.273288
0.286384
0.294896
0.300106
0.303056
0.304518
0.305027
0.0584089
0.0584629
0.0590066
0.06071
0.0642915
0.0706349
0.0808292
0.0960891
0.117502
0.145646
0.178364
0.207829
0.229515
0.244755
0.255023
0.261652
0.265716
0.268024
0.269171
0.269573
0.0749765
0.0750483
0.0755487
0.076894
0.0795938
0.0843284
0.0919613
0.103487
0.119878
0.141753
0.167537
0.190937
0.208171
0.220251
0.228368
0.233593
0.236785
0.238599
0.239507
0.239829
0.0856716
0.0857413
0.0861669
0.0872357
0.0893171
0.0929188
0.0987114
0.107501
0.120108
0.13712
0.157388
0.175892
0.189541
0.1991
0.205507
0.209622
0.212135
0.213564
0.214282
0.214536
0.0920025
0.0920617
0.0924043
0.0932419
0.0948508
0.0976205
0.102066
0.108821
0.118563
0.131808
0.147707
0.162296
0.173077
0.180624
0.185681
0.188928
0.19091
0.192037
0.1926
0.192799
0.0950241
0.0950726
0.0953444
0.0959986
0.0972464
0.099385
0.102814
0.108034
0.115586
0.125907
0.138369
0.149849
0.158347
0.164299
0.168284
0.170841
0.172401
0.173287
0.173729
0.173885
0.0955107
0.0955496
0.0957636
0.0962745
0.0972436
0.098902
0.101559
0.105606
0.111476
0.119524
0.129282
0.138301
0.144986
0.149672
0.152812
0.154825
0.156051
0.156745
0.157092
0.157212
0.0940473
0.094078
0.0942458
0.0946436
0.0953972
0.096685
0.0987493
0.101894
0.106462
0.112745
0.120384
0.127464
0.132719
0.136402
0.138866
0.140446
0.141409
0.141955
0.142227
0.142321
0.0910735
0.0910977
0.0912289
0.0915394
0.0921261
0.0931277
0.0947325
0.0971811
0.100742
0.105645
0.111622
0.117171
0.121292
0.124184
0.126123
0.127366
0.128122
0.128548
0.128759
0.12883
0.0869311
0.0869501
0.0870523
0.0872939
0.0877506
0.0885308
0.0897809
0.0916878
0.0944624
0.0982899
0.102964
0.10731
0.110544
0.112813
0.114331
0.115303
0.115895
0.11623
0.116396
0.116453
0.0818779
0.0818927
0.0819726
0.0821607
0.0825164
0.0831237
0.0840972
0.0855832
0.0877473
0.0907352
0.0943887
0.0977887
0.100319
0.102095
0.103284
0.104045
0.104506
0.104767
0.104896
0.10494
0.0761189
0.0761303
0.0761919
0.0763382
0.0766149
0.0770881
0.0778458
0.079002
0.0806884
0.0830178
0.0858684
0.0885242
0.0905002
0.0918875
0.0928175
0.0934142
0.0937772
0.093981
0.0940808
0.0941143
0.0698078
0.0698168
0.0698651
0.069979
0.0701943
0.0705615
0.071151
0.0720519
0.0733647
0.0751782
0.0774002
0.0794726
0.0810143
0.0820966
0.0828213
0.083285
0.0835662
0.0837242
0.0838014
0.0838272
0.0630712
0.0630781
0.0631151
0.0632032
0.0633703
0.063656
0.064113
0.0648099
0.0658275
0.0672369
0.0689632
0.0705726
0.0717727
0.0726174
0.0731815
0.0735401
0.0737564
0.0738775
0.073936
0.0739552
0.0560025
0.0560077
0.0560362
0.0561038
0.0562319
0.0564515
0.0568051
0.0573456
0.058133
0.059223
0.0605589
0.0618043
0.0627311
0.0633793
0.0638128
0.0640916
0.0642608
0.0643552
0.0644013
0.0644171
0.048677
0.048681
0.0487028
0.0487547
0.048853
0.0490209
0.049291
0.0497054
0.0503104
0.0511469
0.0521718
0.0531264
0.0538359
0.0543335
0.0546679
0.0548815
0.0550096
0.0550807
0.0551149
0.055126
0.0411561
0.041159
0.0411749
0.0412131
0.0412876
0.0414153
0.0416193
0.041932
0.042389
0.0430218
0.0437986
0.0445242
0.0450656
0.0454442
0.0456961
0.0458543
0.0459492
0.0460027
0.0460286
0.0460365
0.0334845
0.0334866
0.0334993
0.0335285
0.0335827
0.0336762
0.0338292
0.0340628
0.0344024
0.0348715
0.0354464
0.0359817
0.0363797
0.0366566
0.0368386
0.0369552
0.0370262
0.0370659
0.0370865
0.0370936
0.0257024
0.0257038
0.0257128
0.0257344
0.025775
0.0258438
0.0259537
0.0261193
0.0263609
0.026695
0.0271031
0.0274822
0.0277633
0.0279604
0.0280901
0.0281714
0.0282193
0.0282448
0.0282551
0.0282562
0.0178407
0.0178422
0.0178497
0.0178655
0.0178933
0.0179403
0.0180121
0.0181205
0.0182774
0.0184944
0.0187609
0.019009
0.0191939
0.0193223
0.0194086
0.0194619
0.0194916
0.0195054
0.0195088
0.0195081
0.00992839
0.00992901
0.00993436
0.00994476
0.00996152
0.00998636
0.010025
0.0100829
0.0101667
0.0102821
0.0104234
0.0105558
0.0106482
0.0107155
0.0107601
0.0107866
0.0107985
0.0108002
0.0107971
0.010797
0.00595749
0.00595926
0.00596297
0.00597032
0.00598457
0.00600627
0.00603572
0.00607715
0.00613558
0.00621392
0.00629664
0.00636209
0.00640794
0.00643954
0.00645926
0.00646734
0.0064703
0.0064739
0.00647313
0.00216735
-1.77548
-1.20985
-0.807547
-0.472939
-0.18039
0.081758
0.312182
0.502126
0.651192
0.680971
-0.866458
-0.56525
-0.322568
-0.102096
0.0964387
0.271664
0.418714
0.532892
0.604886
0.626503
-0.338159
-0.156258
-0.00180509
0.142198
0.271824
0.383901
0.476182
0.542768
0.584997
0.603805
-0.00464707
0.108464
0.209152
0.303858
0.38747
0.458509
0.516107
0.558709
0.586805
0.602544
0.215012
0.287207
0.353879
0.415449
0.468965
0.515168
0.552481
0.581365
0.600056
0.611563
0.366142
0.412533
0.45529
0.496269
0.53359
0.566434
0.593687
0.614538
0.626085
0.629666
0.475555
0.50434
0.538057
0.569381
0.59904
0.624054
0.643718
0.657212
0.665208
0.664905
0.555187
0.578314
0.607166
0.634051
0.658295
0.68026
0.699559
0.714535
0.724613
0.723745
0.618042
0.644719
0.675398
0.707273
0.737554
0.764868
0.786425
0.801803
0.809786
0.810326
0.695098
0.733738
0.778871
0.818878
0.851534
0.876763
0.896047
0.910583
0.919455
0.924995
0.829122
0.874471
0.914998
0.948658
0.975971
0.999233
1.01928
1.03491
1.0465
1.05683
1.00546
1.04265
1.07157
1.09705
1.11862
1.13768
1.15534
1.17182
1.18754
1.20238
1.20337
1.224
1.24031
1.25628
1.27301
1.28859
1.30211
1.31505
1.33022
1.34777
1.39382
1.40157
1.41374
1.4258
1.43549
1.44449
1.45449
1.46566
1.47687
1.48424
1.6121
1.61031
1.60227
1.58557
1.57448
1.57384
1.58605
1.61083
1.64429
1.67171
2.02098
1.83434
1.73269
1.67493
1.64554
1.63918
1.65431
1.6948
1.77069
1.91712
-0.262998
-0.260614
-0.205157
-0.130982
-0.0463844
0.0457198
-2.421
-1.70476
-0.743899
-0.342303
-0.206789
-0.183361
-0.551939
-0.945277
-1.39109
-1.92498
-2.65279
)
;

boundaryField
{
    wall-4
    {
        type            zeroGradient;
    }
    pressure-outlet-7
    {
        type            fixedValue;
        value           uniform 0;
    }
    velocity-inlet-6
    {
        type            zeroGradient;
    }
    velocity-inlet-5
    {
        type            zeroGradient;
    }
    frontAndBackPlanes
    {
        type            empty;
    }
}


// ************************************************************************* //
