/*--------------------------------*- C++ -*----------------------------------*\
| =========                 |                                                 |
| \\      /  F ield         | OpenFOAM: The Open Source CFD Toolbox           |
|  \\    /   O peration     | Version:  v2012                                 |
|   \\  /    A nd           | Website:  www.openfoam.com                      |
|    \\/     M anipulation  |                                                 |
\*---------------------------------------------------------------------------*/
FoamFile
{
    version     2.0;
    format      ascii;
    class       volScalarField;
    location    "63";
    object      p;
}
// * * * * * * * * * * * * * * * * * * * * * * * * * * * * * * * * * * * * * //

dimensions      [0 2 -2 0 0 0 0];


internalField   nonuniform List<scalar> 
8800
(
0.890915
0.842865
0.804489
0.775849
0.755227
0.740476
0.729878
0.722382
0.717555
0.71551
0.716815
0.72105
0.727743
0.737098
0.749867
0.767465
0.791916
0.825534
0.867984
0.925111
0.723442
0.730649
0.739088
0.742505
0.740591
0.73507
0.728361
0.722204
0.717456
0.714616
0.714362
0.71691
0.721452
0.727473
0.7344
0.741032
0.745173
0.744664
0.738607
0.729634
0.700142
0.706319
0.710519
0.713881
0.716384
0.717184
0.71608
0.713941
0.711918
0.711029
0.712027
0.714456
0.717316
0.719555
0.720104
0.718585
0.715747
0.712116
0.707585
0.703801
0.694993
0.697694
0.700416
0.702728
0.704376
0.705706
0.70662
0.706832
0.706582
0.706569
0.707356
0.708547
0.709365
0.709326
0.708548
0.707367
0.705628
0.703136
0.700715
0.699185
0.689781
0.691203
0.693004
0.695061
0.696816
0.698126
0.699158
0.700042
0.700736
0.70136
0.702044
0.702537
0.702598
0.702272
0.701595
0.700406
0.698721
0.69685
0.695532
0.694709
0.684748
0.685662
0.6869
0.688483
0.690139
0.691669
0.692949
0.694039
0.695056
0.69601
0.69674
0.697084
0.697056
0.69665
0.695801
0.694602
0.693265
0.692008
0.691191
0.690646
0.679848
0.680513
0.681472
0.682775
0.684194
0.685674
0.687131
0.688469
0.689699
0.690857
0.691732
0.692146
0.692103
0.691624
0.690827
0.689884
0.688884
0.68797
0.68739
0.686989
0.675055
0.675568
0.67635
0.67748
0.678762
0.680148
0.681617
0.683116
0.684579
0.685968
0.687039
0.687568
0.687586
0.687227
0.686642
0.685934
0.685178
0.684504
0.684075
0.683761
0.670304
0.670712
0.671367
0.672375
0.673586
0.674923
0.676386
0.677973
0.679639
0.6813
0.682619
0.68334
0.68355
0.683416
0.683061
0.682567
0.682015
0.681534
0.681216
0.680961
0.665511
0.665844
0.666411
0.66734
0.668503
0.669826
0.671326
0.673011
0.674868
0.676823
0.678464
0.679482
0.679974
0.680097
0.679975
0.679706
0.679349
0.679029
0.678795
0.678581
0.660589
0.660865
0.661371
0.662254
0.6634
0.66475
0.666324
0.668151
0.670239
0.672533
0.674582
0.675985
0.676814
0.67723
0.677362
0.67732
0.677157
0.676978
0.676812
0.676627
0.655449
0.65568
0.656148
0.657016
0.658185
0.659603
0.661295
0.663318
0.665703
0.668418
0.670965
0.672831
0.674054
0.674806
0.675223
0.675416
0.675449
0.6754
0.675289
0.675124
0.649998
0.650195
0.650644
0.651525
0.652758
0.65429
0.656156
0.658442
0.661205
0.664448
0.667599
0.670015
0.671699
0.672834
0.67357
0.674013
0.67426
0.674333
0.674269
0.674118
0.644135
0.644304
0.644751
0.645676
0.647014
0.64871
0.650816
0.653446
0.656689
0.660586
0.664468
0.66754
0.669767
0.671343
0.672444
0.67319
0.673646
0.673837
0.673814
0.67367
0.637742
0.637887
0.638346
0.639344
0.640834
0.642755
0.645178
0.648247
0.652094
0.656793
0.661561
0.665417
0.668287
0.670383
0.671898
0.672972
0.67367
0.673985
0.673999
0.673859
0.63068
0.6308
0.631286
0.632389
0.634082
0.636298
0.639125
0.642752
0.64735
0.653031
0.658868
0.66366
0.66729
0.67
0.672005
0.67346
0.674426
0.674867
0.674914
0.674775
0.622762
0.622863
0.623392
0.624636
0.626591
0.629178
0.632524
0.636851
0.642379
0.649257
0.656383
0.662293
0.666821
0.670252
0.672844
0.674742
0.676008
0.676584
0.676662
0.676519
0.613767
0.613869
0.614453
0.615854
0.618139
0.621212
0.625216
0.630421
0.6371
0.64544
0.654113
0.661349
0.666938
0.671215
0.674499
0.676917
0.678522
0.67924
0.679348
0.679197
0.603379
0.603461
0.604137
0.605762
0.608482
0.612175
0.61701
0.623318
0.631426
0.641549
0.652074
0.660869
0.667705
0.672978
0.677058
0.680087
0.682075
0.682941
0.683074
0.682912
0.591221
0.59129
0.592065
0.594005
0.597282
0.601771
0.607669
0.615375
0.625264
0.637559
0.650286
0.660908
0.669188
0.675623
0.680625
0.684362
0.686766
0.687781
0.687933
0.687757
0.576743
0.5768
0.577719
0.580075
0.58409
0.589627
0.596909
0.606406
0.61852
0.633454
0.648783
0.661523
0.671456
0.679219
0.685292
0.689821
0.692669
0.693824
0.693987
0.693792
0.559175
0.559222
0.560353
0.563294
0.568319
0.575272
0.5844
0.596227
0.611143
0.62927
0.647636
0.66279
0.674587
0.683852
0.691099
0.696517
0.699813
0.701087
0.701245
0.70103
0.537358
0.537403
0.538879
0.5427
0.54918
0.558127
0.569784
0.58469
0.603139
0.625098
0.646952
0.664797
0.678652
0.689565
0.698103
0.704448
0.708159
0.709507
0.709643
0.709407
0.509531
0.509597
0.511667
0.51691
0.525647
0.537528
0.552755
0.571755
0.594619
0.621102
0.64688
0.667645
0.683704
0.696369
0.706284
0.713538
0.717571
0.718924
0.719016
0.71876
0.472662
0.472832
0.476118
0.48398
0.496524
0.512896
0.533212
0.557588
0.585849
0.617539
0.647607
0.671452
0.689795
0.704269
0.715568
0.723607
0.7278
0.729061
0.729086
0.728815
0.42093
0.421931
0.42847
0.441723
0.460887
0.484202
0.511537
0.5427
0.577313
0.614778
0.649366
0.676342
0.696962
0.713167
0.725766
0.734359
0.73847
0.739536
0.739483
0.739204
0.345584
0.352933
0.367995
0.391241
0.420271
0.452874
0.48877
0.527734
0.569389
0.613115
0.652541
0.682862
0.705932
0.724027
0.737844
0.746769
0.750646
0.751496
0.751396
0.751152
0.264926
0.281802
0.306181
0.340173
0.37951
0.421534
0.466051
0.512999
0.562078
0.612723
0.657871
0.692331
0.718374
0.738699
0.753876
0.762814
0.766126
0.766704
0.766633
0.766475
0.197038
0.217072
0.24925
0.292422
0.340881
0.391783
0.444676
0.49947
0.555844
0.613217
0.663805
0.702116
0.730903
0.753093
0.769062
0.777657
0.780522
0.781023
0.781011
0.780901
0.141409
0.163307
0.200965
0.25062
0.306258
0.364648
0.424975
0.486996
0.550239
0.614027
0.669796
0.711728
0.743008
0.766827
0.783535
0.792176
0.794867
0.795382
0.795412
0.795328
0.0952434
0.118364
0.159797
0.214595
0.275987
0.340555
0.407245
0.475677
0.545217
0.61504
0.675755
0.721145
0.754813
0.78025
0.797839
0.806726
0.809609
0.810044
0.810084
0.810025
0.0561034
0.0799182
0.124231
0.183073
0.249319
0.319143
0.39136
0.465503
0.540799
0.616258
0.681676
0.730402
0.766421
0.793452
0.812052
0.821424
0.824438
0.824909
0.824966
0.824931
0.0219587
0.0462195
0.0928069
0.154999
0.225348
0.299758
0.376891
0.456187
0.536769
0.617511
0.687418
0.73937
0.777679
0.806309
0.825815
0.835811
0.839087
0.8396
0.839665
0.839649
-0.00869051
0.0159548
0.0643973
0.129451
0.203341
0.281776
0.36332
0.447325
0.532832
0.618586
0.692802
0.74787
0.788375
0.818543
0.838978
0.849515
0.853082
0.853696
0.853757
0.853752
-0.0368258
-0.0118396
0.0381924
0.105712
0.182714
0.264721
0.350244
0.438583
0.528714
0.619251
0.697632
0.755713
0.798316
0.829887
0.851236
0.862284
0.866104
0.86683
0.866873
0.866865
-0.063248
-0.0378792
0.0136042
0.0832449
0.163039
0.248238
0.337362
0.429693
0.524167
0.619305
0.701772
0.762802
0.807432
0.840356
0.862454
0.873888
0.87791
0.8787
0.878728
0.878707
-0.0883462
-0.0625881
-0.00983546
0.0617105
0.144003
0.232063
0.32445
0.420461
0.51903
0.618626
0.705142
0.769107
0.815712
0.849874
0.872533
0.884279
0.888421
0.889237
0.889242
0.8892
-0.112556
-0.0863109
-0.032545
0.0408742
0.125383
0.216008
0.311363
0.410768
0.51319
0.617103
0.707673
0.774635
0.823202
0.858506
0.881677
0.893544
0.89768
0.898515
0.898485
0.898423
-0.136014
-0.109314
-0.0545171
0.0205618
0.107042
0.19997
0.298013
0.400535
0.506566
0.614664
0.709328
0.779404
0.830014
0.866418
0.889948
0.901788
0.905901
0.906684
0.906633
0.906549
-0.158867
-0.13169
-0.0758572
0.000667789
0.0889136
0.1839
0.284356
0.389717
0.499114
0.61125
0.710057
0.783438
0.836248
0.873775
0.897545
0.909229
0.913178
0.913885
0.913809
0.913706
-0.181241
-0.153517
-0.0966909
-0.0188504
0.0709622
0.167783
0.270397
0.378325
0.490824
0.606813
0.709807
0.786742
0.842023
0.88077
0.904654
0.915985
0.91965
0.920238
0.920121
0.919999
-0.203174
-0.174813
-0.117071
-0.0380028
0.053208
0.151637
0.256167
0.366387
0.481708
0.601321
0.708517
0.789288
0.847419
0.887589
0.911489
0.92222
0.925405
0.925807
0.925655
0.925527
-0.224518
-0.195554
-0.136928
-0.0567705
0.0356732
0.135517
0.241716
0.353966
0.471814
0.594787
0.706113
0.791004
0.85245
0.894444
0.918384
0.928194
0.930585
0.930683
0.930499
0.93038
-0.245254
-0.215716
-0.156259
-0.0751119
0.0184063
0.119475
0.227129
0.341131
0.461211
0.587227
0.702538
0.791772
0.857054
0.901473
0.925779
0.934445
0.935517
0.934971
0.934698
0.934632
-0.26545
-0.235262
-0.175048
-0.0930062
0.00146394
0.103587
0.212485
0.327979
0.449984
0.578696
0.697733
0.791442
0.861063
0.90864
0.934095
0.941886
0.941085
0.93909
0.938463
0.938673
-0.284942
-0.254185
-0.193236
-0.110397
-0.0151011
0.0879345
0.197876
0.314615
0.43824
0.569281
0.691672
0.789835
0.864206
0.915624
0.943397
0.95157
0.949259
0.944837
0.942339
0.94207
-0.30382
-0.272483
-0.210843
-0.127316
-0.0313227
0.0724756
0.18325
0.300986
0.425915
0.558913
0.684216
0.786678
0.866195
0.921935
0.953108
0.963885
0.962432
0.955532
0.947168
0.938507
-0.322014
-0.290136
-0.227994
-0.143963
-0.047484
0.0568865
0.168199
0.286619
0.412487
0.546975
0.674744
0.781217
0.866541
0.926955
0.961645
0.976815
0.976889
0.964889
0.944414
0.938927
-0.339352
-0.307163
-0.244512
-0.160157
-0.0632662
0.0414868
0.152938
0.271834
0.398251
0.533709
0.663307
0.772883
0.864396
0.929513
0.964898
0.980169
0.982552
0.956935
0.891271
0.86256
-0.355368
-0.324841
-0.260025
-0.175423
-0.0778364
0.0267872
0.13778
0.256883
0.383454
0.519258
0.649872
0.761287
0.858403
0.928774
0.958135
0.968062
0.954579
0.899158
0.830595
0.78913
-0.404712
-0.341414
-0.274065
-0.190707
-0.0925405
0.0114943
0.122749
0.241539
0.367771
0.503186
0.63385
0.745831
0.844527
0.92147
0.930995
0.925201
0.873354
0.802112
0.725203
0.682787
-0.371923
-0.355136
-0.29514
-0.210669
-0.114782
-0.0108628
0.099483
0.217604
0.342846
0.476826
0.605721
0.716221
0.806658
0.890206
0.875225
0.758916
0.653955
0.580154
0.506954
0.537752
-0.402873
-0.372907
-0.311699
-0.228171
-0.132159
-0.0283276
0.0822273
0.199703
0.323894
0.456108
0.582278
0.688891
0.769372
0.814585
0.764484
0.613473
0.486585
0.395659
0.298341
0.347823
-0.426356
-0.394004
-0.331134
-0.247522
-0.151427
-0.0476563
0.0627927
0.17944
0.302233
0.432042
0.554432
0.654815
0.72592
0.734829
0.626752
0.45536
0.305369
0.188157
0.0605424
0.0956308
-0.449342
-0.415646
-0.351491
-0.267019
-0.170881
-0.0672724
0.0426522
0.158328
0.279512
0.406505
0.524118
0.616522
0.671977
0.64889
0.488769
0.294779
0.110341
-0.053069
-0.236685
-0.246333
-0.47184
-0.437698
-0.372656
-0.287449
-0.191182
-0.0878098
0.0214563
0.136024
0.255329
0.379095
0.491181
0.575647
0.610973
0.550962
0.357347
0.14766
-0.0624407
-0.240343
-0.485798
-0.745894
-0.494676
-0.460502
-0.39495
-0.309271
-0.212828
-0.109631
-0.000957384
0.112466
0.229774
0.350048
0.45627
0.532074
0.545531
0.434377
0.242147
0.030333
-0.173265
-0.337276
-0.414891
-0.521802
-0.518811
-0.484524
-0.418697
-0.332787
-0.236309
-0.133382
-0.0253964
0.0867063
0.201689
0.317939
0.417873
0.482296
0.470477
0.324877
0.138775
-0.0565089
-0.224301
-0.316116
-0.339438
-0.355617
-0.544507
-0.510071
-0.444062
-0.358078
-0.261753
-0.159274
-0.052218
0.0582589
0.170486
0.282039
0.3752
0.425
0.394676
0.222607
0.0447088
-0.125859
-0.254513
-0.29334
-0.305315
-0.306532
-0.571973
-0.53731
-0.471105
-0.385143
-0.289111
-0.18731
-0.081441
0.0270744
0.1361
0.242342
0.32785
0.362398
0.310967
0.128501
-0.040417
-0.191763
-0.269142
-0.286336
-0.287215
-0.286975
-0.601268
-0.566302
-0.499849
-0.413984
-0.318404
-0.21748
-0.11307
-0.00686134
0.0985494
0.198934
0.275817
0.298188
0.210835
0.0427466
-0.117919
-0.241061
-0.278742
-0.27668
-0.276105
-0.275495
-0.6321
-0.596876
-0.530193
-0.444516
-0.349543
-0.249731
-0.147076
-0.0435218
0.0578811
0.151934
0.22001
0.225496
0.119737
-0.0366843
-0.178931
-0.255327
-0.265897
-0.268429
-0.268876
-0.268603
-0.66393
-0.628567
-0.561896
-0.47651
-0.382345
-0.283907
-0.183305
-0.0827778
0.0142967
0.101692
0.161059
0.151307
0.0373474
-0.103961
-0.220981
-0.259911
-0.264347
-0.264245
-0.263838
-0.263541
-0.696282
-0.660795
-0.594517
-0.509569
-0.416471
-0.31969
-0.221476
-0.124345
-0.0319133
0.0489719
0.0978661
0.0800003
-0.0383854
-0.158185
-0.248222
-0.261129
-0.259112
-0.260029
-0.260331
-0.2601
-0.72828
-0.692861
-0.627132
-0.543117
-0.451377
-0.356607
-0.261138
-0.167741
-0.0803108
-0.00547654
0.0331832
0.0140292
-0.105862
-0.198784
-0.250125
-0.261506
-0.260357
-0.25961
-0.259178
-0.259006
-0.758353
-0.723672
-0.658783
-0.576216
-0.486299
-0.393964
-0.301642
-0.212261
-0.130134
-0.0610517
-0.0264107
-0.0577235
-0.163176
-0.2422
-0.245069
-0.257751
-0.260429
-0.258873
-0.258151
-0.257854
-0.784885
-0.751307
-0.688398
-0.607671
-0.520194
-0.430834
-0.342134
-0.257038
-0.180214
-0.116948
-0.0826304
-0.123598
-0.213242
-0.282184
-0.29458
-0.279753
-0.267227
-0.259977
-0.257909
-0.257195
-0.805768
-0.773874
-0.713867
-0.636094
-0.551792
-0.466073
-0.381544
-0.301066
-0.229323
-0.171852
-0.13943
-0.174059
-0.246234
-0.331722
-0.360089
-0.311937
-0.280828
-0.268889
-0.264708
-0.262835
-0.818762
-0.789549
-0.733269
-0.659583
-0.579603
-0.498359
-0.418671
-0.343199
-0.276374
-0.224006
-0.192407
-0.209811
-0.239428
-0.308978
-0.298712
-0.299783
-0.303384
-0.298995
-0.292672
-0.290939
-0.821194
-0.795986
-0.744679
-0.676336
-0.601931
-0.526387
-0.452203
-0.382254
-0.320337
-0.272316
-0.234692
-0.233082
-0.188825
-0.189156
-0.214589
-0.253272
-0.275836
-0.282162
-0.284708
-0.286176
-0.810942
-0.790592
-0.745928
-0.684742
-0.617302
-0.548565
-0.480877
-0.416954
-0.360393
-0.316498
-0.269369
-0.258376
-0.171964
-0.0356034
-0.131244
-0.225259
-0.266209
-0.282539
-0.289689
-0.29191
-0.785728
-0.77048
-0.735164
-0.683561
-0.624711
-0.563912
-0.503501
-0.445994
-0.395421
-0.356405
-0.310075
-0.318206
-0.323268
-0.261374
-0.311409
-0.350831
-0.358673
-0.359666
-0.360728
-0.362217
-0.748255
-0.738431
-0.713174
-0.672907
-0.624097
-0.572092
-0.519299
-0.468291
-0.423487
-0.391085
-0.370525
-0.435512
-0.640158
-0.933175
-0.918713
-0.670913
-0.51132
-0.447887
-0.430612
-0.426129
-0.705282
-0.699718
-0.684751
-0.655553
-0.617255
-0.573779
-0.528066
-0.482921
-0.442359
-0.415012
-0.398161
-0.460154
-0.516705
-0.612019
-0.562609
-0.414242
-0.339094
-0.315402
-0.300711
-0.294668
-0.666482
-0.663176
-0.655999
-0.636777
-0.607104
-0.570599
-0.530839
-0.489163
-0.449958
-0.417694
-0.400264
-0.329983
-0.14445
0.107839
0.263032
0.173235
0.0295325
-0.0793472
-0.111097
-0.117958
-0.638301
-0.636305
-0.632602
-0.620728
-0.597413
-0.5657
-0.529212
-0.488876
-0.446952
-0.407443
-0.384918
-0.31845
-0.220854
-0.168992
-0.26342
-0.466832
-0.608389
-0.602026
-0.516998
-0.492349
-0.616488
-0.615722
-0.614485
-0.608566
-0.590869
-0.562205
-0.526041
-0.484618
-0.438527
-0.394002
-0.362192
-0.348641
-0.349777
-0.465405
-0.600826
-0.709988
-0.817197
-0.824286
-0.759476
-0.716936
-0.603666
-0.603377
-0.602754
-0.600019
-0.58735
-0.560051
-0.522319
-0.47738
-0.426861
-0.368105
-0.32161
-0.28131
-0.293207
-0.372868
-0.549614
-0.659456
-0.622664
-0.48807
-0.358095
-0.296246
-0.594921
-0.594741
-0.594202
-0.593291
-0.585625
-0.559984
-0.519889
-0.470176
-0.410746
-0.33833
-0.265639
-0.164226
-0.0442105
0.0424078
0.138784
0.23897
0.414186
0.618546
0.749546
0.800051
-0.589924
-0.589633
-0.588857
-0.588424
-0.584946
-0.562947
-0.51984
-0.46376
-0.395298
-0.313041
-0.206005
-0.0822324
0.122511
0.408515
0.745601
1.08803
1.3835
1.58792
1.69289
1.72526
-0.58854
-0.588881
-0.589987
-0.591399
-0.591128
-0.569164
-0.52162
-0.460006
-0.385546
-0.289191
-0.174521
-0.060233
0.16326
0.507263
0.932701
1.32063
1.62834
1.81479
1.89438
1.91418
-0.583821
-0.585293
-0.589022
-0.594608
-0.595697
-0.57204
-0.524759
-0.463556
-0.383534
-0.281717
-0.167598
-0.0516424
0.10686
0.450318
0.82455
1.15805
1.41071
1.55215
1.60941
1.62236
-0.587327
-0.587283
-0.581096
-0.566395
-0.553326
-0.550867
-0.529834
-0.475223
-0.389691
-0.2854
-0.174892
-0.0664886
0.0501146
0.315336
0.615149
0.867963
1.05379
1.15197
1.18977
1.19681
-0.627826
-0.623536
-0.603636
-0.564474
-0.53879
-0.554766
-0.55688
-0.497276
-0.402527
-0.294092
-0.188575
-0.0910246
-0.00450121
0.182701
0.399367
0.577443
0.705221
0.769338
0.792697
0.795569
-0.715101
-0.716226
-0.727904
-0.746129
-0.740697
-0.72322
-0.65506
-0.537297
-0.417689
-0.301053
-0.202025
-0.120037
-0.0507154
0.0814822
0.222254
0.333936
0.411613
0.449484
0.462748
0.4647
-0.856791
-0.877522
-0.926404
-0.966992
-0.964895
-0.912729
-0.75884
-0.580062
-0.428289
-0.305858
-0.214298
-0.144406
-0.0905957
-0.0013695
0.0874169
0.148788
0.184244
0.200278
0.206347
0.207298
-0.915959
-0.940202
-0.979549
-1.01023
-1.00736
-0.943946
-0.770494
-0.574153
-0.416103
-0.297106
-0.217976
-0.163588
-0.122345
-0.0620243
-0.0136692
0.0161395
0.0281689
0.0308794
0.0345009
0.0360507
-0.777439
-0.798965
-0.835622
-0.86879
-0.869691
-0.800901
-0.644635
-0.492347
-0.364377
-0.268767
-0.208468
-0.172466
-0.147626
-0.0992245
-0.0656254
-0.0497606
-0.0461222
-0.0444647
-0.0418172
-0.0403383
-0.458958
-0.476006
-0.506791
-0.540662
-0.555561
-0.520179
-0.440234
-0.354751
-0.280429
-0.22144
-0.18488
-0.170275
-0.160011
-0.121798
-0.0896246
-0.070073
-0.0604993
-0.0551338
-0.0526069
-0.0521456
-0.117386
-0.126408
-0.146406
-0.176954
-0.206359
-0.219171
-0.22045
-0.207202
-0.186823
-0.163108
-0.149084
-0.150612
-0.147874
-0.110204
-0.0790786
-0.0588162
-0.0453184
-0.0377027
-0.0348302
-0.0351353
0.109498
0.104959
0.0911739
0.0637399
0.0224768
-0.0248285
-0.0625342
-0.0888057
-0.101331
-0.10306
-0.102974
-0.107821
-0.104186
-0.0729637
-0.0474515
-0.031106
-0.0205221
-0.0150909
-0.013409
-0.013945
0.204307
0.201829
0.191878
0.168394
0.128997
0.0795735
0.0309891
-0.00899563
-0.0355484
-0.0485378
-0.050852
-0.0478497
-0.0368954
-0.0219546
-0.0115469
-0.00385669
0.00265418
0.00657078
0.00738661
0.00662056
0.218987
0.217339
0.210303
0.192876
0.162521
0.122793
0.0802737
0.0417225
0.0127194
-0.00254052
-0.00222189
0.0110084
0.0274297
0.0301137
0.027699
0.0270373
0.0279249
0.0287941
0.0284858
0.0275491
0.200042
0.199013
0.194413
0.18271
0.161815
0.133311
0.100684
0.0693815
0.0444309
0.0314734
0.0359431
0.0529678
0.0702569
0.0649699
0.0559495
0.0508151
0.0491185
0.048483
0.0475409
0.0465265
0.171175
0.170599
0.16778
0.16037
0.146722
0.127359
0.104065
0.0807007
0.0618196
0.0531385
0.060171
0.0776474
0.0910131
0.0818808
0.0714539
0.0660972
0.0630877
0.0611774
0.0595946
0.0585558
0.141173
0.140969
0.139364
0.134889
0.126322
0.113725
0.0980364
0.0817805
0.0685091
0.06322
0.0711576
0.086286
0.0948386
0.08449
0.0752722
0.069434
0.0664929
0.0640705
0.0623566
0.0615486
0.113214
0.11308
0.112188
0.109586
0.104357
0.0964002
0.0861556
0.0753201
0.0665348
0.0638211
0.0713885
0.0827116
0.0872245
0.076515
0.070053
0.0660863
0.063515
0.0610322
0.0595401
0.0589131
0.0874496
0.0874556
0.0869987
0.0855706
0.082525
0.0776919
0.0712652
0.0643151
0.0586541
0.0571667
0.0626828
0.0711378
0.07301
0.0638873
0.0582903
0.0565602
0.0555691
0.0542519
0.053263
0.0526982
0.0638636
0.0639105
0.0637297
0.0630505
0.0614501
0.0587055
0.0548523
0.0505219
0.0467432
0.0452601
0.0468926
0.049362
0.0477158
0.0406012
0.0404516
0.0422026
0.0433052
0.04324
0.0427441
0.0422047
0.042267
0.0423228
0.0422862
0.0420368
0.0413117
0.0399133
0.0377811
0.0351638
0.0327456
0.0305184
0.0274258
0.0208439
0.0149018
0.0135873
0.0193816
0.0248359
0.0275206
0.0281939
0.0279919
0.0275402
0.0224464
0.0225032
0.0225447
0.0225315
0.0223057
0.0217621
0.0208623
0.0197409
0.018032
0.0160453
0.00989496
-0.00341138
-0.0143348
-0.00805299
0.00184062
0.00942711
0.0121845
0.0125296
0.0122545
0.0119474
0.00412385
0.00416466
0.00414391
0.00422551
0.00444617
0.00456105
0.00449743
0.00428719
0.0039363
0.00340721
0.00203858
-0.00216749
-0.00736227
-0.0044772
-0.00203516
-0.00161601
-0.00215036
-0.00236365
-0.000821457
0.000165694
-0.0510445
0.136252
0.336095
0.503611
0.636867
0.741405
0.828066
0.900995
0.931071
0.914958
0.272109
0.394903
0.523216
0.633799
0.726676
0.803468
0.865263
0.908629
0.931174
0.944106
0.490157
0.57323
0.660388
0.737807
0.80412
0.859494
0.903376
0.935729
0.959553
0.977485
0.648881
0.707903
0.768895
0.825475
0.874467
0.915983
0.95013
0.977757
1.00025
1.01855
0.773245
0.815513
0.862289
0.905167
0.943475
0.976946
1.00565
1.02987
1.04965
1.06761
0.876535
0.909412
0.947674
0.982903
1.01522
1.04431
1.06982
1.09147
1.10849
1.12609
0.968746
0.997516
1.03141
1.06348
1.09329
1.1204
1.14418
1.16399
1.17858
1.19603
1.05711
1.08646
1.12034
1.15241
1.18195
1.2085
1.23139
1.2498
1.26243
1.27989
1.1523
1.18583
1.22219
1.25585
1.28584
1.31195
1.33382
1.35088
1.36231
1.3801
1.2671
1.30563
1.34381
1.37798
1.40719
1.43183
1.45209
1.46777
1.47908
1.49742
1.41175
1.45121
1.48673
1.5171
1.54264
1.56467
1.58366
1.59917
1.6118
1.62993
1.58644
1.61848
1.64424
1.66656
1.68659
1.70531
1.72293
1.73947
1.7552
1.77339
1.77401
1.79156
1.80708
1.82365
1.8398
1.85433
1.86735
1.88132
1.8984
1.91807
1.95559
1.96655
1.97869
1.98947
1.99872
2.00828
2.01915
2.03074
2.04068
2.05585
2.16659
2.1686
2.15345
2.13822
2.13183
2.13749
2.15609
2.1865
2.21864
2.24938
2.4725
2.33546
2.25916
2.21705
2.1996
2.20364
2.23099
2.28714
2.39059
2.60587
0.787204
0.783829
0.777904
0.7681
0.755161
0.742743
0.73244
0.724507
0.71887
0.715614
0.715276
0.718047
0.723193
0.730465
0.739918
0.751617
0.764755
0.776751
0.78421
0.788932
0.705209
0.711095
0.718001
0.723242
0.726092
0.725769
0.722872
0.718962
0.715415
0.713151
0.713022
0.715254
0.718967
0.723343
0.727305
0.729317
0.728211
0.724126
0.718236
0.711193
0.697538
0.699885
0.703236
0.706145
0.708365
0.710171
0.711139
0.710896
0.709883
0.709011
0.709208
0.710663
0.712504
0.713803
0.713862
0.712701
0.710901
0.708564
0.705412
0.702451
0.692372
0.693459
0.695325
0.697709
0.699673
0.70107
0.702174
0.703046
0.703533
0.703805
0.704328
0.705145
0.705714
0.705702
0.705195
0.704333
0.702937
0.700887
0.698779
0.697367
0.687247
0.687902
0.689011
0.690734
0.692543
0.694165
0.695439
0.69648
0.697421
0.698272
0.69904
0.699596
0.69977
0.699589
0.699046
0.698029
0.6966
0.695035
0.693716
0.692934
0.682284
0.682739
0.683523
0.684821
0.686319
0.687858
0.689334
0.690634
0.691789
0.692884
0.693838
0.69443
0.694594
0.694347
0.693671
0.69268
0.69155
0.69042
0.689514
0.688995
0.677444
0.677784
0.678394
0.679462
0.680756
0.68214
0.683599
0.685063
0.686454
0.687763
0.688913
0.689645
0.689857
0.689606
0.689016
0.688245
0.687404
0.686548
0.685883
0.685503
0.672682
0.672947
0.673439
0.674349
0.67552
0.676822
0.678229
0.67974
0.681307
0.682862
0.684257
0.685173
0.685511
0.685414
0.685038
0.684494
0.68386
0.683232
0.682747
0.682457
0.667922
0.668132
0.668541
0.669341
0.670433
0.671688
0.673085
0.67464
0.676344
0.678143
0.67983
0.68101
0.681589
0.681738
0.681599
0.681279
0.680853
0.680417
0.680072
0.679845
0.663075
0.663245
0.663596
0.664323
0.665369
0.666604
0.668031
0.669671
0.671532
0.67359
0.675626
0.677168
0.678075
0.678516
0.678633
0.678544
0.678332
0.67807
0.677842
0.677661
0.658055
0.658192
0.658502
0.659185
0.660215
0.661476
0.66297
0.664739
0.666813
0.669185
0.671646
0.673639
0.67494
0.67572
0.676126
0.676286
0.676286
0.676193
0.676063
0.675918
0.652772
0.652882
0.653164
0.653828
0.654877
0.656208
0.657815
0.659767
0.662121
0.664892
0.667877
0.670413
0.672178
0.673349
0.674084
0.674514
0.674734
0.674812
0.674769
0.67465
0.647129
0.647216
0.647483
0.648152
0.649256
0.650699
0.652474
0.654675
0.657389
0.660665
0.664294
0.667479
0.669794
0.671418
0.672524
0.67327
0.673738
0.673975
0.674009
0.673911
0.641017
0.641083
0.641343
0.642041
0.643238
0.64484
0.646846
0.649378
0.652551
0.656456
0.66087
0.664838
0.667805
0.669961
0.671494
0.672594
0.673333
0.673745
0.673851
0.673771
0.634306
0.634352
0.634614
0.635363
0.636693
0.638511
0.640822
0.643776
0.647529
0.652212
0.657581
0.662488
0.666232
0.669017
0.671051
0.672546
0.673601
0.674201
0.67438
0.674313
0.62684
0.62687
0.627137
0.627958
0.629466
0.631567
0.634266
0.637756
0.642235
0.647874
0.654403
0.660438
0.665102
0.668629
0.671258
0.673229
0.674639
0.67544
0.67569
0.675633
0.618421
0.618436
0.618709
0.619628
0.621372
0.623815
0.627017
0.631187
0.636569
0.643384
0.651317
0.658701
0.664458
0.668856
0.672188
0.674724
0.676538
0.677564
0.677886
0.677837
0.608745
0.608731
0.609062
0.610124
0.612146
0.615049
0.618889
0.623914
0.630424
0.638685
0.648318
0.657304
0.664349
0.669774
0.67393
0.677127
0.679411
0.68068
0.681075
0.681028
0.597513
0.597475
0.597852
0.599107
0.601503
0.604994
0.609645
0.615752
0.623674
0.633719
0.6454
0.656282
0.664832
0.671459
0.67658
0.680538
0.683359
0.68489
0.685354
0.685307
0.584243
0.584179
0.584635
0.586143
0.589025
0.593284
0.598985
0.606481
0.616187
0.628428
0.642568
0.655676
0.665969
0.673979
0.680224
0.685059
0.688479
0.69028
0.690806
0.690753
0.568282
0.56819
0.568771
0.570632
0.574165
0.579449
0.586544
0.595852
0.607829
0.622781
0.639854
0.655549
0.667831
0.677412
0.684932
0.690758
0.694829
0.696897
0.697469
0.697403
0.548687
0.548569
0.549353
0.551728
0.556177
0.562886
0.571884
0.583609
0.598509
0.616805
0.63734
0.655984
0.670499
0.68183
0.690749
0.697679
0.702423
0.704729
0.705321
0.705234
0.524031
0.523901
0.525021
0.528193
0.534026
0.542822
0.55452
0.569535
0.588214
0.610602
0.635162
0.657099
0.674049
0.687279
0.697713
0.705808
0.711196
0.713672
0.714248
0.714133
0.491997
0.491893
0.493623
0.498173
0.506313
0.518363
0.534026
0.553559
0.577072
0.604371
0.633505
0.659027
0.678558
0.693791
0.705808
0.715068
0.720979
0.723514
0.724024
0.723875
0.448424
0.448489
0.451555
0.458975
0.471407
0.488767
0.510301
0.535924
0.565452
0.598473
0.632646
0.66194
0.684116
0.701367
0.714947
0.725278
0.731477
0.7339
0.734296
0.734112
0.385526
0.386738
0.394213
0.408112
0.428387
0.454194
0.483987
0.517353
0.553987
0.59338
0.632873
0.665989
0.690762
0.709947
0.724938
0.736036
0.742227
0.744306
0.744537
0.744334
0.310729
0.312812
0.327213
0.351099
0.382246
0.418017
0.456797
0.498399
0.542632
0.589025
0.634646
0.672444
0.70053
0.722144
0.7388
0.750601
0.756585
0.758383
0.75857
0.75846
0.233814
0.240239
0.261645
0.295739
0.337333
0.382801
0.430543
0.480434
0.532349
0.585846
0.637753
0.680362
0.711819
0.735905
0.754359
0.766549
0.771918
0.773233
0.773353
0.773313
0.171007
0.179576
0.205508
0.246678
0.296465
0.350192
0.406032
0.463707
0.522981
0.583335
0.641262
0.688395
0.722968
0.749214
0.768823
0.78118
0.78634
0.787527
0.787654
0.787668
0.119817
0.129
0.158476
0.20488
0.260822
0.321193
0.383885
0.448433
0.514423
0.581199
0.644855
0.696301
0.733798
0.762069
0.782957
0.795737
0.800724
0.801983
0.802218
0.802281
0.0770134
0.0864645
0.118379
0.168789
0.229782
0.29567
0.364154
0.434697
0.506735
0.579463
0.648537
0.704111
0.744436
0.774683
0.796813
0.810131
0.8154
0.816879
0.817134
0.817215
0.0401917
0.0497441
0.0834793
0.137097
0.202279
0.272881
0.346424
0.422291
0.499809
0.578036
0.652221
0.711756
0.754834
0.787051
0.810505
0.824557
0.830236
0.831831
0.832079
0.832154
0.00767047
0.0172539
0.0523849
0.108719
0.17741
0.252084
0.330114
0.410775
0.493314
0.576676
0.655725
0.719072
0.764811
0.798926
0.823612
0.838498
0.844622
0.846366
0.846633
0.8467
-0.0218321
-0.0122094
0.0240668
0.0827452
0.15444
0.232683
0.314705
0.399728
0.486923
0.575139
0.658847
0.725872
0.774174
0.810072
0.835971
0.851569
0.85819
0.860056
0.860323
0.860369
-0.0492002
-0.0395367
-0.00225619
0.0584525
0.132816
0.214227
0.299826
0.388828
0.480354
0.573172
0.661385
0.731994
0.782773
0.820382
0.847359
0.863613
0.870635
0.872602
0.872862
0.872878
-0.0750122
-0.0652779
-0.0270582
0.0353541
0.112133
0.196376
0.285197
0.377831
0.473383
0.57059
0.663209
0.737366
0.790568
0.829804
0.857764
0.874477
0.881755
0.883821
0.884071
0.884051
-0.0997445
-0.0898677
-0.0507803
0.0131549
0.092116
0.178883
0.270613
0.366566
0.465876
0.567271
0.664219
0.741948
0.797571
0.838359
0.867183
0.884247
0.891657
0.893706
0.893964
0.893919
-0.123676
-0.113587
-0.0737783
-0.00832727
0.0725737
0.161587
0.255945
0.354934
0.45773
0.56312
0.664344
0.745712
0.80383
0.846154
0.875731
0.893002
0.900389
0.902429
0.902647
0.902585
-0.146917
-0.136632
-0.0960825
-0.0292285
0.0533814
0.144412
0.241127
0.342871
0.448886
0.558064
0.66352
0.748653
0.809412
0.853334
0.883563
0.900902
0.908178
0.910127
0.910299
0.91021
-0.169645
-0.159079
-0.117773
-0.0496474
0.034483
0.127311
0.226131
0.330357
0.439327
0.552073
0.661689
0.750747
0.81438
0.860048
0.8909
0.908138
0.915153
0.916944
0.91706
0.916949
-0.191818
-0.180991
-0.138966
-0.0696411
0.0158654
0.110286
0.210977
0.317419
0.429064
0.545123
0.658798
0.751946
0.818785
0.866452
0.897924
0.914864
0.921431
0.922976
0.923005
0.922871
-0.213511
-0.202378
-0.159599
-0.0891983
-0.00245998
0.093361
0.195697
0.304105
0.418139
0.537229
0.654804
0.752182
0.822613
0.872673
0.904896
0.921334
0.927135
0.928273
0.9282
0.928058
-0.234554
-0.223195
-0.179665
-0.108281
-0.0204536
0.0765989
0.180351
0.290479
0.406618
0.52844
0.649676
0.751367
0.825794
0.878783
0.912125
0.927958
0.932586
0.932986
0.932721
0.932566
-0.255083
-0.243391
-0.199156
-0.126881
-0.038089
0.0600338
0.165026
0.276615
0.394581
0.518826
0.643412
0.749391
0.828186
0.884727
0.919863
0.935363
0.938455
0.937454
0.936687
0.93657
-0.274945
-0.262945
-0.21805
-0.144954
-0.0552941
0.0437463
0.149799
0.262631
0.382133
0.508449
0.636043
0.746143
0.82959
0.890286
0.928113
0.944234
0.946078
0.942902
0.940588
0.939867
-0.294194
-0.281905
-0.236296
-0.162451
-0.0720364
0.0278025
0.134754
0.248603
0.369381
0.497438
0.627629
0.741507
0.829767
0.895073
0.936384
0.954718
0.957011
0.952255
0.945972
0.937419
-0.312754
-0.300233
-0.253973
-0.179531
-0.088527
0.011934
0.119563
0.234142
0.355891
0.485309
0.617667
0.734946
0.82828
0.898806
0.944077
0.966224
0.971708
0.966745
0.95603
0.952561
-0.330576
-0.317921
-0.271076
-0.196161
-0.104764
-0.00383555
0.104244
0.219229
0.341623
0.47194
0.605958
0.726037
0.824338
0.900692
0.949262
0.974589
0.982465
0.980583
0.942762
0.895787
-0.34737
-0.334304
-0.287523
-0.21225
-0.120803
-0.0196123
0.0887623
0.203982
0.326628
0.457372
0.592405
0.714497
0.816754
0.899999
0.949861
0.970954
0.978347
0.957657
0.900561
0.839914
-0.364933
-0.349269
-0.303046
-0.227192
-0.136218
-0.0350572
0.0728359
0.188445
0.311026
0.441756
0.57699
0.700088
0.804048
0.897159
0.943485
0.97276
0.940415
0.889633
0.817999
0.751041
-0.352143
-0.331838
-0.280739
-0.200451
-0.103132
0.000878469
0.114186
0.232769
0.358715
0.49375
0.624125
0.736071
0.833338
0.928199
0.955949
0.880244
0.825118
0.756864
0.682992
0.634513
-0.371724
-0.358495
-0.321359
-0.250191
-0.159704
-0.0598064
0.0483949
0.163516
0.285492
0.415254
0.549119
0.671392
0.773205
0.861726
0.931314
0.912101
0.792066
0.70508
0.639569
0.557766
-0.392516
-0.378175
-0.336165
-0.263839
-0.172723
-0.0731802
0.0339542
0.148135
0.26919
0.397623
0.529932
0.650532
0.749333
0.825131
0.851527
0.766145
0.62443
0.527338
0.451046
0.364352
-0.413555
-0.401118
-0.354972
-0.281653
-0.19049
-0.0904671
0.0166686
0.130584
0.250785
0.377787
0.507378
0.623562
0.713267
0.773288
0.749233
0.614178
0.46213
0.345136
0.247489
0.116177
-0.436539
-0.423999
-0.37578
-0.301219
-0.20996
-0.109851
-0.00285207
0.110506
0.229619
0.354751
0.480927
0.591457
0.671493
0.709675
0.647908
0.464782
0.286913
0.137695
0.000109374
-0.187002
-0.458881
-0.446568
-0.397204
-0.321415
-0.22976
-0.129727
-0.0231402
0.0893717
0.207121
0.32996
0.452183
0.55622
0.628245
0.631136
0.519352
0.321742
0.114008
-0.0772703
-0.248686
-0.626635
-0.48139
-0.469319
-0.419415
-0.342785
-0.250781
-0.150741
-0.0445796
0.0670495
0.183295
0.303557
0.421391
0.517992
0.578107
0.548216
0.394578
0.193269
-0.0218647
-0.221841
-0.390422
-0.683236
-0.504823
-0.492885
-0.442694
-0.365555
-0.273323
-0.173267
-0.0674944
0.043262
0.157924
0.275389
0.38852
0.47722
0.521708
0.473139
0.282039
0.0863204
-0.113945
-0.280848
-0.350051
-0.388607
-0.529717
-0.517905
-0.467426
-0.390008
-0.297755
-0.197869
-0.0926481
0.0169957
0.129728
0.24387
0.351618
0.431657
0.458961
0.373886
0.180862
-0.00405624
-0.172611
-0.279603
-0.3152
-0.323758
-0.556327
-0.544473
-0.493775
-0.416169
-0.324024
-0.224502
-0.120061
-0.0118034
0.098615
0.20889
0.310491
0.381599
0.382403
0.267499
0.0882468
-0.0824205
-0.224047
-0.280051
-0.291449
-0.295277
-0.58474
-0.572787
-0.521816
-0.444062
-0.352135
-0.25317
-0.149739
-0.0431796
0.0645486
0.17048
0.265173
0.326681
0.302767
0.167848
0.00297433
-0.156626
-0.257046
-0.28325
-0.281154
-0.28123
-0.614722
-0.602969
-0.551509
-0.473655
-0.382056
-0.283832
-0.181671
-0.077121
0.0275478
0.128662
0.215996
0.265731
0.232003
0.0765884
-0.074124
-0.213733
-0.257371
-0.267801
-0.271639
-0.271838
-0.646112
-0.634365
-0.582641
-0.504787
-0.413656
-0.316386
-0.215768
-0.113552
-0.0123207
0.0836249
0.16319
0.201485
0.16014
-0.00138472
-0.141014
-0.238018
-0.278411
-0.268071
-0.266418
-0.266223
-0.678396
-0.666596
-0.61491
-0.537131
-0.446646
-0.350587
-0.251798
-0.152263
-0.0548466
0.0357606
0.107135
0.136433
0.0747037
-0.0694703
-0.193244
-0.245032
-0.26069
-0.262223
-0.262134
-0.261903
-0.710857
-0.699041
-0.647449
-0.570117
-0.480576
-0.386019
-0.289404
-0.192891
-0.0996679
-0.014496
0.0491439
0.0641157
-0.00684703
-0.127146
-0.223818
-0.25133
-0.255649
-0.259432
-0.259782
-0.259777
-0.742226
-0.730787
-0.67937
-0.603065
-0.51475
-0.422069
-0.328015
-0.234872
-0.146156
-0.0666722
-0.00868686
-0.0066412
-0.0784972
-0.180202
-0.241687
-0.28493
-0.265488
-0.260312
-0.258961
-0.258637
-0.770986
-0.760058
-0.709684
-0.634561
-0.548205
-0.457889
-0.366868
-0.277461
-0.193428
-0.119836
-0.0658877
-0.0686818
-0.143516
-0.227709
-0.269603
-0.26047
-0.26315
-0.260322
-0.258392
-0.257799
-0.795503
-0.785248
-0.736393
-0.663481
-0.579702
-0.492368
-0.404959
-0.319731
-0.240435
-0.17259
-0.123347
-0.123419
-0.19339
-0.272342
-0.3165
-0.31092
-0.284112
-0.266823
-0.260579
-0.259017
-0.813371
-0.804034
-0.757538
-0.687845
-0.607736
-0.524274
-0.441105
-0.360561
-0.286111
-0.223575
-0.179219
-0.172048
-0.22101
-0.290981
-0.336356
-0.32189
-0.297838
-0.28742
-0.280903
-0.276766
-0.822483
-0.813993
-0.771041
-0.705738
-0.63051
-0.552095
-0.474023
-0.398668
-0.329387
-0.271627
-0.22953
-0.211837
-0.22281
-0.226856
-0.252891
-0.26908
-0.291687
-0.301355
-0.299341
-0.296642
-0.818735
-0.811738
-0.775109
-0.715302
-0.646327
-0.57426
-0.502313
-0.432869
-0.369156
-0.31573
-0.273841
-0.244451
-0.216083
-0.119546
-0.130469
-0.202383
-0.249805
-0.26874
-0.277493
-0.281122
-0.800487
-0.795719
-0.767026
-0.715135
-0.653883
-0.589481
-0.524715
-0.46185
-0.404185
-0.355858
-0.31716
-0.286429
-0.255938
-0.144342
-0.113487
-0.217671
-0.282077
-0.30626
-0.315207
-0.318657
-0.768336
-0.764901
-0.745404
-0.704295
-0.652686
-0.597141
-0.540363
-0.484506
-0.43295
-0.390731
-0.36417
-0.356415
-0.415275
-0.540006
-0.596508
-0.548055
-0.473108
-0.425989
-0.411204
-0.407191
-0.726908
-0.724748
-0.713686
-0.684844
-0.643747
-0.597673
-0.549038
-0.500093
-0.454176
-0.417354
-0.395978
-0.423805
-0.564131
-0.854191
-0.982254
-0.791048
-0.551973
-0.450196
-0.412188
-0.402605
-0.684793
-0.683536
-0.678146
-0.661161
-0.63065
-0.592749
-0.551571
-0.508288
-0.466578
-0.431078
-0.414744
-0.398956
-0.352682
-0.211581
-0.0685963
0.0177025
-0.0399235
-0.142207
-0.186634
-0.190718
-0.65092
-0.65027
-0.647602
-0.637788
-0.616345
-0.585687
-0.549667
-0.510293
-0.468993
-0.430593
-0.402951
-0.351977
-0.231441
-0.0371522
0.113467
0.0478393
-0.133506
-0.213564
-0.202779
-0.187598
-0.626527
-0.62582
-0.624381
-0.620336
-0.605443
-0.579804
-0.546262
-0.507852
-0.465426
-0.421468
-0.383397
-0.362462
-0.306417
-0.322919
-0.411994
-0.563663
-0.718775
-0.794938
-0.74502
-0.683954
-0.609405
-0.609135
-0.608501
-0.606563
-0.598166
-0.576242
-0.543533
-0.503585
-0.458156
-0.406709
-0.362459
-0.338922
-0.328248
-0.402679
-0.557424
-0.7046
-0.793509
-0.790242
-0.698277
-0.614279
-0.598878
-0.598834
-0.598488
-0.597772
-0.59367
-0.575025
-0.541901
-0.498693
-0.446528
-0.387746
-0.321659
-0.262579
-0.194043
-0.181581
-0.220236
-0.288223
-0.249217
-0.0920319
0.0807798
0.188258
-0.59185
-0.591796
-0.591333
-0.590628
-0.589196
-0.575882
-0.542188
-0.493942
-0.435932
-0.367503
-0.280119
-0.187247
-0.0306392
0.159102
0.383877
0.615157
0.851076
1.08483
1.24689
1.32416
-0.589098
-0.589016
-0.588758
-0.58825
-0.587637
-0.580378
-0.545166
-0.491722
-0.427801
-0.346713
-0.245488
-0.132349
0.0301868
0.304976
0.684891
1.08731
1.44709
1.70601
1.84768
1.89891
-0.586506
-0.58716
-0.589052
-0.593132
-0.597222
-0.588278
-0.549081
-0.493343
-0.424124
-0.336312
-0.229064
-0.107366
0.0289651
0.302433
0.701591
1.09115
1.42396
1.64937
1.76092
1.79747
-0.581589
-0.582916
-0.584188
-0.584295
-0.584703
-0.57609
-0.547627
-0.500567
-0.429877
-0.337103
-0.227612
-0.111335
-0.00671799
0.213585
0.561891
0.877431
1.14044
1.30737
1.38574
1.40992
-0.602468
-0.602524
-0.595841
-0.570073
-0.533003
-0.526189
-0.545099
-0.517524
-0.442942
-0.343961
-0.23591
-0.128598
-0.032428
0.115622
0.382073
0.616847
0.806335
0.922149
0.973743
0.989032
-0.664763
-0.66146
-0.65489
-0.638133
-0.620094
-0.612902
-0.618908
-0.560772
-0.464324
-0.353709
-0.245659
-0.148613
-0.0661364
0.0381264
0.220296
0.380424
0.50655
0.58012
0.612049
0.621227
-0.788153
-0.787423
-0.813233
-0.857424
-0.879006
-0.857289
-0.7835
-0.635753
-0.490522
-0.362085
-0.254807
-0.169315
-0.101218
-0.0233905
0.0975936
0.197046
0.26638
0.305057
0.321112
0.326183
-0.907062
-0.914832
-0.953935
-0.998682
-1.01781
-0.989551
-0.880027
-0.679871
-0.500404
-0.361895
-0.257056
-0.183448
-0.128857
-0.0731994
-0.000640662
0.0554831
0.08825
0.101762
0.107592
0.110455
-0.871563
-0.882053
-0.912978
-0.949247
-0.967144
-0.938339
-0.815836
-0.627767
-0.464021
-0.335829
-0.245623
-0.191011
-0.152363
-0.109089
-0.0615342
-0.0322097
-0.0211882
-0.0192251
-0.0169317
-0.0142506
-0.629359
-0.641541
-0.671522
-0.712099
-0.736355
-0.714161
-0.613108
-0.486603
-0.372824
-0.282982
-0.219268
-0.184092
-0.164168
-0.133238
-0.0950037
-0.0711712
-0.0597667
-0.0559582
-0.0524283
-0.0502629
-0.276769
-0.284612
-0.303673
-0.33316
-0.362839
-0.369546
-0.345907
-0.303621
-0.25567
-0.212301
-0.178447
-0.164006
-0.16302
-0.138995
-0.10409
-0.0771096
-0.0615414
-0.0525292
-0.0481877
-0.0466308
0.0158111
0.0119176
0.00111336
-0.0216137
-0.0558707
-0.0934408
-0.121827
-0.138667
-0.144043
-0.137779
-0.129032
-0.128555
-0.135406
-0.111194
-0.0778199
-0.0530435
-0.0375101
-0.0280258
-0.0237332
-0.0229716
0.171993
0.169674
0.163064
0.144817
0.110894
0.0628506
0.012747
-0.0289564
-0.0572428
-0.0718666
-0.0762812
-0.0779734
-0.0785736
-0.0587194
-0.0386607
-0.0240009
-0.0134125
-0.00640115
-0.00360287
-0.00358278
0.218858
0.217634
0.213216
0.19934
0.171315
0.129751
0.0831271
0.0384851
0.00334997
-0.0187349
-0.0264778
-0.0223389
-0.0111536
0.00225
0.00778686
0.0101627
0.0136029
0.0166868
0.0180672
0.0176347
0.212061
0.211379
0.208417
0.198826
0.178927
0.148594
0.112238
0.0748035
0.0429647
0.0213563
0.0153745
0.0255707
0.0432333
0.0511416
0.0467268
0.0415293
0.0394279
0.0393069
0.0389574
0.0379515
0.186162
0.185865
0.184019
0.17788
0.164764
0.144146
0.118043
0.0897817
0.0645576
0.0473393
0.0446713
0.0580382
0.0774113
0.0803668
0.0695456
0.0617068
0.0581638
0.0566526
0.0554454
0.0541856
0.156032
0.156019
0.154938
0.151213
0.142965
0.129555
0.111843
0.0919366
0.0735117
0.0613062
0.0616769
0.0752231
0.0915055
0.0913858
0.0789339
0.0709551
0.0668563
0.0645868
0.0625976
0.0613331
0.126823
0.126843
0.126341
0.124187
0.119203
0.110768
0.0992084
0.085883
0.0732582
0.0651066
0.0670804
0.0792434
0.0913076
0.0883875
0.0774124
0.0709642
0.0671955
0.0646048
0.0622442
0.061132
0.099954
0.100082
0.0997831
0.0986063
0.0956707
0.0905221
0.0832189
0.074576
0.0662894
0.0611507
0.0636248
0.0731399
0.0815946
0.0772212
0.0678496
0.0631907
0.0608895
0.0587874
0.0572538
0.0564839
0.0752996
0.075437
0.0753351
0.0747573
0.0731903
0.0702319
0.0658425
0.0604634
0.0551527
0.0516064
0.0528781
0.0583167
0.0634005
0.058696
0.0512484
0.0499009
0.0500843
0.0497469
0.0490088
0.0484146
0.0527549
0.0528844
0.0528795
0.0526571
0.0519119
0.0503735
0.0479046
0.0446725
0.0412621
0.0385856
0.0375793
0.0366236
0.0335251
0.028369
0.0282079
0.0319738
0.0348522
0.0359469
0.0359209
0.0355481
0.0320947
0.0322047
0.0322322
0.0321931
0.0319358
0.0312591
0.0300627
0.0284118
0.0264334
0.0241541
0.0211759
0.013801
0.000500761
-0.00224136
0.00586483
0.0137859
0.0184353
0.0199928
0.0200874
0.0198582
0.00415857
0.00414972
0.00416311
0.0043331
0.00452736
0.00454989
0.0044104
0.00409305
0.003852
0.00294456
0.000409692
-0.00547734
-0.00639827
-0.00401505
-0.000866434
-0.00183588
-0.00251299
-0.00165356
-0.000158582
0.00580994
-0.954525
-0.343415
0.0783193
0.328959
0.511892
0.651317
0.759341
0.847678
0.942592
1.01956
-0.011399
0.187072
0.359717
0.507641
0.630638
0.730702
0.812089
0.878197
0.918335
0.923826
0.320425
0.435968
0.544761
0.644068
0.729171
0.800809
0.859315
0.903451
0.932603
0.95068
0.527568
0.605723
0.681097
0.751171
0.812483
0.86466
0.907544
0.94129
0.967658
0.986527
0.679411
0.732418
0.790802
0.84204
0.888066
0.92801
0.961933
0.990255
1.01383
1.03056
0.800058
0.840684
0.885355
0.925143
0.961772
0.994697
1.02358
1.04844
1.06931
1.08333
0.901538
0.936178
0.972005
1.0062
1.03812
1.06749
1.0937
1.11633
1.13489
1.14651
0.994052
1.0254
1.05832
1.0909
1.12149
1.1497
1.17477
1.19606
1.21271
1.22243
1.08462
1.11753
1.15191
1.18593
1.21718
1.24535
1.26984
1.29006
1.30511
1.31394
1.18628
1.22417
1.26178
1.29795
1.32994
1.35766
1.38098
1.39978
1.41358
1.42298
1.3129
1.35563
1.39457
1.43001
1.46022
1.48574
1.5072
1.52467
1.53806
1.54928
1.47418
1.51571
1.54925
1.57824
1.60263
1.62409
1.64363
1.66097
1.67592
1.68964
1.66459
1.69401
1.71561
1.73472
1.75296
1.77029
1.7864
1.80209
1.81878
1.83601
1.86115
1.87176
1.88402
1.89854
1.91307
1.92597
1.93725
1.94807
1.96078
1.97634
2.04809
2.05767
2.06728
2.06931
2.06987
2.07406
2.08487
2.1012
2.11854
2.12323
2.35272
2.29385
2.24213
2.2021
2.17971
2.17562
2.18917
2.22287
2.27885
2.35818
0.921944
0.864836
0.822445
0.788913
0.764589
0.747182
0.734699
0.72575
0.719618
0.716128
0.715749
0.718639
0.724116
0.732091
0.743031
0.758017
0.778795
0.807539
0.845986
0.894076
0.726314
0.735345
0.74149
0.742104
0.738131
0.731743
0.725166
0.719642
0.715782
0.71413
0.715322
0.718951
0.724283
0.730858
0.73786
0.743584
0.745633
0.742303
0.733952
0.726767
0.701841
0.703939
0.708537
0.712292
0.715302
0.717058
0.71684
0.715064
0.71284
0.711261
0.711287
0.713138
0.715901
0.718582
0.720078
0.719558
0.717257
0.714043
0.709937
0.705503
0.695628
0.696528
0.699033
0.701673
0.703615
0.705077
0.706245
0.70682
0.706727
0.706493
0.70686
0.707956
0.709041
0.709454
0.708998
0.707999
0.706589
0.704451
0.701848
0.699825
0.690138
0.690603
0.692013
0.694063
0.695999
0.697526
0.698665
0.699624
0.700415
0.701041
0.701697
0.702335
0.702621
0.702473
0.701982
0.701067
0.699602
0.697761
0.696099
0.695075
0.684997
0.685287
0.686202
0.687674
0.68932
0.690935
0.692345
0.693511
0.694556
0.695546
0.69641
0.69696
0.697112
0.696903
0.696276
0.695229
0.693932
0.69261
0.691533
0.690907
0.680035
0.680239
0.680925
0.682096
0.683478
0.684933
0.686417
0.687821
0.689096
0.690292
0.691339
0.691996
0.692179
0.69191
0.691251
0.690363
0.689389
0.688405
0.68763
0.687189
0.675199
0.675354
0.675899
0.676882
0.678107
0.679446
0.680877
0.682371
0.683859
0.685289
0.686555
0.687371
0.687631
0.68744
0.686953
0.686297
0.685561
0.684822
0.684253
0.683922
0.670417
0.670539
0.670986
0.671835
0.672963
0.674241
0.67564
0.677169
0.678804
0.680481
0.682016
0.683052
0.683496
0.683515
0.683258
0.682825
0.682292
0.68176
0.68135
0.681094
0.665601
0.6657
0.666077
0.666836
0.667902
0.669146
0.670555
0.672147
0.673923
0.675847
0.677699
0.679049
0.679782
0.680072
0.680059
0.679852
0.67953
0.67918
0.678897
0.678695
0.66066
0.660741
0.66107
0.66177
0.662805
0.664051
0.665509
0.667207
0.669166
0.671372
0.673608
0.675365
0.67646
0.677064
0.677324
0.677355
0.677246
0.677067
0.67689
0.676728
0.655504
0.655572
0.655866
0.656535
0.65757
0.658865
0.660413
0.662265
0.664469
0.667028
0.669737
0.671989
0.673511
0.674479
0.675049
0.675337
0.675447
0.675433
0.675347
0.675216
0.65004
0.650096
0.650369
0.651031
0.652103
0.653489
0.655177
0.657243
0.659766
0.662774
0.666064
0.66891
0.670937
0.672324
0.673245
0.673821
0.674162
0.674315
0.674311
0.674205
0.644165
0.644212
0.644474
0.645152
0.646297
0.647819
0.649706
0.652061
0.654989
0.658562
0.662563
0.666122
0.668748
0.670624
0.671944
0.67286
0.673453
0.673772
0.673843
0.673755
0.637761
0.637799
0.638058
0.638774
0.640031
0.641742
0.643896
0.646625
0.650069
0.654342
0.65921
0.663626
0.666963
0.669419
0.671203
0.67249
0.673368
0.673872
0.674016
0.673943
0.630684
0.630713
0.630977
0.631754
0.633165
0.635126
0.637625
0.64083
0.644923
0.650059
0.65598
0.661425
0.665608
0.668746
0.67108
0.672797
0.674008
0.674706
0.674922
0.674861
0.622758
0.622777
0.623055
0.623913
0.625527
0.627804
0.630745
0.634553
0.639456
0.645652
0.652849
0.659529
0.664715
0.668658
0.671641
0.673873
0.67546
0.676373
0.676661
0.676609
0.613744
0.613769
0.614077
0.615033
0.616897
0.619575
0.623084
0.627654
0.633566
0.641065
0.649807
0.657958
0.664333
0.669221
0.672967
0.675806
0.67783
0.678978
0.679339
0.679293
0.603339
0.603353
0.603702
0.604806
0.606998
0.610205
0.614432
0.619962
0.627135
0.63624
0.646849
0.656744
0.664513
0.670515
0.675155
0.678695
0.681224
0.682627
0.683061
0.683016
0.591162
0.59117
0.59156
0.59286
0.595489
0.599375
0.604523
0.611275
0.620034
0.631118
0.643973
0.655926
0.665317
0.672609
0.678294
0.682645
0.685746
0.687417
0.687918
0.68787
0.576658
0.576662
0.577115
0.578682
0.581885
0.58667
0.593024
0.601358
0.612126
0.625649
0.641192
0.655549
0.666809
0.675575
0.682472
0.687742
0.691472
0.693417
0.693973
0.693916
0.559059
0.559059
0.559606
0.561554
0.565553
0.571561
0.579534
0.589954
0.603296
0.619831
0.638565
0.655691
0.669065
0.679497
0.687728
0.694043
0.698444
0.700646
0.701238
0.701164
0.5372
0.537193
0.537903
0.540446
0.545611
0.55336
0.563585
0.576817
0.593483
0.613723
0.636199
0.65645
0.672165
0.684428
0.694129
0.701566
0.706641
0.709053
0.70965
0.709551
0.509311
0.509302
0.510302
0.513834
0.52085
0.531219
0.544699
0.561788
0.582737
0.607474
0.634254
0.657953
0.676185
0.690407
0.701659
0.710279
0.715951
0.718485
0.719042
0.718911
0.472341
0.472347
0.473977
0.479426
0.489728
0.504254
0.522565
0.544925
0.571292
0.601354
0.632957
0.660351
0.681209
0.697456
0.710308
0.720042
0.726156
0.728674
0.729139
0.72897
0.420453
0.420684
0.424406
0.434283
0.450703
0.47207
0.497409
0.526703
0.559661
0.5958
0.63261
0.663819
0.687317
0.705552
0.719925
0.730621
0.736908
0.739235
0.739563
0.739357
0.346167
0.348504
0.359418
0.378716
0.40528
0.436203
0.470486
0.507958
0.548341
0.591134
0.633529
0.668811
0.695138
0.715531
0.731498
0.742968
0.749228
0.751281
0.751486
0.751281
0.267235
0.273413
0.292714
0.322178
0.35952
0.400286
0.443568
0.489324
0.537404
0.587359
0.636148
0.676391
0.706209
0.729168
0.747008
0.759151
0.764994
0.766576
0.76669
0.766566
0.199188
0.205724
0.231633
0.269812
0.316362
0.366173
0.418092
0.471962
0.527613
0.584577
0.639524
0.684424
0.717477
0.742736
0.761954
0.774243
0.779573
0.780903
0.781034
0.780964
0.14349
0.150454
0.180329
0.224692
0.278092
0.335307
0.394707
0.455928
0.518643
0.582261
0.643085
0.692396
0.728451
0.755759
0.77616
0.788789
0.793997
0.795248
0.795411
0.795373
0.0973085
0.104598
0.137004
0.186069
0.244877
0.308109
0.373791
0.441426
0.51051
0.580315
0.646718
0.700248
0.739171
0.768462
0.790108
0.803243
0.808667
0.809942
0.810072
0.810057
0.0581387
0.0655992
0.0997795
0.152367
0.215722
0.284044
0.355122
0.428394
0.503232
0.578757
0.650419
0.707991
0.749704
0.78096
0.803825
0.817717
0.82349
0.824779
0.824951
0.824948
0.0239564
0.0315184
0.0669755
0.122505
0.189627
0.262327
0.338168
0.416488
0.496561
0.577391
0.654033
0.715491
0.759911
0.7931
0.817284
0.831855
0.838038
0.839451
0.839653
0.839656
-0.00672812
0.000931206
0.0374237
0.0954748
0.165781
0.242287
0.322359
0.405246
0.490153
0.575971
0.657371
0.722571
0.769604
0.804633
0.83002
0.845343
0.851904
0.853527
0.85375
0.853753
-0.0348831
-0.0271437
0.010243
0.0704633
0.143534
0.223398
0.30725
0.394304
0.483702
0.574246
0.660218
0.729044
0.778592
0.815359
0.841868
0.857912
0.86481
0.866634
0.866878
0.866867
-0.0612771
-0.0534342
-0.0151944
0.0468041
0.122416
0.205278
0.292521
0.383378
0.476951
0.571986
0.662412
0.734796
0.78679
0.825226
0.852715
0.869337
0.876529
0.878492
0.878742
0.878715
-0.0863753
-0.0784028
-0.0393156
0.0241823
0.102088
0.187627
0.277932
0.372262
0.469723
0.569046
0.663838
0.739772
0.794182
0.834206
0.862629
0.879612
0.886989
0.88903
0.889267
0.889217
-0.110555
-0.10242
-0.0625622
0.00235499
0.0823225
0.170241
0.263316
0.36082
0.461904
0.565321
0.664412
0.743949
0.800805
0.84236
0.871586
0.888823
0.896271
0.898308
0.898526
0.898449
-0.133981
-0.125637
-0.0852129
-0.0188224
0.0629619
0.153011
0.248575
0.348975
0.453413
0.560721
0.664067
0.747301
0.806717
0.849829
0.879748
0.897096
0.904491
0.906497
0.906683
0.906588
-0.156801
-0.148302
-0.107147
-0.0394783
0.0439197
0.13587
0.233665
0.336684
0.444212
0.555199
0.662747
0.74982
0.811981
0.856755
0.887305
0.904632
0.911835
0.913726
0.913868
0.913756
-0.179099
-0.17042
-0.128534
-0.0596871
0.0251587
0.118805
0.218587
0.323955
0.43429
0.548724
0.660388
0.751471
0.816665
0.863296
0.894456
0.911581
0.918422
0.920124
0.920196
0.920059
-0.200901
-0.192025
-0.14943
-0.0794712
0.00667821
0.101826
0.203357
0.310817
0.423687
0.541303
0.65695
0.752199
0.820786
0.869594
0.901417
0.918137
0.924378
0.925755
0.925738
0.925588
-0.222158
-0.213093
-0.169761
-0.0987977
-0.0114897
0.0849665
0.188039
0.297331
0.412456
0.532953
0.652391
0.751923
0.824304
0.875755
0.908478
0.924616
0.929896
0.930732
0.930584
0.930451
-0.242826
-0.233567
-0.189525
-0.117646
-0.029309
0.0682913
0.172693
0.283577
0.400665
0.52374
0.64669
0.750539
0.827114
0.881798
0.915939
0.931539
0.935433
0.935244
0.934795
0.934664
-0.262903
-0.253439
-0.208711
-0.135989
-0.0467418
0.0518662
0.157402
0.269642
0.388406
0.513729
0.639871
0.74794
0.82904
0.887589
0.923958
0.939603
0.941968
0.939934
0.938625
0.938526
-0.282326
-0.272661
-0.227285
-0.153784
-0.0637272
0.0357405
0.142248
0.255616
0.375786
0.503016
0.631962
0.744011
0.829864
0.892819
0.932317
0.949327
0.951109
0.946935
0.943307
0.941926
-0.30112
-0.291264
-0.245223
-0.171037
-0.0802947
0.0198984
0.127211
0.241469
0.362781
0.491572
0.622896
0.738527
0.829307
0.897126
0.940404
0.960477
0.964073
0.959321
0.951372
0.93661
-0.3193
-0.309279
-0.262622
-0.187929
-0.0966864
0.00404438
0.111917
0.226748
0.348857
0.478779
0.612039
0.73081
0.826707
0.900056
0.947149
0.971082
0.978346
0.972111
0.962149
0.925309
-0.337104
-0.326448
-0.279425
-0.204313
-0.112785
-0.0116879
0.0965485
0.211667
0.334233
0.464822
0.59943
0.720623
0.821137
0.900722
0.950296
0.974546
0.98166
0.976583
0.924956
0.867695
-0.355803
-0.341538
-0.295426
-0.220053
-0.128785
-0.0275225
0.0808411
0.196227
0.318878
0.44966
0.584898
0.707641
0.811145
0.898772
0.947338
0.959446
0.964807
0.930327
0.864841
0.801007
-0.375403
-0.375138
-0.316004
-0.232858
-0.141593
-0.0407394
0.065307
0.181082
0.303527
0.434093
0.569078
0.692189
0.796079
0.896166
0.913806
0.928339
0.901727
0.838325
0.763797
0.693497
-0.351508
-0.348188
-0.28982
-0.206547
-0.110357
-0.00640849
0.104572
0.22298
0.348604
0.483153
0.612957
0.724414
0.819061
0.913979
0.922331
0.824826
0.740982
0.673136
0.60086
0.461118
-0.390462
-0.363448
-0.302822
-0.21877
-0.122847
-0.0189553
0.0914553
0.209278
0.334057
0.467252
0.594903
0.703786
0.788868
0.853287
0.82167
0.68911
0.570919
0.489268
0.406264
0.249423
-0.414865
-0.383419
-0.321273
-0.237861
-0.141768
-0.0379804
0.0725936
0.189672
0.313192
0.444247
0.568664
0.672371
0.748327
0.776197
0.696902
0.535097
0.398782
0.297297
0.185049
-0.0371179
-0.438284
-0.404916
-0.341273
-0.257229
-0.161115
-0.0574094
0.0528223
0.169001
0.291012
0.419458
0.539563
0.636017
0.700212
0.692117
0.557403
0.374261
0.208595
0.0705444
-0.0837228
-0.443626
-0.460911
-0.426726
-0.361984
-0.277074
-0.18088
-0.0773816
0.0322125
0.147348
0.267626
0.39305
0.507969
0.59634
0.641944
0.60423
0.421866
0.218423
0.0137911
-0.156763
-0.401126
-0.915783
-0.4834
-0.449143
-0.383702
-0.298197
-0.201831
-0.0985575
0.0103986
0.124387
0.242702
0.36473
0.473892
0.554126
0.579372
0.492206
0.29743
0.0847006
-0.125575
-0.310138
-0.48376
-1.03917
-0.506894
-0.47251
-0.406689
-0.320822
-0.224324
-0.12124
-0.012894
0.0999099
0.216105
0.334447
0.437561
0.507864
0.508533
0.378435
0.189226
-0.0162114
-0.204945
-0.329759
-0.363312
-0.407881
-0.531806
-0.497301
-0.431246
-0.345232
-0.248789
-0.146065
-0.0385094
0.0728215
0.186473
0.300451
0.39706
0.454286
0.432461
0.27278
0.090742
-0.0916177
-0.238705
-0.298799
-0.319804
-0.324938
-0.558438
-0.523699
-0.457466
-0.371417
-0.275199
-0.173029
-0.0665325
0.0429994
0.153684
0.262642
0.352091
0.393853
0.355765
0.17442
0.00122075
-0.158772
-0.267851
-0.292193
-0.294481
-0.295025
-0.586934
-0.551842
-0.485391
-0.39937
-0.303525
-0.202137
-0.0969647
0.0104392
0.117708
0.221078
0.302301
0.330849
0.261165
0.0846274
-0.0798485
-0.219181
-0.268448
-0.280922
-0.281336
-0.280858
-0.617159
-0.581675
-0.514984
-0.429084
-0.333756
-0.233362
-0.129792
-0.0248647
0.0785794
0.17585
0.248163
0.262828
0.163393
0.00175134
-0.148903
-0.256692
-0.269553
-0.27059
-0.271923
-0.271568
-0.648657
-0.612991
-0.546068
-0.460389
-0.36576
-0.266604
-0.164938
-0.0628526
0.0364214
0.127156
0.190724
0.188173
0.07782
-0.0714399
-0.201839
-0.245903
-0.263823
-0.2663
-0.266337
-0.266092
-0.681075
-0.645104
-0.578309
-0.492982
-0.399281
-0.301636
-0.202188
-0.103313
-0.00851992
0.0755622
0.129713
0.115079
-0.00180414
-0.131947
-0.23477
-0.275742
-0.265079
-0.262234
-0.262013
-0.261768
-0.713487
-0.677461
-0.611169
-0.526374
-0.433879
-0.33806
-0.241177
-0.145875
-0.055898
0.0219027
0.0648224
0.047466
-0.0734706
-0.177309
-0.251469
-0.252523
-0.257836
-0.25968
-0.259814
-0.259698
-0.744843
-0.70933
-0.643376
-0.55985
-0.468906
-0.375302
-0.281355
-0.189934
-0.105131
-0.0331897
0.00229698
-0.0213941
-0.135538
-0.219336
-0.241516
-0.261059
-0.260469
-0.259383
-0.258753
-0.258547
-0.773565
-0.739077
-0.674224
-0.592315
-0.503457
-0.412549
-0.32198
-0.234709
-0.155245
-0.0890511
-0.0548955
-0.0924227
-0.189034
-0.259502
-0.263824
-0.263313
-0.262231
-0.259108
-0.258015
-0.257603
-0.797955
-0.764937
-0.70198
-0.622492
-0.53638
-0.448763
-0.362081
-0.279249
-0.204994
-0.144651
-0.111328
-0.150937
-0.232289
-0.306556
-0.331267
-0.300153
-0.273599
-0.262653
-0.259643
-0.258378
-0.815658
-0.784846
-0.724599
-0.648684
-0.566301
-0.482693
-0.400503
-0.322479
-0.253209
-0.198385
-0.167535
-0.19352
-0.24891
-0.334261
-0.336764
-0.30828
-0.291749
-0.283827
-0.27851
-0.275627
-0.82436
-0.796342
-0.7402
-0.668994
-0.591572
-0.513054
-0.436003
-0.363212
-0.298828
-0.248708
-0.215226
-0.223251
-0.215267
-0.255158
-0.25766
-0.279889
-0.298969
-0.300816
-0.297667
-0.296623
-0.821239
-0.797329
-0.746929
-0.681638
-0.610576
-0.538305
-0.467273
-0.400259
-0.340905
-0.295038
-0.253134
-0.243288
-0.168706
-0.0999423
-0.156987
-0.230327
-0.261052
-0.273961
-0.279774
-0.281756
-0.802619
-0.784902
-0.743012
-0.685274
-0.622016
-0.557155
-0.493033
-0.432297
-0.378664
-0.336938
-0.294108
-0.280845
-0.210758
-0.0743527
-0.165036
-0.257115
-0.297095
-0.311802
-0.317405
-0.319378
-0.770153
-0.757943
-0.726883
-0.679337
-0.62525
-0.56891
-0.512287
-0.45806
-0.41058
-0.374944
-0.347976
-0.376902
-0.474436
-0.564388
-0.5872
-0.5089
-0.443954
-0.416417
-0.408414
-0.407016
-0.728463
-0.720928
-0.701442
-0.665261
-0.621102
-0.57368
-0.524526
-0.4766
-0.434213
-0.405471
-0.389119
-0.475852
-0.692345
-0.97331
-0.922221
-0.640298
-0.491353
-0.425242
-0.406028
-0.399527
-0.685975
-0.681808
-0.67138
-0.647241
-0.612368
-0.572682
-0.530092
-0.48711
-0.44765
-0.418917
-0.401641
-0.398806
-0.279434
-0.143609
-0.00730741
0.00197408
-0.0960048
-0.171476
-0.191386
-0.188184
-0.65162
-0.649457
-0.643995
-0.628439
-0.602008
-0.568001
-0.530423
-0.489678
-0.449687
-0.413218
-0.393637
-0.30868
-0.13402
0.057644
0.112499
-0.0499145
-0.192311
-0.212931
-0.191645
-0.193483
-0.626231
-0.625215
-0.623127
-0.614412
-0.593745
-0.563819
-0.52776
-0.487371
-0.44309
-0.401589
-0.37517
-0.336497
-0.303448
-0.35936
-0.481814
-0.644321
-0.776712
-0.779358
-0.708906
-0.67502
-0.609331
-0.608836
-0.608019
-0.60377
-0.588788
-0.561015
-0.524451
-0.481235
-0.433154
-0.38266
-0.344566
-0.333492
-0.347194
-0.472384
-0.645794
-0.755664
-0.807409
-0.749679
-0.649992
-0.601506
-0.598882
-0.598698
-0.598156
-0.596682
-0.586435
-0.559987
-0.521176
-0.47362
-0.4192
-0.352331
-0.29491
-0.219481
-0.182121
-0.191473
-0.259659
-0.284739
-0.182293
-0.00105659
0.145833
0.210341
-0.591864
-0.591622
-0.590915
-0.590406
-0.584869
-0.561284
-0.519531
-0.466734
-0.40241
-0.326126
-0.234401
-0.111762
0.0625415
0.263796
0.502224
0.727625
0.973954
1.17678
1.29567
1.33782
-0.589063
-0.588921
-0.588522
-0.588219
-0.58666
-0.566014
-0.519981
-0.461101
-0.389595
-0.29964
-0.186232
-0.0719777
0.157172
0.481533
0.886159
1.27709
1.59118
1.79123
1.88212
1.90648
-0.586764
-0.587871
-0.590802
-0.595151
-0.595635
-0.571979
-0.522598
-0.46063
-0.383511
-0.283421
-0.16877
-0.0507016
0.138843
0.494878
0.900963
1.26732
1.55243
1.71767
1.78609
1.80232
-0.582299
-0.583549
-0.584441
-0.584155
-0.582448
-0.56427
-0.526453
-0.468558
-0.385694
-0.282663
-0.169779
-0.0578601
0.0781313
0.385511
0.72475
1.01867
1.2371
1.3558
1.40273
1.41262
-0.602793
-0.600912
-0.585575
-0.549984
-0.524457
-0.538622
-0.538488
-0.484378
-0.395393
-0.289578
-0.181889
-0.0778488
0.0213401
0.246274
0.504756
0.718558
0.874271
0.954377
0.984821
0.988974
-0.663224
-0.65896
-0.64853
-0.627727
-0.615121
-0.618573
-0.598545
-0.514876
-0.410248
-0.297807
-0.194825
-0.105372
-0.0275706
0.128224
0.304399
0.448167
0.550532
0.600039
0.618208
0.621415
-0.78506
-0.797697
-0.834221
-0.872901
-0.872059
-0.8316
-0.712728
-0.561423
-0.424306
-0.304213
-0.20918
-0.133164
-0.0724242
0.0384828
0.151235
0.235261
0.289539
0.315094
0.324927
0.325853
-0.906576
-0.931342
-0.978064
-1.01259
-1.00954
-0.952241
-0.781346
-0.585832
-0.42645
-0.303791
-0.217263
-0.154678
-0.10678
-0.0353559
0.030501
0.0745947
0.0964197
0.105435
0.109364
0.110537
-0.874557
-0.895033
-0.931725
-0.961962
-0.960099
-0.893197
-0.721375
-0.542542
-0.39539
-0.285416
-0.215406
-0.169609
-0.136387
-0.0824272
-0.0445646
-0.0246733
-0.019809
-0.0183537
-0.015441
-0.0138
-0.633432
-0.654394
-0.691405
-0.727217
-0.733445
-0.672607
-0.549203
-0.427885
-0.324991
-0.247093
-0.198263
-0.172881
-0.156191
-0.113192
-0.0803721
-0.0641346
-0.0576274
-0.0544197
-0.0508725
-0.0501938
-0.279795
-0.292558
-0.317553
-0.349251
-0.369919
-0.360741
-0.32675
-0.279298
-0.233677
-0.193062
-0.168379
-0.16293
-0.157123
-0.120592
-0.0890766
-0.0683972
-0.0560191
-0.049951
-0.0471347
-0.0467049
0.0140468
0.00783435
-0.00871534
-0.0374819
-0.0751709
-0.108708
-0.131554
-0.142818
-0.141982
-0.132737
-0.127265
-0.13222
-0.130073
-0.0937377
-0.0638807
-0.0445466
-0.032194
-0.0252585
-0.0229735
-0.0234803
0.170799
0.167409
0.1557
0.129848
0.0882816
0.0372329
-0.00934568
-0.044781
-0.0659752
-0.074875
-0.0771219
-0.0788869
-0.0719143
-0.0488049
-0.0305596
-0.0182842
-0.00941757
-0.00451443
-0.00339767
-0.0040376
0.218238
0.216215
0.207772
0.187213
0.151874
0.106646
0.0601692
0.0196203
-0.0093715
-0.0242979
-0.0256401
-0.0169947
-0.00261388
0.00548769
0.00881025
0.0117936
0.0153043
0.0176522
0.0180106
0.0171632
0.211757
0.210437
0.204689
0.190271
0.16488
0.130949
0.0932719
0.0580461
0.030625
0.016075
0.0190355
0.0338643
0.0518203
0.0501586
0.0435745
0.0401222
0.0393119
0.039187
0.0384957
0.0375168
0.18606
0.185285
0.181655
0.172287
0.15531
0.131674
0.103885
0.0766092
0.0546287
0.0437985
0.0498426
0.0677813
0.083129
0.0754801
0.0650476
0.0594293
0.0574444
0.0560862
0.0548059
0.0537475
0.15606
0.155679
0.153522
0.147731
0.136873
0.121187
0.101961
0.0823272
0.0663731
0.059554
0.0673313
0.0837405
0.0945211
0.0847385
0.0744622
0.0685819
0.0656453
0.0635368
0.0618866
0.0609632
0.126891
0.12671
0.125538
0.122109
0.115408
0.105355
0.092634
0.0793155
0.0684304
0.0645517
0.0724462
0.085799
0.0919744
0.0816106
0.0737758
0.0688448
0.0658988
0.0631951
0.061552
0.060826
0.10005
0.09999
0.0993595
0.0974159
0.0933802
0.0871358
0.0789748
0.070253
0.0632039
0.0612789
0.0678769
0.0778968
0.0807996
0.0714263
0.0649809
0.0619339
0.0598755
0.0579351
0.0567784
0.0562237
0.0753917
0.0754218
0.0751365
0.0741236
0.0719018
0.0682191
0.0632157
0.0576804
0.0531105
0.051692
0.055342
0.0613523
0.062344
0.0536191
0.050126
0.0499576
0.0500796
0.0494145
0.048695
0.0481302
0.052838
0.0528965
0.0528057
0.0523716
0.0512518
0.0492631
0.0463407
0.0429298
0.0398904
0.0380673
0.0371761
0.0353111
0.0311516
0.0271718
0.0299013
0.0336772
0.0355051
0.0360389
0.0357629
0.0352742
0.0321647
0.0322221
0.0322297
0.0321016
0.0316609
0.0307273
0.0292734
0.0275145
0.0253778
0.0230112
0.0180772
0.00625351
-0.00228871
0.000856818
0.010078
0.0166448
0.0194183
0.0201332
0.0200014
0.0196236
0.0131601
0.0132432
0.0132572
0.013301
0.0132677
0.0131476
0.0128087
0.0122313
0.0114142
0.0101289
0.00778723
-2.01956e-05
-0.0138693
-0.015273
-0.00562723
0.00237797
0.00452367
0.00551486
0.0056654
0.00564213
-0.605089
-0.0960977
0.214165
0.424814
0.58573
0.707732
0.805941
0.891322
0.993419
0.985773
0.121994
0.276651
0.437024
0.572311
0.683403
0.773344
0.847274
0.902622
0.925057
0.93142
0.39064
0.490845
0.596232
0.688368
0.766628
0.831733
0.883321
0.919648
0.943169
0.960352
0.575511
0.644211
0.717165
0.782982
0.839721
0.887273
0.925506
0.955223
0.97864
0.99729
0.714438
0.764806
0.816861
0.865832
0.908797
0.945704
0.976754
1.00259
1.02377
1.04218
0.826865
0.863733
0.905654
0.943888
0.97873
1.00964
1.03652
1.05938
1.07773
1.09571
0.92371
0.954012
0.989398
1.02245
1.05316
1.08102
1.1055
1.12616
1.14192
1.15961
1.0129
1.0415
1.07484
1.10646
1.13594
1.16266
1.18593
1.20503
1.21859
1.23613
1.10313
1.13432
1.16923
1.20191
1.23169
1.25809
1.28053
1.29829
1.31025
1.32793
1.20657
1.24279
1.28033
1.31448
1.34434
1.36988
1.39097
1.4073
1.41856
1.43675
1.3354
1.37534
1.41292
1.44575
1.47352
1.49695
1.51645
1.5318
1.54361
1.56204
1.49621
1.53299
1.56442
1.5909
1.61364
1.63409
1.65262
1.66869
1.68276
1.70076
1.68018
1.70545
1.72532
1.74394
1.76176
1.77852
1.79422
1.81024
1.82746
1.84655
1.86593
1.87763
1.8911
1.90597
1.91974
1.93179
1.94259
1.95403
1.96835
1.98693
2.04919
2.06371
2.06887
2.06942
2.07125
2.07858
2.09246
2.11042
2.12303
2.13654
2.32164
2.26728
2.22009
2.18859
2.17548
2.18006
2.20333
2.24804
2.31539
2.41089
0.785728
0.781046
0.773653
0.761766
0.74879
0.737327
0.728215
0.721428
0.716946
0.715052
0.716305
0.720328
0.726535
0.734876
0.745463
0.758076
0.771148
0.78104
0.787014
0.790415
0.707728
0.714814
0.720796
0.725015
0.726303
0.724548
0.720952
0.717093
0.714086
0.712778
0.713883
0.716962
0.721117
0.725462
0.728665
0.729205
0.726511
0.721384
0.714541
0.708674
0.698544
0.701551
0.704809
0.707306
0.709325
0.71079
0.711151
0.710433
0.709374
0.708935
0.709821
0.71159
0.71328
0.714018
0.713408
0.71186
0.709826
0.707051
0.703778
0.70144
0.692827
0.694282
0.696519
0.698764
0.700422
0.701643
0.702646
0.703334
0.703667
0.704016
0.704733
0.705492
0.70579
0.705499
0.704816
0.703725
0.701988
0.699768
0.697989
0.696905
0.687542
0.688363
0.689833
0.691637
0.693388
0.69484
0.695974
0.696958
0.697855
0.698673
0.699364
0.699733
0.699723
0.699373
0.698605
0.697357
0.695827
0.694302
0.693287
0.692629
0.682499
0.683056
0.684135
0.685555
0.687085
0.688609
0.690004
0.69122
0.692341
0.693399
0.694194
0.694564
0.694528
0.694063
0.693206
0.692127
0.690974
0.689913
0.689231
0.688768
0.677607
0.678025
0.678889
0.680099
0.681435
0.68286
0.684332
0.685767
0.687114
0.688382
0.68935
0.689816
0.689787
0.689346
0.688647
0.687829
0.686962
0.686175
0.685677
0.685324
0.67281
0.673138
0.673852
0.674915
0.676156
0.677509
0.678971
0.680517
0.682087
0.683609
0.684796
0.685408
0.685509
0.685255
0.684784
0.684183
0.683535
0.682963
0.682593
0.682311
0.668022
0.668289
0.668897
0.669861
0.671043
0.672365
0.67384
0.675473
0.677233
0.679038
0.680508
0.681365
0.681709
0.681699
0.681458
0.681075
0.680627
0.680229
0.679955
0.679722
0.663155
0.663378
0.663912
0.664815
0.665963
0.66729
0.668821
0.670572
0.672538
0.674655
0.676489
0.677691
0.678346
0.678608
0.678609
0.678455
0.678199
0.677951
0.677752
0.677554
0.658118
0.658308
0.658793
0.659666
0.660815
0.662189
0.663816
0.665734
0.667962
0.670455
0.672741
0.674366
0.675387
0.675962
0.676232
0.676307
0.676245
0.676133
0.675996
0.675821
0.652821
0.652985
0.653442
0.654315
0.655508
0.656971
0.658742
0.660888
0.663452
0.666417
0.669252
0.671381
0.672828
0.673762
0.674332
0.674642
0.67479
0.674806
0.674719
0.674561
0.647165
0.647311
0.647758
0.64866
0.649937
0.651537
0.653513
0.655962
0.658952
0.662505
0.666005
0.668734
0.670682
0.672025
0.672935
0.673533
0.673884
0.674017
0.673973
0.673826
0.641041
0.641173
0.641626
0.642587
0.643992
0.645784
0.648037
0.650875
0.654405
0.658683
0.662987
0.666434
0.668973
0.670793
0.672088
0.673001
0.673581
0.673834
0.673828
0.673687
0.634317
0.63444
0.634914
0.635965
0.637545
0.639594
0.642207
0.64554
0.649744
0.65491
0.660188
0.664491
0.66773
0.670114
0.671853
0.673125
0.673961
0.674337
0.674367
0.674228
0.62684
0.626956
0.627461
0.628637
0.630447
0.632828
0.635898
0.639857
0.644897
0.651147
0.657599
0.662925
0.666992
0.670039
0.672311
0.674005
0.675119
0.675625
0.675687
0.675546
0.618406
0.618521
0.619067
0.620413
0.622508
0.625307
0.628964
0.633707
0.639782
0.647355
0.65522
0.661764
0.666807
0.670634
0.673547
0.675722
0.677156
0.677798
0.677891
0.677744
0.608712
0.608837
0.609478
0.611019
0.61349
0.616837
0.621232
0.62696
0.634317
0.643505
0.653063
0.661046
0.66724
0.671985
0.675643
0.678387
0.680179
0.680966
0.681085
0.680929
0.597463
0.597588
0.598346
0.600163
0.603114
0.607156
0.61249
0.619459
0.62841
0.639568
0.651147
0.660817
0.668356
0.674178
0.678698
0.682099
0.684291
0.685226
0.685368
0.685199
0.584171
0.584314
0.585231
0.58741
0.590984
0.595933
0.602478
0.611027
0.621967
0.635519
0.649495
0.661136
0.670223
0.677285
0.682809
0.686962
0.689584
0.690664
0.69082
0.690635
0.568183
0.568364
0.569513
0.572182
0.57659
0.582746
0.590886
0.601474
0.61491
0.631367
0.64816
0.662066
0.67291
0.681388
0.688042
0.69304
0.696109
0.69732
0.697479
0.697275
0.548554
0.548811
0.55031
0.55368
0.559251
0.567072
0.577367
0.590629
0.607213
0.627173
0.647228
0.66369
0.6765
0.686547
0.694449
0.70036
0.703866
0.705174
0.705321
0.705096
0.523857
0.524262
0.526315
0.530755
0.538057
0.54828
0.561574
0.578388
0.598929
0.623065
0.646829
0.666104
0.68105
0.692804
0.702042
0.708887
0.712767
0.714118
0.714231
0.713986
0.491777
0.492479
0.4955
0.501771
0.511864
0.525716
0.543277
0.564796
0.590236
0.619243
0.647128
0.669416
0.686613
0.700152
0.710791
0.71849
0.722616
0.723927
0.723985
0.723724
0.44817
0.449581
0.454668
0.464558
0.479524
0.498996
0.522577
0.550179
0.581511
0.616032
0.648344
0.673752
0.693237
0.708558
0.720559
0.728935
0.733079
0.734245
0.734231
0.733963
0.385331
0.389725
0.400363
0.417461
0.440705
0.468586
0.500189
0.535229
0.573312
0.613809
0.65069
0.679206
0.700912
0.717907
0.731039
0.739773
0.743656
0.744541
0.744452
0.744196
0.31044
0.318675
0.338136
0.365836
0.399663
0.43698
0.477172
0.520122
0.5655
0.61271
0.65503
0.687452
0.711999
0.731031
0.745411
0.7543
0.757855
0.758565
0.758524
0.758394
0.235352
0.248991
0.277567
0.31572
0.359661
0.406311
0.45512
0.506053
0.558821
0.612867
0.660774
0.697192
0.724612
0.745815
0.761375
0.769989
0.772873
0.773347
0.773334
0.773291
0.173114
0.190388
0.224702
0.270722
0.322904
0.377765
0.434527
0.493043
0.552929
0.613561
0.666773
0.706918
0.736955
0.759839
0.776028
0.784514
0.787214
0.78763
0.787656
0.787662
0.121954
0.141335
0.180094
0.231925
0.290525
0.352165
0.415808
0.48114
0.547609
0.614468
0.672744
0.716422
0.748892
0.773435
0.790489
0.799028
0.801583
0.802155
0.802246
0.802289
0.0791228
0.0997349
0.141833
0.19828
0.262189
0.329496
0.399046
0.470417
0.542905
0.615599
0.678698
0.725771
0.760611
0.786773
0.804702
0.813545
0.816417
0.817051
0.817161
0.817233
0.0422539
0.0636535
0.108407
0.1686
0.236981
0.309188
0.38394
0.460727
0.538723
0.616865
0.684554
0.734907
0.772079
0.799891
0.818767
0.828229
0.831333
0.832017
0.832106
0.832193
0.00968239
0.0316324
0.0785452
0.141895
0.214083
0.290582
0.369985
0.451689
0.534778
0.618059
0.690143
0.743668
0.783084
0.812477
0.832312
0.842435
0.845803
0.846578
0.846664
0.846741
-0.0198214
0.00253714
0.0512774
0.117339
0.192836
0.27312
0.356707
0.442929
0.530788
0.618962
0.695276
0.751862
0.793424
0.824283
0.845073
0.855802
0.859467
0.860274
0.860343
0.860407
-0.0472309
-0.0244517
0.0258815
0.0942988
0.172738
0.256394
0.343765
0.434146
0.526483
0.619344
0.699775
0.759336
0.80296
0.835208
0.856868
0.868078
0.871997
0.872821
0.872868
0.872911
-0.0730737
-0.0498598
0.0018783
0.0723382
0.153423
0.240098
0.330894
0.425106
0.521661
0.619045
0.703541
0.766035
0.811656
0.845206
0.867539
0.879092
0.883193
0.884042
0.884058
0.88407
-0.0977965
-0.0740773
-0.021221
0.0511875
0.134621
0.224002
0.317915
0.415659
0.516186
0.617961
0.706499
0.771951
0.819534
0.854265
0.877171
0.888935
0.893096
0.893938
0.893938
0.893921
-0.121681
-0.0974952
-0.0435788
0.0306361
0.116158
0.207971
0.304706
0.405706
0.509963
0.61599
0.7086
0.777099
0.826671
0.862522
0.885876
0.897682
0.90182
0.902634
0.902615
0.902572
-0.144909
-0.120225
-0.0652401
0.0105477
0.0979321
0.191922
0.291206
0.395186
0.502935
0.61307
0.709799
0.781499
0.833181
0.870134
0.893787
0.905537
0.909557
0.910308
0.910251
0.910185
-0.167574
-0.142365
-0.086331
-0.00914937
0.0798965
0.175831
0.2774
0.384081
0.495064
0.609148
0.710047
0.785167
0.839172
0.877288
0.901126
0.912641
0.916436
0.917087
0.917
0.916913
-0.189675
-0.163989
-0.106947
-0.0284835
0.0620446
0.159697
0.263299
0.372412
0.486354
0.604189
0.709283
0.788098
0.844753
0.88417
0.908065
0.919123
0.922566
0.92306
0.922931
0.922829
-0.211258
-0.185063
-0.127069
-0.047443
0.0443968
0.143556
0.248952
0.360222
0.476845
0.598178
0.707449
0.790244
0.849969
0.890985
0.914884
0.925185
0.928013
0.928282
0.928119
0.928014
-0.232254
-0.205558
-0.146662
-0.0660025
0.0269886
0.12747
0.234425
0.347582
0.466591
0.591123
0.704469
0.791504
0.854801
0.897917
0.92197
0.931211
0.933013
0.93285
0.932629
0.93254
-0.252674
-0.225433
-0.165727
-0.0841206
0.00987986
0.111499
0.219801
0.334586
0.45566
0.583071
0.700285
0.791745
0.859135
0.905036
0.929786
0.93792
0.938097
0.936955
0.936587
0.936627
-0.272432
-0.244695
-0.184219
-0.101763
-0.00688203
0.0957183
0.205154
0.321307
0.444159
0.57409
0.694853
0.790798
0.862749
0.912173
0.938631
0.946371
0.944632
0.941505
0.940062
0.940042
-0.291595
-0.263325
-0.202093
-0.118879
-0.0232269
0.0802127
0.190604
0.307878
0.432205
0.564266
0.688166
0.788479
0.865335
0.918847
0.948199
0.95733
0.955061
0.949185
0.942642
0.926679
-0.310096
-0.281321
-0.219484
-0.135671
-0.0394453
0.064662
0.175743
0.293852
0.419302
0.553102
0.679711
0.784249
0.866604
0.924678
0.957747
0.970593
0.970213
0.962606
0.949503
0.965089
-0.328033
-0.298616
-0.236352
-0.152114
-0.0554717
0.049117
0.160574
0.279252
0.405436
0.540482
0.669263
0.777424
0.865801
0.928569
0.964167
0.980256
0.983015
0.971764
0.913646
0.901499
-0.346027
-0.315651
-0.252431
-0.167909
-0.0707723
0.0339951
0.145298
0.264345
0.390898
0.526606
0.65683
0.76748
0.861971
0.929604
0.96267
0.978027
0.971532
0.933264
0.866828
0.827419
-0.36539
-0.33397
-0.267251
-0.182698
-0.0847531
0.0195593
0.130341
0.249353
0.375821
0.51152
0.642302
0.754169
0.852827
0.926333
0.970286
0.949718
0.919407
0.85364
0.781722
0.738873
0.0588381
0.174492
0.296791
0.427104
0.561477
0.683965
0.786574
0.621316
-0.382996
-0.367291
-0.328315
-0.256704
-0.165951
-0.066443
0.0410925
0.155613
0.277115
0.406225
0.539465
0.661322
0.762265
0.845299
0.89689
0.845217
0.704227
0.615127
0.545101
-0.402312
-0.389533
-0.345077
-0.272287
-0.181091
-0.0812803
0.0258007
0.139833
0.26048
0.388233
0.519294
0.637923
0.733058
0.801397
0.79879
0.689972
0.544658
0.438634
0.349685
-0.424893
-0.41252
-0.365214
-0.291355
-0.200195
-0.100096
0.00702566
0.120725
0.24042
0.366549
0.494503
0.607976
0.692409
0.742429
0.701819
0.539246
0.375771
0.24428
0.128062
-0.447641
-0.435204
-0.386347
-0.31119
-0.219755
-0.119689
-0.0128792
0.10008
0.218529
0.342561
0.466835
0.574213
0.650877
0.673023
0.584264
0.392111
0.199089
0.0264651
-0.136755
-0.469854
-0.45775
-0.408109
-0.331909
-0.240093
-0.140059
-0.0337019
0.0783601
0.195369
0.316938
0.436996
0.537438
0.604328
0.588061
0.455583
0.254514
0.0399352
-0.155416
-0.33696
-0.492636
-0.480776
-0.430783
-0.353935
-0.261811
-0.161739
-0.0557641
0.0554484
0.170945
0.289879
0.405458
0.498243
0.55072
0.511704
0.33705
0.138134
-0.0731631
-0.265402
-0.382182
-0.451613
-0.516756
-0.505037
-0.454739
-0.377539
-0.285305
-0.185306
-0.0797868
0.0304504
0.144191
0.260068
0.37061
0.455132
0.491354
0.426606
0.230083
0.0384307
-0.145756
-0.282771
-0.32685
-0.350565
-0.542399
-0.530768
-0.480244
-0.402837
-0.310652
-0.210934
-0.106062
0.0029237
0.114545
0.226823
0.331608
0.407388
0.422577
0.319776
0.133785
-0.0439901
-0.199452
-0.28124
-0.301691
-0.306615
-0.569821
-0.558158
-0.507411
-0.429852
-0.33784
-0.238581
-0.134608
-0.0271673
0.0819579
0.190127
0.288362
0.355093
0.341654
0.21708
0.0448025
-0.121503
-0.242722
-0.287356
-0.286492
-0.287348
-0.598936
-0.587356
-0.536263
-0.458589
-0.366867
-0.268246
-0.165422
-0.0598225
0.0464241
0.150008
0.241073
0.297287
0.266002
0.120484
-0.0369731
-0.190864
-0.257771
-0.274799
-0.276255
-0.275885
-0.629608
-0.618042
-0.566696
-0.488967
-0.397645
-0.299877
-0.19845
-0.0950196
0.00797261
0.106539
0.190063
0.234004
0.197886
0.0369134
-0.110674
-0.227227
-0.276041
-0.268842
-0.268749
-0.268806
-0.66134
-0.649694
-0.598447
-0.520737
-0.429983
-0.333296
-0.233548
-0.132625
-0.033249
0.0600381
0.135576
0.169715
0.118196
-0.036862
-0.169685
-0.249582
-0.266803
-0.264441
-0.264001
-0.263703
-0.693638
-0.681883
-0.630919
-0.553471
-0.463511
-0.368169
-0.270421
-0.172351
-0.0769826
0.0109299
0.0783413
0.101394
0.0325402
-0.0996343
-0.214264
-0.237217
-0.253835
-0.259505
-0.260293
-0.260248
-0.725519
-0.713711
-0.663224
-0.586532
-0.497665
-0.404
-0.308607
-0.213733
-0.122732
-0.0403654
0.0202295
0.0278327
-0.0432267
-0.155261
-0.230896
-0.278109
-0.26361
-0.260364
-0.259319
-0.259083
-0.755108
-0.744127
-0.694461
-0.618868
-0.531615
-0.440056
-0.347446
-0.256117
-0.169734
-0.0931934
-0.0371506
-0.0388579
-0.111733
-0.206064
-0.258081
-0.264268
-0.262491
-0.259532
-0.258413
-0.257993
-0.781612
-0.770938
-0.723291
-0.649236
-0.564248
-0.475353
-0.386051
-0.29867
-0.217001
-0.146336
-0.0944344
-0.0967415
-0.170871
-0.25199
-0.288789
-0.281316
-0.272395
-0.262782
-0.258552
-0.257552
-0.80245
-0.792427
-0.747214
-0.676207
-0.594211
-0.508722
-0.423316
-0.340367
-0.263475
-0.198349
-0.151544
-0.14848
-0.210352
-0.289928
-0.34641
-0.327617
-0.293548
-0.273426
-0.266241
-0.263755
-0.815553
-0.806581
-0.764642
-0.697605
-0.619854
-0.538764
-0.458047
-0.37999
-0.308088
-0.248012
-0.205006
-0.193215
-0.224962
-0.272303
-0.301269
-0.298904
-0.302295
-0.301568
-0.295669
-0.291224
-0.818336
-0.810955
-0.773426
-0.711679
-0.639362
-0.563957
-0.488794
-0.416289
-0.349756
-0.294186
-0.252018
-0.227726
-0.219548
-0.17149
-0.208903
-0.235067
-0.268118
-0.279991
-0.283606
-0.285478
-0.808944
-0.802998
-0.771311
-0.716527
-0.651252
-0.582774
-0.514289
-0.448058
-0.38731
-0.336301
-0.294703
-0.262709
-0.224924
-0.105177
-0.0830102
-0.185986
-0.250811
-0.275958
-0.286895
-0.291184
-0.783924
-0.77972
-0.755601
-0.710707
-0.6545
-0.594239
-0.53339
-0.474018
-0.419411
-0.373883
-0.33911
-0.30768
-0.321865
-0.310874
-0.287753
-0.334612
-0.357425
-0.359354
-0.360189
-0.361425
-0.746657
-0.74404
-0.728265
-0.694436
-0.649153
-0.598235
-0.545523
-0.49323
-0.444569
-0.405386
-0.380083
-0.392547
-0.514383
-0.806365
-0.961483
-0.792788
-0.57814
-0.470199
-0.436761
-0.427401
-0.703863
-0.70222
-0.694365
-0.671532
-0.637367
-0.595774
-0.550977
-0.505101
-0.461512
-0.426111
-0.408859
-0.422192
-0.487926
-0.572065
-0.60402
-0.489504
-0.364094
-0.326181
-0.306997
-0.296931
-0.665488
-0.664436
-0.66085
-0.648076
-0.622989
-0.589305
-0.550994
-0.509965
-0.468889
-0.432088
-0.410799
-0.365524
-0.253511
-0.0219303
0.20721
0.243836
0.0986954
-0.0341212
-0.101834
-0.115777
-0.637713
-0.637144
-0.634817
-0.6283
-0.61028
-0.582402
-0.548033
-0.50936
-0.467457
-0.426961
-0.39319
-0.355942
-0.268139
-0.186131
-0.19004
-0.364477
-0.554927
-0.619649
-0.560097
-0.492738
-0.616631
-0.616188
-0.615256
-0.612749
-0.601365
-0.577707
-0.54474
-0.505625
-0.462393
-0.414763
-0.374444
-0.362724
-0.330195
-0.397251
-0.536987
-0.653237
-0.771892
-0.830972
-0.797558
-0.729109
-0.603698
-0.603563
-0.603138
-0.601651
-0.595761
-0.575261
-0.542206
-0.501015
-0.45274
-0.397518
-0.344015
-0.300472
-0.283037
-0.324515
-0.452299
-0.625634
-0.657402
-0.559654
-0.417764
-0.318063
-0.594893
-0.594876
-0.594526
-0.594138
-0.591506
-0.575102
-0.541412
-0.496145
-0.440867
-0.377899
-0.300339
-0.226288
-0.0984597
-0.00325235
0.0920716
0.18567
0.315096
0.522003
0.694328
0.782636
-0.589942
-0.589834
-0.589312
-0.588394
-0.587245
-0.577485
-0.543401
-0.492776
-0.431763
-0.356581
-0.26092
-0.154456
0.00755093
0.25902
0.57615
0.919398
1.24544
1.49817
1.65152
1.71493
-0.588488
-0.588678
-0.589349
-0.59074
-0.592046
-0.584482
-0.54738
-0.492356
-0.424875
-0.339752
-0.235038
-0.116589
0.0408809
0.317673
0.723822
1.13381
1.48808
1.73688
1.86476
1.90814
-0.583323
-0.584398
-0.586709
-0.591909
-0.596911
-0.588052
-0.550215
-0.49626
-0.425852
-0.335725
-0.226877
-0.106602
0.00735375
0.263064
0.641819
0.997794
1.29803
1.49407
1.58853
1.61874
-0.586672
-0.587611
-0.58546
-0.574586
-0.559415
-0.553564
-0.543854
-0.50717
-0.435496
-0.339889
-0.2308
-0.119012
-0.0182722
0.163594
0.472532
0.74713
0.972058
1.11221
1.1763
1.19583
-0.628195
-0.626853
-0.616329
-0.585512
-0.546852
-0.540496
-0.563261
-0.534152
-0.452616
-0.348873
-0.241171
-0.138568
-0.0484918
0.0734128
0.296231
0.493136
0.649862
0.743556
0.785028
0.794646
-0.717777
-0.713665
-0.721762
-0.736997
-0.747257
-0.731099
-0.701388
-0.596687
-0.47749
-0.358126
-0.250253
-0.159221
-0.0846247
0.00656987
0.155167
0.281775
0.378521
0.434486
0.457887
0.465243
-0.859497
-0.862854
-0.898814
-0.950939
-0.973011
-0.947111
-0.848131
-0.666621
-0.499701
-0.364288
-0.257522
-0.177307
-0.115416
-0.0503732
0.0448816
0.121696
0.169574
0.194051
0.20418
0.207381
-0.914011
-0.925009
-0.959833
-0.997619
-1.01512
-0.986451
-0.870147
-0.668085
-0.489368
-0.35227
-0.25319
-0.188499
-0.141759
-0.0925868
-0.036018
0.0034802
0.0240223
0.0296136
0.032711
0.0357254
-0.775295
-0.784838
-0.816455
-0.854386
-0.87569
-0.847651
-0.726496
-0.565268
-0.424081
-0.312579
-0.234631
-0.189218
-0.159558
-0.122436
-0.0806143
-0.0555659
-0.0471538
-0.0454489
-0.0432478
-0.0407153
-0.455184
-0.465475
-0.490128
-0.523826
-0.552607
-0.546699
-0.482192
-0.39691
-0.315172
-0.248886
-0.200285
-0.175749
-0.164607
-0.140594
-0.104272
-0.0786273
-0.0642563
-0.0576249
-0.0534633
-0.0521424
-0.115052
-0.120665
-0.134942
-0.160741
-0.193391
-0.21431
-0.221885
-0.21511
-0.197748
-0.17472
-0.154467
-0.148403
-0.153226
-0.12897
-0.0936688
-0.0676616
-0.051302
-0.0408031
-0.0356461
-0.0348476
0.110838
0.107989
0.0996345
0.0792945
0.0446604
-0.00189478
-0.0452195
-0.0773738
-0.0969215
-0.10318
-0.102706
-0.104647
-0.109981
-0.0872658
-0.0591831
-0.0383741
-0.025123
-0.0171832
-0.0139183
-0.013484
0.205092
0.203561
0.198246
0.182164
0.150561
0.104646
0.0546226
0.00925812
-0.0241455
-0.0437928
-0.0505317
-0.0502835
-0.0445577
-0.0279612
-0.0158718
-0.00767787
-0.000328525
0.00501195
0.00729243
0.00711002
0.219435
0.218504
0.214856
0.203188
0.179272
0.143274
0.101498
0.0598856
0.025648
0.0030847
-0.00403626
0.00310226
0.0189249
0.0290848
0.029149
0.0271841
0.0272915
0.0284531
0.0288012
0.0279983
0.200231
0.19976
0.197403
0.189675
0.17341
0.148248
0.117216
0.0843959
0.0557097
0.0360237
0.0314973
0.0434661
0.0628812
0.0682482
0.059819
0.0530452
0.0496865
0.048818
0.0480899
0.0469608
0.171207
0.171035
0.169624
0.164808
0.15435
0.137636
0.115991
0.0920637
0.0703039
0.055704
0.0547118
0.0683211
0.0865307
0.0880731
0.0758175
0.0682204
0.0643057
0.0620587
0.060308
0.0589707
0.141144
0.141166
0.140426
0.137594
0.131149
0.120476
0.106125
0.0897753
0.0744258
0.0643556
0.0655967
0.0786785
0.0928689
0.0914038
0.0792859
0.0719756
0.0676445
0.0653409
0.063073
0.0618772
0.113119
0.113213
0.112785
0.111175
0.107326
0.100702
0.0914662
0.0806733
0.0704035
0.0639254
0.0664022
0.0778122
0.0882527
0.0832896
0.073258
0.0678183
0.064699
0.0623432
0.0601542
0.0591884
0.0873547
0.0874926
0.0873095
0.0864482
0.0842957
0.0803254
0.0746202
0.0677728
0.0611518
0.0569358
0.0591123
0.067097
0.0740362
0.0700804
0.0603663
0.0571762
0.0560524
0.0548722
0.053667
0.0529713
0.0637757
0.0639103
0.0638608
0.0634849
0.0623879
0.0602269
0.0568865
0.0527108
0.0484524
0.0453491
0.0456241
0.048196
0.0495701
0.0437767
0.0402067
0.0413154
0.0428661
0.0433391
0.0429828
0.0424887
0.0421918
0.042309
0.0423217
0.042196
0.0417527
0.0406996
0.0389441
0.0365202
0.033827
0.0314234
0.0293144
0.0247309
0.0174082
0.0132946
0.0161569
0.0224449
0.0266067
0.0280725
0.0281169
0.0278039
0.0223884
0.0224814
0.0225265
0.0225484
0.0224583
0.0220775
0.0213541
0.0203065
0.0190421
0.0169942
0.0138701
0.00354705
-0.00997281
-0.0130318
-0.00301666
0.00647114
0.0111118
0.0125525
0.0123594
0.0121392
0.0132165
0.0132501
0.0132741
0.0132984
0.0132311
0.0130057
0.0125551
0.011806
0.0109668
0.00934703
0.0049168
-0.00673252
-0.0166265
-0.0115799
-0.000120725
0.00336147
0.00528913
0.00558143
0.00579382
0.000166473
-0.310075
0.0185006
0.237148
0.423615
0.57343
0.692039
0.786397
0.866804
0.923546
0.918609
0.173216
0.326023
0.461101
0.580809
0.682392
0.766932
0.836307
0.889626
0.922245
0.935774
0.432161
0.527553
0.6176
0.700532
0.772327
0.833182
0.882925
0.92086
0.948565
0.967454
0.608072
0.671915
0.738064
0.798163
0.850908
0.896151
0.933958
0.964635
0.989792
1.00747
0.742501
0.788454
0.839458
0.884248
0.924923
0.960812
0.991877
1.01828
1.04051
1.05574
0.852309
0.889641
0.928936
0.965655
0.999436
1.03019
1.05753
1.08113
1.10079
1.11343
0.948531
0.981049
1.0146
1.04773
1.07869
1.10722
1.13275
1.15462
1.17219
1.18264
1.03879
1.07033
1.10347
1.13669
1.16752
1.19564
1.22045
1.24121
1.25703
1.26601
1.1331
1.16822
1.20412
1.23949
1.27131
1.2994
1.32344
1.343
1.35738
1.36614
1.24555
1.28625
1.32499
1.36154
1.39318
1.42006
1.44251
1.46053
1.47395
1.48403
1.38904
1.43207
1.46949
1.5026
1.53038
1.55403
1.57457
1.59186
1.60577
1.61796
1.56679
1.60378
1.63181
1.65577
1.67678
1.69609
1.71427
1.73132
1.74746
1.76279
1.7641
1.78348
1.79917
1.8153
1.83188
1.8473
1.8609
1.87401
1.8895
1.90738
1.95307
1.96081
1.97267
1.98433
1.9942
2.00336
2.01359
2.02491
2.03623
2.04353
2.1719
2.17016
2.16206
2.14506
2.13366
2.13305
2.14521
2.17004
2.20372
2.23131
2.58043
2.3936
2.29204
2.23461
2.20557
2.19891
2.21419
2.25481
2.33058
2.47687
-0.353114
-0.354465
-0.31412
-0.241401
-0.149987
-0.049578
0.882549
0.943476
0.931643
0.851869
0.775926
0.70172
0.476392
0.259284
-0.001624
-0.347134
-0.699835
)
;

boundaryField
{
    wall-4
    {
        type            zeroGradient;
    }
    pressure-outlet-7
    {
        type            fixedValue;
        value           uniform 0;
    }
    velocity-inlet-6
    {
        type            zeroGradient;
    }
    velocity-inlet-5
    {
        type            zeroGradient;
    }
    frontAndBackPlanes
    {
        type            empty;
    }
}


// ************************************************************************* //
