/*--------------------------------*- C++ -*----------------------------------*\
| =========                 |                                                 |
| \\      /  F ield         | OpenFOAM: The Open Source CFD Toolbox           |
|  \\    /   O peration     | Version:  v2012                                 |
|   \\  /    A nd           | Website:  www.openfoam.com                      |
|    \\/     M anipulation  |                                                 |
\*---------------------------------------------------------------------------*/
FoamFile
{
    version     2.0;
    format      ascii;
    class       volScalarField;
    location    "47";
    object      p;
}
// * * * * * * * * * * * * * * * * * * * * * * * * * * * * * * * * * * * * * //

dimensions      [0 2 -2 0 0 0 0];


internalField   nonuniform List<scalar> 
8800
(
0.846469
0.798417
0.760038
0.731392
0.710761
0.695997
0.685381
0.67786
0.673
0.670909
0.67216
0.676351
0.683012
0.692344
0.705094
0.72268
0.747122
0.780734
0.823179
0.880304
0.679004
0.686209
0.694645
0.698057
0.696136
0.690605
0.683882
0.677703
0.672924
0.670041
0.669735
0.672232
0.676733
0.682723
0.689628
0.696245
0.700375
0.69986
0.693796
0.684818
0.655721
0.661896
0.666091
0.669446
0.671939
0.672725
0.671601
0.669435
0.667371
0.666431
0.667371
0.66975
0.672571
0.674781
0.675309
0.673775
0.670924
0.667285
0.66275
0.658965
0.650599
0.653299
0.656014
0.658318
0.659955
0.661268
0.662158
0.662339
0.662045
0.661974
0.662696
0.663831
0.664605
0.664532
0.663729
0.662528
0.660775
0.658272
0.655845
0.654314
0.645424
0.646845
0.648639
0.650686
0.652428
0.653719
0.654724
0.65557
0.656214
0.656769
0.657379
0.657807
0.657816
0.657449
0.656741
0.655529
0.653825
0.651941
0.650616
0.649793
0.640439
0.641352
0.642582
0.644154
0.645794
0.647302
0.64855
0.649597
0.650554
0.651429
0.652071
0.652337
0.652247
0.651791
0.650904
0.649675
0.648313
0.647038
0.646214
0.64567
0.635599
0.636264
0.637215
0.638505
0.639905
0.64136
0.642781
0.644069
0.64523
0.646293
0.647063
0.647382
0.647262
0.64672
0.645874
0.644892
0.643861
0.642925
0.642336
0.641936
0.630881
0.631393
0.632168
0.633283
0.634544
0.635901
0.637329
0.638771
0.640153
0.64143
0.642374
0.642786
0.642707
0.642268
0.64162
0.640862
0.640064
0.639364
0.638925
0.638613
0.626223
0.62663
0.627277
0.628268
0.629455
0.630758
0.632175
0.633696
0.635268
0.636796
0.637961
0.638537
0.638626
0.638391
0.637955
0.637398
0.636794
0.636279
0.635949
0.635697
0.621543
0.621875
0.622434
0.623345
0.624481
0.625766
0.62721
0.628817
0.630562
0.632361
0.633815
0.634655
0.634997
0.634995
0.634771
0.63442
0.633997
0.633634
0.633388
0.633177
0.61676
0.617035
0.617532
0.618396
0.619511
0.620816
0.622326
0.624058
0.62601
0.628115
0.629938
0.631128
0.631775
0.632036
0.632041
0.631893
0.631647
0.631417
0.631236
0.631055
0.611789
0.61202
0.612477
0.613324
0.61446
0.615827
0.617444
0.619355
0.621579
0.624067
0.626342
0.62795
0.62895
0.62951
0.629765
0.629826
0.629753
0.629641
0.629515
0.629356
0.606546
0.606741
0.607179
0.608039
0.609236
0.610711
0.61249
0.614649
0.617225
0.620197
0.623023
0.625125
0.626534
0.627429
0.627963
0.628236
0.628345
0.628344
0.628264
0.628121
0.600938
0.601105
0.60154
0.602443
0.603741
0.605374
0.607383
0.609869
0.612899
0.616481
0.619974
0.622662
0.624547
0.625825
0.626671
0.627202
0.627488
0.627588
0.627547
0.627414
0.594857
0.594999
0.595447
0.59642
0.597866
0.599715
0.602027
0.604928
0.608525
0.612856
0.617163
0.62056
0.623015
0.624746
0.625946
0.626752
0.627238
0.627447
0.627443
0.627317
0.588175
0.588291
0.588764
0.58984
0.591485
0.593619
0.596319
0.599748
0.604051
0.609298
0.614596
0.61885
0.621988
0.624252
0.625866
0.626986
0.627697
0.628018
0.628048
0.627926
0.580726
0.580819
0.581334
0.582547
0.584446
0.586943
0.590143
0.594245
0.599437
0.605816
0.612317
0.617589
0.62153
0.624421
0.62653
0.628015
0.628974
0.629413
0.629477
0.629355
0.572293
0.572388
0.572954
0.57432
0.576547
0.579515
0.583355
0.58831
0.594613
0.60239
0.61034
0.616828
0.621716
0.625344
0.628044
0.629957
0.631198
0.631764
0.631862
0.631736
0.562588
0.562664
0.563316
0.5649
0.567548
0.571118
0.575764
0.581785
0.589466
0.598956
0.608659
0.6166
0.62262
0.627128
0.630518
0.632939
0.634505
0.635211
0.635342
0.635209
0.551243
0.5513
0.552048
0.553942
0.557132
0.561476
0.567155
0.574534
0.583937
0.595516
0.607335
0.617002
0.624352
0.629897
0.634086
0.63711
0.639044
0.639902
0.640064
0.639922
0.537728
0.537772
0.538665
0.540965
0.544872
0.550237
0.557272
0.566412
0.578008
0.592172
0.606493
0.618155
0.627035
0.633783
0.63891
0.642623
0.644966
0.645981
0.64617
0.646013
0.521296
0.521328
0.522431
0.525302
0.530191
0.536938
0.54578
0.557202
0.571539
0.588829
0.606118
0.620115
0.630765
0.638893
0.645104
0.649606
0.652399
0.65357
0.653778
0.653603
0.500831
0.500861
0.502295
0.506015
0.512312
0.521001
0.532323
0.546777
0.564603
0.58568
0.606405
0.623021
0.635656
0.645338
0.652757
0.65816
0.661425
0.662742
0.662954
0.662756
0.474551
0.4746
0.476617
0.481728
0.490223
0.501797
0.516638
0.53514
0.557346
0.582913
0.607532
0.627036
0.64183
0.65322
0.66195
0.668314
0.67204
0.673463
0.673655
0.673429
0.439429
0.439585
0.442802
0.45049
0.462717
0.478705
0.498559
0.522371
0.549924
0.580683
0.609612
0.632228
0.649308
0.662492
0.67266
0.679978
0.684091
0.685548
0.685688
0.685432
0.389715
0.390694
0.397135
0.410145
0.428884
0.451714
0.478499
0.509039
0.542923
0.579473
0.612964
0.638763
0.658157
0.673149
0.684746
0.692917
0.697257
0.698643
0.698703
0.698415
0.316666
0.323924
0.338827
0.361724
0.390178
0.422165
0.457416
0.495701
0.536624
0.579502
0.617971
0.647278
0.669255
0.686305
0.699455
0.708451
0.712991
0.714325
0.714345
0.714092
0.238187
0.254883
0.279055
0.312583
0.35123
0.39254
0.436368
0.482655
0.531095
0.581086
0.625567
0.659365
0.684727
0.704379
0.719502
0.729434
0.734029
0.73522
0.735273
0.735143
0.1722
0.192059
0.224028
0.266576
0.314241
0.364351
0.416516
0.470658
0.526465
0.583362
0.633584
0.671586
0.700061
0.722081
0.738779
0.74926
0.753763
0.755
0.75513
0.755076
0.118123
0.139854
0.177291
0.226271
0.281007
0.338523
0.398073
0.459436
0.522181
0.585657
0.641317
0.683245
0.714568
0.738645
0.756716
0.768005
0.773137
0.77436
0.774498
0.774487
0.0731235
0.0960915
0.137305
0.191387
0.251804
0.315426
0.381291
0.44906
0.518142
0.58775
0.648508
0.694094
0.728034
0.754068
0.77356
0.785827
0.791424
0.792733
0.79293
0.792949
0.0347642
0.0584588
0.102525
0.160661
0.22586
0.294675
0.366011
0.439456
0.514284
0.589553
0.655064
0.704031
0.740382
0.76819
0.78891
0.802003
0.80806
0.809613
0.809891
0.80994
0.00104576
0.0252349
0.0715923
0.133039
0.202283
0.275611
0.351804
0.430355
0.510442
0.590967
0.660907
0.713006
0.751537
0.780869
0.80257
0.816274
0.822711
0.824603
0.824954
0.825003
-0.0294929
-0.00487069
0.0433662
0.107653
0.180378
0.257658
0.338203
0.421411
0.506365
0.591822
0.665941
0.720954
0.76145
0.79211
0.814607
0.828735
0.835505
0.837617
0.838003
0.838036
-0.0577835
-0.0327608
0.0171232
0.0838079
0.15961
0.240393
0.324847
0.41232
0.501822
0.591963
0.670094
0.72789
0.770209
0.80202
0.825041
0.83946
0.846418
0.848684
0.849097
0.849111
-0.0845845
-0.0591261
-0.00771422
0.0610446
0.139589
0.223494
0.311481
0.402874
0.496639
0.591267
0.673325
0.733876
0.777966
0.810769
0.834201
0.848747
0.855831
0.858218
0.858619
0.858601
-0.110236
-0.0843267
-0.0317806
0.0390632
0.120041
0.206743
0.297931
0.39293
0.490697
0.589658
0.675628
0.738988
0.784857
0.818598
0.8424
0.857079
0.864227
0.866618
0.867017
0.866967
-0.135132
-0.108624
-0.0550459
0.0176435
0.10078
0.189996
0.28409
0.382406
0.483922
0.587078
0.677003
0.74329
0.791012
0.825702
0.849851
0.864625
0.871773
0.874113
0.874489
0.874419
-0.159393
-0.132439
-0.0776603
-0.0033567
0.0817073
0.173181
0.269902
0.37126
0.476282
0.583501
0.677448
0.746835
0.796542
0.832243
0.856764
0.871595
0.87869
0.880955
0.881253
0.881138
-0.183133
-0.155608
-0.0997753
-0.024014
0.0627879
0.156279
0.25536
0.359484
0.467765
0.5789
0.676935
0.749638
0.801532
0.838374
0.863306
0.878143
0.885057
0.887164
0.887373
0.887213
-0.206441
-0.178301
-0.121458
-0.0443501
0.0440063
0.139299
0.240492
0.347113
0.458392
0.573261
0.675415
0.75167
0.806048
0.844236
0.869603
0.884331
0.89094
0.892797
0.892906
0.892717
-0.229327
-0.200495
-0.142693
-0.0643486
0.0254024
0.122279
0.225352
0.334199
0.448201
0.566574
0.672827
0.752863
0.8101
0.849963
0.87584
0.89027
0.896358
0.897877
0.897883
0.897676
-0.251627
-0.222144
-0.163418
-0.0839712
0.00701782
0.105294
0.210007
0.320823
0.437259
0.558866
0.669104
0.753115
0.813636
0.855674
0.882288
0.896209
0.901418
0.902427
0.902317
0.90211
-0.273308
-0.243212
-0.183617
-0.103164
-0.011085
0.0884064
0.194552
0.30707
0.42565
0.550169
0.664197
0.752293
0.816533
0.861399
0.889294
0.902658
0.906442
0.906524
0.906223
0.906065
-0.294436
-0.263652
-0.203257
-0.12189
-0.0288407
0.0717038
0.179078
0.293044
0.413468
0.540548
0.658059
0.750257
0.818579
0.86698
0.897121
0.910466
0.912397
0.910623
0.909682
0.909751
-0.31483
-0.283445
-0.222274
-0.140082
-0.0461877
0.0552705
0.163682
0.278858
0.400831
0.530101
0.650683
0.746853
0.819493
0.872
0.905596
0.92053
0.921376
0.916911
0.913699
0.912983
-0.334581
-0.302586
-0.24068
-0.157767
-0.0631587
0.0390627
0.148307
0.26445
0.387665
0.518752
0.641924
0.741809
0.818958
0.875859
0.913875
0.932876
0.935586
0.929939
0.920395
0.910734
-0.35361
-0.32106
-0.258604
-0.175142
-0.0800487
0.0227408
0.132532
0.249329
0.373421
0.505851
0.631118
0.734312
0.81636
0.877688
0.919917
0.94459
0.950299
0.939814
0.919936
0.912632
-0.371739
-0.338879
-0.275865
-0.191994
-0.096558
0.00663562
0.116581
0.233826
0.35841
0.491664
0.618378
0.723902
0.81103
0.876364
0.919211
0.94364
0.952846
0.929555
0.863301
0.833986
-0.3885
-0.357289
-0.292075
-0.207756
-0.111918
-0.00873109
0.100755
0.218192
0.342882
0.476344
0.603706
0.710265
0.801856
0.871276
0.907325
0.925053
0.918255
0.86596
0.797738
0.756348
-0.439233
-0.374484
-0.306909
-0.223285
-0.127424
-0.0246241
0.0850805
0.202207
0.326526
0.45948
0.586569
0.692963
0.78517
0.861009
0.873923
0.874384
0.830453
0.763485
0.688194
0.646604
-0.406167
-0.389088
-0.32906
-0.24519
-0.150506
-0.0478899
0.0609322
0.17739
0.300692
0.432065
0.556974
0.661244
0.744469
0.824686
0.816325
0.708152
0.607922
0.53736
0.466064
0.498973
-0.438167
-0.407628
-0.34622
-0.263133
-0.168348
-0.0659659
0.0430624
0.158882
0.281149
0.41075
0.532817
0.633069
0.707512
0.750369
0.70472
0.561329
0.439405
0.351617
0.255957
0.307339
-0.46252
-0.429563
-0.366366
-0.283073
-0.188225
-0.0859088
0.0230429
0.138056
0.258966
0.38619
0.50449
0.598748
0.664045
0.672257
0.569616
0.403495
0.257682
0.143549
0.0178323
0.0537103
-0.486407
-0.452063
-0.387536
-0.303393
-0.208375
-0.106165
0.00230967
0.11639
0.235748
0.36022
0.473888
0.561104
0.61086
0.588441
0.433913
0.244433
0.0633665
-0.0974077
-0.279506
-0.288098
-0.509797
-0.474999
-0.409544
-0.324656
-0.229402
-0.127363
-0.0194927
0.0935358
0.211095
0.332459
0.440846
0.520811
0.551663
0.493615
0.304819
0.0993065
-0.107714
-0.283195
-0.527257
-0.789275
-0.533524
-0.498686
-0.43269
-0.347281
-0.251777
-0.149851
-0.0425132
0.069443
0.18511
0.303152
0.406002
0.47761
0.48841
0.380006
0.191856
-0.0158518
-0.216325
-0.377805
-0.453212
-0.560709
-0.558541
-0.523608
-0.457315
-0.371621
-0.276011
-0.174287
-0.0675692
0.0431506
0.156615
0.270844
0.367774
0.428723
0.415306
0.272765
0.0907147
-0.100493
-0.264923
-0.354401
-0.377072
-0.393365
-0.58513
-0.550077
-0.483586
-0.397767
-0.302238
-0.200881
-0.0950206
0.0141658
0.125013
0.234785
0.325336
0.372549
0.341361
0.172725
-0.00128561
-0.167816
-0.293274
-0.331014
-0.34296
-0.344129
-0.6135
-0.578254
-0.511551
-0.425708
-0.330399
-0.229636
-0.124885
-0.0175633
0.0902279
0.194946
0.278292
0.311063
0.259784
0.0804691
-0.0846349
-0.232114
-0.30656
-0.323848
-0.324843
-0.324605
-0.643699
-0.608168
-0.541225
-0.455432
-0.360504
-0.260534
-0.157165
-0.0520553
0.0522579
0.151384
0.226568
0.247491
0.161384
-0.00391291
-0.161089
-0.280554
-0.317092
-0.314655
-0.313972
-0.313394
-0.675427
-0.639697
-0.572495
-0.486844
-0.392454
-0.293516
-0.191827
-0.0892876
0.0111263
0.104182
0.170953
0.175561
0.0712368
-0.082856
-0.221613
-0.29406
-0.304594
-0.307211
-0.307526
-0.307136
-0.708106
-0.672259
-0.605113
-0.519707
-0.426052
-0.328409
-0.228713
-0.129135
-0.0330009
0.0536484
0.111872
0.102032
-0.0107399
-0.150501
-0.263619
-0.301091
-0.304627
-0.304673
-0.304258
-0.303788
-0.741262
-0.705298
-0.63858
-0.553605
-0.460931
-0.364877
-0.267527
-0.171317
-0.0798708
0.000449546
0.0480623
0.0309209
-0.0859748
-0.205848
-0.29381
-0.302109
-0.301249
-0.301551
-0.301481
-0.301254
-0.774008
-0.738179
-0.671977
-0.587888
-0.496522
-0.402419
-0.307791
-0.215354
-0.129055
-0.0548557
-0.0175085
-0.0369583
-0.152269
-0.248224
-0.301391
-0.310815
-0.304511
-0.299712
-0.298187
-0.297897
-0.804731
-0.769725
-0.704343
-0.621597
-0.532016
-0.440291
-0.348803
-0.26053
-0.179774
-0.1119
-0.0784512
-0.114488
-0.208393
-0.285918
-0.302694
-0.311205
-0.306567
-0.30044
-0.297949
-0.296846
-0.831803
-0.797834
-0.734591
-0.653543
-0.566323
-0.477483
-0.389631
-0.305893
-0.230898
-0.169972
-0.137779
-0.192755
-0.264178
-0.295566
-0.32856
-0.326441
-0.323815
-0.32248
-0.321014
-0.319533
-0.853108
-0.820878
-0.760329
-0.682288
-0.598065
-0.512764
-0.429075
-0.350243
-0.281212
-0.227746
-0.200148
-0.269411
-0.330753
-0.323706
-0.341193
-0.373341
-0.3917
-0.398697
-0.396889
-0.3935
-0.866374
-0.836839
-0.779939
-0.705759
-0.625627
-0.544658
-0.465732
-0.392145
-0.329286
-0.283788
-0.261135
-0.353379
-0.448212
-0.45081
-0.430846
-0.48095
-0.518985
-0.523238
-0.512717
-0.509656
-0.868881
-0.84335
-0.791288
-0.72213
-0.647188
-0.571527
-0.497965
-0.429939
-0.373229
-0.336062
-0.31425
-0.43733
-0.628381
-0.772041
-0.696766
-0.618522
-0.568721
-0.54609
-0.538815
-0.537574
-0.858728
-0.837956
-0.792199
-0.729722
-0.661154
-0.591662
-0.524
-0.461664
-0.410797
-0.380322
-0.364086
-0.484558
-0.683418
-1.05777
-0.961005
-0.669875
-0.533662
-0.502096
-0.494069
-0.490997
-0.833376
-0.817581
-0.780822
-0.727212
-0.666364
-0.603817
-0.542232
-0.485262
-0.438689
-0.411508
-0.399859
-0.405301
-0.361835
-0.395165
-0.425819
-0.389073
-0.388798
-0.388022
-0.38817
-0.387589
-0.795175
-0.784822
-0.757691
-0.714662
-0.662682
-0.60752
-0.551766
-0.498924
-0.454403
-0.427663
-0.403459
-0.285872
0.00645271
0.488671
0.519215
0.121177
-0.153034
-0.244214
-0.279587
-0.281056
-0.750379
-0.74446
-0.727394
-0.694713
-0.651938
-0.603513
-0.552733
-0.502187
-0.457383
-0.425216
-0.409906
-0.347972
-0.323518
-0.435396
-0.776558
-1.06075
-1.03875
-0.80467
-0.648018
-0.638672
-0.708197
-0.704723
-0.695904
-0.672686
-0.637206
-0.594047
-0.546456
-0.496376
-0.446991
-0.410777
-0.39688
-0.513008
-0.932484
-1.57097
-1.95483
-2.24213
-2.2167
-2.01211
-1.78954
-1.62731
-0.675848
-0.67368
-0.669137
-0.653446
-0.623369
-0.582727
-0.535465
-0.482348
-0.426292
-0.371383
-0.342044
-0.411819
-0.694467
-1.02386
-1.20015
-1.11073
-0.872733
-0.622743
-0.421803
-0.318181
-0.649911
-0.649042
-0.647629
-0.639023
-0.613602
-0.573519
-0.523128
-0.464477
-0.397342
-0.318119
-0.23614
-0.145378
-0.0735271
0.141994
0.418495
0.727504
1.03467
1.26321
1.39785
1.44698
-0.633823
-0.633309
-0.632739
-0.62881
-0.608379
-0.567279
-0.511797
-0.444479
-0.364368
-0.264241
-0.140652
0.0227532
0.290099
0.684515
1.17048
1.64239
2.01658
2.25211
2.36344
2.39561
-0.623681
-0.623351
-0.622762
-0.621617
-0.606256
-0.564931
-0.504068
-0.428403
-0.336131
-0.22469
-0.0934084
0.0380237
0.292798
0.73364
1.27166
1.7605
2.12162
2.32833
2.41887
2.44232
-0.618062
-0.617204
-0.615182
-0.61426
-0.606138
-0.56849
-0.502804
-0.419159
-0.319694
-0.206921
-0.0828481
0.0439838
0.213848
0.61797
1.07276
1.46803
1.7576
1.9197
1.98875
2.00641
-0.626338
-0.623284
-0.617638
-0.616203
-0.616327
-0.582085
-0.507488
-0.414478
-0.311241
-0.198229
-0.0855782
0.0288204
0.148837
0.439875
0.791353
1.07663
1.28672
1.40316
1.4525
1.46451
-0.662402
-0.659908
-0.660382
-0.664789
-0.663821
-0.610386
-0.514732
-0.408405
-0.301605
-0.191423
-0.0915884
0.00168689
0.0916348
0.287607
0.52873
0.726962
0.872559
0.952059
0.985714
0.993369
-0.712349
-0.719315
-0.735743
-0.743478
-0.721611
-0.633809
-0.511695
-0.393478
-0.286567
-0.185197
-0.101631
-0.0318626
0.0256308
0.165787
0.333098
0.464937
0.559869
0.610447
0.630534
0.634596
-0.692284
-0.704557
-0.724369
-0.730445
-0.697215
-0.597356
-0.473041
-0.360034
-0.26352
-0.177273
-0.111334
-0.0621731
-0.0245001
0.0703554
0.186176
0.275915
0.33772
0.369891
0.383029
0.384898
-0.532611
-0.544377
-0.560023
-0.564307
-0.536285
-0.464934
-0.38199
-0.300697
-0.226811
-0.160396
-0.109197
-0.0760663
-0.0499129
0.0206809
0.0964127
0.152747
0.189563
0.208328
0.215413
0.215941
-0.295618
-0.301719
-0.311349
-0.319389
-0.314001
-0.29227
-0.260064
-0.220779
-0.178176
-0.133964
-0.0991152
-0.0787898
-0.0605752
-0.0125853
0.0382923
0.0750583
0.0971957
0.108066
0.111879
0.111705
-0.092205
-0.0951495
-0.102809
-0.116463
-0.133283
-0.145781
-0.14937
-0.143079
-0.127608
-0.104671
-0.0829976
-0.0673863
-0.0541155
-0.0221741
0.00967858
0.0316419
0.0452711
0.0519406
0.0542453
0.0537703
0.027967
0.0261798
0.0192658
0.00298658
-0.0224646
-0.0495195
-0.0707713
-0.0825703
-0.0836305
-0.0743555
-0.0601833
-0.0466608
-0.03327
-0.0114219
0.00695421
0.0179658
0.0237122
0.0261832
0.0266235
0.025858
0.0775034
0.076177
0.0703383
0.0556448
0.031584
0.00403281
-0.0210245
-0.0395848
-0.0490305
-0.0481351
-0.0390182
-0.025002
-0.0107692
0.00259006
0.00910606
0.0134911
0.0165883
0.0179797
0.0182501
0.0173391
0.0872857
0.0863044
0.0819467
0.070785
0.0520373
0.0293155
0.0066711
-0.0123626
-0.0249014
-0.0283929
-0.0217038
-0.00817782
0.00616376
0.011922
0.0132887
0.0147367
0.0160613
0.0169137
0.0166525
0.0155225
0.0797098
0.0790498
0.0760633
0.0682776
0.0548259
0.037651
0.0193512
0.0027711
-0.00957034
-0.01491
-0.0106992
0.000740491
0.0122471
0.0125108
0.0107576
0.0114545
0.0132462
0.0146515
0.0144201
0.013185
0.0660928
0.0656839
0.0637387
0.0585508
0.0493038
0.0369733
0.0230318
0.00945126
-0.00176124
-0.00817381
-0.00689529
0.000231711
0.00647838
0.00385776
0.00209572
0.00326532
0.00541304
0.00660865
0.00632598
0.00517644
0.0513543
0.0511072
0.0498806
0.0465242
0.0403259
0.031673
0.0213739
0.0106333
0.000736883
-0.00658609
-0.00895399
-0.00745397
-0.00660989
-0.0109157
-0.0120317
-0.00979741
-0.00753259
-0.00684744
-0.00719698
-0.00816155
0.037548
0.0373797
0.0366274
0.034535
0.0305082
0.0245742
0.0170731
0.00860262
-0.000204943
-0.00846037
-0.0147129
-0.0196628
-0.0255055
-0.0311561
-0.0295293
-0.0260926
-0.0235384
-0.0229842
-0.0233592
-0.024105
0.0256475
0.0255159
0.0250316
0.0237786
0.021246
0.0172477
0.011817
0.00510408
-0.00281533
-0.0119594
-0.0218293
-0.0329482
-0.0428303
-0.046946
-0.0438438
-0.0401069
-0.0382083
-0.0379802
-0.0383156
-0.0388387
0.0160435
0.0159354
0.0156181
0.0148984
0.0133727
0.010747
0.00681754
0.0014429
-0.00569768
-0.0153234
-0.0279279
-0.0426295
-0.0553446
-0.0576104
-0.0533014
-0.049497
-0.0478972
-0.047838
-0.0480795
-0.0484832
0.00892359
0.00881592
0.00860046
0.00818752
0.00730853
0.0056119
0.00278358
-0.0014987
-0.00775496
-0.0172776
-0.0308639
-0.0474574
-0.0603972
-0.0603331
-0.0554106
-0.0520233
-0.051048
-0.0512337
-0.0514033
-0.0517182
0.00416069
0.00405139
0.00388896
0.00364706
0.00314912
0.00204367
2.85769e-06
-0.00335755
-0.0086414
-0.0170409
-0.0295975
-0.0449698
-0.0558575
-0.0539635
-0.0497086
-0.0476253
-0.0474677
-0.0477353
-0.0478535
-0.0481213
0.00136632
0.00127736
0.00113678
0.000988856
0.000703957
2.99765e-07
-0.00142462
-0.00390487
-0.00797971
-0.0145528
-0.0241792
-0.0354869
-0.0424595
-0.0400511
-0.03749
-0.0372005
-0.0376577
-0.0378886
-0.03804
-0.0383413
5.5701e-05
-2.0768e-05
-0.000125043
-0.000233212
-0.000399597
-0.000839573
-0.00174854
-0.00342113
-0.00613774
-0.0104769
-0.0161966
-0.0214879
-0.023567
-0.0218391
-0.0223319
-0.0235974
-0.0241894
-0.0242448
-0.0244885
-0.0248644
-0.000285997
-0.000349186
-0.000423327
-0.000475818
-0.000557135
-0.000780689
-0.00127378
-0.00213255
-0.0035358
-0.005742
-0.00801811
-0.00820064
-0.00605957
-0.0059569
-0.00855535
-0.0105473
-0.010608
-0.0101021
-0.010445
-0.0110068
3.78799e-05
1.56604e-05
1.02626e-05
-3.50067e-05
-0.000100704
-0.000105966
-0.000145692
-0.00024376
-0.00044747
-0.000689407
-0.00112845
-0.000339028
0.00248992
0.00204771
-0.000503993
-0.00149118
-0.00236042
-0.00295104
-0.00310638
-0.00280273
-0.0911093
0.0969364
0.298011
0.466836
0.601835
0.708568
0.79746
0.872113
0.902589
0.886358
0.235106
0.35867
0.488022
0.599807
0.694056
0.77225
0.835201
0.879288
0.902162
0.914988
0.455358
0.539154
0.627137
0.705449
0.772674
0.828842
0.873324
0.906069
0.930103
0.947974
0.615544
0.675084
0.736813
0.793977
0.843527
0.885505
0.919996
0.94786
0.970488
0.988749
0.741005
0.783687
0.830839
0.874129
0.912768
0.946513
0.975432
0.9998
1.01966
1.03761
0.844965
0.878086
0.916625
0.952097
0.984622
1.01388
1.03952
1.06127
1.07834
1.09594
0.937599
0.966514
1.00059
1.03281
1.06275
1.08996
1.11383
1.1337
1.14833
1.16578
1.02622
1.05567
1.08965
1.12181
1.15143
1.17805
1.20099
1.21944
1.2321
1.24956
1.12157
1.15516
1.19158
1.22529
1.25533
1.28148
1.30339
1.32048
1.33193
1.34972
1.23646
1.27502
1.31325
1.34745
1.3767
1.40136
1.42164
1.43734
1.44866
1.46701
1.38117
1.42064
1.45619
1.48659
1.51215
1.53419
1.55319
1.56871
1.58136
1.59948
1.55589
1.58794
1.61372
1.63605
1.65609
1.67483
1.69245
1.709
1.72474
1.74293
1.74349
1.76104
1.77657
1.79315
1.8093
1.82384
1.83687
1.85084
1.86792
1.8876
1.92507
1.93604
1.94819
1.95897
1.96823
1.97778
1.98866
2.00025
2.01019
2.02537
2.13609
2.13811
2.12295
2.10772
2.10133
2.10699
2.1256
2.15601
2.18815
2.2189
2.442
2.30495
2.22866
2.18656
2.16912
2.17315
2.2005
2.25665
2.3601
2.57538
0.742761
0.739385
0.733457
0.723648
0.710702
0.698275
0.687957
0.680002
0.674335
0.671038
0.670648
0.67337
0.678476
0.685718
0.695149
0.706834
0.719962
0.731951
0.739407
0.744126
0.660779
0.666664
0.673566
0.678802
0.681644
0.68131
0.678398
0.674466
0.670886
0.668578
0.668395
0.670574
0.674245
0.678589
0.682527
0.684523
0.683406
0.679311
0.673416
0.666371
0.65313
0.655477
0.658824
0.661727
0.663937
0.66573
0.666679
0.666411
0.665363
0.664443
0.66458
0.665977
0.667771
0.669034
0.669067
0.667886
0.666071
0.663723
0.660564
0.657599
0.647996
0.649083
0.650945
0.653321
0.655274
0.656656
0.657739
0.658581
0.659028
0.659246
0.6597
0.66045
0.660967
0.660913
0.660373
0.659487
0.658073
0.656008
0.653891
0.652475
0.642913
0.643568
0.644673
0.646387
0.648183
0.649787
0.651037
0.652043
0.652937
0.653724
0.654413
0.654891
0.655002
0.65477
0.654188
0.653141
0.651688
0.650105
0.648774
0.647989
0.638004
0.63846
0.639239
0.640527
0.64201
0.643528
0.644976
0.646237
0.647337
0.648357
0.649218
0.649715
0.649802
0.649493
0.648768
0.647738
0.646577
0.645425
0.644504
0.643982
0.633231
0.633572
0.634177
0.635235
0.636511
0.637872
0.639298
0.640718
0.642045
0.643266
0.644304
0.644922
0.645038
0.644709
0.644057
0.643236
0.642354
0.64147
0.640788
0.640404
0.628552
0.628818
0.629305
0.630203
0.631356
0.632631
0.634001
0.63546
0.636954
0.638406
0.639667
0.640443
0.640661
0.640465
0.640011
0.639403
0.638718
0.638051
0.637546
0.637254
0.623894
0.624105
0.62451
0.625297
0.626368
0.627593
0.628947
0.630441
0.632059
0.633737
0.635263
0.636273
0.636703
0.636729
0.63649
0.636089
0.635596
0.635112
0.634743
0.634513
0.619173
0.619343
0.61969
0.620403
0.621427
0.622627
0.624003
0.625571
0.62733
0.629242
0.631084
0.63242
0.633146
0.633435
0.633427
0.633235
0.632938
0.632616
0.632359
0.632176
0.614306
0.614444
0.614749
0.615418
0.616422
0.617643
0.61908
0.620763
0.622712
0.62491
0.627137
0.628882
0.629965
0.630558
0.630809
0.630838
0.63073
0.630562
0.630398
0.630251
0.609211
0.609322
0.609599
0.610248
0.611269
0.612555
0.614096
0.615948
0.618158
0.62072
0.623425
0.625662
0.627161
0.628101
0.628641
0.628904
0.628989
0.628972
0.628889
0.62877
0.603798
0.603886
0.604147
0.6048
0.605874
0.607267
0.608968
0.611058
0.613609
0.616643
0.619941
0.622764
0.624749
0.626085
0.626947
0.627481
0.627773
0.627896
0.627884
0.627787
0.597968
0.598034
0.598288
0.598969
0.600134
0.601682
0.603605
0.60601
0.608993
0.612617
0.616641
0.620174
0.62274
0.624543
0.625773
0.626604
0.627125
0.627396
0.627451
0.627373
0.591601
0.591647
0.591902
0.592633
0.593928
0.595686
0.597901
0.600707
0.604237
0.608591
0.613502
0.617895
0.62116
0.623518
0.625178
0.626344
0.627127
0.627557
0.627678
0.627616
0.584558
0.584587
0.584845
0.585647
0.587116
0.589145
0.591736
0.595055
0.599273
0.604525
0.61052
0.615957
0.62006
0.623074
0.625243
0.626799
0.627881
0.628483
0.628671
0.628622
0.576652
0.576666
0.576927
0.577827
0.579524
0.581892
0.584969
0.588949
0.594042
0.600423
0.607744
0.614423
0.619509
0.62329
0.626058
0.628087
0.629505
0.630295
0.630553
0.630515
0.567599
0.567583
0.567902
0.568935
0.570907
0.573721
0.57742
0.582227
0.588409
0.596181
0.605117
0.613294
0.619556
0.624251
0.627731
0.630321
0.632128
0.63313
0.63346
0.633431
0.557116
0.557074
0.557437
0.558657
0.560989
0.564374
0.568862
0.574718
0.582266
0.591755
0.602655
0.612626
0.620283
0.626061
0.630386
0.633626
0.635891
0.637129
0.637536
0.637514
0.544736
0.544668
0.545106
0.546568
0.549375
0.553507
0.559017
0.566229
0.575519
0.587147
0.600424
0.612526
0.621806
0.628843
0.634161
0.638157
0.640946
0.642445
0.64293
0.64291
0.529827
0.52973
0.530288
0.532094
0.535536
0.540671
0.547546
0.556538
0.568064
0.582361
0.598496
0.613074
0.624237
0.632723
0.639191
0.64406
0.647438
0.649216
0.649773
0.649751
0.51148
0.511357
0.512108
0.51441
0.518738
0.525257
0.533988
0.545346
0.559733
0.577305
0.596846
0.61432
0.627644
0.637792
0.64557
0.651438
0.655479
0.657546
0.658166
0.658134
0.488276
0.488138
0.489219
0.492295
0.497963
0.506521
0.517904
0.532509
0.550644
0.572282
0.595808
0.616511
0.6322
0.644179
0.653397
0.660384
0.665126
0.667469
0.668127
0.668074
0.457885
0.457773
0.459456
0.46388
0.471815
0.483562
0.498847
0.517907
0.540817
0.567323
0.595408
0.619711
0.637976
0.651921
0.662699
0.670895
0.67632
0.678884
0.67954
0.679452
0.416186
0.416241
0.419258
0.426518
0.438661
0.455632
0.4767
0.501778
0.530657
0.562871
0.596011
0.624121
0.645064
0.661037
0.67344
0.682856
0.688854
0.691512
0.692106
0.691974
0.355486
0.356671
0.364068
0.377721
0.397589
0.422884
0.452097
0.484832
0.520769
0.559354
0.597863
0.629877
0.653501
0.671468
0.685432
0.695907
0.702306
0.704848
0.705277
0.705106
0.282858
0.284917
0.299206
0.32278
0.353392
0.388515
0.426625
0.467557
0.511114
0.556797
0.601636
0.638598
0.665843
0.686554
0.702538
0.714322
0.721151
0.723704
0.724155
0.724091
0.208011
0.21438
0.235646
0.26932
0.310271
0.354986
0.401994
0.451204
0.502494
0.555413
0.606782
0.648891
0.679872
0.703506
0.721769
0.734819
0.741837
0.744131
0.744426
0.744439
0.146958
0.155436
0.181264
0.221992
0.270983
0.323856
0.378903
0.435871
0.494547
0.554438
0.612059
0.65902
0.693459
0.719652
0.739752
0.753853
0.760998
0.763303
0.763917
0.764013
0.0971355
0.106223
0.135594
0.181538
0.236618
0.296049
0.357881
0.421693
0.487115
0.553527
0.617052
0.668564
0.706207
0.734756
0.756548
0.771747
0.779554
0.782409
0.783145
0.783271
0.0553132
0.0646762
0.0964924
0.146447
0.206509
0.271389
0.338953
0.408726
0.48019
0.552586
0.621608
0.677364
0.717962
0.74868
0.772147
0.788418
0.797085
0.800328
0.801179
0.801301
0.0190975
0.0285824
0.0622498
0.115411
0.179592
0.249123
0.321679
0.396723
0.473633
0.55152
0.625657
0.685355
0.728675
0.761339
0.786198
0.803409
0.812743
0.816323
0.817292
0.817418
-0.013156
-0.00361338
0.0314817
0.0873625
0.154998
0.228529
0.305505
0.385292
0.467182
0.550158
0.629084
0.692462
0.738266
0.772663
0.798639
0.816563
0.826481
0.83039
0.831397
0.831522
-0.0426842
-0.0330732
0.00319238
0.0614176
0.132033
0.209067
0.289968
0.374055
0.460536
0.548287
0.631758
0.698627
0.746742
0.782675
0.809607
0.828045
0.838286
0.842426
0.843483
0.843596
-0.070312
-0.0606344
-0.0233012
0.0369158
0.110188
0.190329
0.274735
0.362731
0.453468
0.545736
0.633581
0.703845
0.754189
0.791529
0.819217
0.837927
0.848329
0.852647
0.853777
0.85387
-0.0965847
-0.0868053
-0.048472
0.0134162
0.0891055
0.172008
0.259573
0.351131
0.445819
0.542374
0.634486
0.708141
0.760723
0.799405
0.827721
0.846688
0.857183
0.861564
0.862687
0.862772
-0.12195
-0.111972
-0.0727998
-0.00929108
0.0685374
0.153904
0.244321
0.33913
0.43749
0.538119
0.634435
0.711556
0.766447
0.806477
0.835394
0.854582
0.865161
0.869522
0.870605
0.870624
-0.146635
-0.136423
-0.0964817
-0.0313749
0.0483263
0.135894
0.228886
0.326662
0.428418
0.532927
0.633408
0.714114
0.771451
0.812893
0.842429
0.86181
0.872411
0.876716
0.87774
0.87775
-0.170728
-0.160289
-0.11949
-0.0529981
0.0283867
0.117935
0.213232
0.313699
0.418586
0.526764
0.631377
0.715827
0.7758
0.818783
0.849005
0.868579
0.879143
0.883311
0.884235
0.884201
-0.194346
-0.183596
-0.142018
-0.0742223
0.00868636
0.100004
0.197362
0.300254
0.408006
0.519633
0.628308
0.716665
0.77953
0.824268
0.855274
0.874999
0.885408
0.889357
0.890128
0.890039
-0.217465
-0.206418
-0.164065
-0.0950618
-0.0107678
0.0821242
0.181319
0.286375
0.396716
0.511542
0.624168
0.716562
0.782628
0.82944
0.86139
0.881194
0.891261
0.894844
0.895434
0.8953
-0.240123
-0.228741
-0.185573
-0.115479
-0.0299424
0.0643383
0.165154
0.27213
0.38478
0.502525
0.618925
0.715435
0.785026
0.834356
0.867548
0.887371
0.896815
0.899821
0.900185
0.900014
-0.262121
-0.250489
-0.206525
-0.135429
-0.0487806
0.0467261
0.148942
0.257597
0.37228
0.492648
0.612562
0.713191
0.786611
0.838996
0.873959
0.893905
0.902353
0.904383
0.904394
0.904196
-0.283595
-0.271606
-0.226895
-0.154883
-0.0672457
0.0293329
0.13278
0.242864
0.359309
0.481994
0.605089
0.709728
0.78722
0.843221
0.88074
0.901347
0.908557
0.908901
0.908129
0.907889
-0.304378
-0.292061
-0.24665
-0.173788
-0.0852543
0.0122468
0.116752
0.228054
0.345979
0.470636
0.596546
0.704951
0.786653
0.846743
0.887726
0.910215
0.916759
0.914736
0.911995
0.910968
-0.324518
-0.311894
-0.265729
-0.192084
-0.102765
-0.00446069
0.100946
0.213251
0.332402
0.458709
0.58701
0.698775
0.784701
0.849148
0.894285
0.920347
0.928391
0.925214
0.918574
0.909286
-0.343935
-0.331071
-0.284217
-0.209932
-0.119994
-0.0210746
0.0850176
0.19804
0.318118
0.445693
0.575933
0.690596
0.780829
0.849964
0.899528
0.930638
0.943489
0.941509
0.931271
0.926338
-0.362571
-0.349574
-0.302112
-0.227282
-0.136926
-0.03758
0.0689947
0.182408
0.303091
0.431476
0.563139
0.680035
0.774334
0.848405
0.901324
0.936137
0.951853
0.954374
0.91714
0.86964
-0.380133
-0.366726
-0.319361
-0.244032
-0.153611
-0.0540781
0.0528505
0.166476
0.287383
0.416113
0.548559
0.666881
0.764172
0.843885
0.897651
0.926914
0.942929
0.92684
0.870388
0.809248
-0.398439
-0.382364
-0.33568
-0.259548
-0.169745
-0.0702025
0.0363006
0.150296
0.27112
0.399758
0.532181
0.65096
0.748994
0.837231
0.886399
0.92882
0.896962
0.851879
0.782609
0.71606
-0.385814
-0.365157
-0.314243
-0.233495
-0.13833
-0.0354803
0.0762401
0.19316
0.317182
0.449704
0.576364
0.682473
0.773018
0.864678
0.901096
0.829015
0.780102
0.716077
0.644263
0.596902
-0.405689
-0.392443
-0.35492
-0.284064
-0.194643
-0.0957824
0.0109636
0.124499
0.244697
0.372298
0.50309
0.620425
0.715304
0.798713
0.868575
0.859136
0.744208
0.661231
0.598627
0.518296
-0.427339
-0.412807
-0.3703
-0.298149
-0.208245
-0.109722
-0.00411712
0.108495
0.227773
0.35404
0.483168
0.598501
0.690204
0.761206
0.788167
0.711129
0.575632
0.482492
0.4086
0.323193
-0.449219
-0.436552
-0.389883
-0.316428
-0.226462
-0.127648
-0.0220282
0.0903274
0.208772
0.333625
0.459997
0.57084
0.654243
0.709524
0.687336
0.559035
0.412454
0.299283
0.204143
0.0735689
-0.473103
-0.46028
-0.411489
-0.336801
-0.24657
-0.147693
-0.0421515
0.0696714
0.187067
0.310096
0.433089
0.538538
0.613532
0.647261
0.588861
0.411254
0.23772
0.091802
-0.0434825
-0.229175
-0.496334
-0.483751
-0.433748
-0.357874
-0.267117
-0.168254
-0.0630599
0.0479591
0.164051
0.284866
0.40402
0.503424
0.570029
0.571189
0.463334
0.270331
0.06625
-0.122207
-0.291528
-0.669514
-0.519723
-0.507394
-0.45682
-0.380093
-0.288888
-0.189969
-0.0851347
0.0250578
0.139724
0.258075
0.373027
0.465539
0.520737
0.490315
0.341047
0.144071
-0.0675452
-0.264817
-0.43112
-0.723927
-0.544049
-0.531855
-0.480981
-0.403712
-0.312184
-0.213206
-0.108691
0.000696563
0.113873
0.22957
0.340071
0.425213
0.466021
0.417539
0.230748
0.03935
-0.15733
-0.32129
-0.3883
-0.426253
-0.569848
-0.557781
-0.506624
-0.429044
-0.337405
-0.238541
-0.134504
-0.0261529
0.0852011
0.197743
0.303154
0.380171
0.40492
0.321336
0.131692
-0.0489121
-0.213742
-0.318062
-0.352847
-0.361401
-0.597343
-0.58526
-0.533903
-0.456108
-0.364495
-0.265926
-0.162591
-0.0555435
0.05361
0.162472
0.262072
0.330697
0.330015
0.217068
0.0411258
-0.125437
-0.263394
-0.317742
-0.32907
-0.332876
-0.626658
-0.614531
-0.56288
-0.484915
-0.393445
-0.29536
-0.192956
-0.0875203
0.0190548
0.123769
0.216813
0.276246
0.251765
0.119094
-0.0424643
-0.198359
-0.295439
-0.320437
-0.318793
-0.31897
-0.65754
-0.645652
-0.593512
-0.515423
-0.42421
-0.326792
-0.225583
-0.122072
-0.0184573
0.0816278
0.167654
0.215898
0.182118
0.0290479
-0.118756
-0.254571
-0.295899
-0.30614
-0.30985
-0.30996
-0.689818
-0.677874
-0.625569
-0.547459
-0.456648
-0.36011
-0.260372
-0.159122
-0.0588736
0.0361966
0.114745
0.152135
0.11084
-0.0486548
-0.18559
-0.279027
-0.317499
-0.307223
-0.305809
-0.305501
-0.722954
-0.710964
-0.658807
-0.580689
-0.490454
-0.395048
-0.297079
-0.198459
-0.101995
-0.0122046
0.0584055
0.0868458
0.0259137
-0.116907
-0.239172
-0.284606
-0.300888
-0.303046
-0.303304
-0.302948
-0.756183
-0.744243
-0.692076
-0.614541
-0.525138
-0.431167
-0.335321
-0.239712
-0.147465
-0.0632425
-5.99206e-05
0.0131367
-0.0552733
-0.17465
-0.272045
-0.30047
-0.300332
-0.301056
-0.300257
-0.300013
-0.788251
-0.776693
-0.724782
-0.648139
-0.55997
-0.467822
-0.37449
-0.282291
-0.194661
-0.116503
-0.0587677
-0.0601202
-0.128541
-0.225209
-0.295359
-0.339668
-0.315222
-0.301954
-0.297372
-0.296482
-0.817622
-0.806563
-0.755739
-0.680243
-0.593952
-0.504104
-0.413762
-0.32538
-0.242721
-0.171013
-0.117848
-0.126913
-0.201283
-0.262451
-0.310942
-0.308744
-0.312147
-0.309184
-0.306252
-0.30468
-0.842615
-0.832248
-0.78293
-0.709604
-0.625817
-0.538818
-0.452042
-0.367931
-0.290528
-0.225383
-0.178558
-0.191695
-0.273714
-0.30148
-0.290331
-0.333369
-0.347554
-0.350392
-0.350732
-0.349252
-0.86084
-0.851394
-0.80441
-0.734214
-0.653908
-0.570615
-0.487974
-0.408657
-0.336728
-0.278403
-0.239181
-0.258166
-0.356302
-0.379028
-0.346692
-0.394492
-0.438598
-0.463999
-0.463075
-0.45538
-0.870142
-0.861573
-0.818084
-0.75206
-0.676332
-0.597794
-0.520088
-0.445967
-0.379765
-0.328397
-0.297129
-0.325011
-0.472095
-0.582256
-0.566797
-0.546178
-0.557751
-0.556114
-0.544164
-0.535853
-0.866599
-0.859427
-0.822052
-0.761243
-0.691327
-0.618648
-0.546626
-0.478152
-0.417776
-0.372809
-0.352585
-0.38577
-0.559122
-0.845616
-0.972847
-0.763198
-0.60425
-0.54039
-0.526582
-0.52255
-0.848321
-0.843449
-0.813742
-0.760331
-0.697449
-0.631701
-0.565989
-0.50336
-0.448206
-0.408766
-0.398824
-0.416243
-0.507714
-0.728976
-0.895848
-0.670998
-0.522412
-0.469878
-0.453997
-0.447637
-0.815784
-0.81223
-0.791542
-0.748268
-0.694164
-0.636147
-0.57712
-0.519827
-0.46895
-0.432294
-0.416593
-0.385217
-0.248239
0.0588336
0.175093
0.0205716
-0.202845
-0.295803
-0.316259
-0.321439
-0.773193
-0.770943
-0.758672
-0.726984
-0.682399
-0.632426
-0.579778
-0.526918
-0.478255
-0.440127
-0.421663
-0.367104
-0.181409
0.157697
0.336584
0.0163601
-0.211063
-0.320422
-0.336491
-0.345338
-0.728409
-0.727118
-0.720796
-0.700768
-0.66574
-0.622278
-0.575072
-0.525206
-0.475976
-0.434726
-0.410079
-0.420081
-0.527329
-0.950494
-1.38116
-1.73601
-1.83625
-1.64288
-1.40508
-1.23171
-0.690509
-0.689805
-0.686772
-0.674324
-0.647603
-0.609854
-0.565464
-0.516054
-0.464072
-0.412568
-0.383673
-0.394579
-0.695629
-1.20881
-1.77905
-2.07851
-2.07665
-1.86962
-1.62567
-1.43355
-0.662059
-0.661215
-0.659607
-0.654037
-0.633675
-0.599127
-0.55435
-0.502268
-0.443463
-0.380094
-0.314846
-0.257702
-0.329515
-0.384726
-0.321964
-0.157687
0.11414
0.379321
0.56642
0.669834
-0.640992
-0.640591
-0.639822
-0.637758
-0.624566
-0.591975
-0.544776
-0.486987
-0.419222
-0.339027
-0.239208
-0.125751
0.059475
0.317837
0.691151
1.10064
1.48207
1.77532
1.95489
2.03105
-0.628325
-0.628094
-0.627583
-0.626687
-0.619332
-0.588802
-0.538174
-0.47335
-0.394114
-0.299081
-0.178629
-0.0427472
0.155106
0.51255
1.01479
1.54139
1.98744
2.28822
2.44388
2.50013
-0.620109
-0.619986
-0.619269
-0.618617
-0.61509
-0.589446
-0.5366
-0.464636
-0.37663
-0.272569
-0.152418
-0.0181531
0.123918
0.451344
0.940399
1.42635
1.82452
2.07884
2.2062
2.25009
-0.619454
-0.618734
-0.615563
-0.612036
-0.612453
-0.596666
-0.542138
-0.462042
-0.367448
-0.259536
-0.145127
-0.020493
0.0911655
0.331484
0.741579
1.11436
1.4115
1.60264
1.69664
1.72937
-0.641556
-0.639375
-0.634722
-0.632672
-0.635862
-0.621878
-0.55591
-0.462616
-0.359909
-0.251594
-0.141379
-0.0349854
0.0646751
0.22002
0.509725
0.778853
0.989378
1.12506
1.19013
1.21225
-0.690537
-0.688732
-0.693263
-0.703193
-0.705141
-0.670206
-0.572284
-0.458648
-0.347798
-0.241605
-0.140313
-0.0537631
0.0225784
0.128535
0.328823
0.510394
0.65053
0.741106
0.784428
0.798985
-0.717624
-0.721757
-0.738995
-0.754845
-0.748955
-0.685552
-0.562045
-0.436768
-0.326304
-0.228174
-0.14184
-0.0762914
-0.0242429
0.0429723
0.185286
0.31233
0.405363
0.463119
0.48943
0.497211
-0.627038
-0.632534
-0.65133
-0.665171
-0.654639
-0.592059
-0.486902
-0.382338
-0.288484
-0.20766
-0.138401
-0.0905989
-0.0529971
-0.0052914
0.0906105
0.173489
0.232717
0.269908
0.286646
0.291828
-0.414152
-0.419906
-0.431487
-0.442347
-0.438486
-0.404876
-0.351226
-0.29189
-0.232351
-0.175248
-0.124615
-0.0906136
-0.0672942
-0.0331717
0.0359159
0.0906778
0.126555
0.146242
0.154984
0.157319
-0.183189
-0.186259
-0.192415
-0.202618
-0.212797
-0.214774
-0.208444
-0.191716
-0.167227
-0.136207
-0.10498
-0.082461
-0.0685716
-0.0429766
0.000196622
0.0348772
0.058221
0.0713431
0.0772156
0.078552
-0.0205619
-0.022336
-0.0265027
-0.0376944
-0.0574243
-0.0812927
-0.100053
-0.109611
-0.108973
-0.0980933
-0.0807624
-0.064186
-0.051751
-0.0337358
-0.00442079
0.0163763
0.0283066
0.0346746
0.0370402
0.0372368
0.060259
0.0590737
0.0557975
0.0450401
0.0238147
-0.0043753
-0.0313777
-0.0521123
-0.0633994
-0.0641477
-0.055257
-0.0423014
-0.0285328
-0.0138132
0.00220975
0.0116725
0.0169586
0.0198398
0.0209379
0.0206658
0.0860686
0.0852918
0.0827428
0.0740795
0.0564819
0.0322091
0.00682447
-0.0154498
-0.0311792
-0.0381086
-0.0346201
-0.023007
-0.00784232
0.00436975
0.00987862
0.0126409
0.0147792
0.0167317
0.0175554
0.0168714
0.0849819
0.0845079
0.0826908
0.076492
0.0636326
0.0452108
0.0245627
0.00488728
-0.0107669
-0.0198116
-0.019258
-0.00932806
0.00515861
0.013834
0.0134122
0.0136077
0.0148555
0.0162115
0.0163695
0.0154661
0.0733517
0.0731011
0.0718946
0.0677316
0.0588756
0.0457214
0.0300928
0.014187
0.000449794
-0.00884254
-0.0104125
-0.00350181
0.00696045
0.0111826
0.00766693
0.00700886
0.00874293
0.0107581
0.0113942
0.0105725
0.0587273
0.0586173
0.0578498
0.0551564
0.0492577
0.040153
0.0288025
0.0165211
0.00497574
-0.00413568
-0.00785885
-0.00525652
-0.000447915
-0.000569844
-0.00401228
-0.00349756
-0.00135956
0.000264755
0.000349598
-0.000464527
0.0442323
0.0442015
0.0437347
0.0420468
0.0382252
0.0320641
0.0239782
0.0146661
0.00513541
-0.00367686
-0.00974499
-0.0121788
-0.0138854
-0.0185278
-0.0214651
-0.0194869
-0.0165171
-0.0148556
-0.0148014
-0.0155086
0.0313093
0.0312885
0.0309815
0.0299467
0.0275617
0.0235087
0.0178375
0.0108031
0.00282531
-0.00577097
-0.0141518
-0.021678
-0.030286
-0.038393
-0.0388758
-0.0352855
-0.0321587
-0.0310948
-0.0311078
-0.0315616
0.0205281
0.0205146
0.0202799
0.0196543
0.0182385
0.0156548
0.0117151
0.0063994
-0.000330368
-0.00877196
-0.0190762
-0.031116
-0.0448619
-0.0529054
-0.0514362
-0.0471891
-0.0442951
-0.04346
-0.0437902
-0.0440964
0.0121662
0.0121336
0.0119582
0.011584
0.0107817
0.00918885
0.00648428
0.00244945
-0.00323686
-0.0112691
-0.0226773
-0.0376898
-0.0534433
-0.060933
-0.0577537
-0.0531497
-0.0506636
-0.0502484
-0.05052
-0.0507023
0.00627807
0.00623184
0.00607282
0.00583583
0.00539999
0.00442852
0.00257535
-0.000487767
-0.00520359
-0.0123448
-0.0234721
-0.0387916
-0.0545048
-0.0601999
-0.0558334
-0.0516649
-0.0501834
-0.0501812
-0.0503942
-0.0505161
0.00256306
0.00251061
0.00237235
0.00220622
0.00195369
0.00136661
0.000112846
-0.00214163
-0.00584856
-0.0117899
-0.0211782
-0.0340227
-0.0467669
-0.0499335
-0.0458987
-0.0432401
-0.0430363
-0.0433645
-0.0435211
-0.0436514
0.000583283
0.000525432
0.000425858
0.000299081
0.00014502
-0.000202084
-0.00102089
-0.00260248
-0.00527101
-0.00959443
-0.0162343
-0.024519
-0.0318575
-0.0326279
-0.030707
-0.030228
-0.0308586
-0.0312226
-0.0313934
-0.0316382
-0.000191411
-0.000247882
-0.000333367
-0.000418095
-0.000498032
-0.000692216
-0.0012003
-0.00212195
-0.00372364
-0.00634262
-0.0100009
-0.0133206
-0.0146142
-0.0133215
-0.0141192
-0.0160473
-0.0170117
-0.0169276
-0.0170027
-0.0174389
2.26155e-05
1.44365e-05
-2.03059e-06
-7.91e-05
-0.000105536
-0.000104189
-0.000186412
-0.000327876
-0.000551826
-0.00094783
-0.00101127
0.00094762
0.00323936
0.000599667
-0.000977822
-0.00192873
-0.00266004
-0.00315238
-0.00285551
-0.00506301
-0.998355
-0.38452
0.0378035
0.289542
0.474129
0.615673
0.726315
0.817702
0.914743
0.991605
-0.0508291
0.148901
0.322628
0.471729
0.596165
0.697951
0.781108
0.84861
0.889473
0.895131
0.284024
0.400486
0.510183
0.61046
0.696685
0.769443
0.828904
0.873714
0.903251
0.921474
0.493249
0.572052
0.64813
0.718937
0.780993
0.833837
0.877248
0.91137
0.937975
0.95694
0.646402
0.700028
0.758737
0.810585
0.857053
0.897395
0.93163
0.960179
0.983902
1.0007
0.768032
0.808906
0.853975
0.89408
0.931005
0.964168
0.993241
1.01824
1.03921
1.05328
0.870082
0.904899
0.940978
0.975373
1.00748
1.03699
1.06332
1.08604
1.10466
1.11632
0.96298
0.994445
1.02751
1.06021
1.09091
1.11921
1.14436
1.16571
1.1824
1.19215
1.05378
1.08676
1.12122
1.15532
1.18664
1.21487
1.23941
1.25966
1.27474
1.28359
1.15558
1.19351
1.23118
1.26739
1.29942
1.32717
1.35053
1.36935
1.38317
1.39258
1.28228
1.32504
1.364
1.39948
1.42971
1.45525
1.47673
1.49421
1.50762
1.51885
1.44361
1.48516
1.51872
1.54772
1.57212
1.5936
1.61315
1.63051
1.64546
1.65918
1.63406
1.66349
1.68509
1.70421
1.72246
1.7398
1.75592
1.77161
1.7883
1.80555
1.83063
1.84125
1.85351
1.86804
1.88257
1.89548
1.90676
1.91758
1.9303
1.94586
2.01759
2.02717
2.03678
2.03881
2.03936
2.04356
2.05438
2.07071
2.08805
2.09274
2.32222
2.26335
2.21163
2.1716
2.14922
2.14513
2.15867
2.19238
2.24836
2.32769
0.877498
0.820389
0.777996
0.744459
0.720128
0.702711
0.690211
0.681242
0.675081
0.671551
0.671121
0.673961
0.6794
0.687347
0.698267
0.713237
0.734005
0.762742
0.801183
0.84927
0.681876
0.690904
0.697044
0.697653
0.693671
0.687272
0.680678
0.675126
0.67123
0.669529
0.670669
0.674251
0.679548
0.686096
0.69308
0.698791
0.700832
0.697497
0.689137
0.68195
0.657421
0.659518
0.664112
0.667861
0.670863
0.672606
0.672372
0.670573
0.668315
0.66669
0.666659
0.668455
0.671173
0.673822
0.675293
0.674755
0.67244
0.669215
0.665103
0.660666
0.651235
0.652134
0.654635
0.657268
0.6592
0.660648
0.661796
0.662344
0.662214
0.661929
0.662232
0.663266
0.664302
0.664676
0.664191
0.66317
0.661743
0.659592
0.65698
0.654955
0.645782
0.646246
0.647652
0.649693
0.651618
0.653128
0.654246
0.655173
0.65592
0.656487
0.657069
0.657636
0.657864
0.65767
0.657143
0.656201
0.654715
0.652858
0.651185
0.650158
0.640689
0.640978
0.641889
0.643352
0.644984
0.64658
0.647964
0.649092
0.650086
0.651007
0.651786
0.65225
0.652332
0.652067
0.651396
0.650316
0.648991
0.647648
0.646558
0.645929
0.635786
0.635991
0.636673
0.637832
0.639199
0.640632
0.642086
0.643448
0.644664
0.645779
0.646724
0.647276
0.647374
0.647036
0.646321
0.645389
0.644381
0.643369
0.642579
0.642135
0.631026
0.631181
0.631722
0.632693
0.6339
0.635214
0.636611
0.638056
0.639476
0.640811
0.641954
0.642645
0.642798
0.642519
0.64196
0.641248
0.640467
0.639693
0.639106
0.638772
0.626337
0.626459
0.626901
0.627737
0.628845
0.630095
0.631455
0.632927
0.634483
0.636049
0.637437
0.638318
0.638629
0.638538
0.63819
0.637686
0.637096
0.636519
0.636087
0.635828
0.621634
0.621733
0.622106
0.622851
0.623894
0.625106
0.62647
0.627996
0.629678
0.63147
0.633146
0.634307
0.634876
0.635029
0.634903
0.634605
0.634209
0.633803
0.633493
0.633288
0.616832
0.616913
0.617237
0.617923
0.618932
0.620141
0.621546
0.623166
0.625011
0.627056
0.62908
0.630611
0.631508
0.631943
0.632063
0.631977
0.631775
0.631526
0.631317
0.631153
0.611845
0.611912
0.612201
0.612855
0.613863
0.615117
0.616603
0.618363
0.620432
0.6228
0.625253
0.627233
0.628515
0.629275
0.629669
0.62981
0.6298
0.629699
0.629576
0.629444
0.606589
0.606645
0.606911
0.607558
0.608601
0.609941
0.611559
0.61352
0.615888
0.61867
0.621655
0.624172
0.625904
0.627034
0.627734
0.628126
0.628309
0.628355
0.628309
0.628202
0.600969
0.601015
0.60127
0.601932
0.603047
0.604518
0.606326
0.608563
0.611316
0.614629
0.618271
0.621431
0.623692
0.62525
0.626293
0.626974
0.627372
0.627558
0.627579
0.627492
0.594876
0.594914
0.595165
0.595864
0.597088
0.598742
0.600807
0.603399
0.606638
0.610607
0.615052
0.618994
0.621892
0.623958
0.625402
0.626398
0.627032
0.627373
0.627462
0.627393
0.588179
0.588208
0.588463
0.589221
0.590596
0.592492
0.59489
0.597935
0.601786
0.606563
0.611988
0.616879
0.620544
0.623214
0.625129
0.626484
0.627392
0.627901
0.628056
0.628001
0.580723
0.580738
0.581005
0.581843
0.583415
0.58562
0.588444
0.592071
0.5967
0.602484
0.609109
0.615139
0.61971
0.623088
0.625561
0.627343
0.628561
0.629251
0.629475
0.629433
0.57227
0.572293
0.572589
0.573518
0.575339
0.577937
0.581314
0.585681
0.591286
0.598325
0.606412
0.613807
0.619453
0.623666
0.626795
0.629087
0.630664
0.631554
0.63185
0.631818
0.562548
0.56256
0.562895
0.563967
0.566106
0.569217
0.573291
0.578587
0.585409
0.593995
0.603866
0.612897
0.619827
0.625038
0.628947
0.631836
0.633833
0.634949
0.635321
0.635297
0.551183
0.551189
0.551557
0.552824
0.55539
0.559159
0.564129
0.570614
0.578975
0.589468
0.601498
0.612496
0.620938
0.62732
0.632147
0.63573
0.638219
0.639586
0.640036
0.640017
0.537644
0.537644
0.538076
0.539605
0.54273
0.547373
0.553522
0.561559
0.571898
0.584792
0.599434
0.61272
0.622906
0.63064
0.636541
0.640929
0.643972
0.645609
0.646137
0.646119
0.521179
0.521173
0.521702
0.523604
0.527504
0.533337
0.54107
0.55115
0.564007
0.579849
0.597614
0.613595
0.625809
0.635099
0.642242
0.647552
0.651223
0.653146
0.653744
0.65372
0.500671
0.50066
0.501346
0.503821
0.508847
0.516369
0.526304
0.539147
0.555284
0.574786
0.596247
0.615291
0.629775
0.640812
0.64933
0.655704
0.660064
0.662273
0.662924
0.662885
0.47433
0.474317
0.475285
0.478732
0.485559
0.495649
0.508786
0.525438
0.545817
0.569783
0.595516
0.617979
0.634938
0.647889
0.657905
0.665439
0.670504
0.672969
0.67364
0.673572
0.439108
0.43911
0.440706
0.446042
0.456092
0.470263
0.488154
0.510004
0.535742
0.564999
0.595558
0.621748
0.641352
0.656316
0.667938
0.676698
0.682423
0.685061
0.685698
0.685587
0.389239
0.389464
0.393134
0.402854
0.418924
0.439831
0.464653
0.493363
0.525651
0.560983
0.59678
0.626835
0.649126
0.666124
0.679365
0.689292
0.695537
0.698206
0.698746
0.698582
0.317232
0.31954
0.330344
0.349404
0.375488
0.405805
0.439457
0.476269
0.515949
0.557966
0.599455
0.633739
0.659017
0.678301
0.693374
0.704506
0.711226
0.713922
0.714402
0.714234
0.240442
0.246558
0.265707
0.294869
0.331592
0.371646
0.414224
0.459305
0.506738
0.556053
0.604183
0.643755
0.672908
0.695162
0.712531
0.725154
0.7323
0.734878
0.735299
0.735218
0.17431
0.180775
0.206528
0.244333
0.290127
0.339129
0.390285
0.443464
0.498505
0.554948
0.609477
0.654046
0.686793
0.71177
0.731133
0.744829
0.752115
0.754594
0.755131
0.75512
0.120168
0.127073
0.156775
0.20075
0.253296
0.309604
0.368178
0.428678
0.49081
0.55402
0.614638
0.66391
0.699983
0.727396
0.748456
0.763235
0.771197
0.774045
0.774475
0.774499
0.0751565
0.082396
0.114627
0.163281
0.221188
0.283437
0.34823
0.415114
0.483634
0.553099
0.61942
0.673092
0.712242
0.741911
0.764614
0.780609
0.789342
0.792373
0.792878
0.79294
0.0367727
0.044197
0.0782302
0.130426
0.192788
0.260066
0.330191
0.402667
0.476916
0.552108
0.62373
0.681491
0.72348
0.755207
0.779474
0.796414
0.805761
0.809168
0.809816
0.809917
0.00302202
0.0105659
0.0459214
0.101046
0.167118
0.238705
0.313526
0.390998
0.470444
0.550918
0.627482
0.689048
0.733636
0.767198
0.792688
0.810413
0.820229
0.824002
0.82487
0.824981
-0.027545
-0.0198845
0.0165446
0.0741947
0.143406
0.21873
0.297716
0.3797
0.463928
0.549323
0.630544
0.695684
0.74266
0.777848
0.80436
0.822689
0.832871
0.836926
0.83791
0.838023
-0.0558468
-0.0480862
-0.0106803
0.0490437
0.121045
0.199667
0.282361
0.368444
0.457091
0.547127
0.632801
0.701373
0.750606
0.787256
0.814608
0.833296
0.843697
0.84794
0.848994
0.849111
-0.0826069
-0.0747165
-0.0364055
0.0250778
0.0996108
0.181164
0.267183
0.356998
0.449745
0.544181
0.634171
0.706124
0.757581
0.795597
0.823617
0.842499
0.853067
0.857415
0.858535
0.858619
-0.10825
-0.100193
-0.0609463
0.00199263
0.078805
0.162967
0.251988
0.345208
0.441763
0.540378
0.634597
0.709972
0.763695
0.803049
0.831675
0.850792
0.861419
0.865818
0.866934
0.867005
-0.133117
-0.124853
-0.0849522
-0.0203787
0.0584225
0.144915
0.23665
0.332975
0.433065
0.535658
0.63406
0.712956
0.769049
0.809776
0.839002
0.85831
0.868974
0.873338
0.874406
0.874482
-0.157339
-0.14885
-0.108254
-0.0422197
0.0383494
0.126933
0.221103
0.320259
0.423612
0.52998
0.632533
0.715091
0.773719
0.815911
0.845784
0.865277
0.875921
0.880214
0.881213
0.881214
-0.181009
-0.17238
-0.130955
-0.0636427
0.0185291
0.108983
0.205336
0.307049
0.413404
0.52333
0.629987
0.71637
0.777755
0.821585
0.852188
0.871856
0.882383
0.886496
0.887367
0.887307
-0.204213
-0.195381
-0.153203
-0.0846812
-0.00105406
0.091072
0.189373
0.293381
0.402455
0.515711
0.626383
0.716745
0.781173
0.826903
0.858356
0.87814
0.888425
0.892235
0.892934
0.892823
-0.226959
-0.21792
-0.174963
-0.105319
-0.0203802
0.0732327
0.173255
0.279304
0.39083
0.507156
0.621694
0.71614
0.783931
0.831943
0.864466
0.884289
0.894101
0.897447
0.897943
0.897786
-0.249171
-0.239923
-0.196177
-0.12551
-0.0393961
0.0555163
0.15706
0.264898
0.378602
0.497699
0.615891
0.714469
0.78594
0.836728
0.870725
0.890584
0.89959
0.902188
0.902407
0.902216
-0.270782
-0.261324
-0.216826
-0.145223
-0.0580532
0.0380009
0.140861
0.250255
0.365853
0.487421
0.608967
0.711626
0.787061
0.841187
0.877318
0.897494
0.905335
0.906638
0.906353
0.906136
-0.291786
-0.282107
-0.236884
-0.16441
-0.0763032
0.0207616
0.12475
0.235472
0.352685
0.476398
0.600956
0.707516
0.787107
0.845106
0.884248
0.905604
0.912334
0.911533
0.909972
0.909643
-0.312109
-0.302218
-0.256306
-0.183022
-0.0940749
0.00385426
0.108815
0.220645
0.339212
0.464737
0.591897
0.702049
0.785874
0.848127
0.891133
0.915197
0.92213
0.919195
0.914993
0.913026
-0.331773
-0.321682
-0.275067
-0.201059
-0.111394
-0.0127391
0.0930315
0.20574
0.325402
0.452397
0.581722
0.694999
0.783075
0.84982
0.897191
0.925641
0.935728
0.933294
0.925409
0.909452
-0.350791
-0.34053
-0.293266
-0.218698
-0.128504
-0.0293334
0.0770146
0.190282
0.310698
0.438733
0.569758
0.685634
0.777978
0.849549
0.901021
0.934306
0.94951
0.946606
0.937494
0.89994
-0.369407
-0.358492
-0.310862
-0.235774
-0.145269
-0.0457971
0.0609622
0.174499
0.295338
0.423953
0.556091
0.673807
0.769819
0.846555
0.90031
0.933523
0.949464
0.948673
0.89736
0.839414
-0.388934
-0.374314
-0.327689
-0.252143
-0.16192
-0.0623336
0.0446142
0.158394
0.279296
0.408025
0.540566
0.659259
0.757275
0.840704
0.892737
0.91284
0.925242
0.896021
0.831917
0.768092
-0.409405
-0.408534
-0.34871
-0.265378
-0.175605
-0.0762228
0.0284635
0.142626
0.263303
0.391743
0.523806
0.642347
0.739868
0.834293
0.857068
0.867441
0.855629
0.798006
0.726256
0.656765
-0.38521
-0.381843
-0.323442
-0.240566
-0.145844
-0.0430825
0.0663676
0.183113
0.306805
0.43879
0.564742
0.67021
0.757754
0.848586
0.865698
0.774473
0.695161
0.630957
0.560776
0.421577
-0.425304
-0.397765
-0.337039
-0.253537
-0.158785
-0.0562949
0.0525885
0.168749
0.291593
0.422171
0.54576
0.648297
0.726609
0.788479
0.761598
0.637538
0.524326
0.445808
0.364533
0.208194
-0.450589
-0.418558
-0.356129
-0.273072
-0.178247
-0.0759219
0.033136
0.148566
0.270182
0.398635
0.518939
0.616335
0.686682
0.712595
0.638631
0.482863
0.351191
0.252873
0.142353
-0.0792571
-0.474902
-0.4409
-0.376904
-0.293179
-0.198255
-0.0959795
0.0127778
0.127339
0.247494
0.373381
0.489456
0.580212
0.638481
0.630595
0.501357
0.323071
0.161144
0.02593
-0.126479
-0.485751
-0.498429
-0.463584
-0.39845
-0.313869
-0.218735
-0.116603
-0.00843205
0.105134
0.223623
0.346578
0.457671
0.541252
0.581705
0.545054
0.368182
0.169038
-0.0324893
-0.200507
-0.443569
-0.959741
-0.521811
-0.486887
-0.421014
-0.335807
-0.240416
-0.138444
-0.0308547
0.0816289
0.198248
0.317954
0.423569
0.499439
0.521108
0.436595
0.246026
0.0374267
-0.169763
-0.351995
-0.523621
-1.08346
-0.546192
-0.511143
-0.444863
-0.359239
-0.263646
-0.1618
-0.0547569
0.0566212
0.171234
0.287444
0.387372
0.453799
0.452426
0.325185
0.140057
-0.0613203
-0.246782
-0.368974
-0.401033
-0.445703
-0.571989
-0.536846
-0.470313
-0.384489
-0.28888
-0.187319
-0.0809962
0.0289978
0.141199
0.253272
0.34706
0.401258
0.378226
0.22183
0.0437445
-0.134527
-0.278294
-0.336641
-0.357447
-0.362574
-0.59953
-0.564176
-0.497448
-0.411542
-0.316084
-0.214995
-0.109655
-0.00136433
0.108013
0.215316
0.302366
0.342042
0.303522
0.125499
-0.043787
-0.199896
-0.305992
-0.329699
-0.332083
-0.332602
-0.628927
-0.593255
-0.526301
-0.440376
-0.345218
-0.244826
-0.140734
-0.0344743
0.0716311
0.173611
0.252882
0.279848
0.210963
0.0373736
-0.123396
-0.259034
-0.30612
-0.318519
-0.319038
-0.318608
-0.660055
-0.624
-0.556823
-0.470972
-0.376262
-0.276782
-0.174216
-0.0703417
0.0320655
0.128213
0.199029
0.21249
0.114536
-0.0446085
-0.191648
-0.296208
-0.307535
-0.308885
-0.310066
-0.309679
-0.692425
-0.65632
-0.58883
-0.503153
-0.409071
-0.31075
-0.21002
-0.108911
-0.0105906
0.0792791
0.141661
0.138635
0.0295144
-0.117695
-0.244483
-0.285321
-0.303267
-0.305867
-0.305682
-0.305278
-0.725676
-0.68919
-0.621947
-0.536604
-0.443371
-0.346485
-0.247922
-0.149974
-0.0561304
0.0273112
0.0803145
0.0659259
-0.0497505
-0.178969
-0.278358
-0.31735
-0.305205
-0.303419
-0.303122
-0.302783
-0.758856
-0.722391
-0.655614
-0.570792
-0.478691
-0.383568
-0.287537
-0.193163
-0.104234
-0.0269952
0.01464
-0.0021951
-0.120653
-0.225706
-0.298948
-0.298489
-0.301094
-0.30055
-0.300094
-0.299973
-0.790908
-0.755027
-0.688589
-0.604943
-0.514352
-0.421387
-0.328277
-0.237874
-0.154308
-0.0832321
-0.0489536
-0.0747152
-0.181294
-0.267856
-0.298221
-0.313862
-0.306559
-0.298977
-0.29674
-0.296164
-0.820233
-0.785371
-0.720113
-0.63796
-0.549401
-0.459066
-0.369335
-0.283285
-0.205379
-0.140928
-0.108182
-0.154066
-0.235524
-0.291523
-0.312675
-0.313409
-0.310702
-0.307615
-0.305323
-0.303867
-0.84509
-0.811731
-0.748301
-0.668558
-0.582623
-0.495468
-0.409641
-0.328311
-0.256266
-0.199056
-0.168961
-0.23063
-0.293958
-0.302155
-0.339107
-0.344995
-0.348995
-0.350946
-0.350091
-0.348154
-0.863137
-0.832003
-0.771182
-0.694916
-0.612506
-0.529259
-0.44787
-0.371633
-0.305681
-0.25618
-0.231803
-0.31016
-0.378909
-0.364797
-0.364882
-0.418096
-0.455781
-0.465891
-0.458442
-0.454608
-0.872035
-0.843712
-0.786876
-0.715025
-0.637281
-0.558868
-0.482552
-0.411699
-0.351956
-0.310735
-0.289351
-0.397141
-0.534426
-0.587795
-0.544751
-0.551071
-0.559848
-0.550419
-0.538988
-0.535449
-0.869102
-0.84469
-0.793393
-0.727076
-0.655221
-0.582566
-0.511906
-0.446743
-0.393003
-0.359504
-0.338248
-0.473326
-0.685428
-0.956251
-0.875814
-0.671117
-0.561895
-0.530959
-0.523945
-0.522027
-0.850458
-0.832233
-0.788998
-0.729649
-0.664878
-0.598832
-0.534218
-0.474624
-0.426227
-0.397992
-0.394872
-0.458266
-0.594313
-0.856461
-0.79853
-0.579029
-0.488456
-0.460049
-0.449891
-0.44664
-0.817584
-0.804871
-0.771993
-0.722098
-0.665495
-0.606759
-0.54814
-0.493467
-0.448118
-0.422361
-0.404766
-0.338629
-0.113791
0.164557
0.113014
-0.0966483
-0.268044
-0.309113
-0.320105
-0.321128
-0.774721
-0.76671
-0.74514
-0.705722
-0.657834
-0.606413
-0.553313
-0.501797
-0.457639
-0.428165
-0.406862
-0.286723
-0.0432692
0.354193
0.194315
-0.112878
-0.284283
-0.334628
-0.335601
-0.349567
-0.729595
-0.72515
-0.712783
-0.684706
-0.64477
-0.599299
-0.550346
-0.500454
-0.453699
-0.420371
-0.409118
-0.447679
-0.698545
-1.19148
-1.55419
-1.84539
-1.74986
-1.52731
-1.30014
-1.21845
-0.691243
-0.688926
-0.682196
-0.662596
-0.629918
-0.588286
-0.541418
-0.490143
-0.437943
-0.394025
-0.378702
-0.507732
-0.925778
-1.51231
-1.97241
-2.11319
-1.98563
-1.75213
-1.49333
-1.41826
-0.661682
-0.660565
-0.658008
-0.645853
-0.617904
-0.577769
-0.529241
-0.473829
-0.412653
-0.344891
-0.287372
-0.278427
-0.377156
-0.370315
-0.253467
-0.0318777
0.255509
0.482942
0.629822
0.692812
-0.640867
-0.640197
-0.639347
-0.633329
-0.610451
-0.569934
-0.517274
-0.454424
-0.380775
-0.290825
-0.185107
-0.0310817
0.169377
0.494741
0.894336
1.29861
1.64243
1.87951
2.00402
2.04365
-0.628251
-0.627852
-0.627304
-0.62511
-0.607024
-0.565596
-0.507283
-0.435621
-0.349117
-0.241344
-0.110117
0.0319936
0.315946
0.747521
1.28192
1.77974
2.15806
2.38201
2.48173
2.50841
-0.620107
-0.619691
-0.618786
-0.618052
-0.605884
-0.565818
-0.502645
-0.422958
-0.326348
-0.213935
-0.0854324
0.0445356
0.253226
0.687656
1.1888
1.64091
1.97032
2.1561
2.23596
2.25626
-0.619329
-0.617463
-0.613416
-0.611995
-0.608713
-0.573585
-0.504405
-0.416568
-0.315111
-0.202025
-0.0836036
0.0380097
0.178947
0.530471
0.936582
1.2737
1.52173
1.6597
1.71877
1.73373
-0.640734
-0.637309
-0.632912
-0.633912
-0.634232
-0.59419
-0.511278
-0.412101
-0.306959
-0.19476
-0.0881495
0.0163717
0.120931
0.35775
0.651472
0.891275
1.06799
1.16477
1.20521
1.21454
-0.689003
-0.689995
-0.698938
-0.705446
-0.695783
-0.625861
-0.51601
-0.402537
-0.294856
-0.188256
-0.0960701
-0.0143809
0.0592101
0.225315
0.424569
0.585377
0.703091
0.767566
0.794298
0.799913
-0.717608
-0.729047
-0.748398
-0.755386
-0.726647
-0.627085
-0.498183
-0.379801
-0.276416
-0.181842
-0.107353
-0.048923
-0.00368984
0.111702
0.252801
0.362852
0.439337
0.479165
0.495019
0.497414
-0.628134
-0.642006
-0.659863
-0.664323
-0.631325
-0.541014
-0.433933
-0.333869
-0.246762
-0.17033
-0.111909
-0.0706215
-0.0386454
0.042122
0.134748
0.205598
0.25461
0.28021
0.290388
0.291489
-0.41637
-0.425185
-0.437588
-0.44322
-0.425836
-0.379174
-0.322045
-0.261972
-0.203615
-0.147898
-0.104669
-0.0791273
-0.0575665
0.00203603
0.0654647
0.110843
0.138247
0.151668
0.156775
0.156831
-0.184635
-0.188794
-0.197139
-0.2082
-0.214746
-0.212852
-0.201214
-0.180279
-0.152337
-0.119488
-0.0921551
-0.0748455
-0.059505
-0.0209182
0.0188445
0.0478994
0.0660594
0.0750047
0.0782927
0.0780598
-0.0215255
-0.0237823
-0.0310592
-0.0465733
-0.0694715
-0.0915828
-0.106042
-0.110479
-0.104615
-0.0894448
-0.0718747
-0.0575503
-0.0446945
-0.0181955
0.00721989
0.0231565
0.0321827
0.0361795
0.0373846
0.036693
0.0595761
0.0580465
0.0515988
0.0356997
0.010088
-0.018314
-0.0426781
-0.0589607
-0.0649949
-0.0603968
-0.0490715
-0.0355304
-0.0217094
-0.00414523
0.00748597
0.0147054
0.0185993
0.0206513
0.0209306
0.0200848
0.0856525
0.0845018
0.0793933
0.0663969
0.0448442
0.0194278
-0.00486925
-0.0242125
-0.0357696
-0.0375185
-0.0298931
-0.0156889
-0.00123298
0.00816003
0.0114773
0.0135738
0.0160347
0.0173291
0.017336
0.0162258
0.0847544
0.0839411
0.0803063
0.0709191
0.0549218
0.0350022
0.0144516
-0.00353628
-0.0162206
-0.0207931
-0.0153109
-0.00255471
0.0107847
0.0134838
0.0131934
0.0142183
0.0156423
0.0164367
0.0160263
0.01482
0.0732492
0.0727253
0.0703038
0.0639251
0.0527301
0.0381142
0.0220449
0.00695971
-0.00485878
-0.0107578
-0.00793988
0.00155395
0.010705
0.00934036
0.00687237
0.00764768
0.00988119
0.0112874
0.0111534
0.00996918
0.0586959
0.0583797
0.0568293
0.0526449
0.0450506
0.0347002
0.022696
0.0105883
3.29456e-05
-0.00686196
-0.0073321
-0.00286241
0.000429093
-0.00328069
-0.00416643
-0.00250463
-0.000324536
0.000400955
6.57945e-05
-0.0009882
0.0442315
0.0440652
0.0431018
0.040437
0.0354151
0.0282263
0.0194345
0.00990205
0.000578865
-0.007191
-0.0115103
-0.0131401
-0.0155769
-0.0208469
-0.0208268
-0.0179251
-0.0154271
-0.0147273
-0.0150916
-0.0159607
0.0313286
0.0311856
0.0305904
0.0289546
0.0257416
0.0208618
0.0144739
0.00693173
-0.00140886
-0.0101241
-0.0182269
-0.0264194
-0.0349101
-0.0396708
-0.0372204
-0.033512
-0.0313633
-0.0309752
-0.0312997
-0.0319163
0.0205423
0.0204315
0.0200336
0.0190772
0.0171013
0.0138566
0.00923437
0.00322806
-0.00429768
-0.0137392
-0.0251538
-0.0381142
-0.0499346
-0.0530042
-0.0493077
-0.0454144
-0.0437317
-0.0436093
-0.0439202
-0.0443841
0.0121689
0.0120599
0.011808
0.0112583
0.0101037
0.0079905
0.00464471
-0.000154553
-0.00686525
-0.0165737
-0.0299477
-0.0459257
-0.0587528
-0.0600651
-0.0553684
-0.0515799
-0.0502265
-0.0504065
-0.0505834
-0.0509384
0.0062703
0.00616312
0.00596751
0.00566257
0.00499991
0.00362643
0.00122175
-0.00261397
-0.00842964
-0.0174045
-0.0308065
-0.0471642
-0.0593048
-0.0583072
-0.0534781
-0.0506284
-0.0500835
-0.050313
-0.0504225
-0.0507161
0.00254686
0.00244924
0.00229192
0.00210189
0.00172312
0.000844269
-0.000868655
-0.00378897
-0.00846922
-0.0160758
-0.0273187
-0.0409116
-0.0500451
-0.0477396
-0.0443819
-0.0430291
-0.0431692
-0.0434784
-0.0435487
-0.0438273
0.000560485
0.000480423
0.000364244
0.000230913
9.4979e-06
-0.000532332
-0.00170648
-0.00378244
-0.00719086
-0.0126513
-0.0203544
-0.0287019
-0.0332786
-0.0311548
-0.0300643
-0.0305878
-0.0310532
-0.0313321
-0.0314823
-0.0318141
-0.000215951
-0.00028783
-0.00037796
-0.000455725
-0.00057098
-0.00089709
-0.00160534
-0.0028326
-0.00487443
-0.00812261
-0.0118703
-0.0143579
-0.0142258
-0.0128603
-0.0151404
-0.0167487
-0.0170275
-0.0169033
-0.0171994
-0.017635
-0.000215359
-0.000260603
-0.000297228
-0.000331535
-0.000353264
-0.000443665
-0.000647404
-0.00100607
-0.00163982
-0.00260108
-0.0039115
-0.00464936
-0.00156279
0.000885046
-0.00154682
-0.00457814
-0.00577474
-0.00509152
-0.00470703
-0.00525509
-0.647141
-0.136825
0.17415
0.3862
0.548893
0.673339
0.774404
0.86265
0.96552
0.9571
0.0835009
0.239
0.400506
0.53708
0.649762
0.741501
0.817058
0.873495
0.896309
0.902549
0.354857
0.455801
0.562118
0.655312
0.734712
0.800874
0.853285
0.890132
0.913922
0.931025
0.541513
0.610849
0.684564
0.751123
0.808579
0.856732
0.895414
0.925439
0.94902
0.967625
0.681665
0.732575
0.785133
0.834607
0.877993
0.915256
0.946573
0.972597
0.993885
1.01227
0.795024
0.832182
0.87443
0.91298
0.948089
0.979212
1.00625
1.02924
1.04765
1.06563
0.892382
0.922867
0.958477
0.991722
1.0226
1.05058
1.07517
1.09591
1.11172
1.1294
0.981904
1.01061
1.04409
1.07582
1.10541
1.13222
1.15556
1.17471
1.18829
1.20584
1.07233
1.1036
1.13858
1.17134
1.20118
1.22763
1.25011
1.26791
1.27989
1.29757
1.17589
1.21216
1.24974
1.28393
1.31384
1.33941
1.36053
1.37689
1.38816
1.40635
1.3048
1.34476
1.38237
1.41523
1.44302
1.46647
1.48599
1.50135
1.51318
1.53161
1.46565
1.50244
1.5339
1.56039
1.58314
1.60361
1.62215
1.63822
1.65231
1.6703
1.64965
1.67493
1.6948
1.71344
1.73127
1.74803
1.76374
1.77977
1.79699
1.81608
1.83542
1.84712
1.86059
1.87547
1.88925
1.9013
1.91211
1.92355
1.93787
1.95645
2.01869
2.03321
2.03837
2.03892
2.04075
2.04808
2.06197
2.07993
2.09255
2.10605
2.29114
2.23679
2.18959
2.15809
2.14499
2.14957
2.17284
2.21755
2.2849
2.3804
0.741285
0.736601
0.729204
0.717311
0.704327
0.692852
0.683722
0.676909
0.672392
0.67045
0.671651
0.675629
0.681802
0.690117
0.700686
0.713288
0.726352
0.736239
0.74221
0.745609
0.663298
0.670381
0.676358
0.680571
0.68185
0.680083
0.676468
0.672581
0.669536
0.668178
0.669228
0.67226
0.676377
0.680695
0.683879
0.684405
0.6817
0.676565
0.669721
0.663852
0.654137
0.657141
0.660394
0.662883
0.664891
0.66634
0.66668
0.665932
0.664832
0.664338
0.665163
0.666879
0.668528
0.669235
0.668603
0.667037
0.664991
0.662206
0.658927
0.656588
0.648452
0.649904
0.652135
0.654371
0.656016
0.657218
0.658196
0.658851
0.659137
0.659423
0.66007
0.66077
0.661019
0.660692
0.659981
0.658869
0.657116
0.654884
0.653098
0.652014
0.643209
0.644028
0.645491
0.647284
0.64902
0.650451
0.651556
0.6525
0.653341
0.654086
0.654697
0.654995
0.654928
0.654533
0.653731
0.652456
0.650905
0.649365
0.648343
0.647685
0.63822
0.638775
0.639847
0.641254
0.642767
0.644266
0.645628
0.646798
0.647854
0.648827
0.649524
0.649808
0.649703
0.649183
0.648282
0.647169
0.645989
0.644908
0.644218
0.643756
0.633395
0.633812
0.634668
0.635864
0.637179
0.638578
0.640012
0.641392
0.642665
0.643829
0.644681
0.645042
0.644927
0.644416
0.643662
0.642798
0.641898
0.641087
0.640578
0.640227
0.628681
0.629008
0.629713
0.630761
0.631979
0.633302
0.634719
0.636204
0.637687
0.639088
0.640134
0.640616
0.640607
0.640265
0.639724
0.639064
0.638371
0.637769
0.637389
0.637109
0.623996
0.624261
0.62486
0.625808
0.626964
0.62825
0.629674
0.631235
0.632893
0.634554
0.635854
0.636551
0.636759
0.636637
0.636307
0.635849
0.635345
0.634909
0.634623
0.634393
0.619254
0.619475
0.62
0.620886
0.622004
0.62329
0.624761
0.626425
0.628268
0.630213
0.631842
0.632849
0.633337
0.633462
0.63335
0.633101
0.632772
0.632478
0.632266
0.632072
0.61437
0.614558
0.615034
0.615887
0.617005
0.618331
0.619887
0.621702
0.623782
0.626067
0.628105
0.629496
0.630314
0.63072
0.630846
0.630799
0.630647
0.630479
0.630327
0.630158
0.609261
0.609424
0.609871
0.610722
0.611879
0.613288
0.614978
0.617004
0.619394
0.622109
0.624647
0.626493
0.627691
0.628413
0.628803
0.62896
0.62899
0.628939
0.628836
0.628686
0.603835
0.603979
0.604416
0.605295
0.606533
0.608073
0.609957
0.612272
0.615063
0.618325
0.621468
0.62385
0.625487
0.626566
0.627248
0.62765
0.627854
0.627906
0.627845
0.627708
0.597992
0.598122
0.598564
0.599501
0.600863
0.602588
0.604738
0.607422
0.61072
0.614658
0.618538
0.621565
0.623724
0.625218
0.626229
0.626895
0.627292
0.627449
0.627425
0.627297
0.591613
0.591732
0.592194
0.593221
0.594754
0.596727
0.59922
0.602371
0.606303
0.611071
0.61585
0.619654
0.622438
0.624422
0.625811
0.626778
0.627386
0.627652
0.627664
0.62754
0.584558
0.584668
0.585161
0.58631
0.588066
0.590359
0.593291
0.597039
0.60176
0.607543
0.613415
0.618159
0.621686
0.624249
0.626083
0.627397
0.628243
0.628622
0.628668
0.628546
0.576638
0.576746
0.577274
0.578588
0.580627
0.583328
0.58683
0.591339
0.59706
0.604104
0.611295
0.617146
0.621542
0.624782
0.627153
0.628871
0.62998
0.63048
0.630559
0.630435
0.567566
0.567684
0.568306
0.56981
0.572212
0.575446
0.579665
0.585126
0.592081
0.600672
0.609458
0.616642
0.622073
0.62612
0.629127
0.631322
0.632731
0.633363
0.633475
0.633347
0.557065
0.557181
0.557917
0.559686
0.562553
0.566463
0.571595
0.578256
0.586751
0.597234
0.607946
0.616715
0.623375
0.628378
0.63213
0.634883
0.636638
0.637416
0.63756
0.637423
0.544663
0.544797
0.545682
0.547802
0.551277
0.55607
0.562382
0.570587
0.581023
0.593829
0.60685
0.61748
0.625565
0.631685
0.636308
0.639711
0.641855
0.642786
0.642959
0.642811
0.529727
0.529896
0.531005
0.533605
0.537894
0.543867
0.551744
0.561955
0.574849
0.590505
0.606247
0.619032
0.628764
0.636168
0.641807
0.645949
0.648522
0.64961
0.649806
0.649641
0.511346
0.511587
0.513034
0.516309
0.521725
0.52932
0.539302
0.552132
0.568106
0.587201
0.606155
0.621432
0.633054
0.641931
0.648719
0.65371
0.656748
0.657989
0.658197
0.658012
0.488101
0.488485
0.490473
0.494784
0.501884
0.511832
0.524767
0.54111
0.561017
0.584255
0.606868
0.624887
0.638576
0.649091
0.657138
0.663068
0.666578
0.667949
0.668149
0.667939
0.457664
0.458342
0.461281
0.467386
0.477224
0.490736
0.507875
0.528862
0.553615
0.581693
0.608428
0.629472
0.645391
0.657663
0.667096
0.67399
0.677928
0.679377
0.679543
0.679307
0.41593
0.417316
0.422309
0.431969
0.446594
0.465638
0.488715
0.515725
0.546338
0.579934
0.611123
0.635323
0.653553
0.667627
0.67852
0.686321
0.690548
0.691979
0.692081
0.691821
0.355286
0.359628
0.370121
0.38688
0.409662
0.436993
0.467991
0.502371
0.539709
0.579305
0.615132
0.642531
0.663048
0.678898
0.691111
0.699661
0.703985
0.705216
0.70522
0.704957
0.282573
0.290732
0.310011
0.33727
0.370492
0.407144
0.446668
0.488945
0.533636
0.580095
0.621603
0.653191
0.676864
0.695068
0.708992
0.718393
0.722853
0.72407
0.724142
0.724026
0.209529
0.223078
0.251392
0.289015
0.332228
0.378125
0.426225
0.476505
0.528674
0.582156
0.629548
0.665483
0.69243
0.713247
0.729005
0.739093
0.743435
0.744367
0.744442
0.744431
0.149029
0.166206
0.200276
0.245673
0.296994
0.351025
0.407035
0.464895
0.524247
0.584488
0.637473
0.677474
0.707392
0.730404
0.747629
0.758291
0.762489
0.763752
0.763985
0.764042
0.0992379
0.118511
0.157023
0.208197
0.26585
0.32658
0.389421
0.454095
0.520093
0.586701
0.644958
0.68875
0.721407
0.74643
0.765078
0.776522
0.78137
0.782945
0.783227
0.783322
0.0573908
0.0779005
0.119749
0.175527
0.238409
0.304742
0.37344
0.444134
0.516163
0.58866
0.651841
0.699152
0.73432
0.761255
0.781257
0.793727
0.799148
0.800947
0.801254
0.801351
0.0211332
0.042459
0.0869771
0.146466
0.213758
0.284922
0.358762
0.434828
0.512344
0.59029
0.658055
0.70862
0.746091
0.774665
0.7958
0.809062
0.815021
0.817033
0.817377
0.817466
-0.0111631
0.0107522
0.0574483
0.120064
0.191103
0.266483
0.344917
0.425853
0.508422
0.59145
0.663507
0.717087
0.756623
0.786627
0.808683
0.822532
0.828973
0.83113
0.831489
0.83156
-0.0406856
-0.0183188
0.0302232
0.0955274
0.169831
0.248926
0.33148
0.416872
0.50414
0.591967
0.668111
0.724526
0.765944
0.797195
0.819932
0.834102
0.840928
0.843198
0.843576
0.843613
-0.068349
-0.0455103
0.00470168
0.0722746
0.149485
0.231882
0.318149
0.407628
0.499297
0.591707
0.671808
0.730979
0.774185
0.8065
0.829704
0.844072
0.851095
0.853443
0.853864
0.85387
-0.0946511
-0.0712927
-0.0197663
0.0499391
0.129736
0.215083
0.304712
0.397949
0.49375
0.590562
0.674576
0.73652
0.781494
0.814762
0.838366
0.852905
0.859973
0.862373
0.862777
0.862747
-0.119987
-0.0960759
-0.0434457
0.0282668
0.110352
0.198349
0.291032
0.387727
0.487399
0.588477
0.676415
0.741221
0.788003
0.822211
0.846172
0.860854
0.867952
0.870315
0.870659
0.870575
-0.144616
-0.120216
-0.0663904
0.00707496
0.0911986
0.18158
0.277023
0.376897
0.480196
0.585404
0.67733
0.745143
0.793834
0.829015
0.853336
0.868108
0.875179
0.877473
0.877794
0.877679
-0.168679
-0.143733
-0.0887602
-0.0137443
0.0722086
0.164723
0.262657
0.365436
0.472122
0.581318
0.677302
0.748318
0.799085
0.835335
0.860051
0.874878
0.881843
0.884014
0.88426
0.884115
-0.192236
-0.166712
-0.11067
-0.034236
0.0533598
0.147781
0.247951
0.353359
0.463174
0.576198
0.676294
0.75074
0.803833
0.841315
0.866455
0.881241
0.888
0.889968
0.890115
0.889941
-0.215257
-0.189222
-0.132138
-0.0544061
0.0346653
0.130777
0.232939
0.34071
0.453382
0.570038
0.674245
0.752364
0.808121
0.847092
0.872696
0.887289
0.893654
0.895339
0.89539
0.895195
-0.237795
-0.2112
-0.153123
-0.0742174
0.0161656
0.113764
0.217688
0.327553
0.44281
0.562841
0.671101
0.753103
0.811927
0.852802
0.879001
0.893188
0.89888
0.900162
0.900112
0.899907
-0.259738
-0.232603
-0.173586
-0.0936315
-0.00208674
0.0968208
0.202279
0.313976
0.431527
0.554629
0.666794
0.752836
0.815165
0.858525
0.885684
0.899299
0.903861
0.904476
0.904291
0.904102
-0.281094
-0.253379
-0.193512
-0.112593
-0.0200216
0.0800189
0.186805
0.300082
0.419615
0.545461
0.661276
0.751428
0.817668
0.864214
0.893086
0.906301
0.909167
0.908466
0.907949
0.907857
-0.301766
-0.273522
-0.212846
-0.131053
-0.0375822
0.0634402
0.171348
0.285954
0.407189
0.535417
0.654518
0.748725
0.819186
0.869585
0.901305
0.915151
0.916312
0.913157
0.911284
0.911036
-0.321814
-0.293009
-0.231533
-0.148952
-0.054691
0.0471728
0.156033
0.271729
0.394373
0.524595
0.646531
0.744579
0.819419
0.874085
0.909791
0.926376
0.927658
0.922125
0.914845
0.898308
-0.34117
-0.311838
-0.249711
-0.166495
-0.0716488
0.03088
0.140434
0.256935
0.380639
0.512454
0.636748
0.738372
0.817938
0.877098
0.917428
0.939185
0.943919
0.937751
0.923865
0.938234
-0.359929
-0.329941
-0.267337
-0.183637
-0.088397
0.0146149
0.124559
0.241599
0.365977
0.49889
0.624976
0.729483
0.814055
0.877447
0.920666
0.9462
0.955365
0.946106
0.88779
0.874713
-0.378733
-0.347745
-0.284139
-0.200028
-0.10445
-0.00119453
0.108606
0.225992
0.350687
0.484117
0.611268
0.717465
0.807013
0.874304
0.914465
0.938612
0.939291
0.903082
0.836441
0.796763
-0.398949
-0.366752
-0.29965
-0.215183
-0.119248
-0.0162709
0.0929906
0.210336
0.334904
0.468196
0.595554
0.702175
0.794873
0.866876
0.914268
0.903245
0.879086
0.817499
0.746695
0.704282
0.0216602
0.135715
0.256238
0.384391
0.515729
0.6334
0.729271
0.582752
-0.417378
-0.401566
-0.362119
-0.290892
-0.201224
-0.102685
0.00334873
0.116294
0.236017
0.362961
0.493069
0.609813
0.703675
0.781786
0.833436
0.791114
0.656092
0.570831
0.503389
-0.437556
-0.424554
-0.379596
-0.306774
-0.216822
-0.118138
-0.0125897
0.0998773
0.218756
0.344347
0.472197
0.585496
0.673499
0.737414
0.736256
0.634514
0.495269
0.393212
0.30664
-0.460995
-0.448372
-0.400521
-0.326511
-0.236464
-0.137604
-0.0319715
0.0801777
0.198133
0.322132
0.446875
0.555107
0.634198
0.679242
0.640985
0.484825
0.326175
0.19827
0.0845648
-0.484648
-0.471936
-0.42247
-0.347214
-0.256734
-0.157872
-0.0524858
0.0589573
0.175717
0.29768
0.418817
0.521351
0.592659
0.611688
0.526982
0.339598
0.150529
-0.0190731
-0.180173
-0.507748
-0.49538
-0.445082
-0.368796
-0.277826
-0.178936
-0.0739387
0.0366568
0.152045
0.271642
0.388715
0.484748
0.546352
0.529261
0.400799
0.204221
-0.00683485
-0.199387
-0.378839
-0.531412
-0.519295
-0.468626
-0.391665
-0.300291
-0.201319
-0.0966368
0.0131715
0.127134
0.244225
0.357039
0.446015
0.494151
0.454676
0.284662
0.0900413
-0.117714
-0.307172
-0.421465
-0.489688
-0.556432
-0.544459
-0.493479
-0.416133
-0.324556
-0.225608
-0.12131
-0.0124054
0.099902
0.214092
0.322149
0.40339
0.436479
0.372619
0.179864
-0.00744701
-0.187965
-0.322055
-0.364637
-0.388278
-0.58296
-0.571096
-0.519905
-0.442324
-0.35071
-0.25198
-0.148252
-0.0405193
0.0697796
0.180549
0.283164
0.356211
0.369372
0.268357
0.0856351
-0.0878596
-0.239626
-0.319109
-0.339327
-0.344234
-0.611278
-0.599417
-0.548008
-0.470249
-0.378729
-0.280387
-0.177479
-0.0712062
0.0367095
0.143563
0.239977
0.30444
0.28999
0.16754
-0.0013868
-0.163784
-0.281407
-0.32492
-0.324092
-0.32499
-0.641303
-0.629552
-0.577799
-0.499902
-0.408599
-0.310821
-0.208985
-0.104467
0.000677047
0.103139
0.19273
0.247143
0.215566
0.0724041
-0.0818951
-0.232142
-0.295548
-0.312724
-0.314118
-0.313773
-0.672867
-0.661115
-0.609172
-0.531191
-0.44022
-0.343221
-0.242707
-0.140278
-0.0383024
0.0593178
0.141682
0.184432
0.148389
-0.0103639
-0.155117
-0.267946
-0.315821
-0.307876
-0.307422
-0.307399
-0.705474
-0.693613
-0.641873
-0.563857
-0.473389
-0.377392
-0.278493
-0.178507
-0.0800939
0.0123632
0.0870154
0.120339
0.0692147
-0.0842588
-0.21452
-0.290541
-0.30659
-0.304664
-0.304484
-0.304029
-0.738587
-0.726645
-0.675177
-0.597475
-0.507707
-0.412983
-0.316026
-0.218861
-0.124448
-0.0373896
0.0294133
0.0512147
-0.0158824
-0.147209
-0.261208
-0.279816
-0.295069
-0.301005
-0.301587
-0.301361
-0.771142
-0.75928
-0.708254
-0.631291
-0.542572
-0.449466
-0.354817
-0.260862
-0.170873
-0.0896151
-0.0293053
-0.0242519
-0.0918727
-0.202171
-0.2826
-0.33014
-0.310372
-0.301878
-0.298627
-0.298018
-0.801434
-0.790302
-0.740211
-0.664263
-0.577115
-0.486064
-0.394153
-0.303808
-0.218625
-0.143668
-0.087959
-0.0943547
-0.164344
-0.246907
-0.310818
-0.318032
-0.310134
-0.303017
-0.298799
-0.297461
-0.828495
-0.817691
-0.769595
-0.695155
-0.610206
-0.521721
-0.433078
-0.34677
-0.266708
-0.198274
-0.147786
-0.159506
-0.237306
-0.280778
-0.304772
-0.318663
-0.325014
-0.323137
-0.321697
-0.320382
-0.849764
-0.839638
-0.79393
-0.722491
-0.640407
-0.555169
-0.470359
-0.388578
-0.313893
-0.252105
-0.208814
-0.224526
-0.312326
-0.333082
-0.295705
-0.357953
-0.383392
-0.397006
-0.398498
-0.394923
-0.863148
-0.854068
-0.811632
-0.743997
-0.665904
-0.584865
-0.504581
-0.427808
-0.358719
-0.303865
-0.268259
-0.291636
-0.411564
-0.463561
-0.433858
-0.458076
-0.502574
-0.52486
-0.517222
-0.510234
-0.866003
-0.858522
-0.820457
-0.757861
-0.684841
-0.60909
-0.534125
-0.462771
-0.399516
-0.351407
-0.32477
-0.356613
-0.526007
-0.730215
-0.752502
-0.65394
-0.590275
-0.554479
-0.541453
-0.537584
-0.85674
-0.850658
-0.818182
-0.762153
-0.695619
-0.626193
-0.557244
-0.491704
-0.434069
-0.392004
-0.377599
-0.405674
-0.558646
-0.871076
-1.14274
-0.78971
-0.582485
-0.513048
-0.496757
-0.492395
-0.831585
-0.827228
-0.802097
-0.755383
-0.697112
-0.63498
-0.572576
-0.512729
-0.459829
-0.422434
-0.40542
-0.406061
-0.384213
-0.36489
-0.424956
-0.403578
-0.387652
-0.388967
-0.388011
-0.388018
-0.793614
-0.790896
-0.773838
-0.737653
-0.689321
-0.635223
-0.579427
-0.524493
-0.475103
-0.437853
-0.421188
-0.36737
-0.161892
0.245074
0.622317
0.320718
-0.0420915
-0.209932
-0.266303
-0.283313
-0.748976
-0.747296
-0.738309
-0.712573
-0.674372
-0.628034
-0.578158
-0.527109
-0.478372
-0.439293
-0.417506
-0.385093
-0.323998
-0.358556
-0.605773
-0.95334
-1.09138
-0.926226
-0.709711
-0.626116
-0.707182
-0.7061
-0.701895
-0.686227
-0.656237
-0.616051
-0.570701
-0.521339
-0.471333
-0.425625
-0.399953
-0.424372
-0.676416
-1.25783
-1.78473
-2.12372
-2.26697
-2.12815
-1.89836
-1.68543
-0.675188
-0.674551
-0.672026
-0.663366
-0.639938
-0.604087
-0.559857
-0.509545
-0.454231
-0.396919
-0.354337
-0.330633
-0.551943
-0.853947
-1.15661
-1.17722
-0.998816
-0.745704
-0.511487
-0.358166
-0.650122
-0.649554
-0.648505
-0.645207
-0.628519
-0.595113
-0.549262
-0.494591
-0.43193
-0.360741
-0.276531
-0.190883
-0.113283
0.0166153
0.285675
0.567675
0.887948
1.16087
1.3414
1.43067
-0.633923
-0.633612
-0.633009
-0.63162
-0.621635
-0.589963
-0.540959
-0.479717
-0.406164
-0.317877
-0.205301
-0.072997
0.139725
0.472177
0.92302
1.41518
1.84544
2.15165
2.32041
2.3855
-0.623716
-0.62357
-0.623069
-0.622575
-0.617222
-0.588559
-0.536532
-0.468215
-0.384141
-0.28381
-0.161688
-0.0267557
0.144422
0.494307
1.00362
1.52841
1.96055
2.2422
2.38482
2.4351
-0.618068
-0.617804
-0.616275
-0.614542
-0.612981
-0.5917
-0.538451
-0.462695
-0.371334
-0.264822
-0.14764
-0.01661
0.103935
0.394198
0.851821
1.27999
1.62917
1.85258
1.96295
2.00115
-0.626736
-0.625282
-0.620464
-0.615869
-0.617636
-0.605886
-0.548174
-0.462275
-0.363936
-0.255513
-0.14318
-0.0270485
0.0798454
0.271975
0.622605
0.94261
1.1933
1.35506
1.4341
1.46131
-0.663694
-0.66118
-0.658985
-0.66242
-0.667646
-0.645756
-0.564888
-0.461857
-0.354695
-0.247026
-0.140327
-0.0438848
0.0452336
0.173669
0.412101
0.63416
0.807743
0.919418
0.973099
0.991688
-0.713491
-0.714077
-0.727592
-0.741763
-0.73897
-0.686871
-0.573155
-0.451024
-0.33861
-0.235412
-0.141076
-0.0649074
-0.00179763
0.0832093
0.253288
0.403835
0.517538
0.589943
0.623105
0.633922
-0.690808
-0.696599
-0.71508
-0.730579
-0.721314
-0.655237
-0.534269
-0.414366
-0.309702
-0.219226
-0.141363
-0.0854035
-0.0413922
0.0139022
0.130583
0.235055
0.310012
0.356922
0.378049
0.385136
-0.530503
-0.53733
-0.552648
-0.564831
-0.556119
-0.504076
-0.423459
-0.340563
-0.262492
-0.192836
-0.132604
-0.0920348
-0.060977
-0.0207583
0.0608986
0.127576
0.173432
0.200782
0.212887
0.216366
-0.293812
-0.298092
-0.30632
-0.316245
-0.319197
-0.30464
-0.277424
-0.240908
-0.199819
-0.155956
-0.115247
-0.0874181
-0.070345
-0.0409858
0.014444
0.0587381
0.0876705
0.103822
0.110601
0.112176
-0.0910261
-0.0932919
-0.0982217
-0.108928
-0.124942
-0.140505
-0.148873
-0.147453
-0.136618
-0.116828
-0.0935169
-0.0745131
-0.0618355
-0.0405557
-0.00512663
0.0219455
0.0393018
0.0492958
0.0534553
0.054323
0.0288006
0.0273595
0.0237135
0.0124686
-0.00889988
-0.0364684
-0.0612502
-0.0780572
-0.0845622
-0.080325
-0.0675981
-0.0530987
-0.0402068
-0.0240942
-0.00138088
0.0133869
0.0213072
0.025228
0.0265865
0.0263905
0.0780376
0.0770816
0.0741602
0.0643093
0.0445302
0.0177279
-0.009158
-0.0314181
-0.0456273
-0.0500578
-0.0443278
-0.032172
-0.0175195
-0.00402622
0.00605082
0.0115855
0.0150825
0.0176928
0.0181985
0.0179475
0.0875995
0.0869822
0.0848041
0.0773965
0.0621995
0.0408573
0.0177106
-0.00357131
-0.0196726
-0.0280506
-0.0262278
-0.015266
-6.77958e-05
0.0105312
0.0127156
0.0138572
0.0154743
0.0164503
0.0169528
0.0161539
0.0798672
0.0795155
0.0780235
0.0729114
0.0621792
0.0465257
0.0284327
0.0106218
-0.00413828
-0.0134071
-0.0139734
-0.00531625
0.00745391
0.0139284
0.0113734
0.0109525
0.0122627
0.0141284
0.014731
0.0138228
0.0661536
0.0659836
0.0650183
0.0616553
0.0544017
0.043431
0.030073
0.0160372
0.00338124
-0.00586041
-0.00847344
-0.00356288
0.00412215
0.00595841
0.00271957
0.00250906
0.0043419
0.00615904
0.00661415
0.00574386
0.0513569
0.0513002
0.0506893
0.0485441
0.0437772
0.0362599
0.0266522
0.0159434
0.00546874
-0.0034654
-0.00834187
-0.00822735
-0.00646695
-0.00777884
-0.0123527
-0.0110732
-0.00855644
-0.00687353
-0.00689674
-0.00767488
0.0375356
0.0375059
0.0371175
0.0358018
0.0327753
0.0277682
0.0209861
0.0128892
0.00418728
-0.00452576
-0.0117579
-0.0168531
-0.0221386
-0.029357
-0.0307813
-0.0278286
-0.0246179
-0.0231234
-0.0231053
-0.0237005
0.0256284
0.025619
0.0253374
0.0245391
0.0226932
0.0194373
0.0147009
0.00859565
0.00128906
-0.00724815
-0.0166858
-0.0262829
-0.0378929
-0.0461481
-0.0457696
-0.0418895
-0.0388664
-0.0379763
-0.0381608
-0.0385233
0.0160345
0.016012
0.0158085
0.0153325
0.0142607
0.0122142
0.00895558
0.00432391
-0.00188474
-0.0101658
-0.0211564
-0.0349329
-0.0498106
-0.0580761
-0.0555496
-0.0511735
-0.0484581
-0.0476903
-0.0479837
-0.0482227
0.00892638
0.00888634
0.00872306
0.00843159
0.00783005
0.0065882
0.00435621
0.000851507
-0.0043326
-0.0119013
-0.0234342
-0.0389625
-0.0551523
-0.0618408
-0.0578276
-0.0533631
-0.0513059
-0.0510851
-0.0513498
-0.0515049
0.004173
0.00411616
0.00397781
0.00378281
0.00345206
0.00269588
0.00116041
-0.00147085
-0.00569739
-0.0123531
-0.0227013
-0.0371889
-0.0517597
-0.056092
-0.051778
-0.0482593
-0.0474468
-0.0475926
-0.0478194
-0.0479434
0.00138297
0.00133163
0.00120835
0.00106681
0.00087834
0.000427737
-0.000609596
-0.0024934
-0.00569214
-0.0108399
-0.0189496
-0.0298151
-0.0400775
-0.04198
-0.0386095
-0.0370431
-0.0374288
-0.037804
-0.0379641
-0.0381708
7.79496e-05
2.27407e-05
-7.18956e-05
-0.000179017
-0.000296602
-0.000572898
-0.00121594
-0.0024602
-0.00460953
-0.00807377
-0.0131596
-0.0190001
-0.0230969
-0.0229286
-0.0220931
-0.0229275
-0.0239731
-0.0242737
-0.0243227
-0.0246876
-0.000262353
-0.000314993
-0.000387188
-0.000452535
-0.000504873
-0.000642476
-0.000983172
-0.00164249
-0.00274491
-0.00457459
-0.00691218
-0.00841786
-0.00733547
-0.00535335
-0.00737721
-0.00970796
-0.0106845
-0.0103499
-0.0101312
-0.0107854
-0.000239188
-0.00027962
-0.000313696
-0.000344266
-0.000375947
-0.000526564
-0.000802603
-0.00128545
-0.00205087
-0.00323685
-0.00463393
-0.00341529
0.000366389
8.59725e-07
-0.00305128
-0.0054855
-0.00557748
-0.0047162
-0.00487014
-0.00272644
-0.35137
-0.0214463
0.198444
0.386137
0.53747
0.65805
0.7547
0.837181
0.895008
0.890168
0.135361
0.289343
0.425367
0.546194
0.649069
0.735023
0.805716
0.85998
0.893113
0.906806
0.396869
0.493037
0.583956
0.667712
0.740434
0.802152
0.8526
0.891029
0.919033
0.93804
0.57447
0.639045
0.705567
0.766398
0.819698
0.865456
0.903666
0.934632
0.959976
0.977736
0.710016
0.756378
0.807793
0.853016
0.894057
0.93025
0.961558
0.988144
1.01049
1.02578
0.820607
0.858134
0.897756
0.934731
0.968739
0.999684
1.02717
1.05089
1.07063
1.0833
0.917291
0.949952
0.983692
1.01698
1.04808
1.07673
1.10235
1.1243
1.14192
1.1524
1.00785
1.03948
1.07273
1.10605
1.13696
1.16516
1.19002
1.21084
1.22669
1.23569
1.10234
1.13752
1.17348
1.2089
1.24078
1.26891
1.29299
1.31259
1.32699
1.33576
1.2149
1.25562
1.29441
1.33099
1.36266
1.38958
1.41204
1.43009
1.44353
1.45361
1.35845
1.40149
1.43894
1.47208
1.49988
1.52354
1.5441
1.5614
1.57532
1.58752
1.53624
1.57324
1.60128
1.62525
1.64628
1.6656
1.68379
1.70085
1.717
1.73233
1.73357
1.75296
1.76865
1.7848
1.80138
1.81681
1.83041
1.84353
1.85903
1.8769
1.92255
1.9303
1.94217
1.95383
1.9637
1.97286
1.9831
1.99442
2.00575
2.01304
2.1414
2.13966
2.13156
2.11456
2.10316
2.10255
2.11472
2.13955
2.17323
2.20082
2.54992
2.36309
2.26154
2.20412
2.17509
2.16843
2.1837
2.22432
2.30009
2.44638
-0.38687
-0.388078
-0.347512
-0.27424
-0.184559
-0.085341
0.819201
0.883083
0.879301
0.804145
0.733232
0.661919
0.436117
0.217346
-0.0440799
-0.389552
-0.742101
)
;

boundaryField
{
    wall-4
    {
        type            zeroGradient;
    }
    pressure-outlet-7
    {
        type            fixedValue;
        value           uniform 0;
    }
    velocity-inlet-6
    {
        type            zeroGradient;
    }
    velocity-inlet-5
    {
        type            zeroGradient;
    }
    frontAndBackPlanes
    {
        type            empty;
    }
}


// ************************************************************************* //
