/*--------------------------------*- C++ -*----------------------------------*\
| =========                 |                                                 |
| \\      /  F ield         | OpenFOAM: The Open Source CFD Toolbox           |
|  \\    /   O peration     | Version:  v2012                                 |
|   \\  /    A nd           | Website:  www.openfoam.com                      |
|    \\/     M anipulation  |                                                 |
\*---------------------------------------------------------------------------*/
FoamFile
{
    version     2.0;
    format      ascii;
    class       volScalarField;
    location    "15";
    object      p;
}
// * * * * * * * * * * * * * * * * * * * * * * * * * * * * * * * * * * * * * //

dimensions      [0 2 -2 0 0 0 0];


internalField   nonuniform List<scalar> 
8800
(
0.391206
0.343174
0.304825
0.276222
0.255647
0.240952
0.230403
0.222933
0.21809
0.215943
0.216994
0.22094
0.227363
0.236485
0.249062
0.266514
0.290862
0.324405
0.366799
0.423907
0.223678
0.230899
0.239372
0.242833
0.240975
0.235518
0.228874
0.222782
0.218064
0.215162
0.214717
0.216976
0.22121
0.226946
0.233641
0.240091
0.244091
0.243484
0.23734
0.228306
0.20025
0.206467
0.210753
0.214216
0.216824
0.217739
0.216749
0.214674
0.212615
0.211561
0.212311
0.214445
0.216988
0.218911
0.21918
0.217437
0.214407
0.210616
0.205984
0.202185
0.194997
0.197737
0.200587
0.203051
0.204844
0.206298
0.207299
0.207565
0.207308
0.207146
0.20764
0.20846
0.208912
0.208546
0.207471
0.206013
0.204021
0.201305
0.198744
0.197211
0.189673
0.191125
0.193153
0.195487
0.197484
0.198963
0.200093
0.201022
0.20171
0.202206
0.202525
0.202562
0.202211
0.201517
0.200481
0.198913
0.196829
0.194592
0.193076
0.192275
0.18474
0.185666
0.187198
0.189172
0.191223
0.193111
0.194641
0.195811
0.196736
0.197434
0.197791
0.197715
0.197232
0.196296
0.194851
0.193053
0.191151
0.189407
0.188358
0.187861
0.180198
0.180814
0.18218
0.18403
0.185917
0.187798
0.189617
0.191183
0.192384
0.193243
0.193679
0.193565
0.192852
0.191629
0.190106
0.188468
0.186734
0.185142
0.184293
0.183999
0.176774
0.177127
0.178231
0.179834
0.18145
0.182969
0.184418
0.185855
0.187214
0.18832
0.188834
0.188702
0.188134
0.187301
0.186258
0.184972
0.183527
0.182215
0.181603
0.181466
0.174661
0.174859
0.175591
0.176774
0.178097
0.17953
0.181022
0.182466
0.183819
0.184998
0.185716
0.185828
0.185466
0.184725
0.183782
0.182802
0.181779
0.180933
0.180571
0.180501
0.1727
0.17283
0.173229
0.1739
0.174758
0.175765
0.176905
0.178239
0.179659
0.181018
0.181951
0.182303
0.182238
0.181991
0.18153
0.181018
0.180581
0.180221
0.180046
0.179994
0.16999
0.170079
0.170352
0.170822
0.171443
0.172297
0.173425
0.174726
0.176189
0.177731
0.178965
0.179662
0.179914
0.179836
0.179757
0.179642
0.179452
0.179291
0.179197
0.179155
0.166596
0.166655
0.166899
0.167357
0.167961
0.168746
0.169832
0.171202
0.172834
0.174665
0.176248
0.177278
0.177847
0.178133
0.178254
0.178289
0.178233
0.178148
0.178104
0.178077
0.162746
0.162778
0.163004
0.163477
0.164146
0.164955
0.16611
0.167584
0.169419
0.171575
0.173614
0.175095
0.176052
0.176653
0.177017
0.177177
0.177186
0.177156
0.177154
0.177139
0.158563
0.158586
0.158799
0.159285
0.159997
0.160981
0.162244
0.163928
0.166085
0.168717
0.171306
0.173286
0.174661
0.175535
0.176051
0.176399
0.176525
0.17658
0.176616
0.176605
0.153956
0.153989
0.154199
0.154694
0.155462
0.15654
0.158016
0.160003
0.162604
0.165853
0.169137
0.171712
0.173551
0.174798
0.175601
0.176091
0.176362
0.176512
0.176578
0.176565
0.148728
0.148755
0.149001
0.149532
0.150394
0.151644
0.153399
0.155809
0.159008
0.16305
0.167185
0.170483
0.172831
0.174495
0.1756
0.176306
0.176736
0.17698
0.177074
0.177059
0.142671
0.142701
0.143001
0.143623
0.144628
0.146123
0.148262
0.151234
0.155209
0.160262
0.165455
0.169608
0.172665
0.174775
0.176211
0.177152
0.177743
0.178077
0.1782
0.178181
0.135541
0.135578
0.135941
0.136721
0.13796
0.139791
0.142458
0.146173
0.151151
0.157488
0.164011
0.169248
0.173061
0.175736
0.177558
0.178765
0.179531
0.179965
0.180118
0.180091
0.127055
0.127106
0.127571
0.128536
0.13011
0.132445
0.135808
0.14049
0.146763
0.154723
0.162889
0.169429
0.174179
0.177514
0.179798
0.181316
0.18228
0.182821
0.183015
0.182981
0.116841
0.116913
0.117513
0.118757
0.120778
0.123778
0.128068
0.134036
0.141982
0.151981
0.162165
0.170276
0.176156
0.180291
0.183127
0.18502
0.186224
0.186895
0.187131
0.187087
0.104348
0.104446
0.105233
0.106873
0.109526
0.113424
0.118994
0.126668
0.136758
0.149302
0.161944
0.171949
0.179187
0.184278
0.187778
0.190122
0.191616
0.192442
0.192734
0.192677
0.0887817
0.0889133
0.0899779
0.0922067
0.0957686
0.100954
0.108276
0.118205
0.131049
0.146752
0.162357
0.174615
0.183469
0.189707
0.194009
0.196907
0.198762
0.199776
0.200129
0.200058
0.0689929
0.0691827
0.0706797
0.0738067
0.078712
0.0857557
0.0955194
0.108484
0.124866
0.144435
0.163551
0.178446
0.189201
0.196813
0.202098
0.205685
0.208003
0.209274
0.209699
0.209606
0.0431842
0.0434852
0.0457137
0.0503072
0.0573396
0.0671833
0.0804434
0.0974831
0.118322
0.142525
0.165703
0.183611
0.196563
0.205805
0.212299
0.216769
0.219689
0.221299
0.221828
0.221703
0.0081855
0.00873889
0.0124707
0.019836
0.0304914
0.0447239
0.0629836
0.0853786
0.111687
0.141275
0.169002
0.190249
0.20567
0.216809
0.224786
0.230409
0.234162
0.23624
0.236899
0.236729
-0.0420315
-0.0402841
-0.0326591
-0.0196378
-0.00266656
0.0183169
0.0434614
0.0726213
0.105376
0.14097
0.173594
0.198401
0.216498
0.229776
0.239535
0.246654
0.251612
0.25447
0.255362
0.255122
-0.117085
-0.107574
-0.0902401
-0.0670722
-0.0406405
-0.0106967
0.0228471
0.0597973
0.0997159
0.141887
0.179884
0.208699
0.229943
0.245882
0.258019
0.267383
0.274365
0.278782
0.280393
0.280428
-0.196831
-0.176172
-0.148398
-0.114869
-0.0787494
-0.039759
0.00222773
0.0471181
0.0945937
0.144076
0.188483
0.222396
0.247803
0.267332
0.282696
0.294999
0.304785
0.312171
0.315224
0.315434
-0.260521
-0.237165
-0.201136
-0.159356
-0.114719
-0.0673276
-0.0172957
0.0352394
0.089968
0.146353
0.196623
0.234963
0.263788
0.286086
0.303748
0.317953
0.329227
0.337696
0.340545
0.341003
-0.311826
-0.286265
-0.245557
-0.197867
-0.14669
-0.0924725
-0.0355055
0.0238893
0.0852512
0.147939
0.203387
0.245383
0.276723
0.300757
0.319589
0.334615
0.346448
0.354963
0.358234
0.35873
-0.353495
-0.327159
-0.283019
-0.230953
-0.174688
-0.11498
-0.0521991
0.0131341
0.0803812
0.148715
0.208675
0.253609
0.286747
0.31185
0.331288
0.346608
0.358553
0.36701
0.370468
0.37095
-0.388887
-0.362149
-0.315578
-0.259923
-0.199546
-0.135264
-0.0675592
0.0029437
0.0754368
0.148842
0.212871
0.260425
0.2951
0.321032
0.340826
0.356178
0.368023
0.376328
0.379936
0.380408
-0.419976
-0.393065
-0.344634
-0.286102
-0.22225
-0.154016
-0.0819818
-0.00686599
0.0704047
0.148568
0.216446
0.266412
0.30244
0.329045
0.349098
0.364471
0.376227
0.384384
0.388015
0.388485
-0.448223
-0.421163
-0.371212
-0.310258
-0.243425
-0.171759
-0.0958869
-0.0165908
0.0651015
0.147724
0.21926
0.271619
0.309041
0.336391
0.356783
0.372249
0.383963
0.391951
0.395582
0.396064
-0.474466
-0.447267
-0.396048
-0.33298
-0.263596
-0.188928
-0.109634
-0.0265501
0.0592238
0.14614
0.221428
0.276335
0.315301
0.343516
0.364337
0.379966
0.391689
0.399574
0.403117
0.403666
-0.499378
-0.471979
-0.419616
-0.354702
-0.283071
-0.205747
-0.123415
-0.0368924
0.0527445
0.143884
0.223002
0.28064
0.32136
0.350621
0.372009
0.387901
0.399689
0.407503
0.410938
0.411495
-0.523211
-0.49557
-0.44213
-0.375747
-0.302085
-0.222405
-0.137339
-0.0476472
0.0456081
0.140836
0.223878
0.284514
0.327271
0.35782
0.379956
0.396236
0.408173
0.415949
0.419247
0.419761
-0.546326
-0.518319
-0.464049
-0.396247
-0.320787
-0.239016
-0.15149
-0.0589387
0.0376656
0.136867
0.223964
0.28789
0.333004
0.36513
0.388235
0.405053
0.417228
0.425021
0.428175
0.428592
-0.56875
-0.54041
-0.485453
-0.416274
-0.339236
-0.255633
-0.165939
-0.0708136
0.0288909
0.131915
0.223135
0.290636
0.338479
0.37251
0.396851
0.414398
0.426922
0.434764
0.437796
0.438055
-0.59054
-0.561784
-0.506276
-0.435873
-0.357473
-0.272266
-0.180663
-0.0832428
0.019281
0.125908
0.221245
0.292583
0.343558
0.379892
0.405768
0.424248
0.437237
0.445149
0.448063
0.448153
-0.611771
-0.58271
-0.52647
-0.455049
-0.375478
-0.288866
-0.195606
-0.0961872
0.00884262
0.118797
0.218168
0.293513
0.348017
0.387118
0.414903
0.434552
0.448126
0.456118
0.45888
0.458806
-0.632484
-0.602985
-0.546091
-0.473782
-0.39319
-0.305384
-0.210713
-0.109587
-0.00237361
0.110573
0.213786
0.293211
0.351558
0.393939
0.424136
0.445261
0.459504
0.46752
0.470023
0.469805
-0.652514
-0.622601
-0.565109
-0.492035
-0.410566
-0.32175
-0.225908
-0.123348
-0.0142873
0.101274
0.208016
0.291466
0.353879
0.400062
0.433329
0.45638
0.47135
0.47921
0.48134
0.48096
-0.671827
-0.641547
-0.583505
-0.509753
-0.427543
-0.337893
-0.241089
-0.137376
-0.0268003
0.0909528
0.200826
0.288088
0.354635
0.405055
0.442222
0.46802
0.483873
0.491083
0.492464
0.491923
-0.690483
-0.659757
-0.601246
-0.526897
-0.444057
-0.35373
-0.256165
-0.151555
-0.0397982
0.0797127
0.192213
0.282952
0.353465
0.408314
0.450265
0.480237
0.497834
0.503617
0.503052
0.502279
-0.708329
-0.677244
-0.618278
-0.543409
-0.460054
-0.369184
-0.27104
-0.16577
-0.0531458
0.0676887
0.182248
0.275978
0.350095
0.409113
0.456429
0.492488
0.514418
0.519502
0.514464
0.511937
-0.725455
-0.694006
-0.634628
-0.559315
-0.475567
-0.384304
-0.28577
-0.180078
-0.0669084
0.0548162
0.170825
0.266934
0.34424
0.406659
0.45906
0.502842
0.533131
0.543875
0.535496
0.518317
-0.741813
-0.710042
-0.650422
-0.574788
-0.490872
-0.3994
-0.300749
-0.194951
-0.0816275
0.0404243
0.157225
0.254917
0.335053
0.399745
0.45495
0.50575
0.543795
0.555597
0.540806
0.520808
-0.757272
-0.72544
-0.665507
-0.5896
-0.505728
-0.414163
-0.315759
-0.21006
-0.0969654
0.0248513
0.141694
0.239798
0.322168
0.388087
0.439923
0.490395
0.524698
0.523446
0.455653
0.414677
-0.771436
-0.741229
-0.679469
-0.603185
-0.51948
-0.428131
-0.330532
-0.22517
-0.112681
0.00828857
0.124309
0.221559
0.304922
0.372654
0.41458
0.445803
0.464164
0.421914
0.346385
0.298124
-0.818272
-0.755072
-0.692078
-0.616778
-0.533235
-0.442449
-0.345063
-0.240474
-0.129031
-0.00956848
0.104686
0.200023
0.28122
0.35472
0.370604
0.374996
0.348388
0.283364
0.19782
0.150781
-0.782917
-0.76751
-0.710004
-0.63662
-0.553198
-0.463127
-0.366984
-0.263756
-0.154328
-0.0378938
0.0720287
0.162965
0.235804
0.30016
0.307831
0.189131
0.075074
-0.00416462
-0.0862234
-0.0390805
-0.810966
-0.782838
-0.724956
-0.651385
-0.568624
-0.479126
-0.38318
-0.281047
-0.173308
-0.0595884
0.0462981
0.132246
0.197522
0.231126
0.179848
0.0153398
-0.133273
-0.239609
-0.355843
-0.280499
-0.831659
-0.800734
-0.741976
-0.668097
-0.585644
-0.496494
-0.40103
-0.300159
-0.194392
-0.0838924
0.0172699
0.0966876
0.152071
0.156049
0.0365264
-0.178237
-0.361789
-0.504756
-0.67288
-0.599851
-0.851303
-0.819177
-0.759499
-0.685081
-0.602681
-0.513876
-0.419233
-0.319734
-0.21611
-0.109208
-0.0135309
0.0586633
0.100129
0.0652937
-0.125646
-0.37727
-0.612985
-0.82663
-1.06663
-1.04182
-0.869792
-0.83771
-0.777458
-0.7026
-0.620242
-0.531851
-0.438127
-0.34009
-0.238834
-0.135882
-0.0462212
0.0183831
0.0426116
-0.0363595
-0.283069
-0.564801
-0.849635
-1.09831
-1.43307
-1.75496
-0.888158
-0.856465
-0.796059
-0.72097
-0.63867
-0.550664
-0.457794
-0.36122
-0.262401
-0.163524
-0.0800636
-0.0236072
-0.0178001
-0.14755
-0.424217
-0.716613
-1.01331
-1.2482
-1.3694
-1.58812
-0.907004
-0.875663
-0.815541
-0.740418
-0.658306
-0.570771
-0.478839
-0.383877
-0.287771
-0.193376
-0.116715
-0.0694252
-0.0869146
-0.276145
-0.55022
-0.831374
-1.08438
-1.23497
-1.26474
-1.29485
-0.926625
-0.895615
-0.835833
-0.760943
-0.679149
-0.592233
-0.501437
-0.408345
-0.315314
-0.226007
-0.156826
-0.119905
-0.168379
-0.399819
-0.663512
-0.920229
-1.12662
-1.20732
-1.22385
-1.22679
-0.947171
-0.916417
-0.857001
-0.782404
-0.701041
-0.614925
-0.525454
-0.434484
-0.344896
-0.261319
-0.200082
-0.175832
-0.253909
-0.518897
-0.770054
-0.999995
-1.17353
-1.20761
-1.19983
-1.19716
-0.968475
-0.938
-0.878875
-0.804666
-0.723866
-0.638675
-0.550706
-0.462102
-0.376234
-0.298985
-0.246073
-0.237319
-0.342618
-0.634736
-0.875797
-1.05689
-1.15679
-1.17792
-1.17695
-1.17537
-0.990294
-0.960059
-0.901257
-0.827554
-0.74738
-0.663243
-0.576938
-0.490919
-0.408963
-0.338486
-0.294758
-0.299792
-0.4459
-0.740234
-0.997372
-1.08343
-1.10438
-1.14878
-1.16393
-1.16727
-1.01192
-0.982267
-0.923912
-0.850701
-0.771193
-0.688255
-0.603762
-0.520461
-0.44257
-0.378981
-0.34548
-0.362446
-0.567178
-0.836575
-1.14905
-1.23115
-1.19588
-1.20467
-1.20252
-1.20215
-1.03289
-1.0037
-0.946413
-0.873624
-0.79488
-0.713115
-0.63063
-0.550055
-0.476283
-0.419118
-0.396343
-0.429148
-0.692665
-0.960342
-1.29021
-1.68453
-1.46245
-1.34096
-1.28772
-1.27739
-1.05258
-1.02412
-0.967629
-0.895605
-0.817807
-0.737345
-0.656717
-0.578796
-0.508957
-0.457306
-0.445251
-0.497966
-0.807138
-1.08935
-1.13144
-1.08822
-1.31874
-1.52764
-1.55835
-1.52611
-1.06987
-1.04248
-0.987019
-0.915785
-0.838947
-0.759926
-0.681238
-0.605609
-0.539152
-0.491838
-0.49017
-0.555771
-0.916885
-1.18793
-1.01311
-0.876174
-1.27016
-1.70714
-1.76864
-1.77204
-1.08365
-1.05769
-1.00352
-0.933112
-0.857269
-0.779747
-0.702835
-0.629478
-0.565069
-0.520747
-0.52375
-0.592098
-1.08115
-1.73789
-2.40834
-2.82938
-3.0011
-2.66298
-2.24535
-2.15394
-1.0926
-1.06845
-1.0159
-0.946324
-0.871549
-0.795524
-0.720412
-0.648996
-0.585225
-0.539718
-0.536287
-0.624554
-1.23602
-2.21568
-3.44342
-4.09701
-4.27867
-3.99169
-3.47951
-3.17866
-1.09547
-1.07336
-1.02261
-0.954075
-0.880362
-0.805991
-0.732932
-0.663205
-0.598284
-0.545967
-0.528595
-0.581654
-1.13246
-1.92936
-2.94734
-3.5843
-3.62242
-3.28582
-2.87947
-2.63135
-1.09023
-1.0707
-1.02192
-0.954451
-0.882121
-0.809885
-0.739402
-0.671311
-0.604889
-0.53886
-0.485628
-0.463953
-0.627288
-0.903908
-1.04339
-0.992794
-0.72947
-0.375793
-0.106401
0.0150715
-1.07442
-1.05724
-1.01122
-0.945413
-0.875254
-0.805927
-0.739132
-0.674436
-0.607161
-0.523952
-0.423517
-0.31892
-0.110449
0.25972
0.748357
1.28173
1.75937
2.07653
2.23694
2.27757
-1.04608
-1.03128
-0.988321
-0.925394
-0.858426
-0.793564
-0.732783
-0.675409
-0.613368
-0.519741
-0.382188
-0.190934
0.0907037
0.605447
1.2952
1.92499
2.38923
2.65849
2.77495
2.80172
-1.00337
-0.990916
-0.951514
-0.892895
-0.830988
-0.772928
-0.721718
-0.678852
-0.637535
-0.557457
-0.398247
-0.150119
0.103744
0.548652
1.14307
1.65807
2.02659
2.2396
2.33597
2.3624
-0.942938
-0.932627
-0.898806
-0.847518
-0.793408
-0.745065
-0.708044
-0.688939
-0.690827
-0.692795
-0.59709
-0.315375
0.0214151
0.337525
0.798037
1.19442
1.48641
1.66348
1.74997
1.77416
-0.867829
-0.859513
-0.833005
-0.791001
-0.747201
-0.711073
-0.692376
-0.709946
-0.801522
-1.00974
-1.12311
-0.806275
-0.329865
0.00815222
0.401503
0.739895
0.989732
1.13992
1.21094
1.21883
-0.781849
-0.775817
-0.755602
-0.724179
-0.691992
-0.668392
-0.667998
-0.726411
-0.939312
-1.44798
-1.90335
-1.51601
-0.907353
-0.433804
-0.0167738
0.304084
0.51284
0.62433
0.672569
0.681838
-0.677348
-0.674645
-0.662302
-0.641921
-0.621173
-0.608302
-0.618586
-0.690883
-0.931227
-1.49457
-1.96615
-1.62382
-1.06289
-0.581385
-0.184867
0.0807941
0.2316
0.308337
0.345973
0.353736
-0.565294
-0.564658
-0.557078
-0.544358
-0.531427
-0.524102
-0.534684
-0.593957
-0.78475
-1.20675
-1.52403
-1.27205
-0.841766
-0.444341
-0.165479
-0.00822182
0.0691583
0.105774
0.121466
0.124819
-0.451382
-0.450858
-0.445997
-0.437237
-0.427792
-0.421118
-0.424456
-0.456562
-0.561821
-0.785676
-0.92363
-0.742045
-0.459392
-0.225841
-0.0867949
-0.0213511
0.00789857
0.0215167
0.0273122
0.0282953
-0.338433
-0.338336
-0.335022
-0.328619
-0.320904
-0.313208
-0.308478
-0.314657
-0.348139
-0.418231
-0.423975
-0.312224
-0.148819
-0.0461137
-0.00327158
0.0113982
0.0152358
0.0157089
0.0154212
0.0149475
-0.23367
-0.233826
-0.232111
-0.228023
-0.222134
-0.21428
-0.204918
-0.195772
-0.189508
-0.180952
-0.134293
-0.0582128
0.00521046
0.0431623
0.0496726
0.0465869
0.04146
0.0372448
0.0348479
0.0338286
-0.144351
-0.144722
-0.144608
-0.143017
-0.139359
-0.132771
-0.122645
-0.108166
-0.0875921
-0.056026
-0.00697122
0.0413147
0.0660139
0.0784187
0.0761891
0.0698883
0.0636652
0.0590852
0.0565717
0.0555262
-0.0748877
-0.0753593
-0.0763312
-0.0766347
-0.0751272
-0.0706899
-0.0622388
-0.0481872
-0.0263213
0.00591137
0.0440852
0.0743242
0.0862727
0.0899289
0.0868033
0.081493
0.0763281
0.0725173
0.0704615
0.069587
-0.025298
-0.0257608
-0.0271608
-0.0284491
-0.0283643
-0.0259081
-0.0199213
-0.00877275
0.00936336
0.0355187
0.0628761
0.0820398
0.0896107
0.0909586
0.0885095
0.0845346
0.0805605
0.0776121
0.0760443
0.0753667
0.00764659
0.00725636
0.00586268
0.00421872
0.00353306
0.0047084
0.00867645
0.0167413
0.0302297
0.0495162
0.0686019
0.0810848
0.0864188
0.0870967
0.0852096
0.0822497
0.0792115
0.0769105
0.0757181
0.0752118
0.0281041
0.0278006
0.0266193
0.0250205
0.0239635
0.0242538
0.026735
0.032332
0.0418409
0.0553814
0.0685086
0.0767271
0.0803511
0.0807327
0.079349
0.0771229
0.0747637
0.0729522
0.0720423
0.0716723
0.0398691
0.03964
0.0387224
0.0373618
0.0362972
0.0361045
0.0374258
0.0410301
0.0475057
0.056783
0.0656904
0.0711085
0.0735601
0.0737642
0.0726463
0.0708984
0.069041
0.0675972
0.0668969
0.0666293
0.0459348
0.0457587
0.0450749
0.0439835
0.0430528
0.0427005
0.0433784
0.0455707
0.0497232
0.0558872
0.0619005
0.0654949
0.0669972
0.0669336
0.0659739
0.0645733
0.0630876
0.0619338
0.0613934
0.0611992
0.0483877
0.0482454
0.0477179
0.0468384
0.0460241
0.0455686
0.0458171
0.0471296
0.0497775
0.0537528
0.0576361
0.0598874
0.0607203
0.0605163
0.0596858
0.0585451
0.057358
0.0564449
0.0560305
0.0558884
0.0485062
0.0483887
0.047963
0.0472355
0.0465188
0.0460185
0.0459636
0.046604
0.0481733
0.0506657
0.0531314
0.0545205
0.0549169
0.0546018
0.0538664
0.0529365
0.0519923
0.0512776
0.0509619
0.0508567
0.0470493
0.046953
0.0466021
0.0459907
0.0453577
0.0448539
0.0446398
0.0448818
0.0457247
0.0471868
0.0486565
0.0494194
0.0495148
0.0491425
0.0485003
0.0477389
0.0469878
0.0464295
0.0461877
0.046109
0.044496
0.044418
0.044127
0.0436085
0.0430474
0.042554
0.0422381
0.0422192
0.0426012
0.043387
0.0441815
0.0445315
0.0444454
0.0440553
0.043497
0.0428746
0.0422784
0.0418428
0.0416571
0.0415978
0.0411775
0.0411154
0.0408789
0.0404465
0.0399611
0.0395035
0.0391491
0.038976
0.0390556
0.0393976
0.0397566
0.0398396
0.0396446
0.0392604
0.0387795
0.0382705
0.0377955
0.0374539
0.0373104
0.0372656
0.037341
0.0372921
0.0371036
0.0367497
0.036339
0.0359311
0.0355766
0.0353282
0.0352352
0.0353004
0.0353791
0.0352945
0.0350433
0.0346824
0.0342717
0.033856
0.0334774
0.0332094
0.0330986
0.0330646
0.0331666
0.0331283
0.0329808
0.0326972
0.032358
0.0320068
0.031676
0.0314008
0.0312145
0.031119
0.0310351
0.0308593
0.03059
0.0302631
0.029916
0.0295779
0.0292767
0.029067
0.0289815
0.0289557
0.0287827
0.0287527
0.0286391
0.0284164
0.0281432
0.0278506
0.0275586
0.0272898
0.0270663
0.0268886
0.0267181
0.0265029
0.0262416
0.0259542
0.0256648
0.025392
0.0251543
0.0249917
0.0249261
0.0249066
0.0242766
0.0242532
0.0241665
0.0239949
0.0237795
0.0235422
0.0232954
0.0230531
0.0228293
0.0226243
0.0224232
0.0222033
0.0219654
0.0217215
0.0214858
0.0212686
0.0210826
0.0209569
0.0209066
0.0208919
0.0197042
0.0196863
0.0196209
0.019491
0.0193255
0.0191395
0.0189402
0.0187359
0.0185352
0.0183376
0.0181408
0.0179405
0.0177376
0.0175388
0.0173522
0.0171835
0.0170405
0.0169447
0.0169066
0.0168955
0.0150974
0.015084
0.0150357
0.0149398
0.0148169
0.0146772
0.014525
0.0143648
0.0142014
0.0140343
0.0138671
0.0137032
0.0135433
0.0133901
0.0132483
0.0131212
0.0130142
0.0129427
0.0129144
0.0129062
0.010471
0.0104615
0.0104273
0.0103602
0.0102745
0.0101777
0.010072
0.00995961
0.00984321
0.00972228
0.00960077
0.00948307
0.00937033
0.00926332
0.00916417
0.00907496
0.00899922
0.00894808
0.00892784
0.00892201
0.00582917
0.00582283
0.00580187
0.00576135
0.00571149
0.0056571
0.00559845
0.00553639
0.00547146
0.00540382
0.00533513
0.00526862
0.00520529
0.0051458
0.00509077
0.00503992
0.00499487
0.00496365
0.00495099
0.00494673
0.00117878
0.00117934
0.00118282
0.00117799
0.0011664
0.00115344
0.0011396
0.00112479
0.00110884
0.00109107
0.00107217
0.0010543
0.00103778
0.00102261
0.00100867
0.000995623
0.000983443
0.000974488
0.000974502
0.000977162
-0.80364
-0.549353
-0.284474
-0.0722174
0.0999505
0.239086
0.357327
0.456527
0.499237
0.483609
-0.367044
-0.205735
-0.0414182
0.0998481
0.219706
0.320368
0.402146
0.460331
0.491484
0.50343
-0.0820892
0.0238843
0.132977
0.230543
0.314709
0.385335
0.441405
0.482679
0.511825
0.528827
0.114915
0.187565
0.264106
0.333803
0.394305
0.445444
0.487197
0.520346
0.54607
0.563776
0.263423
0.3153
0.370943
0.422498
0.46816
0.507706
0.541207
0.568908
0.590756
0.60833
0.382457
0.420572
0.464861
0.505423
0.542431
0.575371
0.603908
0.627754
0.646135
0.66355
0.483824
0.51576
0.553677
0.589097
0.62181
0.651347
0.677052
0.698271
0.713791
0.731189
0.578
0.60931
0.645627
0.679792
0.711144
0.739228
0.76334
0.782669
0.795946
0.81343
0.676761
0.711476
0.749294
0.784242
0.815367
0.842449
0.865114
0.882777
0.894652
0.912507
0.793768
0.832915
0.87199
0.906988
0.936914
0.962161
0.982928
0.999006
1.01062
1.02902
0.939822
0.979722
1.01565
1.04651
1.07248
1.09489
1.11419
1.12995
1.14278
1.16096
1.11509
1.14753
1.17362
1.19621
1.2165
1.23545
1.25324
1.26993
1.28578
1.30402
1.30315
1.32088
1.33663
1.3534
1.36969
1.38435
1.39748
1.41154
1.4287
1.44841
1.48514
1.49612
1.50834
1.51918
1.52848
1.53815
1.54916
1.56082
1.57082
1.58601
1.69629
1.69834
1.68319
1.66799
1.66171
1.66744
1.68607
1.71653
1.7487
1.77946
2.00218
1.86515
1.78896
1.747
1.72957
1.73361
1.76102
1.81715
1.92062
2.13591
0.287465
0.284101
0.278201
0.268435
0.255547
0.243191
0.232956
0.225083
0.21946
0.216141
0.21562
0.218105
0.222963
0.229967
0.239191
0.250711
0.263713
0.275611
0.283008
0.287693
0.205388
0.211287
0.218244
0.223552
0.226473
0.226237
0.223434
0.219583
0.216049
0.213708
0.213381
0.215326
0.218735
0.222829
0.226537
0.22833
0.227057
0.222835
0.216837
0.20974
0.19759
0.19994
0.203373
0.206396
0.208736
0.210659
0.211735
0.211594
0.210633
0.209683
0.209656
0.210806
0.212285
0.213225
0.21298
0.211559
0.209529
0.20699
0.203682
0.200653
0.192303
0.193382
0.195377
0.19798
0.200165
0.201738
0.20296
0.203892
0.204379
0.204575
0.204861
0.205299
0.205488
0.205129
0.204292
0.203106
0.201372
0.198992
0.196627
0.195137
0.187163
0.187785
0.189048
0.191064
0.19318
0.195065
0.196529
0.197675
0.198647
0.199434
0.199933
0.200023
0.199725
0.199101
0.198124
0.196663
0.194776
0.192771
0.191126
0.190273
0.182395
0.182785
0.183776
0.185543
0.187529
0.18955
0.191474
0.193044
0.194201
0.195048
0.19563
0.195845
0.195559
0.194721
0.193317
0.191576
0.18975
0.187961
0.186588
0.186008
0.178291
0.178493
0.179276
0.180865
0.182642
0.184325
0.185945
0.187568
0.189074
0.190289
0.191054
0.19116
0.190663
0.189727
0.188576
0.187254
0.185738
0.184139
0.182967
0.182597
0.17561
0.175698
0.176238
0.177479
0.178975
0.180485
0.181988
0.183407
0.18475
0.185988
0.186891
0.187199
0.186989
0.186397
0.185493
0.184385
0.183158
0.181921
0.181091
0.180881
0.173748
0.173801
0.17412
0.17487
0.175887
0.177026
0.178313
0.179717
0.18116
0.182529
0.183612
0.184119
0.184059
0.183634
0.182983
0.182272
0.181526
0.180844
0.180413
0.180291
0.171443
0.171481
0.171673
0.172091
0.172685
0.17357
0.174519
0.175698
0.177048
0.178495
0.179792
0.1806
0.18091
0.180895
0.180735
0.18037
0.180139
0.179892
0.179713
0.179642
0.168365
0.168388
0.168543
0.168907
0.16944
0.170094
0.171096
0.172333
0.173793
0.175436
0.177018
0.178159
0.178753
0.17898
0.178988
0.178991
0.178901
0.178783
0.178685
0.178643
0.164714
0.16472
0.164847
0.165207
0.165773
0.16644
0.167376
0.168628
0.170194
0.172062
0.174005
0.175558
0.176545
0.177143
0.17749
0.177648
0.177695
0.177639
0.177596
0.177584
0.160692
0.160688
0.160795
0.16115
0.161731
0.162534
0.163619
0.164964
0.166733
0.16892
0.171339
0.173392
0.174802
0.175691
0.176303
0.176655
0.176785
0.176806
0.17682
0.176827
0.156319
0.156308
0.156418
0.156782
0.157398
0.158262
0.159434
0.16102
0.163107
0.165756
0.16877
0.17142
0.17333
0.174649
0.175501
0.176023
0.176301
0.176442
0.176521
0.17654
0.151434
0.151419
0.151547
0.151917
0.15257
0.153529
0.154888
0.156767
0.159291
0.162549
0.166319
0.16971
0.172196
0.173933
0.175108
0.17587
0.176335
0.176605
0.176743
0.17677
0.14583
0.145813
0.145962
0.146379
0.147104
0.148215
0.149837
0.152122
0.155227
0.159274
0.164001
0.168289
0.171411
0.173696
0.17525
0.176281
0.176944
0.177347
0.177543
0.177577
0.139276
0.139255
0.139437
0.139946
0.140814
0.142155
0.144142
0.146964
0.150829
0.155889
0.161816
0.167207
0.17123
0.174071
0.176046
0.177376
0.178251
0.178789
0.179045
0.179089
0.131516
0.131489
0.13172
0.132345
0.13344
0.135134
0.137612
0.141152
0.146012
0.152367
0.1598
0.166549
0.171576
0.175151
0.177624
0.179299
0.180409
0.181093
0.181413
0.181472
0.122214
0.122177
0.122483
0.123298
0.124695
0.126848
0.130014
0.134523
0.140673
0.148674
0.15798
0.166393
0.172629
0.177074
0.180153
0.182241
0.183629
0.184491
0.184894
0.184963
0.110908
0.110861
0.111274
0.112353
0.114176
0.11697
0.121074
0.126858
0.134685
0.144781
0.15641
0.166844
0.174546
0.180034
0.183841
0.186424
0.188142
0.189213
0.189711
0.189797
0.0969517
0.0968965
0.0974736
0.0989266
0.101346
0.105035
0.110403
0.117898
0.127933
0.140688
0.155171
0.168038
0.177495
0.184234
0.188918
0.192105
0.194229
0.195559
0.196182
0.196283
0.0793997
0.0793444
0.0801776
0.0821748
0.0854667
0.0904374
0.0975911
0.107435
0.120357
0.136446
0.154387
0.170138
0.181667
0.189892
0.195634
0.199563
0.202193
0.203843
0.204622
0.204744
0.0567651
0.0567239
0.0579869
0.0608527
0.0655098
0.0724319
0.0821921
0.0952694
0.111953
0.132176
0.154223
0.173322
0.187253
0.197228
0.204244
0.20909
0.212364
0.214428
0.215398
0.21555
0.0266757
0.0267087
0.0287602
0.0331416
0.0400854
0.0501203
0.0637503
0.0812954
0.102837
0.128075
0.154875
0.177754
0.194402
0.206402
0.214952
0.220951
0.225067
0.227689
0.228913
0.229098
-0.0151506
-0.0148583
-0.0110512
-0.00352819
0.00761679
0.0227985
0.0421668
0.0657428
0.0933409
0.124447
0.156554
0.183556
0.203176
0.217455
0.227823
0.235282
0.240546
0.243971
0.24555
0.245768
-0.0767378
-0.0749837
-0.0659764
-0.0516872
-0.0326707
-0.00929626
0.0180896
0.0493107
0.0840408
0.121684
0.159455
0.190759
0.21349
0.230217
0.242627
0.251867
0.258634
0.263183
0.265355
0.265646
-0.150711
-0.147534
-0.13059
-0.105398
-0.0758818
-0.0430188
-0.00688885
0.0324954
0.0748934
0.119803
0.164245
0.201036
0.228074
0.248421
0.264005
0.27609
0.285543
0.291951
0.294421
0.295274
-0.226337
-0.21729
-0.192225
-0.156993
-0.117837
-0.075838
-0.0310688
0.0164307
0.0664773
0.118654
0.169818
0.212129
0.24342
0.267276
0.28592
0.300742
0.312537
0.320828
0.325145
0.32668
-0.284268
-0.274035
-0.244051
-0.202181
-0.155686
-0.106052
-0.0536809
0.00123793
0.0584199
0.117394
0.174708
0.221825
0.256565
0.283003
0.303613
0.31993
0.332834
0.342328
0.347531
0.349224
-0.331072
-0.32033
-0.286979
-0.240464
-0.188499
-0.132937
-0.0743243
-0.0130017
0.0505347
0.115646
0.178458
0.229652
0.267013
0.295122
0.316771
0.33374
0.347073
0.356877
0.362297
0.364081
-0.36969
-0.358942
-0.323576
-0.273411
-0.217101
-0.156767
-0.0929738
-0.0262163
0.0428709
0.113467
0.181159
0.235842
0.275329
0.304687
0.327031
0.344319
0.357732
0.367538
0.372937
0.374725
-0.403134
-0.392449
-0.355583
-0.302561
-0.242718
-0.178374
-0.110148
-0.0386316
0.0354073
0.110969
0.183199
0.241147
0.282549
0.312948
0.335765
0.353186
0.366554
0.376316
0.381717
0.383434
-0.432946
-0.42235
-0.384387
-0.329044
-0.266245
-0.19844
-0.126321
-0.0505699
0.0279767
0.108175
0.184684
0.245688
0.288888
0.320268
0.343555
0.361151
0.374531
0.384244
0.389677
0.391244
-0.460322
-0.44976
-0.410942
-0.353629
-0.288284
-0.217505
-0.141967
-0.0623981
0.0202807
0.104792
0.185406
0.249533
0.294653
0.327134
0.35099
0.368824
0.382273
0.391962
0.397372
0.398834
-0.486017
-0.475478
-0.435864
-0.376843
-0.309313
-0.235926
-0.157368
-0.0743814
0.0120791
0.100728
0.185487
0.252878
0.300087
0.333822
0.358375
0.37655
0.390126
0.399807
0.405227
0.406582
-0.51047
-0.499904
-0.459591
-0.399098
-0.329641
-0.25393
-0.17269
-0.0866202
0.0033686
0.095983
0.184865
0.255682
0.305229
0.340451
0.365887
0.384539
0.398335
0.408064
0.413451
0.414745
-0.534028
-0.523396
-0.48242
-0.420683
-0.349479
-0.271704
-0.188059
-0.0991829
-0.00595162
0.0903996
0.1834
0.257879
0.310079
0.347083
0.373628
0.392925
0.407051
0.416881
0.422194
0.423467
-0.556907
-0.546125
-0.504465
-0.441694
-0.368911
-0.289329
-0.203552
-0.112173
-0.0159909
0.0839106
0.181006
0.259355
0.314556
0.353693
0.381619
0.401748
0.416332
0.426341
0.431576
0.43282
-0.579106
-0.568164
-0.525997
-0.462186
-0.388002
-0.306845
-0.219202
-0.125601
-0.0267379
0.07647
0.177571
0.259963
0.318493
0.360152
0.389797
0.410999
0.426188
0.436441
0.441625
0.44278
-0.600747
-0.589598
-0.546979
-0.482139
-0.406782
-0.324251
-0.23497
-0.139416
-0.0381725
0.0680556
0.172995
0.259529
0.3217
0.366286
0.398057
0.420627
0.436602
0.447177
0.452306
0.453324
-0.621766
-0.610418
-0.567313
-0.501586
-0.425213
-0.341487
-0.250794
-0.15357
-0.0502559
0.0586732
0.167214
0.257877
0.323962
0.371919
0.406286
0.430571
0.447508
0.458433
0.463487
0.464316
-0.642195
-0.630623
-0.586998
-0.520513
-0.443254
-0.358509
-0.266626
-0.167984
-0.0629093
0.0483675
0.160182
0.254846
0.324998
0.376771
0.414298
0.440776
0.458874
0.470094
0.474927
0.475532
-0.661883
-0.650152
-0.606026
-0.538874
-0.460848
-0.375238
-0.282383
-0.182569
-0.0760382
0.0372195
0.151896
0.250309
0.324519
0.380427
0.421771
0.451178
0.470798
0.482139
0.486442
0.486723
-0.680928
-0.668972
-0.624376
-0.556639
-0.477956
-0.391625
-0.297965
-0.197229
-0.089535
0.0253371
0.142406
0.244176
0.322279
0.382424
0.428214
0.461628
0.483637
0.494875
0.497812
0.49747
-0.699208
-0.687022
-0.642021
-0.573755
-0.4945
-0.407589
-0.313291
-0.211842
-0.103276
0.012818
0.1318
0.23642
0.318093
0.38228
0.432856
0.471576
0.497854
0.509731
0.509718
0.507322
-0.716753
-0.704386
-0.658918
-0.59018
-0.510447
-0.423068
-0.328282
-0.226324
-0.117138
-0.000175025
0.120215
0.22705
0.311849
0.37957
0.43461
0.479612
0.51292
0.529179
0.527184
0.515283
-0.733509
-0.72101
-0.675166
-0.606055
-0.525991
-0.438334
-0.343262
-0.241075
-0.131584
-0.0141823
0.107045
0.215382
0.302828
0.37356
0.431852
0.483051
0.525631
0.55055
0.551369
0.543906
-0.749455
-0.736837
-0.690795
-0.621328
-0.54112
-0.453381
-0.358199
-0.256094
-0.146623
-0.0292658
0.0921792
0.201188
0.290474
0.363716
0.422455
0.475895
0.522276
0.550714
0.531658
0.472525
-0.764388
-0.751262
-0.705786
-0.635964
-0.55592
-0.468296
-0.373111
-0.271255
-0.16217
-0.0453183
0.0756422
0.184452
0.274185
0.349866
0.406232
0.449894
0.490835
0.497215
0.444469
0.373831
-0.779924
-0.765084
-0.719828
-0.649597
-0.570206
-0.482714
-0.388237
-0.286496
-0.178083
-0.0621567
0.0575094
0.165138
0.253272
0.332688
0.385413
0.428418
0.417647
0.388531
0.316746
0.239525
-0.76498
-0.74549
-0.698781
-0.626268
-0.542774
-0.45209
-0.353121
-0.248962
-0.138141
-0.0195858
0.0935177
0.187792
0.266796
0.345731
0.407698
0.330083
0.284023
0.22037
0.139486
0.0851201
-0.78365
-0.769209
-0.735267
-0.670978
-0.592172
-0.505319
-0.411138
-0.310439
-0.203501
-0.0898209
0.0264344
0.130211
0.213006
0.286935
0.353179
0.348523
0.236476
0.145559
0.0772091
-0.0172342
-0.80206
-0.787748
-0.747993
-0.682559
-0.603613
-0.517524
-0.424694
-0.325222
-0.219717
-0.108145
0.00530976
0.105529
0.184602
0.245275
0.268774
0.19453
0.032472
-0.0768587
-0.162963
-0.26405
-0.820448
-0.80862
-0.76434
-0.697888
-0.618974
-0.533061
-0.440555
-0.341774
-0.237639
-0.128262
-0.01855
0.0761303
0.148098
0.19358
0.165387
0.0157519
-0.16811
-0.307915
-0.427362
-0.581509
-0.840304
-0.82824
-0.782281
-0.714918
-0.635973
-0.550235
-0.458129
-0.360294
-0.257734
-0.150926
-0.045482
0.0430087
0.106273
0.132863
0.0571019
-0.163463
-0.387741
-0.573698
-0.75066
-0.982047
-0.859136
-0.847301
-0.800539
-0.732283
-0.653151
-0.567631
-0.476153
-0.379486
-0.278733
-0.174835
-0.0741067
0.0077102
0.0615671
0.0622705
-0.0748077
-0.339039
-0.609104
-0.868605
-1.09396
-1.59203
-0.87737
-0.866065
-0.819143
-0.750342
-0.671087
-0.585776
-0.494937
-0.399447
-0.300596
-0.199802
-0.104133
-0.029476
0.0145099
-0.0240506
-0.21863
-0.498411
-0.795882
-1.07459
-1.31915
-1.80517
-0.89588
-0.884954
-0.838282
-0.769253
-0.689992
-0.604904
-0.514678
-0.420349
-0.323435
-0.225884
-0.13552
-0.0684066
-0.0359493
-0.113193
-0.35221
-0.631339
-0.922953
-1.17289
-1.28139
-1.32723
-0.915176
-0.904528
-0.858328
-0.789164
-0.710119
-0.625384
-0.535922
-0.442956
-0.348268
-0.254441
-0.169998
-0.1113
-0.0932666
-0.204098
-0.477909
-0.74456
-0.997962
-1.18075
-1.22931
-1.24581
-0.935272
-0.924968
-0.878987
-0.810029
-0.731293
-0.647069
-0.558552
-0.46716
-0.375014
-0.285427
-0.207502
-0.158157
-0.155637
-0.312168
-0.593387
-0.842473
-1.06911
-1.19035
-1.21077
-1.21085
-0.956269
-0.946137
-0.900372
-0.831751
-0.753391
-0.669834
-0.582414
-0.492827
-0.403494
-0.318572
-0.247823
-0.208289
-0.228015
-0.428893
-0.707436
-0.928785
-1.11974
-1.1978
-1.19047
-1.18719
-0.977867
-0.967993
-0.922454
-0.854197
-0.77626
-0.693472
-0.607317
-0.519722
-0.433433
-0.353478
-0.290681
-0.260598
-0.312989
-0.537592
-0.824861
-1.0106
-1.10634
-1.14309
-1.16198
-1.16706
-0.999646
-0.990047
-0.944948
-0.876962
-0.799631
-0.717693
-0.632957
-0.547487
-0.464475
-0.38959
-0.335479
-0.314897
-0.402183
-0.647012
-0.938357
-1.13148
-1.08517
-1.13984
-1.17034
-1.17779
-1.02123
-1.01181
-0.967311
-0.899833
-0.823024
-0.742087
-0.658874
-0.575611
-0.496014
-0.426148
-0.380967
-0.37184
-0.490968
-0.77454
-1.04166
-1.39341
-1.41566
-1.30082
-1.25078
-1.23786
-1.04183
-1.03273
-0.988841
-0.92212
-0.845971
-0.765982
-0.684533
-0.60343
-0.527194
-0.462178
-0.425496
-0.428956
-0.577178
-0.918074
-1.13741
-1.43886
-1.57113
-1.43248
-1.41013
-1.37923
-1.06069
-1.05203
-1.00896
-0.942875
-0.867636
-0.788792
-0.708741
-0.630064
-0.556768
-0.496265
-0.46657
-0.481891
-0.663343
-1.02467
-1.09978
-0.758723
-0.873993
-1.43009
-1.76838
-1.71042
-1.07668
-1.06853
-1.02665
-0.961354
-0.88696
-0.809346
-0.730964
-0.65442
-0.583518
-0.526452
-0.500165
-0.528473
-0.749482
-1.22144
-1.54235
-1.54176
-1.81263
-1.91981
-1.90064
-1.81691
-1.08867
-1.08114
-1.04076
-0.976336
-0.90286
-0.826494
-0.749803
-0.675233
-0.606185
-0.550027
-0.524276
-0.569127
-0.841679
-1.55607
-2.59631
-3.47645
-3.89306
-3.72247
-3.18415
-2.77656
-1.09514
-1.08838
-1.05001
-0.986391
-0.914002
-0.838962
-0.764065
-0.691322
-0.623209
-0.565283
-0.533079
-0.56617
-0.873723
-1.67681
-2.78955
-3.75743
-4.17745
-4.10292
-3.71826
-3.37587
-1.09449
-1.08841
-1.05248
-0.990234
-0.918773
-0.845336
-0.772461
-0.70177
-0.634622
-0.571534
-0.52381
-0.520435
-0.679067
-1.20515
-1.81385
-2.38472
-2.43796
-2.17936
-1.79063
-1.51431
-1.08442
-1.07945
-1.04628
-0.985801
-0.915419
-0.844109
-0.774037
-0.706521
-0.64097
-0.57145
-0.497805
-0.43456
-0.331191
-0.306002
-0.144295
0.178252
0.523179
0.923714
1.20572
1.33462
-1.06267
-1.05852
-1.02846
-0.970333
-0.902347
-0.834014
-0.768166
-0.705728
-0.644068
-0.570256
-0.464831
-0.315594
-0.13358
0.249015
0.838289
1.48303
2.07025
2.45706
2.65133
2.70712
-1.02756
-1.02427
-0.997366
-0.942516
-0.878109
-0.814423
-0.755097
-0.70138
-0.649557
-0.583361
-0.467782
-0.274821
-0.0383961
0.31973
0.934907
1.56949
2.08397
2.41132
2.57349
2.62482
-0.9764
-0.973877
-0.950328
-0.900716
-0.842183
-0.785584
-0.735994
-0.696842
-0.668568
-0.634426
-0.555188
-0.348536
-0.0386824
0.238387
0.721635
1.21927
1.61309
1.86986
2.00754
2.06229
-0.908352
-0.906752
-0.886716
-0.845069
-0.795371
-0.748711
-0.712285
-0.695177
-0.713204
-0.776651
-0.840828
-0.685921
-0.306436
0.0272572
0.399721
0.794213
1.11435
1.33194
1.45436
1.50436
-0.826824
-0.824932
-0.809775
-0.778095
-0.739431
-0.704396
-0.682889
-0.692696
-0.778212
-1.04073
-1.44162
-1.41774
-0.873514
-0.429676
-0.00878128
0.363941
0.647497
0.831999
0.935113
0.987584
-0.732538
-0.731016
-0.721589
-0.699348
-0.671866
-0.64838
-0.639495
-0.669094
-0.80335
-1.19331
-1.8705
-1.9252
-1.29751
-0.80433
-0.333624
0.0291279
0.267519
0.399856
0.465735
0.4994
-0.621975
-0.621771
-0.616729
-0.603183
-0.586239
-0.572356
-0.571457
-0.601145
-0.731873
-1.08693
-1.66513
-1.69398
-1.22574
-0.75279
-0.343553
-0.0658087
0.0917711
0.170461
0.20845
0.221484
-0.508046
-0.508294
-0.505634
-0.496975
-0.485898
-0.476457
-0.474984
-0.496926
-0.5836
-0.8165
-1.1606
-1.15539
-0.836939
-0.483823
-0.219867
-0.0673312
0.00645881
0.0405467
0.0563145
0.062192
-0.394043
-0.394699
-0.392798
-0.386579
-0.378223
-0.370032
-0.364983
-0.371064
-0.40817
-0.511254
-0.650302
-0.598073
-0.388517
-0.191164
-0.0760164
-0.0213464
0.000974449
0.0102379
0.0138789
0.015051
-0.284035
-0.28473
-0.283664
-0.279647
-0.273471
-0.266004
-0.25789
-0.25183
-0.254056
-0.271934
-0.276839
-0.210403
-0.109365
-0.0168639
0.02069
0.0298885
0.0293113
0.0266325
0.0242763
0.0231365
-0.186292
-0.186982
-0.186754
-0.184966
-0.181153
-0.175105
-0.166327
-0.154847
-0.140709
-0.122287
-0.0871271
-0.0214356
0.023179
0.0573148
0.0667568
0.063033
0.0566172
0.0510722
0.0474286
0.045742
-0.106658
-0.107247
-0.107717
-0.107955
-0.106532
-0.102615
-0.0952038
-0.0833026
-0.0651372
-0.0379457
0.00136548
0.0472432
0.0720227
0.0841008
0.0852422
0.0800981
0.07395
0.0688487
0.0655829
0.0640612
-0.0474877
-0.0479582
-0.0487665
-0.0501265
-0.0503214
-0.0484206
-0.043302
-0.0335694
-0.0172952
0.00746822
0.0398406
0.0699283
0.0857024
0.0909928
0.090276
0.0862634
0.0815012
0.0774503
0.0748873
0.0736981
-0.00679925
-0.00714882
-0.00800027
-0.00975392
-0.0107891
-0.0102184
-0.00706515
-6.27287e-05
0.0124463
0.03172
0.0558398
0.0756181
0.0862375
0.0894715
0.0886459
0.0856655
0.0820825
0.0789658
0.076993
0.0761018
0.019325
0.0190748
0.0183357
0.0166438
0.0152658
0.0150403
0.0168596
0.0216861
0.0306431
0.0445211
0.0615956
0.0748285
0.0820515
0.0841938
0.0834507
0.0812503
0.0785407
0.0761063
0.0745688
0.0739103
0.0349666
0.0347873
0.034204
0.0327784
0.0314199
0.0307715
0.0315765
0.0346737
0.0408479
0.0505054
0.0622657
0.0711008
0.0758632
0.0773309
0.0767685
0.075097
0.0729967
0.07108
0.0698709
0.0693867
0.0435382
0.0434023
0.0429648
0.0418555
0.0406911
0.0399775
0.0402315
0.0420222
0.0459833
0.0524681
0.0604285
0.0664102
0.069563
0.0704594
0.0698825
0.0685277
0.0668664
0.0653349
0.0643766
0.0640187
0.0475762
0.0474673
0.0471345
0.046287
0.045317
0.0446275
0.0446017
0.0456396
0.0481272
0.052309
0.0575501
0.0614919
0.0634317
0.063848
0.0632794
0.0621656
0.0608309
0.0596069
0.0588523
0.0585864
0.0487291
0.0486407
0.0483737
0.0476986
0.0468782
0.0462186
0.0459755
0.0464428
0.047931
0.0505884
0.0539328
0.05644
0.0575906
0.0577104
0.0571493
0.056215
0.0551432
0.0541735
0.0535872
0.0533893
0.0479761
0.0479056
0.0476865
0.0471328
0.046433
0.0458221
0.0454747
0.0455836
0.0463521
0.0479199
0.0499869
0.0515323
0.0521424
0.0520483
0.051502
0.050719
0.0498566
0.0490914
0.0486381
0.0484895
0.0459145
0.0458596
0.0456786
0.0452159
0.0446113
0.0440457
0.0436415
0.0435366
0.0438717
0.0447271
0.0459078
0.0467576
0.0470017
0.0467841
0.0462743
0.0456175
0.0449238
0.044321
0.0439701
0.0438573
0.0429362
0.042894
0.0427465
0.0423617
0.0418435
0.0413315
0.0409106
0.0406717
0.0407154
0.0411027
0.0417077
0.0421106
0.0421263
0.0418421
0.0413754
0.040826
0.0402685
0.0397937
0.0395213
0.0394353
0.039327
0.0392946
0.0391772
0.0388635
0.0384288
0.0379807
0.0375771
0.0372804
0.0371576
0.0372475
0.0374774
0.0375867
0.0374592
0.0371473
0.0367298
0.0362712
0.0358218
0.0354462
0.035234
0.035168
0.0352991
0.0352743
0.0351821
0.034931
0.0345735
0.0341913
0.0338232
0.0335114
0.0333005
0.0332174
0.0332195
0.0331508
0.0329459
0.0326346
0.0322681
0.0318875
0.0315256
0.0312286
0.0310636
0.0310131
0.0310038
0.0309845
0.030913
0.030716
0.0304289
0.0301122
0.0297914
0.029494
0.029249
0.0290746
0.0289464
0.0287814
0.0285453
0.0282538
0.0279382
0.0276249
0.0273348
0.027101
0.0269731
0.0269344
0.0265476
0.0265325
0.0264775
0.0263257
0.0261003
0.0258446
0.0255753
0.0253093
0.0250654
0.0248552
0.0246668
0.0244613
0.0242246
0.0239635
0.0236975
0.0234434
0.0232138
0.0230316
0.0229329
0.0229031
0.0220013
0.0219896
0.0219475
0.0218323
0.0216587
0.0214575
0.021239
0.0210136
0.0207934
0.0205851
0.0203836
0.0201753
0.019958
0.0197348
0.0195173
0.0193152
0.0191361
0.0189961
0.0189207
0.0188979
0.0174073
0.0173984
0.0173668
0.0172811
0.0171507
0.0169973
0.0168273
0.0166472
0.0164634
0.0162798
0.0160954
0.0159098
0.0157272
0.0155475
0.0153767
0.0152206
0.0150839
0.0149782
0.0149218
0.0149047
0.0127883
0.0127816
0.0127588
0.0126968
0.0126024
0.0124913
0.0123674
0.0122342
0.0120953
0.0119525
0.0118066
0.0116618
0.0115228
0.011389
0.0112634
0.0111488
0.0110483
0.0109706
0.0109294
0.0109171
0.00815318
0.00814834
0.0081331
0.00809143
0.00802893
0.00795712
0.00787815
0.00779334
0.00770417
0.0076115
0.00751602
0.00742116
0.00733106
0.00724512
0.00716483
0.00709131
0.00702527
0.00697262
0.00694469
0.00693644
0.00117821
0.00118153
0.00118191
0.00117262
0.00116004
0.00114661
0.00113226
0.00111676
0.00110025
0.00108224
0.00106357
0.00104588
0.00102996
0.0010155
0.00100208
0.000989422
0.000978159
0.000973398
0.000976612
0.00296674
-1.94488
-1.11454
-0.610065
-0.299997
-0.0667705
0.114882
0.260682
0.385574
0.510509
0.59411
-0.747108
-0.479021
-0.252888
-0.0631641
0.0945096
0.225415
0.334208
0.423177
0.47897
0.490581
-0.300673
-0.150828
-0.0128925
0.11303
0.22159
0.313909
0.389868
0.447571
0.485999
0.508072
-0.0329117
0.0644758
0.157507
0.244803
0.321504
0.386961
0.440702
0.482789
0.514869
0.536186
0.152776
0.22012
0.287692
0.350315
0.406286
0.454672
0.495417
0.528978
0.55611
0.574469
0.294815
0.342042
0.395215
0.442018
0.485118
0.523388
0.556582
0.584745
0.607867
0.623026
0.410116
0.448342
0.489743
0.528411
0.564307
0.597062
0.625996
0.650726
0.670741
0.683169
0.510749
0.54471
0.5808
0.616229
0.649292
0.679611
0.706407
0.729044
0.746663
0.756965
0.606592
0.641116
0.677337
0.713087
0.74587
0.775371
0.800956
0.822047
0.837753
0.84699
0.711455
0.750269
0.788954
0.826187
0.859131
0.887686
0.91171
0.931078
0.945321
0.954999
0.84007
0.883315
0.922821
0.958929
0.989735
1.01576
1.03766
1.0555
1.06918
1.0806
1.00237
1.0443
1.07836
1.10761
1.13233
1.15411
1.17391
1.19148
1.20662
1.22045
1.19341
1.22304
1.24497
1.26433
1.28278
1.30028
1.31655
1.33236
1.34916
1.36647
1.39044
1.40117
1.41357
1.42822
1.44285
1.45584
1.46724
1.47817
1.49096
1.50657
1.5777
1.58733
1.59699
1.59901
1.59955
1.60383
1.61478
1.63121
1.64861
1.65334
1.88245
1.82362
1.77192
1.73189
1.70961
1.70561
1.71914
1.75286
1.80889
1.88824
0.422232
0.365134
0.322766
0.289266
0.264984
0.24763
0.235201
0.226292
0.220168
0.216625
0.21607
0.218672
0.223867
0.231589
0.242316
0.257133
0.277788
0.306445
0.344826
0.392877
0.226553
0.23561
0.241795
0.242459
0.238546
0.232223
0.225713
0.220242
0.216371
0.21459
0.215539
0.218864
0.223894
0.230207
0.237005
0.242568
0.244497
0.241084
0.232642
0.225434
0.201945
0.204055
0.208725
0.212575
0.21569
0.217553
0.217456
0.215776
0.21357
0.211891
0.211702
0.213279
0.215731
0.218093
0.219287
0.218516
0.216008
0.212617
0.208379
0.203881
0.195622
0.196533
0.199134
0.20192
0.204012
0.205611
0.206886
0.207532
0.207468
0.207167
0.207306
0.208058
0.208766
0.208832
0.208067
0.20678
0.205105
0.202726
0.199932
0.197838
0.190006
0.190474
0.192033
0.194351
0.196554
0.198289
0.199559
0.200587
0.2014
0.201977
0.20239
0.202584
0.202433
0.201898
0.201049
0.199766
0.19791
0.195677
0.193712
0.192611
0.184953
0.185235
0.186328
0.188165
0.190209
0.192207
0.193933
0.195266
0.196302
0.197119
0.19766
0.197804
0.197522
0.196822
0.195626
0.193977
0.192093
0.190236
0.188774
0.188079
0.180322
0.18049
0.181384
0.183083
0.184982
0.18686
0.188732
0.190448
0.191836
0.192857
0.193519
0.193692
0.193275
0.192289
0.190886
0.189293
0.187607
0.185891
0.184602
0.184129
0.176828
0.176908
0.177571
0.179006
0.180654
0.18223
0.183697
0.185142
0.186558
0.187818
0.188661
0.188831
0.188459
0.187739
0.186807
0.185638
0.184264
0.182822
0.181805
0.181525
0.174682
0.174724
0.175145
0.176147
0.177427
0.178795
0.180287
0.181758
0.183158
0.184443
0.185426
0.18584
0.185695
0.185134
0.184256
0.183298
0.182288
0.181313
0.180687
0.180529
0.172714
0.172747
0.172989
0.173537
0.17432
0.175251
0.176303
0.177556
0.17895
0.180365
0.181551
0.18219
0.182307
0.182122
0.181799
0.181255
0.180799
0.180382
0.180108
0.180016
0.169999
0.170021
0.170189
0.170565
0.171097
0.171839
0.172838
0.174053
0.175443
0.176969
0.178399
0.179377
0.179832
0.17991
0.179773
0.179722
0.179543
0.179366
0.179232
0.179175
0.166598
0.16661
0.166748
0.167105
0.167649
0.168316
0.169253
0.170481
0.171992
0.173752
0.175501
0.17683
0.177607
0.178021
0.1782
0.178276
0.178272
0.178188
0.178119
0.178093
0.162743
0.162744
0.162859
0.163214
0.16378
0.164534
0.1655
0.166806
0.168457
0.170466
0.172632
0.174428
0.175628
0.176373
0.176887
0.177113
0.177193
0.177169
0.177153
0.177152
0.158551
0.15856
0.158657
0.159011
0.159618
0.160453
0.161564
0.16303
0.164947
0.167347
0.170048
0.172382
0.174041
0.175164
0.175793
0.176266
0.176475
0.176555
0.176603
0.176617
0.15394
0.153945
0.154063
0.154413
0.155043
0.155957
0.157221
0.158939
0.161223
0.164156
0.167523
0.170524
0.172729
0.174236
0.175247
0.175881
0.176246
0.176447
0.176556
0.17658
0.148708
0.148712
0.148851
0.149223
0.149921
0.150963
0.152449
0.154513
0.157305
0.16093
0.165148
0.168968
0.171735
0.173747
0.175107
0.175995
0.176548
0.176877
0.177044
0.177077
0.142644
0.14265
0.142811
0.143271
0.144071
0.145307
0.1471
0.149632
0.15309
0.157608
0.162896
0.167688
0.171268
0.173815
0.175565
0.176733
0.177483
0.177938
0.17816
0.178203
0.135507
0.135513
0.135712
0.136274
0.137282
0.138785
0.141008
0.14417
0.148496
0.154159
0.160794
0.166823
0.171321
0.174524
0.176737
0.178226
0.179194
0.179785
0.18007
0.18012
0.127013
0.127022
0.12728
0.127985
0.12924
0.131166
0.133982
0.137966
0.143419
0.150545
0.158864
0.166405
0.172007
0.175999
0.178768
0.180637
0.181857
0.182597
0.182953
0.183017
0.116788
0.116802
0.117139
0.118048
0.119659
0.12214
0.125737
0.130821
0.137754
0.146744
0.157153
0.16653
0.173466
0.178412
0.181847
0.184173
0.185695
0.186618
0.187057
0.187133
0.104278
0.104299
0.104741
0.105938
0.10806
0.111295
0.115972
0.122547
0.131406
0.142752
0.155737
0.167334
0.175876
0.181964
0.186196
0.189072
0.190961
0.192102
0.192642
0.192735
0.0886888
0.0887165
0.0893106
0.0909366
0.0938069
0.0981271
0.104318
0.112894
0.124264
0.138586
0.154716
0.168966
0.179418
0.186869
0.192063
0.195606
0.197948
0.199363
0.200018
0.200131
0.0688667
0.0689069
0.0697418
0.0720251
0.0760255
0.08193
0.0902663
0.101588
0.116264
0.134314
0.154222
0.171588
0.184277
0.193345
0.199702
0.204071
0.206984
0.208758
0.209567
0.209697
0.0430072
0.043073
0.0443207
0.0476995
0.0535147
0.06187
0.0733632
0.088494
0.107465
0.130086
0.154432
0.175371
0.190625
0.201583
0.209345
0.214751
0.218403
0.220644
0.221668
0.221819
0.00791318
0.00803706
0.0101537
0.015711
0.0247651
0.037131
0.0533505
0.0736932
0.0981063
0.126177
0.15557
0.180476
0.198583
0.211699
0.221137
0.227853
0.232502
0.235399
0.236705
0.23688
-0.0424468
-0.0419809
-0.0372137
-0.0267065
-0.0116064
0.00732377
0.0304011
0.0575976
0.0886362
0.122941
0.157851
0.186992
0.208158
0.223651
0.235035
0.243387
0.249391
0.253305
0.255108
0.255332
-0.116228
-0.113169
-0.0998211
-0.0791004
-0.0542314
-0.0260741
0.00568648
0.0409838
0.0794997
0.120667
0.161592
0.195424
0.220109
0.238474
0.252357
0.263009
0.27118
0.276917
0.279887
0.280517
-0.194314
-0.186967
-0.163311
-0.131938
-0.0970865
-0.0595587
-0.019062
0.0244084
0.0706578
0.119237
0.167094
0.206724
0.235981
0.258189
0.275463
0.289195
0.300178
0.308851
0.314331
0.31537
-0.258316
-0.250827
-0.220261
-0.180577
-0.137304
-0.0912695
-0.0425396
0.00877813
0.0624731
0.118117
0.172435
0.217239
0.250357
0.275629
0.295421
0.311249
0.323936
0.333958
0.339711
0.340882
-0.309539
-0.301393
-0.267161
-0.222091
-0.172598
-0.119836
-0.0642024
-0.00596581
0.0544907
0.116617
0.176758
0.226004
0.262149
0.289513
0.310735
0.327525
0.340944
0.351189
0.357207
0.358615
-0.351292
-0.342952
-0.306566
-0.257499
-0.203178
-0.145131
-0.0838193
-0.0196786
0.0467082
0.114631
0.179952
0.232933
0.271384
0.300143
0.322176
0.339403
0.353012
0.363267
0.369337
0.370859
-0.386721
-0.378305
-0.340552
-0.288381
-0.230144
-0.167744
-0.101671
-0.0324659
0.039159
0.112274
0.182258
0.238603
0.279075
0.308979
0.331584
0.348987
0.362536
0.372663
0.378717
0.38034
-0.417872
-0.409444
-0.370736
-0.316085
-0.254647
-0.188522
-0.118292
-0.0446021
0.0317362
0.109651
0.184051
0.243545
0.285841
0.316719
0.339763
0.357292
0.370774
0.38079
0.386776
0.388431
-0.446164
-0.437708
-0.398235
-0.34152
-0.277363
-0.20803
-0.134154
-0.0564481
0.0242119
0.106605
0.185159
0.247703
0.291843
0.323755
0.347317
0.365044
0.378546
0.388448
0.394313
0.396032
-0.47243
-0.463955
-0.423868
-0.365337
-0.298862
-0.22675
-0.149659
-0.0683357
0.0162683
0.102863
0.185552
0.25129
0.297434
0.330514
0.354699
0.372704
0.386279
0.39615
0.401852
0.403605
-0.497316
-0.488788
-0.448106
-0.387999
-0.319518
-0.244937
-0.165004
-0.0804442
0.00781109
0.0984672
0.185298
0.25437
0.302719
0.337167
0.362132
0.380537
0.394266
0.404135
0.409703
0.411454
-0.521147
-0.512544
-0.471319
-0.409934
-0.339584
-0.262814
-0.180343
-0.0928322
-0.00118658
0.0933211
0.184257
0.256877
0.307715
0.343802
0.369759
0.388713
0.4027
0.412622
0.418073
0.419746
-0.544224
-0.535502
-0.493691
-0.431228
-0.359217
-0.280512
-0.195768
-0.105605
-0.0108666
0.0872856
0.18234
0.258732
0.312379
0.350411
0.377616
0.397304
0.411668
0.421706
0.427085
0.428608
-0.566598
-0.557779
-0.515385
-0.451982
-0.378474
-0.29808
-0.211344
-0.118821
-0.0212649
0.0803228
0.179437
0.259791
0.3166
0.356931
0.385689
0.406337
0.42123
0.43145
0.436787
0.438122
-0.588381
-0.579391
-0.536687
-0.472208
-0.397412
-0.315551
-0.227063
-0.13245
-0.0323553
0.0723956
0.175443
0.259898
0.320213
0.363264
0.393924
0.415784
0.431365
0.441838
0.447125
0.44829
-0.609575
-0.600426
-0.557313
-0.491909
-0.416026
-0.332879
-0.242865
-0.14644
-0.0441294
0.0634878
0.170268
0.258874
0.322989
0.369215
0.402204
0.425584
0.442026
0.452819
0.458022
0.459021
-0.630181
-0.620902
-0.577304
-0.511105
-0.434273
-0.350014
-0.258707
-0.16074
-0.0565118
0.0536411
0.163862
0.256551
0.324661
0.374495
0.410352
0.435664
0.453158
0.464273
0.469296
0.470073
-0.650142
-0.640715
-0.596647
-0.529757
-0.452099
-0.366907
-0.27451
-0.175257
-0.0694138
0.0429024
0.156202
0.25278
0.32497
0.378779
0.418134
0.445972
0.464775
0.476112
0.480788
0.481284
-0.669407
-0.659859
-0.615324
-0.54783
-0.469456
-0.383477
-0.290191
-0.189891
-0.0827422
0.0313711
0.147303
0.247451
0.323644
0.381666
0.425169
0.456436
0.477095
0.488411
0.49222
0.492276
-0.687977
-0.678295
-0.633318
-0.565277
-0.486293
-0.399652
-0.305659
-0.204539
-0.0963794
0.0191501
0.137243
0.240508
0.320447
0.382656
0.430823
0.466746
0.49059
0.501927
0.503608
0.502581
-0.705789
-0.695957
-0.650592
-0.582056
-0.502548
-0.415383
-0.320835
-0.219107
-0.110201
0.00637224
0.126121
0.231938
0.315237
0.381271
0.434161
0.475988
0.505445
0.518869
0.517265
0.512621
-0.72286
-0.71292
-0.667141
-0.598174
-0.518247
-0.430694
-0.335744
-0.233628
-0.124239
-0.00699514
0.113885
0.221566
0.307763
0.377052
0.433938
0.482231
0.520168
0.541076
0.541485
0.52441
-0.739217
-0.729157
-0.683088
-0.613781
-0.533608
-0.445882
-0.350741
-0.248549
-0.139032
-0.0215968
0.0998224
0.208602
0.297106
0.369143
0.42805
0.481183
0.52759
0.551867
0.556242
0.514025
-0.755116
-0.744375
-0.698421
-0.628737
-0.548522
-0.460833
-0.365639
-0.263643
-0.154323
-0.0371616
0.0841278
0.193145
0.282874
0.357311
0.415101
0.465549
0.510466
0.534127
0.493151
0.425116
-0.771667
-0.757708
-0.713026
-0.643052
-0.563268
-0.475708
-0.380664
-0.278891
-0.170107
-0.0536734
0.0667413
0.175098
0.264313
0.341578
0.396382
0.427374
0.460003
0.449632
0.3852
0.311316
-0.788634
-0.790534
-0.729012
-0.654554
-0.575413
-0.488067
-0.395352
-0.293685
-0.185699
-0.0703776
0.0483261
0.154917
0.241551
0.324132
0.364655
0.348451
0.367866
0.31854
0.241945
0.160813
-0.763644
-0.761053
-0.705547
-0.632714
-0.549238
-0.458834
-0.361991
-0.258257
-0.14811
-0.0305733
0.0810917
0.173919
0.249823
0.32576
0.365488
0.265197
0.181239
0.113175
0.0332938
-0.136939
-0.799908
-0.774866
-0.716981
-0.643451
-0.560358
-0.470593
-0.374576
-0.271872
-0.163235
-0.0480806
0.0598902
0.148515
0.217752
0.266891
0.243662
0.106053
-0.0276956
-0.11969
-0.215486
-0.406398
-0.821594
-0.791765
-0.733389
-0.659692
-0.57713
-0.487835
-0.392071
-0.290554
-0.183779
-0.0716332
0.031992
0.114803
0.175321
0.194795
0.113125
-0.080384
-0.243981
-0.36575
-0.501974
-0.771321
-0.841961
-0.81008
-0.750731
-0.676569
-0.594151
-0.505164
-0.410074
-0.309877
-0.205161
-0.0964161
0.00208744
0.0779146
0.126865
0.112869
-0.0449459
-0.277758
-0.486165
-0.6579
-0.86272
-1.30585
-0.860936
-0.82858
-0.768436
-0.693741
-0.611364
-0.522755
-0.428573
-0.329798
-0.227329
-0.12237
-0.0296476
0.0387989
0.0719856
0.0155392
-0.205707
-0.473569
-0.740052
-0.979934
-1.28242
-2.10072
-0.879235
-0.847233
-0.78671
-0.711684
-0.629349
-0.541158
-0.447873
-0.350576
-0.250535
-0.149628
-0.0630595
-0.00253572
0.0125893
-0.0896248
-0.35656
-0.645589
-0.940479
-1.19776
-1.46744
-2.433
-0.897841
-0.86622
-0.80573
-0.730561
-0.648332
-0.560543
-0.468128
-0.372324
-0.274818
-0.178115
-0.0979779
-0.0461366
-0.0502223
-0.211262
-0.489252
-0.778324
-1.05791
-1.24906
-1.29513
-1.36262
-0.917103
-0.885744
-0.825637
-0.750563
-0.668589
-0.581346
-0.489955
-0.395895
-0.301285
-0.209358
-0.136374
-0.0943613
-0.126878
-0.339157
-0.608372
-0.87686
-1.10405
-1.2217
-1.23894
-1.24921
-0.93726
-0.906137
-0.846352
-0.77158
-0.689978
-0.603441
-0.513283
-0.421228
-0.329871
-0.243357
-0.17812
-0.147527
-0.210971
-0.459841
-0.71741
-0.959436
-1.15184
-1.20438
-1.21108
-1.21026
-0.95828
-0.927368
-0.86798
-0.793449
-0.712357
-0.626688
-0.537949
-0.448135
-0.360377
-0.279903
-0.222776
-0.206466
-0.297584
-0.578311
-0.823051
-1.02861
-1.1801
-1.1931
-1.18857
-1.18572
-0.979966
-0.949285
-0.890125
-0.81604
-0.735565
-0.650886
-0.563731
-0.476394
-0.392467
-0.318567
-0.27017
-0.269039
-0.39087
-0.690015
-0.933732
-1.06671
-1.12026
-1.15506
-1.16584
-1.16703
-1.00173
-0.971565
-0.912702
-0.839136
-0.759287
-0.675737
-0.590317
-0.505651
-0.425712
-0.358711
-0.320055
-0.331137
-0.504995
-0.787359
-1.068
-1.12588
-1.1127
-1.16097
-1.17542
-1.17857
-1.02323
-0.993531
-0.935368
-0.862253
-0.783061
-0.700768
-0.617244
-0.535318
-0.459494
-0.399201
-0.371032
-0.395612
-0.630297
-0.894348
-1.22672
-1.45501
-1.33868
-1.26937
-1.24151
-1.23594
-1.04377
-1.01474
-0.957324
-0.884814
-0.806512
-0.725252
-0.643857
-0.564617
-0.492855
-0.438598
-0.421166
-0.464236
-0.752817
-1.03575
-1.26862
-1.57973
-1.46403
-1.42361
-1.39208
-1.37074
-1.06255
-1.03452
-0.977702
-0.906022
-0.828667
-0.748949
-0.669238
-0.592533
-0.524509
-0.475169
-0.468504
-0.529662
-0.858205
-1.12265
-0.960308
-0.669585
-1.1581
-1.64671
-1.73134
-1.70062
-1.07841
-1.05165
-0.995787
-0.924895
-0.848549
-0.770282
-0.692483
-0.618016
-0.552769
-0.507181
-0.509349
-0.57601
-0.991988
-1.41799
-1.55959
-1.68086
-1.89763
-1.94145
-1.83445
-1.84507
-1.09023
-1.06506
-1.01036
-0.940302
-0.86501
-0.788245
-0.712226
-0.639873
-0.575993
-0.531847
-0.532003
-0.611158
-1.17451
-2.02773
-3.10945
-3.74617
-3.87561
-3.48299
-2.94064
-2.71507
-1.09658
-1.07335
-1.02011
-0.950892
-0.876762
-0.80153
-0.727389
-0.656826
-0.592699
-0.544399
-0.536859
-0.621256
-1.235
-2.19366
-3.37373
-4.0168
-4.19873
-3.92439
-3.50894
-3.32365
-1.09621
-1.07473
-1.02333
-0.955144
-0.882235
-0.80887
-0.737032
-0.668029
-0.602615
-0.544075
-0.511232
-0.523154
-0.919623
-1.49881
-2.13912
-2.46931
-2.3379
-1.98099
-1.6306
-1.43164
-1.08582
-1.06715
-1.01817
-0.951141
-0.879875
-0.808984
-0.740121
-0.673452
-0.606134
-0.531338
-0.454753
-0.399363
-0.321858
-0.254283
0.0118984
0.336875
0.726221
1.08528
1.28612
1.36076
-1.06379
-1.04769
-1.00162
-0.936928
-0.868149
-0.800836
-0.736691
-0.674989
-0.609026
-0.519023
-0.400448
-0.247273
0.0155357
0.522395
1.16058
1.79494
2.29128
2.57631
2.69153
2.71551
-1.02841
-1.01487
-0.972237
-0.910777
-0.84606
-0.784275
-0.72776
-0.6765
-0.622446
-0.530164
-0.376504
-0.151228
0.112212
0.601433
1.2628
1.8473
2.27128
2.51087
2.60895
2.63147
-0.977046
-0.965733
-0.927676
-0.871864
-0.813408
-0.759837
-0.715113
-0.682721
-0.659228
-0.608073
-0.464196
-0.206614
0.0859214
0.454115
0.9813
1.43182
1.7586
1.95182
2.04291
2.07052
-0.908909
-0.899956
-0.867807
-0.820497
-0.771321
-0.728876
-0.700675
-0.698251
-0.737786
-0.823317
-0.811182
-0.509493
-0.115214
0.190242
0.605327
0.965387
1.23557
1.40472
1.48688
1.51193
-0.827453
-0.819557
-0.79552
-0.759015
-0.720983
-0.691322
-0.682316
-0.721563
-0.876998
-1.24836
-1.51972
-1.18481
-0.61816
-0.222786
0.186861
0.518711
0.75261
0.892055
0.964706
0.996627
-0.732029
-0.72789
-0.711688
-0.685618
-0.659247
-0.641256
-0.647234
-0.716664
-0.956264
-1.52659
-2.02508
-1.6793
-1.03878
-0.560656
-0.13699
0.163627
0.34532
0.438477
0.486117
0.503709
-0.622006
-0.620326
-0.610684
-0.594816
-0.578545
-0.569386
-0.583084
-0.648619
-0.872771
-1.38096
-1.78385
-1.47827
-0.985585
-0.531471
-0.188449
0.0255983
0.13819
0.193332
0.21754
0.22202
-0.508306
-0.507616
-0.501878
-0.491514
-0.480738
-0.474153
-0.481576
-0.528255
-0.677007
-0.998769
-1.22211
-1.01675
-0.657866
-0.337739
-0.129842
-0.0232211
0.0266226
0.0500589
0.0602667
0.0623997
-0.394486
-0.394246
-0.390108
-0.382542
-0.374014
-0.366831
-0.365875
-0.383977
-0.449751
-0.588539
-0.658921
-0.500469
-0.282014
-0.124472
-0.0423369
-0.00751703
0.00657948
0.0125013
0.0147155
0.0148346
-0.284496
-0.28452
-0.282004
-0.276745
-0.269901
-0.261941
-0.254359
-0.251425
-0.261035
-0.281613
-0.249052
-0.161881
-0.0557866
0.00798218
0.0272498
0.0302037
0.0280319
0.0253122
0.0235812
0.0227431
-0.186729
-0.187008
-0.186114
-0.183278
-0.178454
-0.171072
-0.160927
-0.148128
-0.132387
-0.10805
-0.0569969
0.00391698
0.0430748
0.0651391
0.0655061
0.0598431
0.0536461
0.0489743
0.0463878
0.0453148
-0.107022
-0.107457
-0.107979
-0.10746
-0.10495
-0.0993933
-0.0898981
-0.0751437
-0.0529072
-0.0194772
0.0245779
0.0628363
0.0793021
0.0860492
0.0829571
0.0769721
0.0712027
0.0669601
0.06465
0.0636795
-0.0477693
-0.0482487
-0.049503
-0.0503954
-0.049698
-0.0463273
-0.0391092
-0.0263746
-0.00607735
0.0234284
0.0559032
0.0799039
0.0891991
0.0912879
0.088472
0.0838717
0.0793221
0.0759614
0.0741618
0.0733877
-0.00700319
-0.00743409
-0.00887096
-0.0103993
-0.0107578
-0.00901927
-0.00413207
0.00541532
0.0212045
0.0438621
0.0667613
0.0821634
0.0885047
0.0894633
0.0873165
0.083881
0.0804131
0.0778146
0.076448
0.0758604
0.0191819
0.0188354
0.017535
0.0158766
0.014956
0.0156529
0.0188402
0.0255916
0.0369603
0.0531816
0.0690421
0.079195
0.0836143
0.0840946
0.0824711
0.0799173
0.0772432
0.0752028
0.074162
0.0737283
0.0348656
0.0346018
0.0335517
0.0320601
0.0309636
0.0309527
0.0327955
0.0373481
0.0452487
0.0564891
0.0673071
0.0739493
0.0769343
0.0772499
0.0760326
0.0740676
0.0719793
0.0703646
0.0695669
0.0692521
0.0434628
0.0432631
0.0424709
0.041247
0.0402476
0.0399571
0.0409022
0.0437069
0.0489188
0.0565166
0.0638572
0.068299
0.0702559
0.0703141
0.0692749
0.0677145
0.0660552
0.0647635
0.0641479
0.06392
0.0475172
0.0473598
0.0467635
0.0457875
0.0449189
0.0445118
0.0449674
0.0466885
0.0500059
0.0549674
0.0598251
0.0626788
0.0638042
0.0636608
0.0627734
0.0615106
0.0601817
0.0591539
0.0586799
0.0585139
0.0486825
0.0485532
0.048081
0.0472825
0.0465183
0.0460315
0.0461043
0.0470481
0.0491188
0.0522858
0.0553853
0.0571646
0.0577619
0.0574986
0.0567157
0.055686
0.0546274
0.0538193
0.0534577
0.0533356
0.0479399
0.0478334
0.0474477
0.0467825
0.0461102
0.0456068
0.0454627
0.0458765
0.0470369
0.0489634
0.0508924
0.0519422
0.0521706
0.0518198
0.0511319
0.0502903
0.0494478
0.0488162
0.0485402
0.0484494
0.045887
0.0458002
0.0454802
0.0449168
0.0443196
0.0438177
0.0435449
0.0436444
0.0442352
0.0453233
0.0464166
0.046949
0.0469421
0.0465579
0.0459588
0.0452701
0.0446005
0.0441072
0.0438955
0.0438272
0.0429155
0.0428459
0.0425827
0.0421079
0.041584
0.0411059
0.0407641
0.040655
0.0408666
0.0414069
0.0419612
0.042164
0.0420161
0.0416261
0.0411075
0.0405448
0.0400128
0.0396273
0.0394642
0.0394126
0.0393115
0.0392565
0.0390448
0.0386525
0.0382047
0.0377709
0.037413
0.0371953
0.0371763
0.0373619
0.0375635
0.0375514
0.0373227
0.0369485
0.0365033
0.0360431
0.0356189
0.0353161
0.03519
0.035151
0.0352875
0.0352443
0.035077
0.0347589
0.0343843
0.034004
0.0336588
0.0333917
0.0332438
0.0332172
0.0332034
0.0330655
0.0328013
0.0324563
0.0320782
0.0317027
0.0313645
0.0311271
0.0310298
0.0310003
0.030995
0.0309611
0.0308312
0.0305789
0.0302734
0.0299515
0.0296389
0.0293639
0.0291536
0.0290089
0.0288736
0.0286728
0.0284053
0.0280979
0.0277804
0.0274759
0.0272075
0.0270221
0.0269471
0.0269248
0.0265409
0.0265143
0.0264147
0.0262188
0.0259756
0.0257112
0.0254414
0.025184
0.0249565
0.0247598
0.0245685
0.0243477
0.0240964
0.0238304
0.0235686
0.0233249
0.0231143
0.0229707
0.0229129
0.0228959
0.0219962
0.0219755
0.0219
0.0217504
0.0215611
0.0213501
0.0211268
0.0209024
0.0206882
0.0204835
0.0202812
0.0200685
0.0198468
0.019625
0.0194141
0.0192224
0.0190595
0.0189495
0.0189054
0.0188924
0.0174035
0.0173877
0.0173315
0.0172199
0.0170766
0.0169142
0.0167384
0.0165555
0.0163718
0.0161871
0.0160026
0.0158189
0.015637
0.0154608
0.0152968
0.0151496
0.0150259
0.0149433
0.0149103
0.0149006
0.0127854
0.0127738
0.0127332
0.0126525
0.0125487
0.0124309
0.012302
0.0121653
0.0120245
0.0118793
0.0117337
0.011592
0.0114552
0.0113252
0.0112048
0.0110966
0.0110056
0.0109451
0.0109211
0.010914
0.00815093
0.00814319
0.00811592
0.00806192
0.00799404
0.00791856
0.00783644
0.00774924
0.00765838
0.00756375
0.00746826
0.0073758
0.00728762
0.00720428
0.00712732
0.0070573
0.00699651
0.00695524
0.00693922
0.00693412
0.00350206
0.00349936
0.00349358
0.00347371
0.00344428
0.00341241
0.00337824
0.00334187
0.00330382
0.00326352
0.00322177
0.00318067
0.00314125
0.00310403
0.00306949
0.00303731
0.00300718
0.00298207
0.00296965
0.00296505
-1.43997
-0.819891
-0.443773
-0.178024
0.0285092
0.190333
0.325796
0.445453
0.568937
0.551501
-0.569952
-0.361271
-0.153328
0.0194446
0.163131
0.282222
0.381528
0.456591
0.489643
0.495423
-0.210556
-0.0811797
0.0523135
0.169417
0.26975
0.354002
0.421177
0.468943
0.499318
0.515473
0.0248341
0.111427
0.202379
0.284564
0.355667
0.415319
0.463139
0.499938
0.527472
0.545372
0.194096
0.255085
0.319674
0.379244
0.431443
0.475978
0.513049
0.54332
0.567042
0.584989
0.326108
0.370304
0.418997
0.46415
0.504886
0.540615
0.57129
0.596956
0.616971
0.634668
0.434658
0.469187
0.509448
0.546716
0.581127
0.612034
0.638917
0.661373
0.678251
0.695819
0.531215
0.562397
0.598799
0.63307
0.664844
0.693486
0.718291
0.738552
0.752879
0.770407
0.625976
0.658823
0.695543
0.729859
0.761069
0.788685
0.812105
0.830635
0.843133
0.86085
0.732222
0.769405
0.808044
0.843206
0.873966
0.900276
0.921998
0.938844
0.950472
0.968716
0.862828
0.903285
0.941509
0.974978
1.00329
1.0272
1.0471
1.06279
1.07485
1.09334
1.02451
1.06196
1.09364
1.12044
1.14351
1.16425
1.18302
1.1993
1.21352
1.23157
1.20908
1.23465
1.25481
1.27366
1.29167
1.30859
1.32443
1.34057
1.35788
1.37702
1.39527
1.40711
1.42072
1.43571
1.44957
1.46172
1.47264
1.48418
1.49857
1.51717
1.57882
1.5934
1.59858
1.5991
1.60096
1.60842
1.62243
1.64047
1.65313
1.66665
1.85139
1.79707
1.74987
1.71842
1.70544
1.71006
1.7333
1.77805
1.84544
1.94095
0.285993
0.281328
0.273968
0.262126
0.249206
0.237809
0.228764
0.222018
0.217516
0.215498
0.216511
0.220241
0.226168
0.234256
0.24464
0.257098
0.270053
0.279864
0.285793
0.289169
0.207908
0.215029
0.221071
0.225358
0.226725
0.225065
0.221548
0.217727
0.214695
0.21325
0.214102
0.216883
0.220739
0.224819
0.227782
0.228129
0.225286
0.220032
0.213111
0.207221
0.198589
0.20164
0.205
0.207616
0.209755
0.211332
0.211799
0.211168
0.210105
0.209505
0.210128
0.211557
0.212878
0.213281
0.212392
0.210598
0.20835
0.205392
0.201998
0.199652
0.192742
0.194251
0.196676
0.199148
0.201009
0.202376
0.203469
0.204187
0.204489
0.20469
0.205084
0.205452
0.205387
0.204759
0.203753
0.20233
0.200255
0.197727
0.195773
0.194696
0.187427
0.188298
0.190009
0.192122
0.194164
0.195844
0.197126
0.198179
0.199064
0.199732
0.200034
0.199921
0.199453
0.19867
0.197464
0.195764
0.193777
0.191849
0.190628
0.190005
0.182563
0.183161
0.184608
0.186522
0.188534
0.190535
0.192307
0.193664
0.194656
0.195377
0.195798
0.19577
0.195221
0.194087
0.192472
0.190671
0.188839
0.187173
0.186228
0.185835
0.178376
0.178764
0.180015
0.18176
0.183491
0.185134
0.186755
0.188344
0.189718
0.19075
0.191195
0.190986
0.190237
0.189174
0.187945
0.186522
0.184924
0.183448
0.182712
0.182507
0.175642
0.175872
0.176799
0.178221
0.179729
0.181235
0.182707
0.184084
0.185389
0.186508
0.187128
0.187147
0.186742
0.18598
0.18496
0.183786
0.182519
0.18142
0.180935
0.180842
0.173764
0.173906
0.17445
0.175358
0.176432
0.17766
0.178995
0.180438
0.181858
0.183135
0.183949
0.184151
0.183881
0.183333
0.182636
0.1819
0.181168
0.180584
0.180327
0.180267
0.171454
0.171548
0.171855
0.172359
0.173115
0.174017
0.175087
0.176352
0.177762
0.179196
0.180273
0.180807
0.180935
0.180841
0.180545
0.180252
0.180011
0.17979
0.179668
0.179621
0.168371
0.168441
0.168699
0.169162
0.16973
0.170568
0.171687
0.173036
0.174589
0.176271
0.177669
0.178515
0.178904
0.178999
0.179
0.178949
0.178846
0.178728
0.178659
0.178624
0.164712
0.16476
0.164996
0.165468
0.166096
0.166839
0.167964
0.16937
0.171089
0.173065
0.174864
0.176113
0.17688
0.177339
0.177585
0.177693
0.177671
0.177612
0.17759
0.17757
0.160683
0.160718
0.160937
0.161419
0.162081
0.163086
0.164234
0.165793
0.167776
0.170152
0.172452
0.174169
0.175309
0.176025
0.176518
0.176745
0.176802
0.176811
0.176828
0.176815
0.156304
0.156344
0.156559
0.157058
0.157796
0.158806
0.16017
0.161995
0.164357
0.167278
0.170197
0.17246
0.17405
0.175131
0.175786
0.176188
0.176385
0.176488
0.176539
0.176527
0.151416
0.151459
0.151694
0.152209
0.153006
0.154152
0.155755
0.15794
0.160824
0.164447
0.168137
0.171052
0.173138
0.174581
0.175532
0.176133
0.17649
0.17669
0.176769
0.176753
0.145807
0.14586
0.146138
0.146697
0.147605
0.148953
0.150886
0.153562
0.157127
0.161647
0.16629
0.16998
0.172665
0.17455
0.17582
0.176651
0.177174
0.177469
0.177576
0.177556
0.139247
0.139314
0.139647
0.140333
0.141414
0.143057
0.145435
0.148753
0.153202
0.158863
0.164689
0.169373
0.172773
0.175154
0.176779
0.177861
0.178558
0.178951
0.179088
0.179062
0.131479
0.131565
0.131978
0.132828
0.134203
0.136259
0.139232
0.143402
0.148994
0.156097
0.163401
0.169262
0.173523
0.176504
0.178545
0.179914
0.180801
0.181295
0.181469
0.18144
0.122165
0.122277
0.122822
0.123917
0.125663
0.128283
0.13208
0.137374
0.144431
0.153351
0.162473
0.169761
0.175048
0.17876
0.181301
0.183009
0.184121
0.184746
0.18496
0.184922
0.110844
0.110997
0.111727
0.113163
0.115433
0.118835
0.123731
0.130492
0.139439
0.150639
0.161991
0.171005
0.177532
0.182117
0.185261
0.187374
0.188753
0.189529
0.189794
0.189747
0.0968675
0.0970892
0.0980879
0.100003
0.10301
0.107481
0.113854
0.122573
0.133962
0.148007
0.162065
0.173149
0.18116
0.186795
0.190669
0.193279
0.194986
0.195956
0.196281
0.196219
0.079291
0.0796297
0.0810291
0.0836434
0.0877136
0.0937075
0.102144
0.113488
0.128
0.145547
0.162841
0.17637
0.186137
0.193028
0.19779
0.201016
0.203132
0.204338
0.204744
0.204665
0.0566229
0.0571666
0.0592202
0.0629354
0.0686508
0.0769216
0.0882844
0.10314
0.121622
0.143412
0.164493
0.18085
0.192666
0.201052
0.206897
0.210895
0.213539
0.215044
0.215551
0.215452
0.0264976
0.0274502
0.0306658
0.0362617
0.0446777
0.0564554
0.0720068
0.0915524
0.114997
0.141803
0.167202
0.186744
0.200897
0.211045
0.218224
0.223213
0.226559
0.22847
0.229102
0.228976
-0.0153469
-0.0134441
-0.00770546
0.0015549
0.0146812
0.0319386
0.0534078
0.0790269
0.108456
0.140984
0.171129
0.194139
0.210878
0.223054
0.231865
0.238154
0.242495
0.244985
0.245783
0.245615
-0.076817
-0.0712899
-0.0593903
-0.0427769
-0.0215286
0.00387145
0.0331915
0.0662137
0.102484
0.141242
0.17638
0.203003
0.222477
0.236874
0.247586
0.255531
0.261198
0.264568
0.265693
0.265413
-0.150501
-0.140591
-0.11866
-0.0911269
-0.0599095
-0.0254282
0.0123346
0.0532617
0.0969842
0.142856
0.184115
0.215543
0.238936
0.256711
0.270416
0.281104
0.28927
0.293594
0.294969
0.295286
-0.224043
-0.206635
-0.175311
-0.137861
-0.0972609
-0.0538824
-0.00774531
0.0410557
0.0922251
0.145227
0.192653
0.228878
0.256104
0.277135
0.293737
0.306983
0.317309
0.323327
0.326322
0.326787
-0.281832
-0.261115
-0.223989
-0.179446
-0.131323
-0.080299
-0.0266353
0.0294516
0.0875925
0.147216
0.200161
0.240429
0.270627
0.293912
0.312227
0.326775
0.338134
0.345375
0.348812
0.349321
-0.328639
-0.305957
-0.264725
-0.215092
-0.161219
-0.10411
-0.0440991
0.0183923
0.0827971
0.148388
0.206176
0.249713
0.282008
0.306613
0.325748
0.340818
0.352509
0.360099
0.363662
0.36415
-0.367336
-0.343881
-0.299602
-0.245929
-0.187502
-0.1254
-0.0600645
0.00793407
0.0778866
0.148818
0.210837
0.257103
0.291036
0.316583
0.336208
0.351459
0.363148
0.370798
0.374206
0.374771
-0.400877
-0.376897
-0.330293
-0.273376
-0.211179
-0.144846
-0.074903
-0.00202858
0.0729032
0.148732
0.214718
0.263502
0.298866
0.325137
0.345041
0.360315
0.371929
0.3796
0.38294
0.383472
-0.430762
-0.406476
-0.358021
-0.298455
-0.233038
-0.163018
-0.0890054
-0.0117486
0.0677773
0.148213
0.217928
0.26907
0.305779
0.332741
0.352945
0.368305
0.379857
0.387569
0.39083
0.391269
-0.458152
-0.433598
-0.383725
-0.321816
-0.253652
-0.180431
-0.102796
-0.0215507
0.0622179
0.146986
0.220389
0.274003
0.312177
0.339946
0.36053
0.376025
0.387606
0.395259
0.398494
0.398786
-0.483903
-0.459053
-0.407918
-0.343977
-0.273439
-0.197398
-0.116539
-0.0316964
0.0560359
0.145078
0.222273
0.278519
0.318324
0.34704
0.368121
0.383835
0.39547
0.403106
0.40631
0.406498
-0.508384
-0.48325
-0.43095
-0.365334
-0.29265
-0.214112
-0.130378
-0.0422332
0.0492509
0.142454
0.223514
0.282615
0.324301
0.354172
0.375913
0.39196
0.403721
0.411346
0.414512
0.414631
-0.531943
-0.506492
-0.453183
-0.386088
-0.311496
-0.230736
-0.144398
-0.0532359
0.0417233
0.138955
0.224012
0.286256
0.330142
0.361428
0.384025
0.400543
0.412513
0.420127
0.423244
0.423332
-0.554776
-0.528982
-0.474827
-0.406341
-0.33006
-0.247338
-0.158693
-0.0648176
0.0333679
0.134507
0.223661
0.289342
0.335792
0.368812
0.392489
0.409635
0.421916
0.42958
0.432586
0.432664
-0.576969
-0.550778
-0.495953
-0.426148
-0.348398
-0.263967
-0.173286
-0.0769732
0.0241834
0.129036
0.22232
0.291711
0.341093
0.376227
0.401273
0.419239
0.431938
0.439683
0.442573
0.44261
-0.598564
-0.57203
-0.516453
-0.445532
-0.366524
-0.280588
-0.188122
-0.0896627
0.0141544
0.12248
0.219852
0.293172
0.345856
0.383523
0.410302
0.429325
0.442567
0.45043
0.453169
0.453119
-0.619527
-0.592692
-0.53636
-0.464489
-0.384385
-0.29715
-0.203154
-0.102843
0.00331601
0.114816
0.216133
0.293518
0.349888
0.390564
0.419495
0.439834
0.453719
0.461683
0.46425
0.464055
-0.639887
-0.612684
-0.555683
-0.482984
-0.401934
-0.313603
-0.218316
-0.116438
-0.00825623
0.10605
0.211071
0.292524
0.352883
0.397101
0.42874
0.450744
0.465329
0.473262
0.475554
0.475226
-0.659521
-0.632011
-0.57439
-0.500977
-0.41912
-0.329865
-0.233514
-0.130346
-0.0204802
0.096227
0.204593
0.289982
0.354472
0.402731
0.437828
0.462105
0.477467
0.485058
0.486852
0.486378
-0.678504
-0.650611
-0.592463
-0.518411
-0.435871
-0.345861
-0.248651
-0.144454
-0.0332545
0.0854335
0.196686
0.285739
0.354299
0.406942
0.44639
0.474043
0.490569
0.497128
0.497759
0.497132
-0.696686
-0.668486
-0.609852
-0.535241
-0.452134
-0.361516
-0.263646
-0.158673
-0.0464463
0.0737863
0.187387
0.279689
0.352059
0.409066
0.453671
0.486408
0.505726
0.510766
0.508245
0.506959
-0.714193
-0.68563
-0.626516
-0.551416
-0.467843
-0.376752
-0.278381
-0.172863
-0.0599132
0.0614228
0.176789
0.271783
0.34753
0.408364
0.458332
0.498006
0.52361
0.530213
0.522266
0.50338
-0.730917
-0.702048
-0.642596
-0.567123
-0.483274
-0.391886
-0.29326
-0.187485
-0.0741878
0.0477641
0.164258
0.261284
0.340061
0.403787
0.45818
0.505739
0.541492
0.554191
0.541592
0.553756
-0.746992
-0.717715
-0.658061
-0.582304
-0.498392
-0.406862
-0.308264
-0.202498
-0.0892488
0.03276
0.149687
0.247749
0.329085
0.394464
0.449127
0.501031
0.538131
0.554044
0.498268
0.471211
-0.763
-0.73308
-0.672656
-0.596586
-0.512799
-0.421288
-0.323211
-0.217642
-0.104796
0.0166679
0.133217
0.231048
0.314129
0.380711
0.428108
0.473071
0.500884
0.477837
0.407038
0.358814
-0.780105
-0.749047
-0.685832
-0.609609
-0.526005
-0.43494
-0.337739
-0.232713
-0.120689
-0.00039675
0.114872
0.211302
0.294179
0.364109
0.404451
0.416825
0.410706
0.35511
0.275544
0.227242
-0.401527
-0.300161
-0.19262
-0.0779974
0.0393894
0.144297
0.228478
0.0646607
-0.79382
-0.777283
-0.74121
-0.676605
-0.597742
-0.511381
-0.418003
-0.318024
-0.211816
-0.0991789
0.0158059
0.118142
0.199606
0.267559
0.314536
0.278729
0.130398
0.0334311
-0.04299
-0.81064
-0.798263
-0.755757
-0.689772
-0.610824
-0.524836
-0.432225
-0.333108
-0.228271
-0.117767
-0.00610105
0.091502
0.167349
0.22073
0.21904
0.104808
-0.0652101
-0.189429
-0.294276
-0.830329
-0.818397
-0.773204
-0.706348
-0.627442
-0.54162
-0.449268
-0.350909
-0.247529
-0.139385
-0.0317528
0.0598935
0.127727
0.164242
0.111802
-0.0736773
-0.275648
-0.435926
-0.583303
-0.8497
-0.837696
-0.791329
-0.723534
-0.644501
-0.558872
-0.467065
-0.369796
-0.268127
-0.162739
-0.0595924
0.0256341
0.0842744
0.099012
-0.00449065
-0.252522
-0.499786
-0.720424
-0.939269
-0.868135
-0.85656
-0.809727
-0.741195
-0.662007
-0.576585
-0.485442
-0.389372
-0.289567
-0.187216
-0.089002
-0.0107203
0.0384763
0.0203258
-0.148053
-0.422001
-0.710401
-0.978265
-1.2309
-0.886273
-0.875255
-0.828536
-0.759653
-0.680378
-0.595157
-0.504617
-0.409689
-0.311771
-0.212537
-0.11943
-0.0484083
-0.00966447
-0.0684203
-0.285819
-0.567263
-0.866677
-1.14395
-1.31781
-1.44236
-0.905165
-0.894425
-0.848124
-0.779074
-0.699913
-0.614976
-0.525115
-0.431437
-0.335599
-0.239844
-0.152355
-0.0892822
-0.0637566
-0.157908
-0.416317
-0.690534
-0.964117
-1.18043
-1.25022
-1.28468
-0.924742
-0.914376
-0.868439
-0.799464
-0.720579
-0.636083
-0.547063
-0.454857
-0.361404
-0.269633
-0.188368
-0.134143
-0.123523
-0.255339
-0.535971
-0.795505
-1.03375
-1.18388
-1.22626
-1.22637
-0.94526
-0.935087
-0.88942
-0.820783
-0.742228
-0.658323
-0.570331
-0.479819
-0.389045
-0.30174
-0.227312
-0.18269
-0.189904
-0.370754
-0.649231
-0.887222
-1.10209
-1.19408
-1.19945
-1.19859
-0.966544
-0.95649
-0.911176
-0.842878
-0.764741
-0.681549
-0.594745
-0.50613
-0.418288
-0.335818
-0.268936
-0.233961
-0.269893
-0.484395
-0.764413
-0.972593
-1.12016
-1.1945
-1.17808
-1.17631
-0.988181
-0.97844
-0.933477
-0.865492
-0.787909
-0.705524
-0.620057
-0.53351
-0.448835
-0.371413
-0.312871
-0.28708
-0.357729
-0.591656
-0.881704
-1.06555
-1.07247
-1.12292
-1.15816
-1.16657
-1.00962
-1.00013
-0.955975
-0.888366
-0.811346
-0.72989
-0.645899
-0.561528
-0.480208
-0.407852
-0.358211
-0.342732
-0.447168
-0.708108
-0.990588
-1.24145
-1.2048
-1.20332
-1.20332
-1.20238
-1.03047
-1.02129
-0.97802
-0.911017
-0.8346
-0.75409
-0.671761
-0.589594
-0.511692
-0.444293
-0.403466
-0.400363
-0.533995
-0.8443
-1.09558
-1.52164
-1.64126
-1.39572
-1.30558
-1.28074
-1.05011
-1.04127
-0.998888
-0.932646
-0.85702
-0.777604
-0.696771
-0.616932
-0.542253
-0.479542
-0.446686
-0.456114
-0.620214
-0.978723
-1.12757
-1.11281
-1.21496
-1.43326
-1.56526
-1.53669
-1.06742
-1.05902
-1.01786
-0.952387
-0.877654
-0.799386
-0.720151
-0.642582
-0.570523
-0.511979
-0.484644
-0.505659
-0.705657
-1.09212
-1.16583
-0.853095
-1.02694
-1.52609
-1.76292
-1.76515
-1.08128
-1.07346
-1.03379
-0.969347
-0.895411
-0.818405
-0.740862
-0.665326
-0.595378
-0.539181
-0.513556
-0.550217
-0.795
-1.38996
-2.11239
-2.61005
-2.99239
-2.87736
-2.43654
-2.1417
-1.09034
-1.08324
-1.04548
-0.982185
-0.909114
-0.833369
-0.757554
-0.683929
-0.615534
-0.558708
-0.530995
-0.572884
-0.875056
-1.67871
-2.85084
-3.83234
-4.26197
-4.17864
-3.73744
-3.28653
-1.09348
-1.08707
-1.05143
-0.989466
-0.917306
-0.842979
-0.769042
-0.697229
-0.629551
-0.569319
-0.530993
-0.547809
-0.808952
-1.50989
-2.42367
-3.35479
-3.66181
-3.48446
-3.06553
-2.73096
-1.08891
-1.08338
-1.04986
-0.989421
-0.918248
-0.845725
-0.774115
-0.704823
-0.638259
-0.571984
-0.512143
-0.485505
-0.511431
-0.772257
-0.991676
-1.04825
-0.880046
-0.550014
-0.222635
-0.0290142
-1.07334
-1.06868
-1.0379
-0.979651
-0.910153
-0.840197
-0.772011
-0.706707
-0.642374
-0.570292
-0.481062
-0.370419
-0.195879
0.0504226
0.497374
1.01273
1.53647
1.9388
2.17449
2.26585
-1.04521
-1.04142
-1.01352
-0.958164
-0.891651
-0.825388
-0.76244
-0.703773
-0.646171
-0.574025
-0.457568
-0.283037
-0.0830736
0.316234
0.952256
1.62366
2.18314
2.54507
2.73222
2.79423
-1.00271
-0.999755
-0.974855
-0.92331
-0.861567
-0.801066
-0.746161
-0.698837
-0.656297
-0.601531
-0.496289
-0.289552
-0.0179246
0.293276
0.852265
1.41341
1.86399
2.1498
2.29915
2.35502
-0.942272
-0.939893
-0.919018
-0.874276
-0.819962
-0.768035
-0.724642
-0.695591
-0.687376
-0.690531
-0.66368
-0.472932
-0.13039
0.155182
0.569051
1.00704
1.35599
1.58757
1.71582
1.77187
-0.867084
-0.864897
-0.849241
-0.812913
-0.768536
-0.727556
-0.698532
-0.694666
-0.744649
-0.896138
-1.10071
-1.01194
-0.554199
-0.166044
0.209373
0.579458
0.878122
1.07651
1.18378
1.21953
-0.781161
-0.779906
-0.767785
-0.740612
-0.707532
-0.67832
-0.663666
-0.685492
-0.802717
-1.15614
-1.76863
-1.77473
-1.17864
-0.698789
-0.215116
0.157349
0.421531
0.578623
0.654224
0.681268
-0.677526
-0.676792
-0.66995
-0.652719
-0.631001
-0.612969
-0.608841
-0.64148
-0.779343
-1.16149
-1.82841
-1.86894
-1.32231
-0.820917
-0.365425
-0.0359522
0.168239
0.27607
0.331061
0.352874
-0.565144
-0.565394
-0.561888
-0.551031
-0.537562
-0.526473
-0.525758
-0.55385
-0.664843
-0.965402
-1.43088
-1.44879
-1.05583
-0.631787
-0.289458
-0.0741138
0.0377246
0.0908144
0.115498
0.124314
-0.450997
-0.451477
-0.449153
-0.441877
-0.432364
-0.423771
-0.420688
-0.434709
-0.495667
-0.659927
-0.891614
-0.856714
-0.601538
-0.328828
-0.145514
-0.0480863
-0.00394454
0.0160521
0.0250773
0.0283487
-0.337977
-0.338659
-0.337189
-0.332088
-0.324813
-0.316927
-0.310094
-0.309298
-0.326526
-0.380237
-0.444264
-0.375392
-0.229733
-0.087585
-0.0199233
0.00612015
0.0139544
0.0157121
0.0155537
0.0152724
-0.233213
-0.233917
-0.233267
-0.23034
-0.225305
-0.218444
-0.209694
-0.200126
-0.192144
-0.186998
-0.164566
-0.0920504
-0.0276861
0.0289459
0.048465
0.0487733
0.0439927
0.0391701
0.0358087
0.0342531
-0.143947
-0.144592
-0.144752
-0.14407
-0.14151
-0.136479
-0.12818
-0.116034
-0.0988079
-0.0738112
-0.034079
0.021583
0.0541354
0.0743417
0.0783341
0.073247
0.0666259
0.0611298
0.0575862
0.0559369
-0.0745645
-0.0750962
-0.0757799
-0.07669
-0.0761883
-0.0733448
-0.0670587
-0.0560492
-0.0383833
-0.0116713
0.0246792
0.0618997
0.0814512
0.0891061
0.0888974
0.0842512
0.0787963
0.0742092
0.0712913
0.0699337
-0.0250569
-0.0254651
-0.0263232
-0.0279532
-0.028647
-0.0275058
-0.0234581
-0.0151251
-0.000679813
0.0214496
0.0496252
0.0739832
0.0868684
0.090874
0.090048
0.0866024
0.0824672
0.0789179
0.076674
0.0756418
0.00781777
0.00752119
0.00671504
0.00495189
0.00369367
0.00382485
0.00625811
0.0120915
0.0227398
0.0392054
0.0595892
0.075735
0.0845228
0.087168
0.0863592
0.0837879
0.0806806
0.0779298
0.0761892
0.0754222
0.0282238
0.0280128
0.0273503
0.0257782
0.0243734
0.0238813
0.0251498
0.0290772
0.0365539
0.0481607
0.0623717
0.0731958
0.0790655
0.080822
0.0801853
0.0782895
0.0759108
0.0737546
0.0723937
0.0718291
0.0399558
0.0398008
0.0392938
0.0380264
0.0367589
0.03605
0.0365199
0.0388858
0.0438817
0.0518489
0.0615408
0.0687905
0.0726777
0.0738691
0.0733131
0.0718114
0.0699478
0.0682366
0.0671603
0.0667445
0.0460013
0.0458802
0.0455009
0.0445348
0.0434726
0.0427712
0.042876
0.0442466
0.0473744
0.052591
0.0590845
0.0639829
0.0664813
0.0671075
0.0665267
0.0653021
0.0638139
0.0624433
0.0615919
0.0612837
0.0484402
0.048342
0.0480455
0.0472931
0.0464029
0.0457255
0.0455782
0.0463137
0.0482732
0.0516234
0.0558187
0.05896
0.0604582
0.0607142
0.0601534
0.0591341
0.0579373
0.0568463
0.0561799
0.0559507
0.0485473
0.0484682
0.0482267
0.0476168
0.0468597
0.0462235
0.0459172
0.0461761
0.0472603
0.0493242
0.0519733
0.0539647
0.0548241
0.0548252
0.0542673
0.0534122
0.0524515
0.0515899
0.0510743
0.050903
0.0470809
0.0470186
0.0468194
0.046314
0.0456643
0.0450766
0.0446975
0.0446906
0.0452196
0.0463902
0.0479692
0.0491311
0.0495366
0.0493713
0.0488421
0.0481248
0.0473514
0.0466721
0.0462731
0.0461437
0.0445199
0.0444717
0.0443078
0.0438847
0.0433235
0.0427831
0.0423647
0.0421813
0.0423541
0.0429523
0.043814
0.0444166
0.0445338
0.0442774
0.0437881
0.043187
0.0425656
0.0420312
0.0417223
0.0416239
0.0411954
0.0411584
0.0410265
0.0406783
0.0402029
0.0397223
0.0393072
0.0390325
0.0389798
0.039199
0.0395959
0.039836
0.0397706
0.0394683
0.0390259
0.0385238
0.0380232
0.037601
0.0373606
0.0372852
0.0373544
0.037326
0.0372218
0.0369407
0.0365456
0.0361303
0.0357426
0.035434
0.0352595
0.035251
0.0353513
0.0353588
0.0351857
0.0348713
0.0344792
0.0340613
0.0336581
0.0333242
0.0331371
0.0330794
0.0331767
0.0331548
0.0330736
0.032851
0.03253
0.032181
0.0318357
0.0315282
0.0312946
0.0311571
0.0310841
0.0309591
0.0307336
0.0304303
0.0300894
0.0297437
0.0294198
0.0291564
0.0290111
0.0289668
0.0287903
0.0287733
0.0287107
0.0285378
0.0282828
0.0279975
0.0277025
0.0274191
0.027171
0.026973
0.026807
0.0266159
0.0263765
0.0260989
0.0258079
0.025525
0.0252667
0.0250608
0.0249488
0.0249149
0.0242823
0.0242692
0.0242212
0.0240888
0.0238902
0.0236625
0.0234187
0.0231722
0.0229381
0.0227251
0.0225256
0.0223149
0.0220855
0.0218429
0.0216015
0.021374
0.0211702
0.0210101
0.020924
0.0208982
0.0197086
0.0196985
0.0196621
0.0195623
0.019411
0.0192344
0.0190407
0.0188378
0.0186346
0.0184364
0.0182401
0.0180403
0.0178388
0.0176368
0.0174433
0.0172651
0.0171078
0.0169852
0.0169198
0.0169002
0.0151007
0.0150931
0.0150661
0.0149924
0.0148805
0.0147487
0.0146022
0.0144453
0.0142832
0.0141184
0.0139509
0.013784
0.0136224
0.0134654
0.0133173
0.0131825
0.0130645
0.0129729
0.0129241
0.0129097
0.0104735
0.0104679
0.0104487
0.0103969
0.0103187
0.0102273
0.0101256
0.0100164
0.00990181
0.0097833
0.00966157
0.00954089
0.00942589
0.00931584
0.00921247
0.00911808
0.00903487
0.00896971
0.00893476
0.00892454
0.00583107
0.00582696
0.00581496
0.00578338
0.00573697
0.00568478
0.00562822
0.00556774
0.00550428
0.00543792
0.00536934
0.00530124
0.00523647
0.00517491
0.00511767
0.00506475
0.00501629
0.00497689
0.0049554
0.00494866
0.00350037
0.00349769
0.00348564
0.00345957
0.0034286
0.00339562
0.00336032
0.00332295
0.0032839
0.00324305
0.00320137
0.0031608
0.00312234
0.00308648
0.00305317
0.00302197
0.00299349
0.00297403
0.00296781
0.000977725
-1.13022
-0.70916
-0.41116
-0.173933
0.0176078
0.172759
0.30028
0.410127
0.487709
0.488668
-0.498326
-0.294223
-0.120662
0.0320696
0.162328
0.2723
0.36377
0.434615
0.479143
0.497736
-0.155319
-0.033502
0.0795338
0.183464
0.274294
0.351746
0.415265
0.463747
0.498701
0.52069
0.0664512
0.147285
0.226323
0.300091
0.365222
0.421046
0.467474
0.504726
0.534299
0.554028
0.228018
0.282939
0.343521
0.397426
0.446099
0.488691
0.5252
0.555737
0.580798
0.597369
0.355512
0.396643
0.443286
0.485561
0.524409
0.559433
0.590209
0.61642
0.637874
0.651475
0.461547
0.497078
0.534961
0.57173
0.605811
0.637016
0.664722
0.688259
0.706998
0.718146
0.558526
0.591979
0.627574
0.663067
0.695842
0.725636
0.751824
0.77366
0.790252
0.799738
0.656939
0.693194
0.730509
0.767257
0.800291
0.829433
0.85436
0.874621
0.889525
0.898626
0.771896
0.813193
0.852714
0.890149
0.922556
0.9501
0.973103
0.991579
1.00535
1.01566
0.916869
0.96043
0.998179
1.03177
1.06002
1.08407
1.10495
1.12253
1.13666
1.149
1.09536
1.13256
1.16105
1.18528
1.20656
1.22611
1.24449
1.26171
1.27798
1.29341
1.29318
1.3127
1.3286
1.34496
1.36171
1.37726
1.39098
1.40419
1.41977
1.43771
1.48259
1.49036
1.50228
1.51401
1.52392
1.53316
1.54354
1.55496
1.56635
1.57368
1.7016
1.69988
1.69181
1.67481
1.66348
1.66298
1.67517
1.70004
1.73377
1.76139
2.11011
1.92328
1.82177
1.76451
1.73554
1.72888
1.74419
1.78484
1.8606
2.0069
-0.765842
-0.767412
-0.728975
-0.662383
-0.583391
-0.496115
0.307084
0.377519
0.376288
0.306596
0.235306
0.157999
-0.121042
-0.399754
-0.744133
-1.199
-1.75675
)
;

boundaryField
{
    wall-4
    {
        type            zeroGradient;
    }
    pressure-outlet-7
    {
        type            fixedValue;
        value           uniform 0;
    }
    velocity-inlet-6
    {
        type            zeroGradient;
    }
    velocity-inlet-5
    {
        type            zeroGradient;
    }
    frontAndBackPlanes
    {
        type            empty;
    }
}


// ************************************************************************* //
