/*--------------------------------*- C++ -*----------------------------------*\
| =========                 |                                                 |
| \\      /  F ield         | OpenFOAM: The Open Source CFD Toolbox           |
|  \\    /   O peration     | Version:  v2012                                 |
|   \\  /    A nd           | Website:  www.openfoam.com                      |
|    \\/     M anipulation  |                                                 |
\*---------------------------------------------------------------------------*/
FoamFile
{
    version     2.0;
    format      ascii;
    class       volScalarField;
    location    "16";
    object      p;
}
// * * * * * * * * * * * * * * * * * * * * * * * * * * * * * * * * * * * * * //

dimensions      [0 2 -2 0 0 0 0];


internalField   nonuniform List<scalar> 
8800
(
0.406752
0.358715
0.320359
0.291744
0.271154
0.256438
0.245867
0.23838
0.233526
0.231377
0.232434
0.2364
0.242845
0.251992
0.264596
0.282069
0.306432
0.339985
0.382387
0.439497
0.239229
0.246447
0.254913
0.258366
0.256496
0.251025
0.244368
0.238262
0.233521
0.230602
0.230157
0.232439
0.236703
0.242464
0.249177
0.255645
0.259659
0.259065
0.252929
0.243902
0.215852
0.22206
0.226322
0.229759
0.23234
0.233226
0.232198
0.230087
0.228011
0.226963
0.227717
0.229869
0.232448
0.234416
0.234722
0.23301
0.230011
0.226246
0.221636
0.217837
0.210615
0.213344
0.216165
0.218591
0.220349
0.221772
0.222752
0.223011
0.222746
0.22258
0.223085
0.223924
0.224391
0.224048
0.223006
0.221585
0.219633
0.216956
0.214418
0.212886
0.205319
0.206768
0.20875
0.211033
0.212992
0.214448
0.215559
0.216454
0.217104
0.217575
0.217918
0.218005
0.217703
0.217041
0.21603
0.214497
0.212464
0.210281
0.208797
0.207989
0.20035
0.201271
0.20274
0.204632
0.206595
0.20839
0.209858
0.211019
0.211971
0.212705
0.213056
0.212958
0.212475
0.211586
0.210236
0.208538
0.206726
0.205064
0.204056
0.203552
0.195738
0.196381
0.197664
0.199419
0.201259
0.20313
0.204931
0.206449
0.207605
0.208443
0.208904
0.208845
0.208199
0.207018
0.20551
0.203904
0.202253
0.20077
0.199963
0.199636
0.191768
0.192168
0.19327
0.194869
0.196495
0.198044
0.199548
0.201067
0.202488
0.203626
0.204142
0.203982
0.20335
0.202463
0.201393
0.200101
0.19866
0.197362
0.196739
0.196565
0.189034
0.189257
0.190091
0.191434
0.192902
0.194416
0.19595
0.197393
0.19875
0.199945
0.200677
0.200805
0.200469
0.199728
0.198741
0.197648
0.196473
0.19549
0.195079
0.194999
0.187024
0.187161
0.18765
0.188506
0.189534
0.190684
0.191942
0.193373
0.194854
0.196247
0.197192
0.197526
0.1974
0.197036
0.196509
0.195876
0.195236
0.194732
0.194519
0.194466
0.184584
0.184682
0.184974
0.185479
0.186221
0.187131
0.188269
0.189594
0.191088
0.192653
0.193906
0.19461
0.194878
0.194869
0.194627
0.194428
0.194232
0.194055
0.193956
0.193911
0.181367
0.181441
0.18169
0.182146
0.182706
0.183573
0.184731
0.186166
0.187861
0.189718
0.191325
0.192351
0.19289
0.193108
0.193237
0.193267
0.193231
0.193161
0.193108
0.193071
0.177534
0.17758
0.177819
0.178289
0.178944
0.179763
0.180947
0.182472
0.184364
0.186565
0.188629
0.19011
0.19106
0.191649
0.191996
0.19219
0.192241
0.192224
0.192214
0.192191
0.173265
0.173295
0.173523
0.174033
0.174783
0.175761
0.177102
0.17885
0.181072
0.183749
0.186367
0.188348
0.189704
0.190607
0.191167
0.191478
0.19159
0.191628
0.191655
0.19164
0.168599
0.168626
0.16886
0.169404
0.170237
0.171401
0.172922
0.174964
0.17762
0.180919
0.184231
0.186818
0.188649
0.189876
0.190689
0.19119
0.191437
0.191567
0.19163
0.191616
0.163391
0.163419
0.163673
0.164257
0.165188
0.16651
0.168329
0.1708
0.174058
0.178153
0.182329
0.185651
0.188039
0.189692
0.190787
0.191481
0.191888
0.192118
0.19221
0.192194
0.157391
0.157421
0.157732
0.158379
0.159453
0.16101
0.163218
0.166257
0.170295
0.175407
0.180652
0.184833
0.187888
0.190032
0.191481
0.192425
0.193009
0.193339
0.193461
0.19344
0.150327
0.150361
0.150733
0.151553
0.152817
0.154714
0.157448
0.161227
0.166272
0.172673
0.179248
0.184525
0.188381
0.191083
0.192929
0.194152
0.194927
0.195363
0.195516
0.195487
0.141905
0.141954
0.14242
0.143407
0.145028
0.147415
0.150832
0.155581
0.161926
0.169957
0.178187
0.184783
0.18958
0.192954
0.195272
0.196818
0.197802
0.19835
0.19854
0.198504
0.131743
0.131811
0.132413
0.133677
0.135738
0.138786
0.143138
0.14918
0.157198
0.167271
0.177526
0.185701
0.191638
0.195822
0.198702
0.200632
0.201862
0.202544
0.20278
0.202732
0.11929
0.11938
0.120168
0.121831
0.124528
0.128485
0.134123
0.141865
0.152028
0.164651
0.177371
0.187447
0.194748
0.199897
0.203447
0.205836
0.207362
0.208201
0.20849
0.208431
0.103764
0.103885
0.104949
0.1072
0.11081
0.116055
0.12344
0.13344
0.146367
0.162156
0.177845
0.190178
0.199101
0.205403
0.209765
0.212714
0.214607
0.215634
0.215984
0.215909
0.084039
0.0842175
0.0857032
0.088842
0.0937976
0.100896
0.110725
0.123769
0.140235
0.159895
0.179097
0.194067
0.204892
0.212571
0.217919
0.221565
0.223924
0.225207
0.225627
0.225529
0.0582848
0.0585637
0.0607733
0.0653934
0.0724826
0.0823905
0.0957214
0.112836
0.133756
0.158048
0.181309
0.199289
0.212304
0.221606
0.228162
0.23269
0.235651
0.237266
0.237783
0.237652
0.0233777
0.0238989
0.0275996
0.0349797
0.0456975
0.0599949
0.0783239
0.100797
0.12719
0.156866
0.184672
0.205981
0.221452
0.232638
0.240663
0.246332
0.250111
0.252179
0.252812
0.252634
-0.0266537
-0.024969
-0.0174309
-0.00442347
0.0126001
0.0336368
0.0588549
0.0881004
0.120945
0.156629
0.189327
0.214183
0.232312
0.245616
0.2554
0.262538
0.267485
0.27028
0.271114
0.270865
-0.101343
-0.092044
-0.0749032
-0.0517754
-0.0252984
0.00470409
0.0383204
0.0753561
0.115368
0.157633
0.195698
0.224547
0.245801
0.261732
0.273855
0.28319
0.290086
0.294335
0.295802
0.295795
-0.180798
-0.160542
-0.133038
-0.0995318
-0.0633677
-0.024305
0.0177688
0.0627598
0.110345
0.159936
0.204417
0.238359
0.263759
0.283253
0.298561
0.310777
0.320407
0.327422
0.330178
0.330351
-0.244522
-0.221547
-0.185802
-0.144029
-0.0993232
-0.0518501
-0.00170725
0.0509563
0.10582
0.162337
0.212705
0.251095
0.279928
0.302202
0.319817
0.333947
0.345075
0.353153
0.355709
0.356132
-0.295945
-0.270757
-0.230311
-0.182587
-0.131331
-0.076983
-0.0198713
0.0396807
0.10121
0.164065
0.219643
0.261723
0.293118
0.317189
0.336045
0.351069
0.362824
0.371104
0.3741
0.374565
-0.337789
-0.311788
-0.267872
-0.215776
-0.159377
-0.0995158
-0.0365549
0.0289853
0.0964418
0.164978
0.22512
0.270185
0.303417
0.328594
0.348094
0.363464
0.375363
0.383591
0.386785
0.387228
-0.373375
-0.346946
-0.300586
-0.244872
-0.184315
-0.119826
-0.0518965
0.0188431
0.0915867
0.165235
0.229454
0.277146
0.311932
0.33796
0.357839
0.373259
0.385078
0.393206
0.39655
0.396985
-0.404665
-0.378034
-0.329782
-0.271157
-0.207099
-0.138626
-0.0663297
0.00906462
0.0866143
0.16504
0.233137
0.283271
0.319424
0.34613
0.366267
0.381696
0.393434
0.401419
0.404819
0.405246
-0.433124
-0.406323
-0.356518
-0.295456
-0.228374
-0.156426
-0.080247
-0.00063539
0.0813714
0.164306
0.236081
0.288595
0.326131
0.353571
0.374039
0.38956
0.401243
0.409093
0.412495
0.41293
-0.45959
-0.43262
-0.381557
-0.318314
-0.248639
-0.17365
-0.0940081
-0.0105577
0.0755785
0.162809
0.238327
0.293383
0.332457
0.360754
0.381641
0.397317
0.409014
0.416719
0.420062
0.420566
-0.484742
-0.457546
-0.405311
-0.340208
-0.268252
-0.190555
-0.107819
-0.0208842
0.069141
0.160621
0.23998
0.297756
0.338561
0.367889
0.38933
0.405259
0.417015
0.424646
0.427885
0.428395
-0.508844
-0.481405
-0.42802
-0.361432
-0.287397
-0.207299
-0.121788
-0.0316455
0.0620494
0.157658
0.240934
0.301681
0.344489
0.375082
0.397258
0.413567
0.425466
0.433056
0.436159
0.436616
-0.532238
-0.50442
-0.450214
-0.382121
-0.306246
-0.224015
-0.135993
-0.0429277
0.0541611
0.153764
0.241097
0.305106
0.350233
0.382364
0.405492
0.422332
0.434461
0.442056
0.445011
0.445371
-0.554952
-0.526775
-0.471855
-0.402358
-0.324865
-0.240745
-0.150497
-0.054807
0.045428
0.148892
0.240352
0.30791
0.355733
0.389719
0.41404
0.431583
0.444043
0.451669
0.454497
0.4547
-0.577048
-0.548473
-0.492936
-0.42218
-0.343274
-0.257501
-0.165294
-0.067256
0.0358576
0.142969
0.238558
0.309921
0.360829
0.397062
0.422858
0.441288
0.454176
0.461839
0.46454
0.464582
-0.598619
-0.569681
-0.513413
-0.441597
-0.361474
-0.274244
-0.180322
-0.0802224
0.0254561
0.135948
0.23559
0.310938
0.365298
0.404225
0.431864
0.451406
0.464822
0.472519
0.475047
0.474934
-0.619684
-0.590293
-0.53333
-0.460583
-0.379391
-0.290915
-0.195522
-0.0936557
0.0142704
0.127817
0.231336
0.310752
0.368895
0.411013
0.440965
0.461886
0.475882
0.483534
0.485789
0.485541
-0.640072
-0.610251
-0.552657
-0.4791
-0.396982
-0.307443
-0.210825
-0.107461
0.0023813
0.118611
0.225711
0.309153
0.371323
0.417151
0.450047
0.472751
0.487331
0.49473
0.496592
0.496195
-0.659749
-0.629541
-0.571367
-0.49709
-0.414186
-0.323763
-0.226125
-0.121543
-0.0101141
0.108387
0.218678
0.305954
0.372226
0.422214
0.45888
0.484146
0.499388
0.506
0.507104
0.506568
-0.678773
-0.6481
-0.589427
-0.514516
-0.430937
-0.339787
-0.24133
-0.135788
-0.0231035
0.0972391
0.21024
0.301033
0.371259
0.425625
0.466966
0.496196
0.512853
0.517818
0.517005
0.51628
-0.696989
-0.665939
-0.606783
-0.531315
-0.447179
-0.355437
-0.256347
-0.15008
-0.0364529
0.0853039
0.200457
0.294307
0.368155
0.426667
0.473319
0.508451
0.529025
0.53289
0.527665
0.52529
-0.714491
-0.683056
-0.623459
-0.547515
-0.462946
-0.370761
-0.271229
-0.164478
-0.050229
0.0725154
0.189223
0.285546
0.362624
0.424547
0.47631
0.519087
0.547611
0.556481
0.547527
0.530744
-0.731229
-0.699452
-0.639586
-0.563291
-0.478515
-0.386077
-0.286375
-0.179457
-0.0649755
0.058205
0.175828
0.273858
0.353853
0.418064
0.472742
0.522652
0.558662
0.567974
0.552765
0.533392
-0.747059
-0.715209
-0.655009
-0.578417
-0.493644
-0.401069
-0.301566
-0.194686
-0.0803555
0.0427059
0.160512
0.259102
0.341476
0.406902
0.45831
0.508047
0.540939
0.537559
0.469402
0.429263
-0.761589
-0.731391
-0.669316
-0.592322
-0.507668
-0.41527
-0.316532
-0.20993
-0.0961273
0.0262041
0.14335
0.241242
0.324837
0.391942
0.433408
0.464294
0.48133
0.438401
0.363369
0.315559
-0.808788
-0.74572
-0.682277
-0.606223
-0.521699
-0.429837
-0.331266
-0.225385
-0.112554
0.00838453
0.123944
0.22009
0.301763
0.374559
0.389058
0.394075
0.366889
0.302133
0.217622
0.170999
-0.774084
-0.758452
-0.700777
-0.626515
-0.542112
-0.450916
-0.35353
-0.248936
-0.138008
-0.0199164
0.0915984
0.183623
0.25692
0.321939
0.328504
0.211246
0.0980049
0.0195254
-0.0615195
-0.0155697
-0.802556
-0.774269
-0.716066
-0.641662
-0.557877
-0.46722
-0.369988
-0.266431
-0.157111
-0.0416046
0.0660657
0.153367
0.219265
0.253398
0.20238
0.0401755
-0.106439
-0.211944
-0.326312
-0.252983
-0.823701
-0.792684
-0.733512
-0.658797
-0.575293
-0.484945
-0.388148
-0.285797
-0.17839
-0.0660022
0.037126
0.118164
0.17447
0.178619
0.0602023
-0.149775
-0.330054
-0.47144
-0.639504
-0.565575
-0.843869
-0.811611
-0.751529
-0.676244
-0.592766
-0.502724
-0.406704
-0.305675
-0.200341
-0.0913904
0.00648744
0.0805364
0.123212
0.0890211
-0.0990076
-0.344623
-0.575328
-0.784842
-1.02176
-1.00066
-0.862965
-0.830711
-0.770036
-0.69428
-0.610809
-0.521142
-0.425993
-0.326379
-0.223328
-0.118167
-0.0261123
0.0405305
0.0660539
-0.0109301
-0.253442
-0.52788
-0.805502
-1.04763
-1.37597
-1.69732
-0.882019
-0.850121
-0.789238
-0.713235
-0.629777
-0.540454
-0.446108
-0.347913
-0.247214
-0.146003
-0.0599279
-0.00116982
0.00640316
-0.122031
-0.391894
-0.675729
-0.963388
-1.19051
-1.30729
-1.5179
-0.901655
-0.870132
-0.809368
-0.733353
-0.650033
-0.561137
-0.467678
-0.37104
-0.272985
-0.176129
-0.0965717
-0.0468055
-0.0629943
-0.248193
-0.516308
-0.787598
-1.0296
-1.17303
-1.20259
-1.23169
-0.922177
-0.890966
-0.830505
-0.754631
-0.671607
-0.583271
-0.490896
-0.396068
-0.301041
-0.209109
-0.136678
-0.0969924
-0.144056
-0.367356
-0.629435
-0.877153
-1.06708
-1.14177
-1.15971
-1.16329
-0.943731
-0.912694
-0.852641
-0.776987
-0.69435
-0.606749
-0.515644
-0.422886
-0.331264
-0.244877
-0.180028
-0.152792
-0.230192
-0.481355
-0.731603
-0.965933
-1.11538
-1.13601
-1.13799
-1.13809
-0.96619
-0.935344
-0.875591
-0.800323
-0.718151
-0.631422
-0.541761
-0.451317
-0.363405
-0.283209
-0.226301
-0.2131
-0.319469
-0.591931
-0.826114
-1.04314
-1.13736
-1.1361
-1.13007
-1.12702
-0.989303
-0.958713
-0.899181
-0.824381
-0.742817
-0.657068
-0.569014
-0.481098
-0.397129
-0.323628
-0.275265
-0.274927
-0.416673
-0.696746
-0.912606
-1.06973
-1.14168
-1.11967
-1.11211
-1.10918
-1.01244
-0.982468
-0.923242
-0.84889
-0.767996
-0.68336
-0.597015
-0.51181
-0.431929
-0.365423
-0.326451
-0.341499
-0.520499
-0.790049
-0.998791
-1.03476
-1.05941
-1.09571
-1.10281
-1.10278
-1.03506
-1.00547
-0.947351
-0.873427
-0.793207
-0.709816
-0.625239
-0.542805
-0.467115
-0.407536
-0.378859
-0.412277
-0.641004
-0.879028
-1.12873
-1.23742
-1.20773
-1.17032
-1.15793
-1.15654
-1.05665
-1.02775
-0.970555
-0.897351
-0.817941
-0.7357
-0.652975
-0.573196
-0.501649
-0.448404
-0.430425
-0.479282
-0.788176
-1.01181
-1.19827
-1.31566
-1.37752
-1.46709
-1.4516
-1.41841
-1.07611
-1.04828
-0.992129
-0.919766
-0.841318
-0.760303
-0.679279
-0.601815
-0.53403
-0.485981
-0.479493
-0.545195
-0.930616
-1.19834
-1.03131
-0.887313
-1.35459
-1.76183
-1.76365
-1.75051
-1.09233
-1.06599
-1.01127
-0.939802
-0.862266
-0.782492
-0.703078
-0.627502
-0.562231
-0.518556
-0.522871
-0.602303
-1.07771
-1.61129
-1.95008
-2.21864
-2.36693
-2.14563
-1.90379
-1.89864
-1.10417
-1.07971
-1.02676
-0.956311
-0.879686
-0.801134
-0.723071
-0.648807
-0.584135
-0.542422
-0.54994
-0.658177
-1.25494
-2.19208
-3.39896
-4.03468
-4.11158
-3.65548
-3.09104
-2.83124
-1.11021
-1.08816
-1.03738
-0.968007
-0.892393
-0.814978
-0.737992
-0.664325
-0.598082
-0.550955
-0.552082
-0.666177
-1.25429
-2.1377
-3.14912
-3.65459
-3.71739
-3.46716
-3.10379
-2.91372
-1.10975
-1.09036
-1.04184
-0.97371
-0.898985
-0.822808
-0.747005
-0.673398
-0.603078
-0.543217
-0.517895
-0.53183
-0.8467
-1.21003
-1.55305
-1.71905
-1.56884
-1.30078
-1.03767
-0.900827
-1.0999
-1.0833
-1.03805
-0.971554
-0.898097
-0.823647
-0.749526
-0.675743
-0.600352
-0.519583
-0.439157
-0.376958
-0.230096
-0.0462086
0.293109
0.672477
1.0254
1.31906
1.49898
1.5622
-1.07939
-1.06561
-1.02389
-0.959704
-0.888345
-0.816665
-0.745587
-0.673307
-0.593655
-0.49234
-0.363874
-0.217102
0.0610544
0.613747
1.23785
1.83753
2.31607
2.61125
2.75307
2.79205
-1.04606
-1.0351
-0.997263
-0.936216
-0.868771
-0.801898
-0.736727
-0.670833
-0.594803
-0.481781
-0.318291
-0.108053
0.142284
0.62928
1.26376
1.82848
2.24246
2.48177
2.59181
2.62253
-0.996999
-0.988595
-0.955536
-0.900457
-0.839226
-0.780213
-0.725576
-0.674731
-0.614636
-0.51177
-0.33027
-0.0943315
0.141735
0.474699
0.962279
1.38478
1.70458
1.89504
1.99171
2.02053
-0.930896
-0.924623
-0.898232
-0.852115
-0.80081
-0.753568
-0.715025
-0.688481
-0.671729
-0.636653
-0.506413
-0.246557
0.0294
0.253115
0.586719
0.902055
1.14903
1.30604
1.3908
1.41561
-0.853976
-0.848842
-0.829309
-0.794914
-0.756653
-0.724548
-0.707577
-0.720421
-0.789424
-0.942207
-1.01623
-0.746456
-0.365118
-0.106341
0.174532
0.432784
0.630679
0.751506
0.807238
0.815302
-0.76357
-0.761201
-0.749837
-0.728884
-0.706279
-0.691462
-0.698067
-0.7563
-0.940188
-1.34765
-1.70229
-1.38725
-0.868657
-0.542912
-0.20655
0.0617975
0.251645
0.363903
0.415996
0.428077
-0.671461
-0.67114
-0.665506
-0.65503
-0.645175
-0.644484
-0.668707
-0.757597
-1.01071
-1.56279
-2.05221
-1.70944
-1.17169
-0.786383
-0.4319
-0.170691
-0.0107593
0.0673237
0.0978173
0.101506
-0.575133
-0.575493
-0.573108
-0.568291
-0.565739
-0.572185
-0.602083
-0.692317
-0.933482
-1.44077
-1.85637
-1.6076
-1.17147
-0.783023
-0.474202
-0.277675
-0.180384
-0.139385
-0.123539
-0.121282
-0.469731
-0.47055
-0.469435
-0.46714
-0.46682
-0.473276
-0.496556
-0.562478
-0.732196
-1.07437
-1.32721
-1.16144
-0.8474
-0.557786
-0.363638
-0.267854
-0.231452
-0.21939
-0.214836
-0.213617
-0.358286
-0.359076
-0.358773
-0.357579
-0.357225
-0.360096
-0.371505
-0.404812
-0.489428
-0.653786
-0.754808
-0.621649
-0.422563
-0.279942
-0.21207
-0.196014
-0.197337
-0.201352
-0.202752
-0.202612
-0.251634
-0.252279
-0.252606
-0.252092
-0.251245
-0.25052
-0.251746
-0.259331
-0.281516
-0.318561
-0.301237
-0.250004
-0.141916
-0.101362
-0.101075
-0.114501
-0.127485
-0.135972
-0.139502
-0.140224
-0.159416
-0.159887
-0.160704
-0.160908
-0.160067
-0.157586
-0.153305
-0.147194
-0.138897
-0.12279
-0.0803252
-0.0424548
-0.0102059
-0.00942093
-0.0273681
-0.0454624
-0.0589154
-0.0670718
-0.0707958
-0.0718759
-0.0871128
-0.0874459
-0.0884751
-0.0891619
-0.0886407
-0.086001
-0.0803065
-0.0699786
-0.0527365
-0.0251222
0.0110165
0.0316657
0.038004
0.0308819
0.0152545
0.00101869
-0.00930503
-0.0155618
-0.0185796
-0.0196016
-0.0348078
-0.0350386
-0.0360814
-0.0370857
-0.0370233
-0.0349439
-0.0298493
-0.0200665
-0.00359158
0.0207474
0.0454407
0.057206
0.0562304
0.0488223
0.037974
0.0281596
0.0208916
0.0163942
0.0141832
0.0133877
0.000472974
0.000308019
-0.000628397
-0.00177709
-0.00218315
-0.000941255
0.00289823
0.0105953
0.0233762
0.0412612
0.0570216
0.0635888
0.0616986
0.0559154
0.0487038
0.0420881
0.0369684
0.0337239
0.0321422
0.0315646
0.022701
0.0225754
0.0217891
0.0206593
0.0199795
0.0204529
0.0228759
0.0282375
0.0372284
0.0493886
0.0592046
0.062709
0.0612073
0.0571936
0.0523603
0.0477932
0.0441202
0.0417327
0.0405954
0.0401874
0.0356444
0.03554
0.0349144
0.033906
0.033142
0.0331793
0.0345612
0.0379219
0.0437307
0.0515739
0.0576608
0.059522
0.0583658
0.0555008
0.0521091
0.0488559
0.0461466
0.0443463
0.0435168
0.043231
0.0423671
0.042271
0.0417715
0.0408969
0.0401365
0.0398876
0.0405725
0.0425987
0.0461756
0.0509867
0.0546024
0.0554041
0.0543676
0.052269
0.0498268
0.0474416
0.0454081
0.0440398
0.0434301
0.0432291
0.0450584
0.0449672
0.0445516
0.0437903
0.0430634
0.042635
0.0427919
0.0438213
0.0458882
0.0487075
0.0507266
0.0509423
0.0500062
0.0484003
0.0465675
0.0447821
0.0432436
0.0422042
0.0417553
0.0416123
0.0451409
0.0450568
0.0447026
0.0440422
0.0433645
0.0428566
0.0427123
0.0430994
0.0441187
0.0456117
0.0466236
0.0464842
0.0456017
0.0443141
0.0429034
0.0415414
0.0403661
0.0395753
0.039243
0.0391399
0.0435118
0.0434374
0.043132
0.0425554
0.0419275
0.0413823
0.0410512
0.0410515
0.0414408
0.0420928
0.0424274
0.042063
0.0412459
0.0401956
0.0390884
0.0380353
0.0371321
0.0365291
0.0362812
0.0362058
0.0407427
0.0406795
0.0404204
0.0399228
0.0393547
0.0388143
0.0383868
0.0381455
0.038131
0.0382658
0.0382055
0.0377315
0.0369865
0.0361162
0.0352356
0.0344144
0.033717
0.0332554
0.0330688
0.0330131
0.0372202
0.0371685
0.0369545
0.0365342
0.0360362
0.0355317
0.035078
0.0347211
0.0344836
0.034312
0.0340172
0.0334908
0.0328199
0.032096
0.0313902
0.0307452
0.0302038
0.0298486
0.0297071
0.0296657
0.033212
0.0331705
0.032998
0.0326507
0.0322252
0.0317744
0.0313343
0.0309335
0.0305871
0.0302576
0.0298493
0.0293215
0.0287295
0.0281288
0.0275616
0.027053
0.0266311
0.0263569
0.0262495
0.0262187
0.0289015
0.0288688
0.0287331
0.0284532
0.0281005
0.0277142
0.0273156
0.0269217
0.0265411
0.0261474
0.0257033
0.0252084
0.0246984
0.0242039
0.0237491
0.0233481
0.0230191
0.0228078
0.0227264
0.0227035
0.0244133
0.0243877
0.0242832
0.0240636
0.0237798
0.0234606
0.023118
0.0227616
0.0223955
0.0220026
0.0215758
0.0211363
0.0207078
0.0203069
0.0199466
0.0196335
0.0193791
0.0192174
0.0191561
0.0191391
0.0198285
0.0198089
0.0197301
0.0195623
0.0193413
0.0190876
0.0188077
0.0185066
0.0181866
0.0178348
0.0174601
0.017091
0.0167444
0.0164283
0.0161491
0.0159092
0.0157159
0.0155941
0.0155484
0.0155358
0.0151946
0.01518
0.0151224
0.0149988
0.0148339
0.0146422
0.0144275
0.0141918
0.0139354
0.01365
0.0133494
0.0130619
0.0127984
0.0125612
0.0123532
0.0121753
0.0120328
0.0119435
0.0119102
0.011901
0.010537
0.0105266
0.0104865
0.0104004
0.0102856
0.0101528
0.0100039
0.00983931
0.00965848
0.00945654
0.00924497
0.00904519
0.00886395
0.00870186
0.00855926
0.00843626
0.00833673
0.00827413
0.00825081
0.0082442
0.00586473
0.0058579
0.00583376
0.00578216
0.00571549
0.00564111
0.00555875
0.00546806
0.00536814
0.0052566
0.00513956
0.00502918
0.0049296
0.00484068
0.00476214
0.00469271
0.00463416
0.00459645
0.00458214
0.00457726
0.00118796
0.00118897
0.0011948
0.00119152
0.0011778
0.00116065
0.0011413
0.00111984
0.00109574
0.00106775
0.00103693
0.00100748
0.000981354
0.000958366
0.000938326
0.000920561
0.000905066
0.000895535
0.000897829
0.000901785
-0.766105
-0.51693
-0.257594
-0.0486784
0.120621
0.257299
0.373319
0.470651
0.512341
0.496785
-0.338528
-0.180216
-0.0187075
0.120299
0.238225
0.337196
0.417537
0.474637
0.505175
0.517196
-0.0587258
0.0455466
0.152954
0.249045
0.331938
0.401474
0.456669
0.4973
0.526066
0.543127
0.135399
0.206957
0.282398
0.351146
0.410839
0.461299
0.502507
0.535267
0.560757
0.578501
0.282068
0.333191
0.388228
0.439187
0.484337
0.523457
0.556618
0.584072
0.605776
0.623375
0.399922
0.437668
0.481566
0.521755
0.558426
0.591093
0.619418
0.643112
0.661398
0.678829
0.500655
0.532378
0.570017
0.605204
0.637712
0.66708
0.69265
0.713771
0.729231
0.746633
0.594421
0.625604
0.661755
0.69577
0.726994
0.754974
0.779003
0.798271
0.811508
0.828992
0.692945
0.727553
0.765281
0.800145
0.831193
0.858212
0.880828
0.898453
0.910301
0.928152
0.809828
0.848862
0.887891
0.92286
0.952743
0.97795
0.998684
1.01473
1.02633
1.04473
0.955804
0.995716
1.03155
1.06237
1.08831
1.11069
1.12997
1.14571
1.15852
1.1767
1.13099
1.16342
1.18951
1.21205
1.23232
1.25125
1.26903
1.28571
1.30155
1.31979
1.31899
1.33672
1.35247
1.36923
1.38551
1.40016
1.41329
1.42734
1.44449
1.4642
1.501
1.51195
1.52416
1.535
1.5443
1.55396
1.56497
1.57663
1.58662
1.60181
1.7121
1.71415
1.69901
1.68381
1.67752
1.68325
1.70187
1.73233
1.7645
1.79526
2.018
1.88097
1.80477
1.7628
1.74537
1.74941
1.77683
1.83296
1.93642
2.15172
0.303016
0.299648
0.293742
0.283966
0.271064
0.258693
0.248441
0.240544
0.234899
0.231567
0.231052
0.233553
0.238437
0.24547
0.25472
0.266258
0.279278
0.291189
0.298596
0.303287
0.220964
0.226859
0.233805
0.239093
0.241993
0.241731
0.238895
0.235025
0.231482
0.229139
0.228813
0.230771
0.234194
0.238309
0.242052
0.24388
0.242633
0.238432
0.232452
0.225365
0.213193
0.215542
0.218959
0.221966
0.224287
0.226186
0.227241
0.227076
0.226081
0.225107
0.225084
0.226258
0.227779
0.228756
0.228537
0.227143
0.225138
0.22262
0.21933
0.21631
0.20795
0.209031
0.210991
0.21353
0.215655
0.21719
0.218388
0.2193
0.219775
0.219963
0.220251
0.22071
0.220919
0.220585
0.219777
0.218626
0.216946
0.214635
0.212326
0.210851
0.202786
0.203415
0.204652
0.206625
0.208691
0.21053
0.211957
0.213076
0.214026
0.214799
0.215303
0.215415
0.215148
0.214559
0.213624
0.212211
0.210379
0.208425
0.206822
0.205979
0.198
0.198407
0.199349
0.201007
0.202898
0.204829
0.20666
0.208167
0.209311
0.21018
0.210777
0.210983
0.210707
0.20992
0.20861
0.206972
0.205241
0.203566
0.202284
0.201712
0.193623
0.193867
0.194635
0.196156
0.197895
0.199595
0.201286
0.202964
0.204476
0.205672
0.206437
0.206584
0.206111
0.205156
0.203942
0.202583
0.201092
0.199559
0.198445
0.198053
0.190247
0.190361
0.190938
0.192249
0.193816
0.195374
0.196874
0.198309
0.199696
0.200982
0.201909
0.202199
0.201967
0.201367
0.200479
0.199354
0.198069
0.196762
0.195878
0.195644
0.188015
0.188068
0.188437
0.189362
0.190588
0.1919
0.193333
0.194819
0.196297
0.197682
0.198779
0.199302
0.199238
0.198765
0.198006
0.197165
0.196248
0.195372
0.194833
0.194702
0.185906
0.185946
0.186166
0.18668
0.187434
0.188336
0.18938
0.190625
0.192033
0.193526
0.19485
0.195655
0.195944
0.195909
0.195702
0.195295
0.194918
0.194558
0.19433
0.194251
0.183063
0.18309
0.18325
0.183608
0.184124
0.184957
0.185963
0.18724
0.188737
0.1904
0.192014
0.193172
0.193768
0.193957
0.19395
0.193897
0.193801
0.193688
0.193589
0.193539
0.179512
0.179526
0.179664
0.180017
0.180558
0.181231
0.182225
0.183523
0.185153
0.187072
0.189053
0.190612
0.19158
0.192152
0.192457
0.192635
0.192716
0.192695
0.192654
0.192631
0.175446
0.175444
0.175566
0.175944
0.176559
0.17732
0.178381
0.179821
0.181654
0.183897
0.186351
0.188421
0.189834
0.190759
0.191354
0.191685
0.191842
0.19187
0.191875
0.191876
0.170987
0.170981
0.171086
0.171473
0.172129
0.173065
0.174315
0.175934
0.17808
0.180784
0.183842
0.186506
0.188399
0.189687
0.190564
0.191112
0.191379
0.191499
0.191564
0.19158
0.166086
0.166071
0.166198
0.166603
0.167317
0.168345
0.169768
0.17171
0.174288
0.177603
0.181417
0.184833
0.187357
0.189081
0.190252
0.191013
0.191458
0.191707
0.191836
0.191861
0.160521
0.160502
0.160656
0.161094
0.161879
0.163058
0.164747
0.167096
0.170264
0.17437
0.179146
0.183474
0.186614
0.18891
0.190474
0.191506
0.19216
0.192552
0.192744
0.192777
0.154037
0.154014
0.154199
0.154731
0.15563
0.157035
0.159084
0.161973
0.165905
0.171027
0.17701
0.182442
0.186479
0.189365
0.191358
0.192699
0.193578
0.194117
0.194371
0.194415
0.146334
0.146303
0.146534
0.147175
0.148314
0.150058
0.152592
0.156203
0.161131
0.167551
0.175044
0.181845
0.18692
0.19053
0.193034
0.194733
0.19586
0.196555
0.196878
0.196934
0.13708
0.137038
0.137343
0.138173
0.139606
0.141811
0.145042
0.149616
0.155832
0.163903
0.17328
0.181756
0.188049
0.192541
0.195662
0.197784
0.199198
0.200073
0.200477
0.200545
0.125822
0.12577
0.126182
0.127274
0.129132
0.131976
0.136135
0.141979
0.14988
0.160056
0.171764
0.18227
0.190037
0.195583
0.199442
0.202071
0.203826
0.204919
0.20542
0.205501
0.111917
0.111858
0.112432
0.113893
0.116346
0.120081
0.125503
0.133068
0.14318
0.156016
0.170584
0.183529
0.193057
0.19986
0.204603
0.207845
0.210015
0.21137
0.211993
0.212089
0.0944051
0.0943428
0.0951672
0.0971783
0.100508
0.105536
0.112755
0.122671
0.135666
0.151836
0.169863
0.185695
0.197296
0.205588
0.211392
0.215381
0.218063
0.219739
0.220516
0.220632
0.07182
0.0717701
0.0730164
0.0758986
0.0805942
0.0875767
0.0974036
0.110553
0.127317
0.147627
0.169761
0.18894
0.20294
0.21298
0.220059
0.224965
0.228293
0.230383
0.231346
0.231488
0.0418267
0.0418492
0.0438722
0.0482478
0.0552224
0.06531
0.0790052
0.0966283
0.118256
0.143584
0.170471
0.193426
0.210135
0.222192
0.230799
0.236854
0.24102
0.243657
0.244862
0.245032
0.000120914
0.000389983
0.00413478
0.0116482
0.022821
0.0380625
0.0574982
0.0811498
0.10883
0.140025
0.172217
0.199285
0.218952
0.23327
0.243675
0.251173
0.256468
0.259877
0.261405
0.2616
-0.0612092
-0.0595147
-0.0506303
-0.0364074
-0.017382
0.00604262
0.0334953
0.0647905
0.0996061
0.137341
0.175194
0.206553
0.229314
0.246055
0.258473
0.267717
0.274474
0.278949
0.281001
0.281272
-0.134908
-0.131835
-0.115083
-0.0900764
-0.0605447
-0.027634
0.0085673
0.0480436
0.0905422
0.135553
0.180085
0.216928
0.243978
0.26431
0.279856
0.291885
0.301248
0.30742
0.309754
0.310505
-0.210334
-0.201495
-0.176738
-0.14165
-0.102466
-0.0603992
-0.0155458
0.0320568
0.08222
0.134516
0.185782
0.228154
0.259461
0.283298
0.301897
0.316645
0.328316
0.336277
0.340308
0.341671
-0.268335
-0.258294
-0.228642
-0.186897
-0.140351
-0.0906327
-0.0381416
0.0169171
0.0742519
0.133378
0.190828
0.238032
0.272813
0.299263
0.319865
0.336158
0.348985
0.358183
0.363141
0.364691
-0.315285
-0.304712
-0.271673
-0.225254
-0.173214
-0.117519
-0.0587605
0.00272576
0.0664478
0.131752
0.194733
0.24606
0.283518
0.311698
0.333403
0.350412
0.363739
0.37342
0.378632
0.380259
-0.354089
-0.343487
-0.308423
-0.258344
-0.201918
-0.141415
-0.0774266
-0.0104506
0.058859
0.129685
0.197598
0.252442
0.292041
0.321489
0.34391
0.361266
0.374701
0.384383
0.389582
0.391258
-0.387731
-0.377176
-0.340589
-0.287624
-0.227619
-0.163065
-0.0946076
-0.0228427
0.0514582
0.127276
0.199731
0.257858
0.299397
0.329909
0.352823
0.37032
0.383723
0.393378
0.398575
0.400184
-0.417744
-0.407263
-0.369564
-0.31425
-0.251267
-0.183215
-0.110823
-0.0347763
0.04407
0.124553
0.201327
0.262538
0.305877
0.337363
0.360736
0.378402
0.391812
0.401427
0.406653
0.408117
-0.44534
-0.434883
-0.396287
-0.339
-0.273414
-0.202349
-0.126496
-0.0465952
0.0364266
0.121278
0.202165
0.266479
0.311724
0.344302
0.368239
0.386135
0.399607
0.409199
0.414413
0.415761
-0.471261
-0.460815
-0.421428
-0.362384
-0.294582
-0.220868
-0.141946
-0.0585721
0.0282774
0.117277
0.202322
0.269898
0.317223
0.351039
0.375658
0.393887
0.407479
0.41706
0.422273
0.423516
-0.495967
-0.485486
-0.445357
-0.384831
-0.315075
-0.238982
-0.157328
-0.0708266
0.0195837
0.112589
0.201782
0.272774
0.322416
0.357696
0.383179
0.401875
0.415679
0.4253
0.430477
0.431667
-0.519803
-0.509248
-0.468433
-0.406622
-0.335065
-0.256871
-0.172771
-0.0834176
0.0102944
0.107083
0.200396
0.275035
0.327304
0.364342
0.390909
0.410231
0.424357
0.434072
0.439163
0.440331
-0.542964
-0.532254
-0.490756
-0.427858
-0.354679
-0.274634
-0.188347
-0.0964303
0.000281413
0.100654
0.198084
0.276578
0.3318
0.370932
0.39885
0.418983
0.433552
0.443433
0.448439
0.449576
-0.565461
-0.554576
-0.512571
-0.448574
-0.373966
-0.292293
-0.204085
-0.109896
-0.0104536
0.0932763
0.19474
0.277263
0.335763
0.377348
0.406946
0.428124
0.443279
0.453379
0.458319
0.459353
-0.587424
-0.57633
-0.533833
-0.468786
-0.392952
-0.309856
-0.219961
-0.123763
-0.0218763
0.0849288
0.190265
0.276924
0.339032
0.383475
0.415125
0.437612
0.453505
0.463878
0.468731
0.469628
-0.60879
-0.597489
-0.554474
-0.4885
-0.411609
-0.327269
-0.235906
-0.137974
-0.033956
0.0756093
0.184592
0.275387
0.341376
0.389133
0.423279
0.44739
0.464167
0.474828
0.47957
0.480272
-0.629573
-0.618042
-0.574483
-0.507709
-0.429884
-0.344474
-0.251865
-0.152458
-0.0466147
0.0653659
0.177679
0.272494
0.342511
0.394013
0.431217
0.457407
0.47523
0.486079
0.490547
0.49103
-0.649623
-0.637925
-0.593841
-0.526361
-0.447723
-0.361399
-0.267765
-0.167125
-0.0597579
0.0542765
0.169524
0.268119
0.342179
0.397742
0.438664
0.467637
0.486808
0.497621
0.501495
0.501664
-0.669033
-0.657102
-0.612524
-0.544424
-0.465086
-0.377994
-0.283501
-0.181879
-0.0732802
0.0424467
0.160167
0.262178
0.340137
0.399891
0.445166
0.477984
0.499295
0.509759
0.512193
0.511776
-0.687682
-0.675513
-0.630507
-0.561845
-0.481894
-0.394175
-0.298991
-0.196597
-0.0870574
0.0299734
0.149698
0.254633
0.336188
0.399968
0.449971
0.48796
0.513242
0.523951
0.523316
0.520951
-0.705601
-0.693239
-0.647742
-0.578578
-0.49811
-0.40988
-0.314156
-0.211194
-0.100967
0.0170174
0.138248
0.245491
0.330228
0.397548
0.452008
0.496221
0.52826
0.542829
0.539856
0.527981
-0.722733
-0.710232
-0.664334
-0.594768
-0.513935
-0.425382
-0.329323
-0.226074
-0.115474
0.00303795
0.125217
0.234078
0.321556
0.391914
0.449668
0.500146
0.541324
0.563943
0.563431
0.555586
-0.739056
-0.726439
-0.680311
-0.610364
-0.529353
-0.440675
-0.344459
-0.241239
-0.13059
-0.0120311
0.110491
0.220157
0.309615
0.382532
0.440781
0.493686
0.538782
0.565036
0.543797
0.485595
-0.754357
-0.741243
-0.695654
-0.625323
-0.54445
-0.455847
-0.359584
-0.256561
-0.14623
-0.0280855
0.09409
0.2037
0.293785
0.369246
0.425076
0.468279
0.508333
0.513124
0.459722
0.389637
-0.770269
-0.755342
-0.710053
-0.639263
-0.559035
-0.47053
-0.37494
-0.271979
-0.162256
-0.0449437
0.0760859
0.184679
0.273341
0.352835
0.404541
0.447713
0.435878
0.406029
0.334726
0.258337
-0.755766
-0.736147
-0.689125
-0.615871
-0.531413
-0.439639
-0.339442
-0.233967
-0.121723
-0.00163679
0.112868
0.20804
0.287591
0.366791
0.426564
0.349053
0.303612
0.240304
0.160313
0.106545
-0.774616
-0.760319
-0.726011
-0.661177
-0.581459
-0.493569
-0.398216
-0.296229
-0.187891
-0.0726883
0.0451537
0.150213
0.233744
0.307923
0.374014
0.369263
0.257099
0.167037
0.0992707
0.00604306
-0.793421
-0.779124
-0.739126
-0.673102
-0.593208
-0.506048
-0.412018
-0.311218
-0.20426
-0.0910795
0.024104
0.125865
0.205861
0.267038
0.290488
0.216605
0.056792
-0.0516877
-0.136816
-0.236469
-0.812237
-0.800341
-0.755929
-0.688826
-0.608956
-0.521932
-0.428181
-0.328022
-0.22237
-0.111275
0.000332471
0.0967558
0.169855
0.215537
0.187791
0.0403423
-0.139984
-0.278052
-0.39699
-0.548007
-0.832607
-0.820491
-0.774339
-0.706311
-0.626386
-0.539506
-0.44611
-0.346851
-0.242708
-0.134078
-0.0265748
0.0638963
0.128592
0.155775
0.0816755
-0.135723
-0.355016
-0.537531
-0.712611
-0.942635
-0.852001
-0.840105
-0.79313
-0.724181
-0.644038
-0.557339
-0.46453
-0.366392
-0.263986
-0.158171
-0.055194
0.028864
0.0843135
0.0853806
-0.0491811
-0.307573
-0.571269
-0.824719
-1.04568
-1.53677
-0.870877
-0.859506
-0.812344
-0.7428
-0.662508
-0.575972
-0.483762
-0.386749
-0.286186
-0.183386
-0.0852757
-0.00815635
0.0375732
4.86711e-06
-0.191046
-0.463571
-0.75295
-1.02341
-1.26132
-1.73325
-0.890118
-0.879143
-0.832144
-0.762343
-0.682014
-0.595655
-0.504014
-0.408103
-0.30943
-0.209778
-0.11676
-0.0469111
-0.0128287
-0.0873064
-0.322468
-0.593944
-0.875584
-1.11577
-1.21976
-1.26506
-0.910249
-0.899555
-0.852831
-0.782998
-0.702823
-0.616787
-0.525852
-0.43125
-0.334758
-0.238723
-0.151404
-0.0896297
-0.0701361
-0.176083
-0.445173
-0.706468
-0.948011
-1.11869
-1.16595
-1.18282
-0.931289
-0.920884
-0.874594
-0.80471
-0.72481
-0.63923
-0.549181
-0.4561
-0.362102
-0.270212
-0.189156
-0.136302
-0.13286
-0.283649
-0.555549
-0.807431
-1.01941
-1.12077
-1.14437
-1.14776
-0.953355
-0.943121
-0.896915
-0.827426
-0.747864
-0.662875
-0.573868
-0.482532
-0.39131
-0.304036
-0.229889
-0.186384
-0.20726
-0.399826
-0.658862
-0.898907
-1.08834
-1.14017
-1.13443
-1.13341
-0.976193
-0.966144
-0.920129
-0.850994
-0.77181
-0.687548
-0.599731
-0.51034
-0.422137
-0.339855
-0.273323
-0.238931
-0.287952
-0.510653
-0.761214
-0.97282
-1.12982
-1.14188
-1.12583
-1.11982
-0.999393
-0.989634
-0.943877
-0.875086
-0.796437
-0.712976
-0.626492
-0.5392
-0.45424
-0.377141
-0.318945
-0.293732
-0.368853
-0.612434
-0.860146
-1.01354
-1.05188
-1.09372
-1.10212
-1.10224
-1.02253
-1.01295
-0.967862
-0.899408
-0.821325
-0.738744
-0.653724
-0.568609
-0.487071
-0.415166
-0.365776
-0.350723
-0.459853
-0.708422
-0.956614
-1.08416
-1.08051
-1.11432
-1.1183
-1.12003
-1.0449
-1.03562
-0.991241
-0.923491
-0.845971
-0.76428
-0.680822
-0.59789
-0.519797
-0.452926
-0.412407
-0.407774
-0.557523
-0.834437
-1.05001
-1.32877
-1.39029
-1.29311
-1.26146
-1.24909
-1.06578
-1.05696
-1.01333
-0.946376
-0.869674
-0.789071
-0.706965
-0.626174
-0.55124
-0.489186
-0.457104
-0.464382
-0.655662
-1.02382
-1.13057
-1.03329
-1.14857
-1.53144
-1.6917
-1.64092
-1.08408
-1.07578
-1.0334
-0.967248
-0.891468
-0.811959
-0.731296
-0.652368
-0.579901
-0.52225
-0.49634
-0.519329
-0.755738
-1.20562
-1.34558
-1.14145
-1.39167
-1.72909
-1.7672
-1.74125
-1.09873
-1.09107
-1.05029
-0.985198
-0.910303
-0.831879
-0.752569
-0.675299
-0.60434
-0.549132
-0.524697
-0.568806
-0.862216
-1.52107
-2.40275
-3.08552
-3.42755
-3.23282
-2.69939
-2.32312
-1.1084
-1.10147
-1.06279
-0.998935
-0.92501
-0.847645
-0.769582
-0.693496
-0.623049
-0.56618
-0.542467
-0.593493
-0.931263
-1.74927
-2.94579
-3.8803
-4.18437
-4.01733
-3.60628
-3.25433
-1.11159
-1.10552
-1.06989
-1.00714
-0.934316
-0.858025
-0.781228
-0.705837
-0.634314
-0.571764
-0.536708
-0.560185
-0.825053
-1.41566
-2.08042
-2.73583
-2.92474
-2.75544
-2.44276
-2.16366
-1.10676
-1.10191
-1.0695
-1.0087
-0.936718
-0.861788
-0.786364
-0.711714
-0.638743
-0.566348
-0.504176
-0.480438
-0.478657
-0.585249
-0.613212
-0.514989
-0.301714
-0.0153936
0.233848
0.381895
-1.092
-1.08818
-1.05941
-1.0012
-0.930618
-0.857669
-0.784473
-0.711741
-0.637526
-0.554311
-0.458124
-0.347935
-0.155006
0.160251
0.652786
1.18711
1.68951
2.07383
2.29878
2.3903
-1.06541
-1.06255
-1.03775
-0.982778
-0.914618
-0.844817
-0.775717
-0.707397
-0.635086
-0.544185
-0.41582
-0.242787
-0.0605017
0.360553
0.986944
1.64167
2.19062
2.5581
2.73929
2.79567
-1.02517
-1.0232
-1.00181
-0.950999
-0.887612
-0.823032
-0.761104
-0.701497
-0.638697
-0.553717
-0.416922
-0.202929
0.029013
0.317752
0.851498
1.39578
1.83237
2.12116
2.27183
2.33113
-0.96716
-0.965657
-0.94777
-0.904729
-0.849129
-0.79336
-0.74267
-0.698499
-0.657773
-0.601188
-0.489769
-0.274663
0.00283632
0.218074
0.568497
0.965967
1.29581
1.52466
1.65613
1.71403
-0.894073
-0.89273
-0.879478
-0.84624
-0.801713
-0.758172
-0.72312
-0.703489
-0.708904
-0.738299
-0.752486
-0.593567
-0.276468
-0.00343135
0.245882
0.536731
0.789472
0.974685
1.09198
1.14511
-0.810667
-0.80928
-0.80082
-0.778148
-0.747526
-0.719218
-0.703063
-0.71452
-0.788857
-0.997816
-1.3029
-1.2755
-0.84885
-0.482942
-0.189626
0.102557
0.328377
0.479061
0.560863
0.605935
-0.717867
-0.717573
-0.713481
-0.701265
-0.684856
-0.672224
-0.674228
-0.7137
-0.848562
-1.20741
-1.79507
-1.86113
-1.31747
-0.873721
-0.516133
-0.198936
0.0301101
0.169557
0.235424
0.255616
-0.623842
-0.624266
-0.623082
-0.617283
-0.610037
-0.608031
-0.621361
-0.674725
-0.83124
-1.22576
-1.86053
-1.93983
-1.44609
-1.00932
-0.629535
-0.342306
-0.163464
-0.0752404
-0.0373813
-0.0258283
-0.523239
-0.524252
-0.524022
-0.521025
-0.518279
-0.520398
-0.535449
-0.583241
-0.714875
-1.03213
-1.50635
-1.56578
-1.22881
-0.864868
-0.549754
-0.346515
-0.245009
-0.204017
-0.188278
-0.182953
-0.413483
-0.414585
-0.414834
-0.41345
-0.412133
-0.413932
-0.423623
-0.453366
-0.533424
-0.720358
-0.978735
-0.982423
-0.752778
-0.506598
-0.335345
-0.253639
-0.226166
-0.220109
-0.219335
-0.218105
-0.303183
-0.304139
-0.304573
-0.304074
-0.303145
-0.303047
-0.305753
-0.316608
-0.348033
-0.420056
-0.508845
-0.473723
-0.330592
-0.209476
-0.159368
-0.151563
-0.159574
-0.168209
-0.173277
-0.174393
-0.202805
-0.20353
-0.204098
-0.204455
-0.203947
-0.202537
-0.200379
-0.198656
-0.199686
-0.204939
-0.193457
-0.14139
-0.0888518
-0.0483225
-0.0521685
-0.0686257
-0.0850717
-0.0964119
-0.102495
-0.104565
-0.120347
-0.12085
-0.121463
-0.122391
-0.122357
-0.120723
-0.116787
-0.109721
-0.0981504
-0.0794216
-0.0464845
-0.00566453
0.0117189
0.0197929
0.00618196
-0.0115243
-0.0260438
-0.0356224
-0.0408054
-0.0428682
-0.0583749
-0.0587071
-0.0592835
-0.0604895
-0.0608786
-0.059618
-0.055816
-0.0481282
-0.0344492
-0.0124828
0.0175604
0.0436103
0.0493317
0.0466025
0.035169
0.0222539
0.0118307
0.00487369
0.00103617
-0.000594156
-0.0151264
-0.0153418
-0.0158376
-0.0171119
-0.0178564
-0.01721
-0.0142611
-0.00781225
0.00380905
0.0218802
0.0438783
0.0591574
0.0616072
0.0571558
0.0489424
0.0402655
0.033112
0.0281639
0.0254008
0.02422
0.0130776
0.0129342
0.0125243
0.0113338
0.0103918
0.0104087
0.0122405
0.0169246
0.0255312
0.0385666
0.0533991
0.0621778
0.0633339
0.0596987
0.0541272
0.048338
0.0433676
0.0398019
0.0377973
0.0369657
0.0301984
0.0300943
0.0297652
0.0287408
0.0277748
0.0274397
0.0283715
0.0313278
0.0370908
0.0458531
0.0554446
0.0604985
0.0610011
0.0584387
0.0546062
0.0505976
0.0470526
0.0444168
0.0429304
0.0423471
0.0396847
0.0395992
0.039333
0.0384947
0.0375995
0.0370903
0.0374747
0.0392377
0.0428159
0.0483243
0.0543102
0.0572343
0.0572467
0.0553211
0.05258
0.0497158
0.0471138
0.0451243
0.0440065
0.0435943
0.0441597
0.0440849
0.0438577
0.0431679
0.0423494
0.0417509
0.0417243
0.0426265
0.0447576
0.0480956
0.0516325
0.0531586
0.0528345
0.0513463
0.0493336
0.0472201
0.0452764
0.0437659
0.0429242
0.0426307
0.0453981
0.0453333
0.0451335
0.0445538
0.0438129
0.0431918
0.0429186
0.043214
0.0442801
0.0461364
0.0481129
0.0488373
0.0483467
0.047121
0.0455678
0.0439685
0.0424964
0.0413454
0.0407124
0.0405013
0.044529
0.0444748
0.044299
0.0438036
0.0431393
0.0425262
0.0421185
0.0420669
0.0424887
0.043378
0.0443223
0.04449
0.0438919
0.0428524
0.0416277
0.0403935
0.0392639
0.0383824
0.0379047
0.0377507
0.0422654
0.0422218
0.0420696
0.0416436
0.0410514
0.0404636
0.0399826
0.039706
0.0397184
0.0400135
0.0403187
0.0401526
0.0395247
0.0386355
0.0376507
0.0366847
0.0358121
0.0351357
0.0347739
0.0346601
0.0390742
0.0390399
0.0389127
0.0385536
0.0380392
0.0375003
0.0370071
0.0366213
0.0363944
0.0363215
0.0362435
0.0358861
0.0352632
0.0344984
0.0336992
0.0329362
0.0322569
0.0317347
0.0314586
0.0313737
0.0352772
0.0352506
0.0351472
0.0348508
0.0344135
0.0339369
0.0334667
0.0330434
0.0327002
0.0324299
0.0321362
0.0316798
0.0310889
0.0304346
0.0297835
0.0291777
0.0286466
0.0282419
0.0280304
0.0279666
0.0310954
0.0310747
0.0309928
0.030754
0.0303922
0.0299846
0.0295608
0.0291461
0.0287601
0.0283974
0.0280047
0.0275223
0.0269846
0.0264311
0.0259015
0.0254199
0.0250036
0.0246892
0.0245269
0.0244788
0.0266809
0.0266649
0.0266013
0.0264137
0.0261226
0.0257855
0.0254213
0.0250448
0.0246672
0.0242841
0.0238661
0.023403
0.0229316
0.0224707
0.0220428
0.0216618
0.0213371
0.0210946
0.020971
0.0209349
0.0221345
0.0221222
0.0220736
0.0219297
0.0217018
0.0214319
0.0211316
0.0208096
0.0204719
0.0201144
0.0197234
0.0193116
0.0189139
0.0185399
0.018201
0.0179039
0.0176533
0.0174682
0.0173751
0.0173481
0.017519
0.0175096
0.0174734
0.0173662
0.0171936
0.0169858
0.0167505
0.0164919
0.0162127
0.0159094
0.0155762
0.0152357
0.0149185
0.0146274
0.0143679
0.0141427
0.0139538
0.0138155
0.0137467
0.0137269
0.0128702
0.0128631
0.0128373
0.0127603
0.0126354
0.0124846
0.0123125
0.0121213
0.0119116
0.0116804
0.0114264
0.0111715
0.0109387
0.0107277
0.0105408
0.0103786
0.0102422
0.0101422
0.010093
0.0100789
0.00820351
0.00819828
0.00818125
0.00813027
0.0080482
0.00795098
0.00784137
0.0077199
0.00758617
0.00743801
0.00727553
0.00711332
0.00696609
0.00683347
0.00671564
0.00661242
0.00652386
0.00645743
0.00642465
0.00641525
0.00118739
0.00119214
0.00119519
0.00118554
0.00116953
0.00115118
0.00113077
0.00110789
0.00108224
0.00105324
0.00102249
0.000994059
0.000969401
0.000948028
0.000929232
0.000912495
0.000899037
0.000895487
0.000900849
0.00274697
-1.88881
-1.07538
-0.577247
-0.272282
-0.0430443
0.135486
0.278618
0.401026
0.523882
0.606817
-0.7111
-0.448328
-0.226521
-0.0400221
0.115129
0.243833
0.350686
0.438012
0.492642
0.503855
-0.273544
-0.126349
0.00933925
0.133274
0.240135
0.330978
0.405694
0.46241
0.500168
0.521968
-0.0104101
0.0855681
0.177223
0.263219
0.33882
0.403337
0.4563
0.497792
0.529464
0.550606
0.172696
0.238979
0.305829
0.367644
0.42292
0.470715
0.510979
0.544168
0.571046
0.589291
0.31311
0.359841
0.412434
0.458743
0.501386
0.539279
0.572169
0.6001
0.623063
0.638146
0.427405
0.465377
0.506399
0.544761
0.580374
0.612888
0.641632
0.666218
0.686131
0.698506
0.527466
0.561251
0.597122
0.63235
0.665243
0.695414
0.722091
0.744636
0.762189
0.772455
0.622939
0.657368
0.69345
0.729075
0.761752
0.791163
0.816676
0.837712
0.853376
0.862588
0.727594
0.766328
0.804918
0.842095
0.874985
0.903486
0.927466
0.946799
0.961012
0.970673
0.856113
0.899315
0.938735
0.974811
1.00559
1.03158
1.05344
1.07126
1.08492
1.09632
1.01832
1.06024
1.09432
1.12348
1.14818
1.16993
1.18971
1.20726
1.22238
1.2362
1.20926
1.23887
1.26083
1.28018
1.29861
1.3161
1.33235
1.34815
1.36495
1.38225
1.40628
1.41701
1.42941
1.44405
1.45867
1.47166
1.48305
1.49397
1.50676
1.52236
1.59352
1.60315
1.61281
1.61483
1.61538
1.61965
1.6306
1.64702
1.66441
1.66914
1.89826
1.83943
1.78773
1.74771
1.72542
1.72142
1.73494
1.76867
1.82469
1.90404
0.437779
0.380679
0.338304
0.304795
0.2805
0.263128
0.250676
0.241747
0.23561
0.232058
0.231505
0.234123
0.239337
0.247083
0.257837
0.272679
0.293351
0.322021
0.360411
0.408467
0.242103
0.251155
0.257332
0.257986
0.25406
0.247724
0.241201
0.235711
0.231819
0.230026
0.230991
0.234341
0.239401
0.245735
0.25255
0.258129
0.260072
0.256669
0.248234
0.241031
0.217549
0.219657
0.224306
0.228133
0.231219
0.233055
0.232925
0.231205
0.228972
0.227289
0.227106
0.228691
0.231171
0.233576
0.234813
0.234075
0.231598
0.228235
0.224022
0.219536
0.211241
0.212149
0.214729
0.217479
0.219534
0.221099
0.222347
0.22298
0.22291
0.222601
0.222743
0.223512
0.224238
0.22432
0.223584
0.222333
0.220698
0.218359
0.215597
0.213515
0.205658
0.206127
0.207654
0.209922
0.212079
0.213783
0.215035
0.216039
0.216813
0.217354
0.217764
0.218002
0.217901
0.217408
0.216586
0.215331
0.213518
0.211339
0.209422
0.208333
0.20057
0.200853
0.201907
0.203667
0.205626
0.207532
0.209174
0.210472
0.211521
0.212375
0.212933
0.213056
0.212762
0.212083
0.21096
0.209412
0.207623
0.205854
0.204459
0.203776
0.195881
0.196063
0.196918
0.198514
0.20034
0.202196
0.204059
0.20574
0.207076
0.208063
0.208726
0.208944
0.208589
0.207661
0.206283
0.204709
0.20308
0.201466
0.200266
0.199784
0.191841
0.191939
0.192613
0.194041
0.195692
0.197285
0.198795
0.200313
0.201806
0.203111
0.203971
0.204128
0.203708
0.202926
0.201951
0.200769
0.199394
0.197963
0.196951
0.196644
0.189061
0.189108
0.18958
0.190727
0.192166
0.193652
0.195198
0.196685
0.198086
0.199382
0.20038
0.200807
0.200686
0.200139
0.199251
0.198205
0.197061
0.195931
0.195208
0.195034
0.187037
0.187069
0.18735
0.188042
0.189011
0.190095
0.191291
0.192649
0.194118
0.195579
0.196788
0.197427
0.197504
0.197241
0.196777
0.196199
0.19555
0.194953
0.19459
0.194488
0.184594
0.184619
0.184799
0.185205
0.18582
0.186658
0.18767
0.188909
0.190326
0.191877
0.193333
0.194322
0.194788
0.194895
0.194784
0.194509
0.194336
0.194136
0.193994
0.193932
0.181372
0.181389
0.181539
0.181893
0.182412
0.183087
0.184117
0.185413
0.186988
0.188781
0.190571
0.19191
0.192667
0.193033
0.193158
0.193275
0.193255
0.193197
0.193129
0.193091
0.177532
0.17754
0.177668
0.178028
0.1786
0.179321
0.180316
0.181664
0.183375
0.185437
0.187637
0.189444
0.190642
0.191397
0.191848
0.192104
0.192231
0.192235
0.192217
0.192207
0.173255
0.173263
0.173375
0.173748
0.174367
0.17524
0.176396
0.177922
0.179902
0.182357
0.185097
0.187447
0.189093
0.190189
0.190926
0.191351
0.191548
0.191611
0.191644
0.191654
0.168581
0.168585
0.168708
0.169095
0.169788
0.170774
0.1721
0.173873
0.176212
0.179198
0.182609
0.185626
0.187809
0.189346
0.190318
0.190985
0.191331
0.19151
0.191608
0.191631
0.16337
0.163373
0.163517
0.163919
0.16468
0.165794
0.167347
0.169474
0.172326
0.176008
0.180271
0.184118
0.186967
0.18895
0.190298
0.191178
0.191711
0.19202
0.19218
0.192212
0.157364
0.157369
0.157536
0.158006
0.158863
0.160161
0.162021
0.164623
0.168145
0.172724
0.178067
0.18291
0.186465
0.189062
0.190831
0.192006
0.192753
0.193202
0.193422
0.193463
0.150292
0.150298
0.150497
0.151083
0.152126
0.15367
0.155966
0.159193
0.163583
0.169313
0.176007
0.182082
0.186625
0.189853
0.192097
0.193606
0.194586
0.195183
0.195468
0.195517
0.141862
0.141871
0.142128
0.142843
0.144132
0.14611
0.148977
0.153022
0.158546
0.165744
0.174131
0.181732
0.187387
0.191421
0.194225
0.196126
0.19737
0.198125
0.198481
0.198541
0.131689
0.131702
0.132036
0.132955
0.134596
0.137123
0.140774
0.145928
0.152934
0.161997
0.17248
0.181924
0.188921
0.193919
0.1974
0.199767
0.201322
0.202263
0.202707
0.20278
0.119218
0.119236
0.119673
0.120881
0.123039
0.126325
0.131066
0.137711
0.146638
0.158061
0.171125
0.182797
0.191406
0.197555
0.201841
0.204764
0.206692
0.207857
0.208401
0.20849
0.103669
0.103693
0.10428
0.105916
0.108821
0.113198
0.11945
0.128092
0.13954
0.153947
0.170162
0.184492
0.195016
0.202534
0.20779
0.211389
0.213776
0.215217
0.215875
0.215983
0.0839105
0.0839476
0.0847683
0.0870541
0.0910793
0.0970419
0.105438
0.116832
0.131591
0.149727
0.169725
0.187173
0.199933
0.20907
0.215493
0.219923
0.222887
0.224688
0.225499
0.225622
0.0581032
0.0581618
0.0593846
0.0627669
0.068626
0.0770447
0.0886053
0.103809
0.122857
0.145564
0.169998
0.191015
0.206334
0.217354
0.225177
0.230644
0.234348
0.236613
0.237629
0.23777
0.0231006
0.0232137
0.0252943
0.0308366
0.0399412
0.0523689
0.0686553
0.0890715
0.113566
0.141724
0.171203
0.196179
0.214341
0.227505
0.23699
0.243755
0.248442
0.251347
0.25263
0.252787
-0.0270745
-0.0266295
-0.0219437
-0.0115054
0.00363326
0.0226144
0.0457561
0.0730329
0.104161
0.138557
0.17355
0.202752
0.223958
0.239479
0.250888
0.259262
0.265276
0.269151
0.270884
0.271074
-0.100513
-0.0975213
-0.0843998
-0.0638045
-0.038907
-0.0107062
0.0211215
0.0564987
0.0951049
0.136367
0.177375
0.211258
0.235964
0.25433
0.268201
0.278835
0.286947
0.292563
0.295358
0.295889
-0.178326
-0.171094
-0.147845
-0.116609
-0.0817329
-0.04414
-0.00356635
0.0399981
0.0863542
0.135044
0.182996
0.222678
0.251945
0.274131
0.291359
0.305023
0.315888
0.32435
0.329385
0.330297
-0.242348
-0.234993
-0.204811
-0.165265
-0.121942
-0.0758386
-0.0270084
0.0244295
0.0782575
0.134037
0.188473
0.233352
0.266497
0.29176
0.311516
0.327283
0.339858
0.349669
0.354978
0.35602
-0.293684
-0.285669
-0.251828
-0.206831
-0.157284
-0.104414
-0.0486429
0.00974616
0.0703653
0.132661
0.192954
0.242306
0.278519
0.305928
0.327181
0.343985
0.357359
0.367513
0.37317
0.374451
-0.335608
-0.327387
-0.29135
-0.242359
-0.18794
-0.129744
-0.0682692
-0.00393268
0.0626656
0.130793
0.19631
0.24945
0.28801
0.316851
0.338952
0.356237
0.369865
0.379995
0.385757
0.387139
-0.37123
-0.362921
-0.325496
-0.273379
-0.215005
-0.152413
-0.086121
-0.0166862
0.0551827
0.128549
0.198752
0.25526
0.295854
0.32586
0.348556
0.366037
0.379624
0.389652
0.395437
0.396921
-0.40258
-0.394249
-0.355846
-0.301203
-0.239603
-0.173253
-0.102774
-0.0288109
0.0478085
0.125996
0.200636
0.260326
0.302767
0.333757
0.356892
0.374495
0.388014
0.397937
0.40367
0.405198
-0.431079
-0.422713
-0.383522
-0.326783
-0.262446
-0.19284
-0.118669
-0.0406507
0.0403258
0.123033
0.201872
0.264608
0.30888
0.340892
0.364537
0.382332
0.395859
0.405676
0.411317
0.412904
-0.457566
-0.449169
-0.409332
-0.35079
-0.284059
-0.211638
-0.134208
-0.0525277
0.032446
0.119383
0.202346
0.268272
0.31454
0.347714
0.371971
0.390035
0.403632
0.413403
0.418878
0.420511
-0.48269
-0.474232
-0.433772
-0.373662
-0.304866
-0.229935
-0.149613
-0.0646396
0.0240184
0.115043
0.202167
0.271427
0.31988
0.354404
0.379428
0.39788
0.411622
0.421387
0.426731
0.428363
-0.50679
-0.498253
-0.457213
-0.395764
-0.325093
-0.247921
-0.165015
-0.0770554
0.0150401
0.109965
0.201214
0.274
0.324911
0.361042
0.387042
0.406032
0.420026
0.429839
0.435068
0.436612
-0.530146
-0.521485
-0.479835
-0.417281
-0.34489
-0.265746
-0.180521
-0.0898493
0.0053947
0.103998
0.199376
0.275919
0.329607
0.367641
0.394861
0.414574
0.428938
0.438857
0.444005
0.445397
-0.552808
-0.544048
-0.501822
-0.438255
-0.36434
-0.283456
-0.196181
-0.103094
-0.00498431
0.0970977
0.19656
0.277052
0.333869
0.37416
0.402885
0.423525
0.438397
0.44848
0.453573
0.454776
-0.574904
-0.565927
-0.523403
-0.458723
-0.383477
-0.301074
-0.211998
-0.11677
-0.0160652
0.0892356
0.192661
0.277244
0.337523
0.380486
0.411049
0.432849
0.448368
0.458667
0.463688
0.464727
-0.59642
-0.587329
-0.544317
-0.478689
-0.402308
-0.318571
-0.227916
-0.130814
-0.0278297
0.0803934
0.18759
0.276323
0.34035
0.38641
0.419233
0.44249
0.458815
0.46938
0.474284
0.475149
-0.61738
-0.608142
-0.564628
-0.498159
-0.420784
-0.335886
-0.243881
-0.145177
-0.0402133
0.0706087
0.1813
0.274126
0.342115
0.391699
0.427298
0.452387
0.469673
0.480476
0.485159
0.485805
-0.637698
-0.62831
-0.584297
-0.517099
-0.43885
-0.352968
-0.259818
-0.159771
-0.0531254
0.0599302
0.173763
0.270507
0.342555
0.396051
0.435034
0.462515
0.480962
0.491858
0.496137
0.496509
-0.657324
-0.647809
-0.603305
-0.535465
-0.456457
-0.369741
-0.275649
-0.174493
-0.0664736
0.0484548
0.164995
0.265354
0.341396
0.399053
0.44208
0.472832
0.492926
0.503604
0.506948
0.506903
-0.67626
-0.666602
-0.621635
-0.553214
-0.473554
-0.386129
-0.291276
-0.18924
-0.080142
0.0362827
0.155071
0.258611
0.338415
0.400226
0.44784
0.483096
0.506096
0.516484
0.517612
0.516548
-0.694439
-0.684629
-0.639248
-0.570299
-0.490076
-0.402081
-0.306621
-0.203918
-0.0940057
0.0235468
0.144086
0.250262
0.33347
0.399096
0.451403
0.492457
0.520772
0.532768
0.530414
0.525916
-0.711882
-0.701956
-0.656137
-0.586728
-0.50605
-0.417622
-0.321708
-0.218559
-0.108097
0.0102125
0.131987
0.240129
0.326305
0.395206
0.451529
0.499048
0.53561
0.554573
0.55356
0.536281
-0.728611
-0.718566
-0.67243
-0.602655
-0.521696
-0.433052
-0.3369
-0.233618
-0.122958
-0.00436616
0.118066
0.227435
0.316032
0.38772
0.446112
0.498611
0.543634
0.56536
0.568356
0.526317
-0.744886
-0.73417
-0.688113
-0.617937
-0.536904
-0.448254
-0.352003
-0.248865
-0.138333
-0.0199238
0.102513
0.212258
0.302246
0.3764
0.433684
0.48369
0.527519
0.549208
0.506782
0.439355
-0.761825
-0.747852
-0.703071
-0.632568
-0.55195
-0.463392
-0.367249
-0.264283
-0.154221
-0.0364478
0.0852574
0.194499
0.284162
0.361317
0.415412
0.445939
0.477735
0.466224
0.401874
0.328691
-0.779241
-0.780971
-0.719659
-0.644372
-0.564371
-0.476
-0.38217
-0.279257
-0.16993
-0.0531769
0.0669634
0.174611
0.261855
0.344778
0.383503
0.36834
0.386583
0.337085
0.261213
0.181051
-0.754634
-0.751868
-0.696143
-0.622467
-0.538029
-0.446518
-0.348448
-0.243375
-0.131767
-0.0126398
0.100518
0.194328
0.270736
0.347304
0.385364
0.285807
0.202435
0.13489
0.0558922
-0.111775
-0.791288
-0.766007
-0.707915
-0.633531
-0.549432
-0.458525
-0.361245
-0.257147
-0.146967
-0.0300854
0.0795835
0.16943
0.239271
0.288779
0.265492
0.129491
-0.00293098
-0.0940867
-0.188476
-0.376311
-0.813404
-0.783483
-0.724702
-0.650176
-0.566575
-0.476102
-0.379028
-0.276059
-0.16767
-0.0536902
0.0518022
0.136109
0.197364
0.217005
0.136303
-0.053855
-0.214758
-0.335633
-0.471059
-0.733931
-0.834257
-0.802265
-0.742508
-0.667495
-0.584013
-0.493808
-0.397363
-0.295662
-0.189274
-0.0785682
0.0220136
0.099582
0.149437
0.135857
-0.0195707
-0.247445
-0.451525
-0.620596
-0.823751
-1.2614
-0.853796
-0.821287
-0.760734
-0.685156
-0.601683
-0.511818
-0.416236
-0.315906
-0.211686
-0.104591
-0.00957422
0.0608008
0.0951124
0.0401295
-0.177159
-0.439091
-0.699104
-0.933391
-1.23197
-2.0283
-0.872738
-0.840544
-0.779585
-0.703647
-0.620178
-0.53069
-0.435955
-0.337061
-0.235181
-0.132
-0.0429403
0.019766
0.0363173
-0.0642595
-0.325298
-0.606971
-0.893309
-1.14305
-1.40541
-2.34333
-0.892083
-0.86023
-0.799224
-0.723151
-0.639737
-0.550611
-0.456694
-0.359243
-0.259819
-0.160719
-0.077832
-0.0236128
-0.0261732
-0.18496
-0.45559
-0.736504
-1.00501
-1.18898
-1.23336
-1.29916
-0.91219
-0.880684
-0.819865
-0.743863
-0.660666
-0.572035
-0.479091
-0.383324
-0.286741
-0.192276
-0.116231
-0.0715871
-0.102707
-0.30886
-0.57358
-0.83375
-1.04625
-1.15802
-1.17534
-1.18595
-0.933299
-0.901945
-0.84147
-0.765695
-0.682848
-0.594857
-0.503093
-0.409274
-0.315901
-0.226669
-0.158008
-0.124542
-0.186662
-0.424687
-0.681304
-0.921587
-1.08965
-1.13573
-1.14665
-1.14776
-0.955397
-0.924164
-0.864133
-0.788551
-0.706135
-0.618957
-0.528553
-0.436926
-0.347124
-0.263762
-0.202874
-0.183091
-0.274323
-0.536907
-0.779215
-1.0081
-1.12839
-1.13497
-1.13385
-1.13262
-0.978312
-0.94725
-0.887426
-0.812296
-0.730399
-0.644152
-0.555276
-0.46607
-0.380112
-0.303213
-0.250517
-0.244107
-0.367321
-0.645913
-0.868442
-1.06792
-1.14539
-1.13181
-1.12213
-1.11844
-1.00149
-0.970929
-0.911305
-0.836606
-0.755376
-0.67017
-0.582963
-0.496387
-0.414446
-0.344424
-0.300668
-0.307406
-0.467818
-0.745669
-0.951172
-1.05455
-1.08514
-1.09999
-1.10251
-1.1015
-1.02457
-0.994451
-0.935505
-0.861208
-0.780644
-0.696613
-0.611157
-0.52734
-0.449548
-0.386552
-0.352733
-0.377146
-0.576942
-0.833202
-1.05544
-1.05886
-1.09488
-1.11655
-1.11959
-1.11948
-1.04689
-1.01741
-0.959267
-0.885556
-0.80567
-0.722935
-0.639241
-0.558163
-0.484571
-0.428262
-0.404982
-0.446507
-0.713084
-0.931599
-1.18939
-1.41516
-1.32711
-1.27455
-1.25385
-1.24412
-1.06771
-1.03919
-0.981706
-0.908826
-0.82988
-0.748241
-0.666388
-0.587823
-0.518244
-0.467739
-0.455517
-0.51234
-0.862165
-1.11026
-1.09433
-1.01232
-1.34606
-1.66031
-1.65968
-1.63182
-1.08588
-1.05867
-1.0022
-0.930139
-0.852171
-0.771782
-0.691602
-0.61511
-0.54885
-0.502995
-0.502518
-0.576631
-0.998531
-1.33655
-1.23477
-1.23087
-1.56254
-1.79934
-1.73533
-1.75237
-1.10036
-1.07479
-1.01967
-0.948524
-0.871496
-0.792363
-0.713664
-0.638812
-0.574108
-0.532361
-0.539229
-0.629212
-1.17118
-1.93571
-2.79439
-3.32295
-3.39305
-2.97452
-2.46861
-2.31218
-1.10978
-1.08625
-1.03287
-0.962739
-0.886703
-0.808754
-0.731264
-0.657357
-0.592269
-0.548563
-0.554077
-0.678811
-1.2918
-2.30157
-3.53335
-4.0905
-4.1397
-3.83297
-3.39678
-3.18441
-1.1133
-1.09191
-1.04066
-0.971517
-0.896518
-0.819742
-0.743296
-0.669731
-0.601556
-0.549452
-0.54137
-0.611699
-1.10895
-1.73214
-2.44604
-2.88773
-2.87073
-2.60863
-2.28972
-2.10037
-1.10831
-1.08997
-1.04142
-0.973544
-0.899532
-0.824195
-0.749149
-0.67541
-0.602727
-0.532749
-0.481069
-0.45151
-0.533949
-0.619794
-0.575514
-0.429094
-0.160658
0.119337
0.322383
0.416883
-1.09323
-1.07792
-1.03285
-0.966761
-0.89437
-0.821188
-0.748319
-0.674872
-0.597022
-0.505566
-0.398624
-0.294828
-0.0269024
0.39845
0.915271
1.44895
1.9012
2.20546
2.35947
2.40411
-1.06634
-1.05411
-1.01304
-0.949439
-0.879819
-0.810263
-0.741672
-0.671773
-0.592846
-0.483976
-0.334803
-0.160379
0.115215
0.647112
1.32216
1.93451
2.40038
2.66936
2.77864
2.80269
-1.02579
-1.01616
-0.979229
-0.920013
-0.85526
-0.791855
-0.73128
-0.671693
-0.600952
-0.487473
-0.31511
-0.0799453
0.142315
0.562341
1.1337
1.62954
1.99705
2.21124
2.31041
2.33995
-0.96769
-0.95981
-0.928743
-0.87767
-0.820957
-0.767368
-0.720091
-0.679891
-0.639135
-0.55817
-0.390738
-0.144008
0.119146
0.36942
0.773087
1.14053
1.42426
1.60112
1.6929
1.72132
-0.894622
-0.88837
-0.86508
-0.824595
-0.779367
-0.739327
-0.710919
-0.701903
-0.719434
-0.761437
-0.708229
-0.439817
-0.126514
0.110257
0.393233
0.669375
0.891542
1.04168
1.1264
1.15215
-0.810178
-0.806584
-0.791093
-0.763193
-0.732575
-0.709028
-0.704038
-0.740298
-0.868406
-1.15894
-1.36634
-1.08908
-0.633701
-0.344527
-0.0369914
0.224571
0.413477
0.526798
0.586143
0.612764
-0.7178
-0.716422
-0.708236
-0.693157
-0.677596
-0.670549
-0.687155
-0.763643
-0.991996
-1.49004
-1.94811
-1.61898
-1.06105
-0.693816
-0.348897
-0.0726858
0.110804
0.209893
0.249928
0.255118
-0.624088
-0.62413
-0.620684
-0.613592
-0.607968
-0.611868
-0.640685
-0.734154
-0.988858
-1.54076
-2.01146
-1.71157
-1.21072
-0.815153
-0.471673
-0.23907
-0.110095
-0.0519383
-0.0290529
-0.0260832
-0.523739
-0.524444
-0.522744
-0.519382
-0.518406
-0.525566
-0.553341
-0.633687
-0.844096
-1.27694
-1.61712
-1.41732
-1.04573
-0.692908
-0.434128
-0.285322
-0.219647
-0.194206
-0.184652
-0.18295
-0.414061
-0.4149
-0.414253
-0.412655
-0.412473
-0.41733
-0.434824
-0.484325
-0.610282
-0.859548
-1.02787
-0.878968
-0.62603
-0.409972
-0.284329
-0.235282
-0.221816
-0.219675
-0.218717
-0.218026
-0.30371
-0.304439
-0.304449
-0.303574
-0.302937
-0.303845
-0.309665
-0.328678
-0.378052
-0.470508
-0.509001
-0.413865
-0.260574
-0.177723
-0.151444
-0.154837
-0.164167
-0.17136
-0.174159
-0.174508
-0.203236
-0.20379
-0.204398
-0.204268
-0.203366
-0.201509
-0.199364
-0.198653
-0.202028
-0.204759
-0.167926
-0.118008
-0.0602951
-0.0465328
-0.0597948
-0.0774044
-0.0914275
-0.100095
-0.103892
-0.104856
-0.120669
-0.121067
-0.12202
-0.122489
-0.121782
-0.11908
-0.113711
-0.104602
-0.0899856
-0.0650432
-0.024063
0.00332702
0.019617
0.0148428
-0.00288318
-0.0194205
-0.0314469
-0.0387111
-0.0421342
-0.0432239
-0.058603
-0.0588801
-0.0599367
-0.0608015
-0.0605
-0.0580932
-0.0525626
-0.0421717
-0.0246437
0.00219704
0.0325002
0.0481532
0.0493837
0.0416558
0.028509
0.0166057
0.00791663
0.00260483
6.28203e-06
-0.000907783
-0.0152827
-0.0154764
-0.0164746
-0.0175744
-0.0177575
-0.0160748
-0.0115614
-0.00274141
0.0120085
0.0331581
0.0529692
0.0617869
0.0600365
0.0533536
0.0444836
0.0364334
0.030345
0.0265303
0.024659
0.0239776
0.0129705
0.012828
0.0119633
0.010807
0.0102322
0.0110497
0.0141661
0.0206902
0.0315159
0.046367
0.0588296
0.0636478
0.0618992
0.0570533
0.0511823
0.0457088
0.0413856
0.0386122
0.037273
0.0367863
0.0301219
0.0300089
0.0293045
0.028227
0.0274901
0.0277133
0.0295519
0.0338321
0.0411358
0.0509662
0.0586977
0.0612625
0.0599791
0.0566144
0.0525813
0.0487411
0.0455974
0.0435286
0.0425588
0.0422173
0.0396259
0.0395266
0.0389701
0.0380325
0.037263
0.0371468
0.0381595
0.0407876
0.0453543
0.0515311
0.0562706
0.0575486
0.0564575
0.0540075
0.0511413
0.0483647
0.0460203
0.0444513
0.0437405
0.0435011
0.0441126
0.0440188
0.0435652
0.0427489
0.0420028
0.0416485
0.0420412
0.0435348
0.0462994
0.0500097
0.0527237
0.0531797
0.0521996
0.0503803
0.0482746
0.0462153
0.0444482
0.0432556
0.0427326
0.0425634
0.0453603
0.0452723
0.0448894
0.0441805
0.0434773
0.0430011
0.0429849
0.0436458
0.0451264
0.0472148
0.0486852
0.0487108
0.0478033
0.0463688
0.0447648
0.0432089
0.0418654
0.0409592
0.0405734
0.0404523
0.0444993
0.0444198
0.044091
0.0434741
0.0428208
0.0422898
0.0420422
0.0422174
0.0428849
0.0439057
0.0445368
0.0442654
0.0434132
0.0422532
0.0410064
0.0398101
0.0387801
0.0380894
0.0378027
0.0377147
0.0422426
0.0421737
0.0418913
0.0413539
0.0407538
0.0402058
0.0398148
0.0396754
0.0398384
0.040201
0.0403125
0.0398847
0.0391038
0.0381487
0.0371622
0.0362331
0.0354402
0.0349129
0.0346982
0.0346335
0.039057
0.0389997
0.0387634
0.0383046
0.0377708
0.0372456
0.0367989
0.0364883
0.0363434
0.0363024
0.0361084
0.0356015
0.0348929
0.0340993
0.0333114
0.0325837
0.0319692
0.0315642
0.0314018
0.0313539
0.0352643
0.0352179
0.0350249
0.0346412
0.0341791
0.0336995
0.0332484
0.0328622
0.0325596
0.0322948
0.0319306
0.0313981
0.0307663
0.0301066
0.029474
0.0289013
0.0284232
0.0281109
0.0279876
0.0279519
0.0310857
0.0310487
0.030895
0.0305821
0.0301933
0.0297741
0.0293522
0.0289498
0.0285786
0.0282075
0.0277738
0.0272592
0.026708
0.0261623
0.0256542
0.0252027
0.0248297
0.0245883
0.0244945
0.0244679
0.0266737
0.0266446
0.0265251
0.0262765
0.0259592
0.0256066
0.0252347
0.0248565
0.0244784
0.0240786
0.0236376
0.0231683
0.022699
0.0222522
0.0218464
0.0214919
0.0212027
0.0210176
0.0209466
0.0209267
0.0221291
0.0221065
0.0220155
0.021823
0.0215716
0.0212854
0.0209734
0.020643
0.0202971
0.0199209
0.0195172
0.0191112
0.0187236
0.018366
0.0180474
0.0177724
0.0175504
0.0174101
0.0173568
0.017342
0.0175149
0.0174977
0.0174303
0.0172858
0.0170937
0.0168716
0.0166243
0.0163551
0.016065
0.0157441
0.015404
0.0150747
0.0147696
0.0144938
0.0142512
0.0140434
0.0138767
0.0137725
0.0137333
0.0137223
0.012867
0.0128546
0.0128065
0.0127023
0.0125629
0.0124012
0.0122195
0.0120189
0.0117993
0.0115541
0.0112969
0.0110529
0.0108305
0.0106314
0.0104568
0.010307
0.0101864
0.0101113
0.0100835
0.0100755
0.00820106
0.00819267
0.00816089
0.00809199
0.00800126
0.00789778
0.00778227
0.00765461
0.00751421
0.0073573
0.00719305
0.00703814
0.00689808
0.00677282
0.00666239
0.00656622
0.00648695
0.00643679
0.00641841
0.00641268
0.00352296
0.00352
0.00351406
0.00349052
0.0034521
0.00340926
0.00336209
0.00331025
0.00325317
0.00318915
0.00311895
0.00304926
0.00298614
0.00292965
0.00287971
0.00283516
0.00279512
0.002764
0.00275017
0.00274502
-1.39654
-0.783719
-0.413733
-0.152447
0.0506294
0.209583
0.34246
0.459798
0.581464
0.564895
-0.537264
-0.332843
-0.12873
0.0412768
0.182613
0.299638
0.397139
0.470763
0.503029
0.508888
-0.184978
-0.0578499
0.07351
0.188781
0.287529
0.37042
0.436473
0.483405
0.513295
0.529516
0.046579
0.131847
0.221421
0.302404
0.372496
0.431283
0.478418
0.514713
0.54195
0.559897
0.213546
0.273683
0.337381
0.396217
0.447765
0.491768
0.528411
0.558367
0.581907
0.599886
0.344039
0.38771
0.435981
0.480631
0.520959
0.556343
0.586752
0.612222
0.632121
0.649839
0.451774
0.486013
0.525949
0.56292
0.597068
0.627759
0.654476
0.676808
0.693609
0.711188
0.547825
0.578825
0.615018
0.649102
0.680717
0.709226
0.733926
0.754107
0.768384
0.785916
0.642276
0.675004
0.711592
0.745792
0.776904
0.80444
0.827795
0.846277
0.858741
0.876458
0.748332
0.785409
0.82398
0.859087
0.889792
0.916052
0.937736
0.954548
0.966153
0.984393
0.87886
0.919239
0.957403
0.990847
1.01913
1.043
1.06287
1.07854
1.09058
1.10906
1.04043
1.07793
1.10955
1.13629
1.15934
1.18006
1.1988
1.21507
1.22928
1.24733
1.22491
1.2505
1.27067
1.2895
1.30749
1.32439
1.34022
1.35636
1.37367
1.3928
1.41111
1.42295
1.43655
1.45153
1.46539
1.47753
1.48845
1.49998
1.51436
1.53297
1.59464
1.60922
1.6144
1.61493
1.61679
1.62424
1.63824
1.65628
1.66893
1.68245
1.8672
1.81288
1.76569
1.73424
1.72125
1.72586
1.74911
1.79386
1.86124
1.95675
0.301542
0.296873
0.289504
0.27765
0.264716
0.253303
0.244238
0.237467
0.232948
0.230927
0.231948
0.2357
0.241656
0.249774
0.260179
0.272654
0.285625
0.295448
0.301384
0.304764
0.223483
0.230596
0.236622
0.24089
0.242233
0.240543
0.236998
0.233163
0.230126
0.228678
0.229542
0.232335
0.236208
0.240315
0.243315
0.243693
0.240872
0.235641
0.228731
0.222846
0.214193
0.217235
0.22058
0.223177
0.225294
0.226848
0.227294
0.226633
0.225538
0.22493
0.225564
0.227029
0.228392
0.228827
0.227963
0.226196
0.22397
0.221031
0.217653
0.215308
0.208393
0.209888
0.212259
0.214666
0.216478
0.217815
0.218886
0.219588
0.219881
0.220076
0.220484
0.220873
0.220829
0.220229
0.219253
0.217875
0.215863
0.213402
0.211485
0.210405
0.203057
0.203919
0.205592
0.207659
0.209651
0.211289
0.21254
0.213568
0.214434
0.215097
0.215413
0.215328
0.214893
0.214147
0.212986
0.211338
0.209407
0.207527
0.206334
0.205704
0.198179
0.19877
0.200129
0.201936
0.203859
0.205767
0.207456
0.208775
0.209774
0.21052
0.210943
0.210908
0.210387
0.209329
0.207817
0.206114
0.204384
0.202832
0.201937
0.201528
0.19373
0.194141
0.19534
0.197026
0.198746
0.200435
0.202128
0.203748
0.205112
0.206127
0.206596
0.206427
0.205683
0.204573
0.203284
0.201856
0.200306
0.198906
0.198188
0.197941
0.190294
0.190548
0.191532
0.193027
0.194596
0.196128
0.197599
0.199005
0.200358
0.20152
0.20214
0.202137
0.20171
0.200958
0.199946
0.198729
0.197396
0.196229
0.195709
0.195592
0.188032
0.188184
0.188842
0.189959
0.191231
0.192604
0.194063
0.195563
0.197004
0.198295
0.199127
0.199336
0.199047
0.198412
0.197593
0.196718
0.195788
0.195041
0.194737
0.194677
0.185917
0.186022
0.186388
0.187031
0.187859
0.188842
0.189979
0.191308
0.192774
0.194244
0.195332
0.195853
0.195954
0.19584
0.195497
0.195106
0.194729
0.194423
0.194279
0.194229
0.18307
0.183146
0.183404
0.183846
0.184521
0.185415
0.186573
0.187961
0.189552
0.191252
0.192675
0.193531
0.19391
0.193953
0.193931
0.193856
0.193745
0.193634
0.193559
0.193518
0.179513
0.179571
0.179814
0.18027
0.180861
0.181697
0.182834
0.184297
0.18608
0.188099
0.189919
0.191159
0.191902
0.192329
0.192569
0.192692
0.192712
0.192674
0.192642
0.192613
0.175442
0.175479
0.17572
0.176225
0.176929
0.177772
0.179053
0.180684
0.182728
0.185149
0.187477
0.189201
0.19035
0.191092
0.191539
0.191788
0.191866
0.191872
0.191879
0.191861
0.170973
0.171008
0.171242
0.171773
0.172537
0.173692
0.175058
0.176938
0.179359
0.182332
0.185277
0.187541
0.189094
0.190178
0.190869
0.191276
0.191452
0.191536
0.19158
0.191565
0.166068
0.166117
0.166356
0.166921
0.167787
0.169003
0.170666
0.17291
0.175849
0.179524
0.183251
0.186188
0.188311
0.189725
0.190674
0.191267
0.191602
0.191785
0.191861
0.191844
0.160498
0.160548
0.160834
0.161443
0.162413
0.16383
0.165828
0.168567
0.172193
0.17677
0.181454
0.185193
0.187861
0.18977
0.191045
0.191873
0.192384
0.192672
0.192777
0.192756
0.154007
0.154073
0.154419
0.155131
0.15626
0.157969
0.16041
0.163795
0.168309
0.17403
0.179911
0.18461
0.188059
0.190456
0.192097
0.193188
0.193886
0.194277
0.194414
0.194388
0.146295
0.146378
0.146798
0.147677
0.149102
0.151207
0.154247
0.158487
0.164145
0.171313
0.178671
0.184582
0.188882
0.191901
0.193968
0.195357
0.196258
0.196759
0.196932
0.1969
0.137028
0.137137
0.137687
0.138808
0.1406
0.143278
0.147141
0.152499
0.159625
0.168616
0.177806
0.185153
0.190491
0.194248
0.196828
0.198566
0.199699
0.200329
0.200543
0.200503
0.125755
0.125905
0.126638
0.1281
0.130412
0.133869
0.138821
0.145649
0.154673
0.165954
0.177382
0.186464
0.193052
0.197693
0.200886
0.203041
0.20445
0.205238
0.2055
0.205449
0.111831
0.112048
0.113048
0.114983
0.118032
0.122552
0.128987
0.137782
0.149249
0.163378
0.177518
0.188676
0.196754
0.202452
0.206382
0.209044
0.210787
0.211769
0.21209
0.212024
0.0942936
0.0946224
0.0960215
0.0986616
0.102784
0.108837
0.117343
0.128759
0.143349
0.160981
0.178359
0.191963
0.2018
0.208755
0.213578
0.216861
0.219019
0.220235
0.220635
0.220552
0.0716746
0.0722051
0.0742528
0.0779987
0.0837654
0.0920991
0.103531
0.118463
0.137029
0.158907
0.180073
0.196504
0.208386
0.216835
0.222742
0.226799
0.229486
0.230999
0.231492
0.231388
0.0416455
0.0425793
0.0457687
0.0513811
0.0598409
0.0716759
0.087299
0.106928
0.130461
0.157358
0.182838
0.202448
0.21666
0.226864
0.234099
0.239143
0.242526
0.24443
0.245041
0.244908
-8.18966e-05
0.00177654
0.00746377
0.0167437
0.0299136
0.0472347
0.0687763
0.0944739
0.123989
0.156606
0.186828
0.209893
0.226674
0.238888
0.247736
0.254063
0.258417
0.260865
0.261621
0.261446
-0.0613004
-0.0558844
-0.0440814
-0.0275075
-0.00621606
0.0192433
0.0486324
0.0817349
0.118095
0.156943
0.192151
0.218814
0.238309
0.252717
0.263435
0.271378
0.277014
0.280271
0.281314
0.281042
-0.134736
-0.124988
-0.103266
-0.0757987
-0.0445561
-0.0100099
0.0278351
0.0688593
0.112684
0.158655
0.199986
0.231445
0.254836
0.272584
0.286242
0.296863
0.304856
0.308987
0.310243
0.31051
-0.208095
-0.191008
-0.15993
-0.122515
-0.0818558
-0.0384058
0.00782682
0.0567389
0.108028
0.161146
0.208653
0.244915
0.272139
0.293138
0.309681
0.322835
0.332955
0.338614
0.341354
0.34177
-0.265944
-0.245555
-0.208682
-0.164144
-0.115951
-0.0648214
-0.0110289
0.0452057
0.103501
0.163273
0.216332
0.256662
0.286885
0.31017
0.328469
0.342977
0.354155
0.361108
0.364325
0.364791
-0.312888
-0.290517
-0.249499
-0.199853
-0.145872
-0.0886212
-0.0284558
0.0342096
0.0988065
0.164585
0.222524
0.266174
0.298551
0.323218
0.342402
0.3575
0.369143
0.376526
0.379857
0.380316
-0.351765
-0.328593
-0.284525
-0.230818
-0.172236
-0.109955
-0.0444102
0.023811
0.0939878
0.165153
0.227366
0.273763
0.307794
0.333424
0.353123
0.368428
0.38009
0.387521
0.390789
0.391302
-0.385499
-0.361777
-0.315367
-0.258367
-0.195979
-0.129423
-0.0592414
0.0138904
0.0890838
0.165158
0.231347
0.280285
0.315774
0.342148
0.36214
0.377476
0.389076
0.396549
0.399729
0.400217
-0.415581
-0.391533
-0.343261
-0.283574
-0.217941
-0.147662
-0.0733617
0.00419423
0.0840146
0.164729
0.234685
0.285995
0.322824
0.349881
0.370163
0.385579
0.397121
0.404638
0.407736
0.408137
-0.443189
-0.418861
-0.369131
-0.30707
-0.238643
-0.165122
-0.0871612
-0.00557866
0.0785358
0.163623
0.237252
0.291017
0.329299
0.357156
0.377813
0.393357
0.404911
0.4124
0.415461
0.415708
-0.469162
-0.444523
-0.393509
-0.329403
-0.258549
-0.182161
-0.100927
-0.015691
0.0724137
0.161784
0.239213
0.295604
0.335502
0.364291
0.385433
0.401188
0.412794
0.420256
0.42328
0.423428
-0.493896
-0.468942
-0.416743
-0.350928
-0.277899
-0.198961
-0.114802
-0.0262274
0.0656669
0.159231
0.240536
0.299761
0.341521
0.37144
0.393227
0.409308
0.421033
0.428477
0.431463
0.431555
-0.517731
-0.492449
-0.439207
-0.371865
-0.296878
-0.21568
-0.128875
-0.0372288
0.0581958
0.155816
0.241107
0.303452
0.347388
0.378699
0.401319
0.417858
0.429784
0.437208
0.440137
0.440196
-0.540845
-0.515209
-0.461112
-0.392318
-0.315604
-0.232393
-0.143223
-0.0488078
0.0498854
0.151443
0.240834
0.306585
0.353033
0.386047
0.40972
0.42687
0.439094
0.446556
0.449373
0.449421
-0.563333
-0.537299
-0.482478
-0.41234
-0.334112
-0.249138
-0.157878
-0.060976
0.0407381
0.146054
0.239582
0.30901
0.358324
0.393394
0.418407
0.436354
0.448974
0.456495
0.459181
0.459184
-0.585248
-0.558848
-0.503254
-0.431958
-0.35242
-0.265892
-0.172795
-0.0736862
0.0307506
0.139586
0.237218
0.310553
0.36312
0.400648
0.427324
0.446275
0.459391
0.466982
0.469508
0.469422
-0.606554
-0.579829
-0.523448
-0.451162
-0.370483
-0.282604
-0.187916
-0.0868938
0.019945
0.132011
0.233617
0.310998
0.367211
0.407665
0.436394
0.456579
0.470267
0.477908
0.480239
0.480015
-0.627266
-0.600161
-0.543075
-0.469915
-0.388242
-0.299213
-0.203177
-0.100527
0.0084006
0.123341
0.228689
0.310131
0.370273
0.414182
0.44551
0.467244
0.481517
0.489042
0.49108
0.490732
-0.64726
-0.619831
-0.562093
-0.488176
-0.405648
-0.315645
-0.218489
-0.114484
-0.00380118
0.113614
0.222365
0.307753
0.371976
0.419841
0.454503
0.478348
0.493221
0.50029
0.501813
0.501334
-0.666605
-0.638778
-0.580483
-0.505888
-0.422631
-0.331824
-0.233751
-0.128653
-0.0165622
0.102914
0.214627
0.303709
0.371986
0.424163
0.463055
0.490069
0.505834
0.511702
0.512067
0.511463
-0.685154
-0.657004
-0.598194
-0.523002
-0.439135
-0.34767
-0.248881
-0.142943
-0.0297506
0.0913589
0.205505
0.297892
0.36998
0.426488
0.470446
0.50234
0.520512
0.52457
0.521829
0.520623
-0.703031
-0.6745
-0.615183
-0.539467
-0.455093
-0.363105
-0.263762
-0.157216
-0.0432251
0.0790809
0.195092
0.29025
0.365741
0.42607
0.475376
0.514068
0.538104
0.543223
0.534917
0.516209
-0.720127
-0.691276
-0.631592
-0.555473
-0.470783
-0.378452
-0.2788
-0.171936
-0.0575208
0.0655049
0.182758
0.280057
0.358643
0.421884
0.475683
0.522268
0.556056
0.56666
0.55347
0.565445
-0.736577
-0.707303
-0.647393
-0.570962
-0.486171
-0.393652
-0.293979
-0.187063
-0.0726173
0.0505765
0.168394
0.266866
0.348124
0.413031
0.467222
0.518307
0.553674
0.5671
0.510719
0.4847
-0.752961
-0.723034
-0.662329
-0.585561
-0.500852
-0.408311
-0.309113
-0.202333
-0.0882136
0.0345518
0.15214
0.250528
0.333722
0.399773
0.446745
0.491166
0.517553
0.493206
0.422459
0.374777
-0.770467
-0.739447
-0.67586
-0.598902
-0.514326
-0.422199
-0.323838
-0.217544
-0.10417
0.017541
0.134021
0.231162
0.314393
0.383653
0.423668
0.435052
0.428405
0.372702
0.29396
0.24606
-0.388453
-0.285817
-0.176903
-0.0607996
0.0581049
0.164183
0.249049
0.0865643
-0.784975
-0.768547
-0.732134
-0.666974
-0.587175
-0.499763
-0.405201
-0.303916
-0.196284
-0.0820845
0.0345506
0.138303
0.220572
0.288906
0.336114
0.300275
0.152898
0.056691
-0.0188004
-0.802199
-0.789789
-0.747114
-0.680503
-0.600604
-0.513523
-0.419691
-0.319222
-0.212901
-0.100734
0.0127453
0.11199
0.188845
0.242513
0.240789
0.128149
-0.03922
-0.162082
-0.265983
-0.822363
-0.810389
-0.765021
-0.697506
-0.617634
-0.530685
-0.437067
-0.337305
-0.232376
-0.122461
-0.0128538
0.0806472
0.149739
0.186886
0.13493
-0.0474366
-0.245444
-0.403185
-0.549701
-0.842275
-0.830227
-0.783641
-0.715173
-0.635144
-0.548355
-0.455238
-0.356523
-0.253235
-0.145977
-0.0406757
0.0466837
0.106957
0.122373
0.0202966
-0.222764
-0.464565
-0.680629
-0.895541
-0.861303
-0.849677
-0.802609
-0.733365
-0.653153
-0.56653
-0.474036
-0.376471
-0.27498
-0.170668
-0.0701091
0.0105268
0.0613669
0.0437344
-0.121582
-0.38865
-0.669964
-0.930408
-1.17762
-0.880126
-0.86906
-0.82206
-0.752413
-0.67209
-0.585619
-0.493687
-0.397207
-0.297552
-0.196268
-0.100617
-0.0270021
0.0136222
-0.04368
-0.257388
-0.530767
-0.821134
-1.08992
-1.25757
-1.37725
-0.899797
-0.889041
-0.842259
-0.772519
-0.692263
-0.606041
-0.514736
-0.419449
-0.32183
-0.223921
-0.13367
-0.0677162
-0.0405638
-0.130691
-0.385613
-0.652542
-0.914615
-1.1213
-1.18728
-1.22222
-0.920267
-0.909831
-0.863488
-0.793705
-0.713671
-0.627852
-0.537327
-0.44346
-0.348178
-0.254149
-0.169879
-0.112375
-0.100326
-0.227122
-0.502021
-0.758721
-0.982178
-1.119
-1.16177
-1.16273
-0.941789
-0.931525
-0.885487
-0.81593
-0.736208
-0.650907
-0.561355
-0.469126
-0.376477
-0.286838
-0.209138
-0.160774
-0.16825
-0.341869
-0.607577
-0.854643
-1.05738
-1.12538
-1.13489
-1.13853
-0.964205
-0.95406
-0.908257
-0.839084
-0.759736
-0.675085
-0.586662
-0.496271
-0.406528
-0.321711
-0.25127
-0.212096
-0.248116
-0.455823
-0.710084
-0.941161
-1.11413
-1.15439
-1.13442
-1.12819
-0.987236
-0.977213
-0.931772
-0.862946
-0.784053
-0.70018
-0.613012
-0.524651
-0.438046
-0.358344
-0.295902
-0.265753
-0.328174
-0.562484
-0.811347
-1.0008
-1.10698
-1.12086
-1.11482
-1.11045
-1.01012
-1.00051
-0.955588
-0.887166
-0.80888
-0.72584
-0.640069
-0.553858
-0.470588
-0.396101
-0.342285
-0.321765
-0.413352
-0.659502
-0.908926
-1.03353
-1.03983
-1.08661
-1.10063
-1.10325
-1.03259
-1.02326
-0.979526
-0.911429
-0.833718
-0.751569
-0.66732
-0.583301
-0.503487
-0.434127
-0.38921
-0.379132
-0.507553
-0.764444
-1.00456
-1.21253
-1.23907
-1.18686
-1.16161
-1.15747
-1.05411
-1.04512
-1.00222
-0.935075
-0.857988
-0.776845
-0.694042
-0.612204
-0.535729
-0.47131
-0.435159
-0.435776
-0.606845
-0.924633
-1.10137
-1.2819
-1.34081
-1.42761
-1.4695
-1.43081
-1.07359
-1.06502
-1.02338
-0.957017
-0.880867
-0.800796
-0.719422
-0.63958
-0.565984
-0.506212
-0.477725
-0.492107
-0.704785
-1.11046
-1.17477
-0.845604
-1.07666
-1.607
-1.79562
-1.75305
-1.08987
-1.08192
-1.04189
-0.97664
-0.901319
-0.822342
-0.742356
-0.66431
-0.592746
-0.536675
-0.511963
-0.545012
-0.807723
-1.34658
-1.83913
-2.03639
-2.35901
-2.27371
-2.00757
-1.87121
-1.10179
-1.0946
-1.0566
-0.99271
-0.918254
-0.840338
-0.761659
-0.685023
-0.614503
-0.558913
-0.535557
-0.58599
-0.90832
-1.67294
-2.81685
-3.7776
-4.15177
-3.92782
-3.34769
-2.90613
-1.10802
-1.10176
-1.0663
-1.00397
-0.930457
-0.853563
-0.776119
-0.70044
-0.62957
-0.570598
-0.542592
-0.583234
-0.909113
-1.67307
-2.65296
-3.46666
-3.73574
-3.61871
-3.2945
-2.98441
-1.10823
-1.10273
-1.06979
-1.00917
-0.93652
-0.860793
-0.784633
-0.709524
-0.637365
-0.570298
-0.523372
-0.526374
-0.667133
-1.03482
-1.37997
-1.69031
-1.66787
-1.44304
-1.15735
-0.956691
-1.09873
-1.09428
-1.0645
-1.00644
-0.934887
-0.860753
-0.786269
-0.712359
-0.638552
-0.560797
-0.481966
-0.420113
-0.297694
-0.152827
0.107524
0.48872
0.852339
1.18468
1.42383
1.54053
-1.07846
-1.07503
-1.0487
-0.993563
-0.924012
-0.852314
-0.780882
-0.709916
-0.635959
-0.547953
-0.434922
-0.287722
-0.0945203
0.319154
0.929485
1.54525
2.09858
2.48519
2.69828
2.78024
-1.0453
-1.0429
-1.02015
-0.968433
-0.902527
-0.83497
-0.769008
-0.7044
-0.635599
-0.545117
-0.408723
-0.212809
-0.00661989
0.349234
0.950204
1.56128
2.05792
2.38125
2.54936
2.61384
-0.996398
-0.994774
-0.975948
-0.929562
-0.869743
-0.809052
-0.75216
-0.699223
-0.644634
-0.570762
-0.437966
-0.218718
0.0429857
0.276337
0.721022
1.1846
1.5615
1.81357
1.95272
2.01407
-0.930315
-0.929141
-0.914741
-0.876687
-0.82623
-0.77622
-0.732835
-0.699814
-0.678909
-0.654324
-0.589613
-0.387859
-0.099637
0.12856
0.415346
0.751339
1.03674
1.23739
1.35572
1.41067
-0.853355
-0.852314
-0.841483
-0.813308
-0.77547
-0.739212
-0.713339
-0.708947
-0.747758
-0.860106
-1.00449
-0.916501
-0.546843
-0.229429
0.0326516
0.309939
0.540326
0.700072
0.786116
0.815352
-0.763823
-0.763036
-0.757041
-0.740164
-0.717184
-0.697118
-0.690648
-0.717216
-0.824677
-1.12015
-1.58611
-1.59725
-1.11148
-0.699141
-0.378794
-0.0624236
0.166544
0.316927
0.39579
0.426309
-0.67138
-0.671694
-0.66915
-0.660615
-0.649478
-0.642929
-0.651695
-0.700484
-0.852719
-1.24598
-1.88655
-1.99031
-1.41768
-0.973005
-0.600293
-0.288929
-0.0791225
0.0359882
0.0868536
0.101918
-0.574736
-0.575485
-0.574808
-0.570718
-0.566388
-0.567167
-0.582548
-0.635373
-0.784861
-1.15226
-1.72163
-1.79432
-1.38152
-0.975666
-0.612913
-0.361641
-0.219308
-0.155658
-0.129368
-0.121145
-0.469196
-0.470266
-0.470333
-0.468257
-0.466424
-0.468747
-0.48166
-0.521221
-0.628302
-0.882095
-1.24717
-1.28115
-1.00478
-0.69437
-0.447411
-0.30588
-0.244882
-0.223751
-0.216735
-0.213707
-0.357729
-0.358766
-0.359113
-0.358204
-0.357129
-0.358021
-0.364122
-0.383917
-0.437929
-0.562565
-0.728398
-0.709921
-0.51987
-0.340266
-0.237251
-0.2007
-0.195884
-0.199407
-0.202464
-0.202607
-0.25115
-0.251996
-0.252507
-0.252445
-0.251698
-0.25079
-0.250671
-0.254275
-0.267944
-0.299927
-0.322689
-0.280747
-0.191631
-0.114213
-0.0987085
-0.107236
-0.121482
-0.132341
-0.138269
-0.140008
-0.159041
-0.159648
-0.160251
-0.16094
-0.160679
-0.159052
-0.15567
-0.15048
-0.143409
-0.132823
-0.105638
-0.0569034
-0.026129
-0.00617472
-0.0180041
-0.0367131
-0.052861
-0.0636086
-0.0693805
-0.0715376
-0.0868401
-0.0872508
-0.0878541
-0.0889497
-0.0891319
-0.0876402
-0.0836232
-0.0758642
-0.0623948
-0.0405346
-0.00763301
0.0254805
0.0352165
0.0361348
0.0231979
0.00778343
-0.00466473
-0.0128956
-0.0173921
-0.0192578
-0.0346186
-0.034886
-0.0354247
-0.0366895
-0.0372694
-0.0362945
-0.0328695
-0.0256878
-0.0127814
0.00762653
0.0337313
0.0537713
0.0573905
0.0532252
0.0434499
0.032819
0.0241786
0.0183184
0.0150612
0.0136656
0.000602131
0.000427353
-2.51688e-05
-0.00127084
-0.00213902
-0.00183007
0.00057005
0.00616739
0.0162941
0.0318036
0.0499861
0.061595
0.0632931
0.0591184
0.0523199
0.0452515
0.0393056
0.0351142
0.0327662
0.0317738
0.0227908
0.0226704
0.0223018
0.0211871
0.0202164
0.020022
0.0213482
0.0251222
0.0322597
0.0430383
0.0550142
0.0616461
0.0624216
0.0593741
0.0547877
0.0499945
0.045812
0.0427576
0.0410362
0.0403402
0.0357109
0.0356179
0.0353236
0.034395
0.0334575
0.0330239
0.0336562
0.0359473
0.0405044
0.0474999
0.0551219
0.0589967
0.0592529
0.057047
0.0538104
0.050434
0.0474061
0.045119
0.0438309
0.0433411
0.0424196
0.0423398
0.0420955
0.0413373
0.040482
0.0399182
0.0400811
0.0413913
0.044188
0.0484951
0.0531259
0.0552624
0.0550732
0.053388
0.0510547
0.0486045
0.0463592
0.0446262
0.0436557
0.0433082
0.0451007
0.0450308
0.0448179
0.0441869
0.0434061
0.0427898
0.0426188
0.0431764
0.0447236
0.0472551
0.0499261
0.0510032
0.0505884
0.0492485
0.0474874
0.0456536
0.0439657
0.0426482
0.0419183
0.0416697
0.0451746
0.045115
0.0449274
0.0443927
0.0436915
0.0430731
0.042725
0.042827
0.043527
0.044839
0.0462455
0.0466667
0.046112
0.044984
0.043608
0.0422062
0.0409182
0.0399115
0.0393619
0.0391818
0.043538
0.0434891
0.0433248
0.0428649
0.0422364
0.041633
0.0411799
0.0410011
0.0411973
0.0417566
0.0423396
0.0423145
0.0416945
0.0407345
0.0396385
0.0385481
0.0375561
0.0367844
0.036369
0.0362368
0.0407625
0.0407237
0.040584
0.0401919
0.0396386
0.0390729
0.03858
0.0382365
0.0381088
0.0381945
0.0382841
0.0380101
0.0373816
0.0365567
0.0356703
0.0348129
0.0340438
0.0334501
0.0331343
0.033036
0.0372352
0.0372048
0.0370899
0.0367631
0.0362879
0.0357791
0.0352941
0.0348829
0.0345871
0.0343989
0.0341944
0.0337764
0.0331661
0.0324578
0.0317365
0.031057
0.030457
0.0299979
0.0297565
0.0296828
0.0332232
0.0331997
0.0331076
0.032841
0.0324419
0.0319993
0.0315499
0.0311259
0.0307533
0.0304259
0.0300717
0.0295954
0.0290289
0.0284259
0.0278383
0.0272979
0.0268279
0.0264717
0.0262867
0.0262314
0.0289098
0.0288918
0.0288196
0.0286073
0.0282815
0.0279093
0.0275143
0.0271161
0.0267294
0.0263494
0.0259359
0.0254583
0.0249526
0.0244466
0.0239698
0.0235407
0.0231722
0.0228958
0.0227544
0.0227129
0.0244195
0.0244056
0.02435
0.0241851
0.0239264
0.0236233
0.0232909
0.0229403
0.0225796
0.0222047
0.0217952
0.0213545
0.0209191
0.0205023
0.0201207
0.0197835
0.0194972
0.0192845
0.0191771
0.019146
0.0198331
0.0198225
0.0197805
0.0196554
0.019456
0.0192178
0.0189501
0.0186591
0.018349
0.0180159
0.0176505
0.0172722
0.016914
0.0165817
0.0162835
0.0160238
0.0158054
0.0156445
0.015564
0.015541
0.0151981
0.0151901
0.0151592
0.0150676
0.0149197
0.014741
0.0145373
0.0143119
0.0140663
0.013797
0.0135012
0.013202
0.0129267
0.012676
0.0124532
0.0122602
0.0120987
0.0119803
0.0119215
0.0119048
0.0105397
0.0105338
0.0105121
0.0104483
0.0103453
0.0102212
0.0100802
0.00992342
0.00975109
0.0095605
0.00935132
0.00914223
0.00895197
0.00878028
0.00862794
0.00849511
0.00838287
0.00829998
0.00825874
0.00824701
0.00586684
0.00586235
0.00584913
0.00581073
0.00574975
0.00567922
0.00560085
0.00551446
0.00541941
0.00531389
0.00519817
0.00508268
0.00497794
0.0048837
0.00480008
0.00472625
0.00466156
0.00461204
0.00458709
0.00457946
0.00352106
0.00351834
0.0035051
0.00347236
0.00343115
0.00338625
0.00333675
0.00328231
0.00322204
0.00315482
0.00308387
0.00301697
0.00295707
0.00290397
0.0028569
0.00281456
0.00277778
0.00275487
0.00274821
0.000902361
-1.08785
-0.673629
-0.381858
-0.148773
0.0396567
0.192168
0.317353
0.425135
0.501148
0.501719
-0.467291
-0.267154
-0.0966326
0.0535954
0.181781
0.289946
0.379844
0.449414
0.493072
0.511327
-0.130769
-0.0109651
0.100329
0.202673
0.292139
0.368404
0.430939
0.478662
0.513093
0.534867
0.0875101
0.167171
0.245146
0.317897
0.38214
0.437227
0.483038
0.519823
0.549082
0.568664
0.247063
0.30115
0.361141
0.414393
0.462522
0.504643
0.54077
0.571012
0.595875
0.612352
0.373204
0.414053
0.460171
0.50208
0.540563
0.575283
0.605817
0.631847
0.653177
0.666712
0.478519
0.513854
0.55143
0.587951
0.62181
0.652829
0.680382
0.703803
0.722464
0.733566
0.575031
0.608352
0.643783
0.679118
0.711752
0.741432
0.767526
0.789289
0.805832
0.815287
0.673165
0.709327
0.746539
0.783203
0.816153
0.845226
0.870097
0.890315
0.905186
0.914266
0.787988
0.829193
0.868629
0.906038
0.938407
0.965908
0.988874
1.00732
1.02107
1.03137
0.932857
0.976439
1.01412
1.04765
1.07586
1.09989
1.12074
1.1383
1.15241
1.16475
1.11127
1.14844
1.17694
1.20114
1.22239
1.24193
1.26029
1.27749
1.29376
1.30918
1.30903
1.32853
1.34445
1.36079
1.37753
1.39307
1.40678
1.41999
1.43556
1.4535
1.49845
1.5062
1.51811
1.52984
1.53974
1.54898
1.55935
1.57077
1.58215
1.58948
1.71741
1.71569
1.70762
1.69063
1.6793
1.67879
1.69098
1.71585
1.74957
1.77719
2.12593
1.9391
1.83759
1.78032
1.75134
1.74469
1.76
1.80065
1.87641
2.02271
-0.756658
-0.758178
-0.71957
-0.652393
-0.572508
-0.484201
0.327943
0.397356
0.39565
0.32597
0.255302
0.178683
-0.095967
-0.369357
-0.709188
-1.15417
-1.69274
)
;

boundaryField
{
    wall-4
    {
        type            zeroGradient;
    }
    pressure-outlet-7
    {
        type            fixedValue;
        value           uniform 0;
    }
    velocity-inlet-6
    {
        type            zeroGradient;
    }
    velocity-inlet-5
    {
        type            zeroGradient;
    }
    frontAndBackPlanes
    {
        type            empty;
    }
}


// ************************************************************************* //
