0.490941 	1.12498
0.561075 	1.12498
0.63121 	1.12498
0.701344 	1.12498
0.771478 	1.12498
0.841613 	1.12498
0.911747 	1.12498
0.981881 	1.12498
1.05202 	1.12498
1.12215 	1.12498
1.19228 	1.12498
1.26242 	1.09885
1.33255 	1.09885
1.40269 	1.09885
1.47282 	1.09885
1.54296 	1.09885
1.61309 	1.09885
1.68323 	1.09885
1.75336 	1.09885
1.82349 	1.04905
1.89363 	1.04905
1.96376 	1.04905
2.0339 	1.04905
2.10403 	1.04905
2.17417 	1.04905
2.2443 	1.04905
2.31443 	1.04905
2.38457 	1.04905
2.4547 	1.04905
2.52484 	1.04905
2.59497 	1.01429
2.66511 	1.01429
2.73524 	1.01429
2.80538 	1.01429
2.87551 	1.01429
2.94564 	1.01429
3.01578 	1.01429
3.08591 	1.01429
3.15605 	1.01429
3.22618 	1.01429
3.29632 	0.981892
3.36645 	0.981892
3.43659 	0.981892
3.50672 	0.981892
3.57685 	0.981892
3.64699 	0.981892
3.71712 	0.981892
3.78726 	0.981892
3.85739 	0.981892
3.92753 	0.981892
3.99766 	0.981892
4.06779 	0.963762
4.13793 	0.963762
4.20806 	0.963762
4.2782 	0.963762
4.34833 	0.963762
4.41847 	0.963762
4.4886 	0.938859
4.55874 	0.938859
4.62887 	0.938859
4.699 	0.938859
4.76914 	0.938859
4.83927 	0.938859
4.90941 	0.938859
4.97954 	0.938859
5.04968 	0.938859
5.11981 	0.938859
5.18994 	0.916505
5.26008 	0.916505
5.33021 	0.916505
5.40035 	0.916505
5.47048 	0.916505
5.54062 	0.916505
5.61075 	0.916505
5.68089 	0.887612
5.75102 	0.887612
5.82115 	0.887612
5.89129 	0.887612
5.96142 	0.887612
6.03156 	0.887612
6.10169 	0.887612
6.17183 	0.887612
6.24196 	0.887612
6.3121 	0.859007
6.38223 	0.859007
6.45236 	0.859007
6.5225 	0.859007
6.59263 	0.859007
6.66277 	0.859007
6.7329 	0.859007
6.80304 	0.859007
6.87317 	0.832958
6.9433 	0.832958
7.01344 	0.832958
7.08357 	0.832958
7.15371 	0.832958
7.22384 	0.832958
7.29398 	0.832958
7.36411 	0.832958
7.43425 	0.832958
7.50438 	0.800982
7.57451 	0.800982
7.64465 	0.800982
7.71478 	0.800982
7.78492 	0.800982
7.85505 	0.800982
7.92519 	0.800982
7.99532 	0.800982
8.06545 	0.782909
8.13559 	0.782909
8.20572 	0.782909
8.27586 	0.782909
8.34599 	0.782909
8.41613 	0.782909
8.48626 	0.782909
8.5564 	0.782909
8.62653 	0.782909
8.69666 	0.750149
8.7668 	0.750149
8.83693 	0.750149
8.90707 	0.750149
8.9772 	0.750149
9.04734 	0.750149
9.11747 	0.750149
9.18761 	0.750149
9.25774 	0.719279
9.32787 	0.719279
9.39801 	0.719279
9.46814 	0.719279
9.53828 	0.719279
9.60841 	0.719279
9.67855 	0.719279
9.74868 	0.719279
9.81881 	0.70306
9.88895 	0.70306
9.95908 	0.70306
10.0292 	0.70306
10.0994 	0.70306
10.1695 	0.70306
10.2396 	0.70306
10.3098 	0.70306
10.3799 	0.70306
10.45 	0.70306
10.5202 	0.70306
10.5903 	0.70306
10.6604 	0.724776
10.7306 	0.672549
10.8007 	0.672549
10.8708 	0.672549
10.941 	0.672549
11.0111 	0.672549
11.0812 	0.672549
11.1514 	0.672549
11.2215 	0.672549
11.2916 	0.672549
11.3618 	0.672549
11.4319 	0.672549
11.502 	0.672549
11.5722 	0.672549
11.6423 	0.672549
11.7124 	0.679939
11.7826 	0.620687
11.8527 	0.620687
11.9228 	0.620687
11.993 	0.620687
12.0631 	0.620687
12.1332 	0.620687
12.2034 	0.526091
12.2735 	0.526091
12.3437 	0.526091
12.4138 	0.526091
12.4839 	0.526091
12.5541 	0.526091
12.6242 	0.526091
12.6943 	0.526091
12.7645 	0.526091
12.8346 	0.41386
12.9047 	0.401075
12.9749 	0.401075
13.045 	0.401075
13.1151 	0.401075
13.1853 	0.401075
13.2554 	0.401075
13.3255 	0.401075
13.3957 	0.625463
13.4658 	0.625463
13.5359 	0.625463
13.6061 	0.625463
13.6762 	0.625463
13.7463 	0.625463
13.8165 	0.704694
13.8866 	0.919549
13.9567 	0.919549
14.0269 	0.337714
14.097 	0.337714
14.1671 	0.337714
14.2373 	0.337714
14.3074 	0.337714
14.3776 	0.337714
14.4477 	0.337714
14.5178 	0.337714
14.588 	0.337714
14.6581 	0.337714
14.7282 	0.337714
14.7984 	0.337714
14.8685 	0.337714
14.9386 	0.163729
15.0088 	0.163729
15.0789 	0.163729
15.149 	0.163729
15.2192 	0.163729
15.2893 	-0.343151
15.3594 	-0.343151
15.4296 	-0.343151
15.4997 	-0.343151
15.5698 	-0.343151
15.64 	-0.343151
15.7101 	-0.83353
15.7802 	-0.83353
15.8504 	-0.724697
15.9205 	-0.724697
15.9906 	-0.724697
16.0608 	-0.724697
16.1309 	-0.724697
16.201 	-0.724697
16.2712 	-0.724697
16.3413 	-0.724697
16.4114 	-0.724697
16.4816 	-0.724697
16.5517 	-0.724697
16.6219 	-0.724697
16.692 	-0.724697
16.7621 	-0.724697
16.8323 	-0.270936
16.9024 	-0.270936
16.9725 	-0.270936
17.0427 	-0.270936
17.1128 	-0.270936
17.1829 	-0.270936
17.2531 	-0.270936
17.3232 	-0.270936
17.3933 	-0.270936
17.4635 	-0.270936
17.5336 	-0.174493
17.6037 	-0.174493
17.6739 	-0.174493
17.744 	-0.265437
17.8141 	-0.265437
17.8843 	-0.265437
17.9544 	-0.265437
18.0245 	-0.265437
18.0947 	-0.265437
18.1648 	-0.265437
18.2349 	-0.265437
18.3051 	-0.265437
18.3752 	0.0224949
18.4453 	0.0224949
18.5155 	0.0224949
18.5856 	0.0224949
18.6557 	0.0224949
18.7259 	0.0224949
18.796 	0.0224949
18.8662 	0.0827
18.9363 	0.0827
19.0064 	0.0827
19.0766 	0.0827
19.1467 	0.0827
19.2168 	0.0827
19.287 	0.0827
19.3571 	0.0827
19.4272 	0.0827
19.4974 	0.0827
19.5675 	0.0827
19.6376 	0.0827
19.7078 	0.0827
19.7779 	0.228426
19.848 	0.228426
19.9182 	0.228426
19.9883 	0.228426
20.0584 	0.228426
20.1286 	0.228426
20.1987 	0.228426
20.2688 	0.222251
20.339 	0.222251
20.4091 	0.222251
20.4792 	0.222251
20.5494 	0.222251
20.6195 	0.222251
20.6896 	0.222251
20.7598 	0.222251
20.8299 	0.222251
20.9 	0.222251
20.9702 	0.222251
21.0403 	0.222251
21.1105 	0.222251
21.1806 	0.222251
21.2507 	0.222251
21.3209 	0.222251
21.391 	0.222251
21.4611 	0.237312
21.5313 	0.237312
21.6014 	0.237312
21.6715 	0.131759
21.7417 	0.131759
21.8118 	0.131759
21.8819 	0.131759
21.9521 	0.131759
22.0222 	-0.00270797
22.0923 	-0.00270797
22.1625 	-0.00270797
22.2326 	-0.00270797
22.3027 	-0.00270797
22.3729 	-0.00270797
22.443 	-0.00270797
22.5131 	-0.00270797
22.5833 	-0.00270797
22.6534 	-0.00270797
22.7235 	-0.00270797
22.7937 	-0.00270797
22.8638 	-0.00270797
22.9339 	-0.00270797
23.0041 	-0.00270797
23.0742 	-0.00270797
23.1443 	-0.00270797
23.2145 	-0.00270797
23.2846 	-0.00270797
23.3548 	-0.00270797
23.4249 	-0.00270797
23.495 	0.187477
23.5652 	0.187477
23.6353 	0.187477
23.7054 	0.187477
23.7756 	0.187477
23.8457 	0.187477
23.9158 	0.187477
23.986 	0.317198
24.0561 	0.317198
24.1262 	0.317198
24.1964 	0.317198
24.2665 	0.317198
24.3366 	0.317198
24.4068 	0.317198
24.4769 	0.317198
24.547 	0.317198
24.6172 	0.317198
24.6873 	0.317198
24.7574 	0.317198
24.8276 	0.317198
24.8977 	0.317198
24.9678 	0.317198
25.038 	0.317198
25.1081 	0.317198
25.1782 	0.264245
25.2484 	0.264245
25.3185 	0.264245
25.3886 	0.264245
25.4588 	0.264245
25.5289 	0.264245
25.5991 	0.264245
25.6692 	0.264245
25.7393 	0.264245
25.8095 	0.264245
25.8796 	0.264245
25.9497 	0.264245
26.0199 	0.264245
26.09 	0.264245
26.1601 	0.264245
26.2303 	0.169597
26.3004 	0.169597
26.3705 	0.169597
26.4407 	0.169597
26.5108 	0.169597
26.5809 	0.169597
26.6511 	0.169597
26.7212 	0.169597
26.7913 	0.169597
26.8615 	0.169597
26.9316 	0.169597
27.0017 	0.169597
27.0719 	0.169597
27.142 	0.169597
27.2121 	0.169597
27.2823 	0.169597
27.3524 	0.108096
27.4225 	0.108096
27.4927 	0.108096
27.5628 	0.108096
27.6329 	0.108096
27.7031 	0.108096
27.7732 	0.108096
27.8434 	0.108096
27.9135 	0.108096
27.9836 	0.108096
28.0538 	0.108096
28.1239 	0.108096
28.194 	0.108096
28.2642 	0.108096
28.3343 	0.108096
28.4044 	0.108096
28.4746 	0.108096
28.5447 	0.108096
28.6148 	0.108096
28.685 	0.108096
28.7551 	0.108096
28.8252 	0.108096
28.8954 	0.108096
28.9655 	0.0578583
29.0356 	0.0578583
29.1058 	0.0578583
29.1759 	0.0578583
29.246 	0.0578583
29.3162 	0.0578583
29.3863 	0.0578583
29.4564 	0.0578583
29.5266 	0.0578583
29.5967 	0.0578583
29.6668 	0.0578583
29.737 	0.0578583
29.8071 	0.0578583
29.8773 	0.0578583
29.9474 	0.0578583
30.0175 	0.0578583
30.0877 	0.0578583
30.1578 	0.0578583
30.2279 	0.0578583
30.2981 	0.0578583
30.3682 	0.0578583
30.4383 	0.0578583
30.5085 	0.0578583
30.5786 	0.0578583
30.6487 	0.0578583
30.7189 	0.0578583
30.789 	0.0514016
30.8591 	0.0514016
30.9293 	0.0514016
30.9994 	0.0514016
31.0695 	0.0514016
31.1397 	0.0514016
31.2098 	0.0514016
31.2799 	0.0514016
31.3501 	0.0514016
31.4202 	0.0514016
31.4903 	0.0514016
31.5605 	0.0514016
31.6306 	0.0514016
31.7007 	0.0514016
31.7709 	0.0514016
31.841 	0.0514016
31.9111 	0.0514016
31.9813 	0.0514016
32.0514 	0.0514016
32.1216 	0.0514016
32.1917 	0.0514016
32.2618 	0.0514016
32.332 	0.0514016
32.4021 	0.0514016
32.4722 	0.0514016
32.5424 	0.0514016
32.6125 	0.0514016
32.6826 	0.0514016
32.7528 	0.0514016
32.8229 	0.0514016
32.893 	0.0514016
32.9632 	0.0514016
33.0333 	0.0514016
33.1034 	0.0514016
33.1736 	0.0514016
33.2437 	0.0514016
33.3138 	0.0514016
33.384 	0.0514016
33.4541 	0.0514016
33.5242 	0.0514016
33.5944 	0.0514016
33.6645 	0.0514016
33.7346 	0.0108437
33.8048 	0.0108437
33.8749 	0.0108437
33.945 	0.0108437
34.0152 	0.0108437
34.0853 	0.0108437
34.1554 	0.00919297
34.2256 	0.00919297
34.2957 	0.00919297
34.3659 	0.00919297
34.436 	0.00919297
34.5061 	0.00919297
34.5763 	0.00919297
34.6464 	0.00919297
34.7165 	0.205514
34.7867 	0.205514
34.8568 	0.205514
34.9269 	0.205514
34.9971 	0.205514
35.0672 	0.205514
35.1373 	0.205514
35.2075 	0.205514
35.2776 	0.205514
35.3477 	0.205514
35.4179 	0.205514
35.488 	0.205514
35.5581 	0.205514
35.6283 	0.205514
35.6984 	0.205514
35.7685 	0.205514
35.8387 	0.205514
35.9088 	0.205514
35.9789 	0.205514
36.0491 	0.178875
36.1192 	0.178875
36.1893 	0.178875
36.2595 	0.178875
36.3296 	0.178875
36.3997 	0.178875
36.4699 	0.178875
36.54 	0.178875
36.6102 	0.178875
36.6803 	0.178875
36.7504 	0.178875
36.8206 	0.178875
36.8907 	0.0515426
36.9608 	0.0515426
37.031 	0.0515426
37.1011 	0.0515426
37.1712 	0.0515426
37.2414 	0.0515426
37.3115 	0.0515426
37.3816 	0.0515426
37.4518 	0.0515426
37.5219 	0.0515426
37.592 	0.0515426
37.6622 	0.0515426
37.7323 	0.0515426
37.8024 	0.0515426
37.8726 	0.0515426
37.9427 	0.0515426
38.0128 	0.0515426
38.083 	0.0515426
38.1531 	0.0515426
38.2232 	0.0740293
38.2934 	0.0740293
38.3635 	0.0740293
38.4336 	0.0740293
38.5038 	0.0740293
38.5739 	0.0740293
38.644 	0.0740293
38.7142 	0.0740293
38.7843 	0.0740293
38.8545 	0.0740293
38.9246 	0.0740293
38.9947 	0.0740293
39.0649 	0.0740293
39.135 	0.0740293
39.2051 	0.0346999
39.2753 	0.0346999
39.3454 	0.0346999
39.4155 	0.0346999
39.4857 	0.0346999
39.5558 	0.0346999
39.6259 	0.0346999
39.6961 	0.0346999
39.7662 	0.0346999
39.8363 	0.0346999
39.9065 	0.0346999
39.9766 	0.0346999
40.0467 	0.0346999
40.1169 	0.0346999
40.187 	0.0346999
40.2571 	0.0346999
40.3273 	0.0346999
40.3974 	0.0346999
40.4675 	0.0346999
40.5377 	0.0346999
40.6078 	0.0346999
40.6779 	0.0199598
40.7481 	0.0199598
40.8182 	0.0199598
40.8883 	0.0199598
40.9585 	0.0199598
41.0286 	0.0199598
41.0988 	0.0199598
41.1689 	0.0199598
41.239 	0.0207464
41.3092 	0.0207464
41.3793 	0.0207464
41.4494 	0.0207464
41.5196 	0.0207464
41.5897 	0.0207464
41.6598 	0.0207464
41.73 	0.0207464
41.8001 	0.0207464
41.8702 	0.0207464
41.9404 	0.0207464
42.0105 	0.0207464
42.0806 	0.0207464
42.1508 	0.0207464
42.2209 	0.0207464
42.291 	0.0207464
42.3612 	0.0207464
42.4313 	0.0207464
42.5014 	0.0207464
42.5716 	0.0207464
42.6417 	0.0207464
42.7118 	0.0089496
42.782 	0.0089496
42.8521 	0.0089496
42.9222 	0.0089496
42.9924 	0.0269633
43.0625 	0.0269633
43.1327 	0.0269633
43.2028 	0.0269633
43.2729 	0.0269633
43.3431 	0.0269633
43.4132 	0.0269633
43.4833 	0.0269633
43.5535 	0.0269633
43.6236 	0.0269633
43.6937 	0.0269633
43.7639 	0.0269633
43.834 	0.0269633
43.9041 	0.0269633
43.9743 	0.0269633
44.0444 	0.0269633
44.1145 	0.0269633
44.1847 	0.0269633
44.2548 	0.0269633
44.3249 	0.0269633
44.3951 	0.0269633
44.4652 	0.0269633
44.5353 	0.0269633
44.6055 	0.0269633
44.6756 	0.0269633
44.7457 	0.0269633
44.8159 	0.011951
44.886 	0.011951
44.9561 	0.011951
45.0263 	0.011951
45.0964 	0.011951
45.1665 	0.011951
45.2367 	0.011951
45.3068 	0.011951
45.377 	0.011951
45.4471 	0.011951
45.5172 	0.011951
45.5874 	0.011951
45.6575 	0.011951
45.7276 	0.011951
45.7978 	0.011951
45.8679 	0.011951
45.938 	0.011951
46.0082 	0.011951
46.0783 	0.011951
46.1484 	0.011951
46.2186 	0.011951
46.2887 	0.011951
46.3588 	0.011951
46.429 	0.011951
46.4991 	0.011951
46.5692 	0.011951
46.6394 	-0.0203904
46.7095 	-0.0203904
46.7796 	-0.0203904
46.8498 	-0.0203904
46.9199 	-0.0203904
46.99 	-0.0203904
47.0602 	-0.0203904
47.1303 	-0.0203904
47.2004 	-0.0203904
47.2706 	-0.0203904
47.3407 	-0.0203904
47.4108 	-0.0203904
47.481 	-0.0213411
47.5511 	-0.0213411
47.6213 	-0.0213411
47.6914 	-0.0213411
47.7615 	-0.0213411
47.8317 	-0.0213411
47.9018 	-0.0213411
47.9719 	-0.0213411
48.0421 	-0.0213411
48.1122 	-0.0213411
48.1823 	-0.0213411
48.2525 	-0.0213411
48.3226 	-0.0213411
48.3927 	-0.0213411
48.4629 	-0.0213411
48.533 	-0.0213411
48.6031 	-0.0213411
48.6733 	-0.0213411
48.7434 	-0.0277652
48.8135 	-0.0277652
48.8837 	-0.0277652
48.9538 	-0.0277652
49.0239 	-0.0277652
49.0941 	-0.0277652
49.1642 	-0.0277652
49.2343 	-0.0277652
49.3045 	-0.0277652
49.3746 	-0.0277652
49.4447 	-0.0277652
49.5149 	-0.0277652
49.585 	-0.0277652
49.6551 	-0.0277652
49.7253 	-0.0277652
49.7954 	-0.0277652
49.8656 	-0.0277652
49.9357 	-0.0277652
50.0058 	-0.0277652
50.076 	-0.0277652
50.1461 	-0.0277652
50.2162 	-0.0277652
50.2864 	-0.0277652
50.3565 	-0.0277652
50.4266 	-0.0277652
50.4968 	0.00408735
50.5669 	0.00408735
50.637 	0.00408735
50.7072 	0.00408735
50.7773 	0.00408735
50.8474 	0.00408735
50.9176 	0.00408735
50.9877 	-0.00361263
51.0578 	-0.00361263
51.128 	-0.00711269
51.1981 	-0.00711269
51.2682 	-0.00711269
51.3384 	-0.00711269
51.4085 	-0.00711269
51.4786 	-0.00711269
51.5488 	-0.00711269
51.6189 	-0.00711269
51.689 	-0.00711269
51.7592 	-0.00711269
51.8293 	-0.00711269
51.8994 	-0.00711269
51.9696 	-0.00711269
52.0397 	-0.00711269
52.1099 	-0.00711269
52.18 	-0.00711269
52.2501 	-0.00711269
52.3203 	-0.00711269
52.3904 	-0.00711269
52.4605 	-0.00711269
52.5307 	-0.00711269
52.6008 	-0.00711269
52.6709 	-0.00711269
52.7411 	-0.00711269
52.8112 	-0.00711269
52.8813 	-0.00711269
52.9515 	-0.00711269
53.0216 	-0.00711269
53.0917 	-0.00711269
53.1619 	-0.00711269
53.232 	-0.00711269
53.3021 	-0.00711269
53.3723 	-0.00711269
53.4424 	-0.00110849
53.5125 	-0.00110849
53.5827 	-0.00110849
53.6528 	-0.00110849
53.7229 	-0.00110849
53.7931 	-0.00110849
53.8632 	-0.00110849
53.9333 	-0.00110849
54.0035 	-0.00110849
54.0736 	-0.00110849
54.1437 	-0.00110849
54.2139 	-0.00110849
54.284 	-0.00110849
54.3542 	0.00199793
54.4243 	0.00199793
54.4944 	0.00199793
54.5646 	0.00199793
54.6347 	0.00199793
54.7048 	0.00199793
54.775 	0.00199793
54.8451 	0.00199793
54.9152 	0.00199793
54.9854 	0.00199793
55.0555 	0.00199793
55.1256 	-0.00341485
55.1958 	-0.00341485
55.2659 	-0.00341485
55.336 	-0.00341485
55.4062 	-0.00341485
55.4763 	-0.00341485
55.5464 	-0.00341485
55.6166 	-0.00341485
55.6867 	-0.00341485
55.7568 	-0.00341485
55.827 	-0.00341485
55.8971 	-0.00341485
55.9672 	-0.00341485
56.0374 	-0.00341485
56.1075 	-0.00341485
56.1776 	-0.00341485
56.2478 	-0.00341485
56.3179 	-0.00341485
56.3881 	-0.0031008
56.4582 	-0.0031008
56.5283 	-0.0031008
56.5985 	-0.0031008
56.6686 	-0.0031008
56.7387 	-0.0031008
56.8089 	-0.0031008
56.879 	-0.0031008
56.9491 	-0.00721972
57.0193 	-0.00721972
57.0894 	-0.00721972
57.1595 	-0.00721972
57.2297 	-0.00721972
57.2998 	-0.00721972
57.3699 	-0.00721972
57.4401 	-0.00721972
57.5102 	-0.00721972
57.5803 	-0.00721972
57.6505 	-0.00721972
57.7206 	-0.00721972
57.7907 	-0.00721972
57.8609 	-0.00721972
57.931 	-0.00721972
58.0011 	-0.00721972
58.0713 	-0.00721972
58.1414 	-0.00721972
58.2115 	-0.00721972
58.2817 	-0.00721972
58.3518 	-0.00721972
58.4219 	-0.00721972
58.4921 	-0.00721972
58.5622 	-0.00729847
58.6324 	-0.00729847
58.7025 	-0.00729847
58.7726 	-0.00729847
58.8428 	-0.00729847
58.9129 	-0.0341108
58.983 	-0.0341108
59.0532 	-0.0341108
59.1233 	-0.0341108
59.1934 	-0.0341108
59.2636 	-0.0341108
59.3337 	-0.0341108
59.4038 	-0.0341108
59.474 	-0.0341108
59.5441 	-0.0341108
59.6142 	-0.0341108
59.6844 	-0.0341108
59.7545 	-0.0341108
59.8246 	-0.0341108
59.8948 	-0.0341108
59.9649 	-0.0341108
60.035 	-0.0341108
60.1052 	-0.0341108
60.1753 	-0.0341108
60.2454 	-0.0341108
60.3156 	-0.0341108
60.3857 	-0.0341108
60.4558 	-0.0341108
60.526 	-0.0341108
60.5961 	-0.0341108
60.6662 	-0.0300245
60.7364 	-0.0300245
60.8065 	-0.0300245
60.8767 	-0.0300245
60.9468 	-0.0300245
61.0169 	-0.0300245
61.0871 	-0.0300245
61.1572 	-0.0300245
61.2273 	-0.0300245
61.2975 	-0.0300245
61.3676 	-0.0300245
61.4377 	-0.0300245
61.5079 	-0.0300245
61.578 	-0.0300245
61.6481 	-0.0215193
61.7183 	-0.0215193
61.7884 	-0.0297404
61.8585 	-0.0297404
61.9287 	-0.0297404
61.9988 	-0.0297404
62.0689 	-0.0297404
62.1391 	-0.0297404
62.2092 	-0.00812447
62.2793 	-0.00812447
62.3495 	-0.00812447
62.4196 	-0.00812447
62.4897 	-0.00812447
62.5599 	-0.00812447
62.63 	-0.00812447
62.7001 	-0.00812447
62.7703 	-0.00812447
62.8404 	-0.00812447
62.9105 	-0.00812447
62.9807 	-0.00812447
63.0508 	-0.00812447
63.121 	-0.00812447
63.1911 	-0.00812447
63.2612 	-0.00812447
63.3314 	-0.00812447
63.4015 	-0.00812447
63.4716 	-0.00812447
63.5418 	-0.00812447
63.6119 	-0.00812447
63.682 	-0.00812447
63.7522 	-0.00812447
63.8223 	-0.00812447
63.8924 	-0.00812447
63.9626 	-0.00812447
64.0327 	-0.00812447
64.1028 	-0.00812447
64.173 	0.000114793
64.2431 	0.000114793
64.3132 	0.000114793
64.3834 	0.000114793
64.4535 	0.000114793
64.5236 	0.000114793
64.5938 	0.000114793
64.6639 	0.000114793
64.734 	0.000114793
64.8042 	0.000114793
64.8743 	0.0064102
64.9444 	0.0064102
65.0146 	0.0064102
65.0847 	0.0064102
65.1548 	0.0064102
65.225 	0.0064102
65.2951 	0.0064102
65.3653 	0.0064102
65.4354 	0.0064102
65.5055 	0.0064102
65.5757 	0.0064102
65.6458 	0.0064102
65.7159 	0.0064102
65.7861 	0.0064102
65.8562 	0.0064102
65.9263 	0.0064102
65.9965 	0.0064102
66.0666 	0.0064102
66.1367 	0.0064102
66.2069 	0.0064102
66.277 	0.0064102
66.3471 	0.0064102
66.4173 	0.0064102
66.4874 	0.0064102
66.5575 	0.0064102
66.6277 	0.0064102
66.6978 	0.0064102
66.7679 	0.0064102
66.8381 	0.0064102
66.9082 	0.0064102
66.9783 	0.00325896
67.0485 	0.00325896
67.1186 	0.00325896
67.1887 	0.00325896
67.2589 	0.00325896
67.329 	0.00325896
67.3991 	-0.00867182
67.4693 	-0.00867182
67.5394 	-0.0104449
67.6096 	-0.0104449
67.6797 	-0.0104449
67.7498 	-0.0104449
67.82 	-0.0104449
67.8901 	-0.0104449
67.9602 	-0.0104449
68.0304 	-0.0104449
68.1005 	-0.0104449
68.1706 	-0.0104449
68.2408 	-0.0104449
68.3109 	-0.0104449
68.381 	-0.0104449
68.4512 	-0.0104449
68.5213 	-0.0104449
68.5914 	-0.0104449
68.6616 	-0.0104449
68.7317 	-0.0104449
68.8018 	-0.0104449
68.872 	-0.0104449
68.9421 	-0.0104449
69.0122 	-0.0104449
