/*--------------------------------*- C++ -*----------------------------------*\
| =========                 |                                                 |
| \\      /  F ield         | OpenFOAM: The Open Source CFD Toolbox           |
|  \\    /   O peration     | Version:  v2012                                 |
|   \\  /    A nd           | Website:  www.openfoam.com                      |
|    \\/     M anipulation  |                                                 |
\*---------------------------------------------------------------------------*/
FoamFile
{
    version     2.0;
    format      ascii;
    class       volScalarField;
    location    "38";
    object      p;
}
// * * * * * * * * * * * * * * * * * * * * * * * * * * * * * * * * * * * * * //

dimensions      [0 2 -2 0 0 0 0];


internalField   nonuniform List<scalar> 
8800
(
0.962206
0.914153
0.875772
0.847124
0.826488
0.811715
0.801087
0.793551
0.788668
0.786546
0.787756
0.791915
0.798548
0.807858
0.820594
0.838169
0.862605
0.896212
0.938653
0.995778
0.794746
0.80195
0.810383
0.813792
0.811867
0.806329
0.799598
0.793406
0.788607
0.785696
0.785354
0.787809
0.792277
0.798244
0.805131
0.811734
0.815855
0.815335
0.809265
0.800283
0.771472
0.777647
0.781839
0.78519
0.787677
0.788455
0.787319
0.785137
0.783048
0.782068
0.782966
0.785307
0.788097
0.790283
0.790793
0.789245
0.786384
0.782736
0.778198
0.774412
0.766366
0.769065
0.771778
0.774078
0.775709
0.777013
0.777889
0.77805
0.777727
0.777615
0.77829
0.779382
0.780121
0.78002
0.779195
0.777976
0.77621
0.773697
0.771264
0.769733
0.761212
0.762633
0.764425
0.766468
0.768203
0.769484
0.770475
0.771298
0.771908
0.772418
0.772973
0.77335
0.773317
0.772916
0.772181
0.770947
0.769225
0.767327
0.765995
0.765172
0.756255
0.757167
0.758397
0.759966
0.761601
0.7631
0.764334
0.765355
0.766275
0.767095
0.767671
0.767875
0.767734
0.767235
0.766312
0.765053
0.763667
0.762375
0.761542
0.760998
0.751452
0.752116
0.753067
0.754356
0.755752
0.757199
0.758606
0.759867
0.760985
0.761985
0.762675
0.762919
0.762734
0.762136
0.761243
0.760221
0.759158
0.758198
0.7576
0.757202
0.746781
0.747293
0.748068
0.749184
0.750443
0.751794
0.753209
0.754625
0.755963
0.757167
0.758015
0.758332
0.758166
0.757653
0.756943
0.756133
0.755291
0.754561
0.754111
0.753802
0.742183
0.74259
0.743239
0.744235
0.745423
0.746722
0.748126
0.749619
0.751141
0.752584
0.753634
0.754091
0.754071
0.753742
0.753226
0.7526
0.751939
0.751385
0.751043
0.750794
0.737584
0.737913
0.738475
0.739394
0.740534
0.741815
0.743242
0.744812
0.746494
0.748192
0.749507
0.750206
0.750418
0.750302
0.74998
0.749542
0.749045
0.748635
0.748376
0.74817
0.732904
0.733175
0.733677
0.734552
0.735675
0.736978
0.738466
0.740152
0.742025
0.744006
0.745664
0.746687
0.74718
0.747304
0.747186
0.746928
0.746587
0.746299
0.746105
0.745931
0.728072
0.728297
0.72876
0.729621
0.730769
0.732136
0.733732
0.735592
0.737721
0.740056
0.742138
0.74355
0.744363
0.744749
0.74485
0.744768
0.74458
0.744398
0.744257
0.744107
0.723013
0.723201
0.723644
0.724523
0.725735
0.727211
0.728971
0.731079
0.73356
0.736365
0.738958
0.740812
0.741984
0.742661
0.742997
0.743101
0.74306
0.742974
0.742879
0.742748
0.717647
0.717803
0.718242
0.719163
0.720478
0.722108
0.724084
0.726499
0.729404
0.732786
0.736009
0.738413
0.740028
0.741055
0.741668
0.741983
0.74209
0.742098
0.742043
0.741926
0.711878
0.712006
0.712451
0.713441
0.714901
0.716738
0.719
0.721804
0.725244
0.729336
0.733335
0.736408
0.73856
0.739999
0.740928
0.741484
0.74176
0.741863
0.741848
0.741742
0.705603
0.705702
0.706169
0.707254
0.708901
0.711007
0.713645
0.716963
0.72108
0.726045
0.730996
0.734894
0.737676
0.739596
0.740883
0.741707
0.742183
0.742391
0.742414
0.742316
0.698676
0.698757
0.699241
0.700442
0.702334
0.704776
0.707887
0.711855
0.71685
0.722936
0.729032
0.733874
0.737409
0.739919
0.74166
0.742803
0.743495
0.743815
0.743878
0.743784
0.690839
0.690911
0.691458
0.692791
0.694962
0.697833
0.701531
0.706281
0.712305
0.719714
0.727245
0.733314
0.737788
0.741018
0.743327
0.74489
0.745854
0.746308
0.746412
0.746321
0.681866
0.681909
0.682526
0.684059
0.686607
0.690033
0.694497
0.700296
0.707695
0.716799
0.726032
0.733489
0.739038
0.743107
0.746088
0.748143
0.749438
0.75005
0.750195
0.750099
0.67135
0.671379
0.672086
0.673878
0.676892
0.681018
0.68645
0.693545
0.702613
0.713777
0.725102
0.734276
0.741152
0.746251
0.750035
0.752693
0.754394
0.755185
0.755368
0.755262
0.658666
0.658689
0.659526
0.661673
0.665334
0.670413
0.677141
0.685948
0.697166
0.710878
0.724705
0.735868
0.744267
0.750555
0.755287
0.75866
0.76082
0.761805
0.762021
0.761895
0.642978
0.643003
0.644052
0.646745
0.65134
0.657754
0.666254
0.677326
0.691286
0.708131
0.724905
0.738375
0.748522
0.756168
0.76195
0.766129
0.768783
0.769963
0.770205
0.770053
0.623104
0.623139
0.624537
0.628088
0.634071
0.6424
0.653359
0.667446
0.684883
0.705518
0.725748
0.741853
0.753964
0.763129
0.770111
0.775169
0.778339
0.779703
0.77996
0.779779
0.597244
0.597316
0.59933
0.604309
0.612517
0.623717
0.6382
0.656346
0.678183
0.703343
0.7275
0.746506
0.760771
0.771598
0.779848
0.785861
0.789539
0.791062
0.791319
0.791106
0.562418
0.562622
0.565889
0.573503
0.58548
0.601132
0.620653
0.644134
0.671365
0.701768
0.730284
0.752433
0.768994
0.7816
0.791253
0.798249
0.802397
0.804025
0.804256
0.804007
0.51292
0.513989
0.520567
0.533573
0.552091
0.574611
0.601077
0.631309
0.664909
0.701172
0.734347
0.759763
0.7787
0.793149
0.804253
0.812244
0.8168
0.81845
0.818619
0.818329
0.440003
0.447473
0.462673
0.485648
0.51385
0.545495
0.580438
0.618467
0.659181
0.701886
0.740178
0.769233
0.790879
0.807492
0.820365
0.829481
0.834535
0.836304
0.836479
0.836235
0.361787
0.378713
0.403296
0.436923
0.475263
0.516212
0.559741
0.605817
0.654142
0.704132
0.748674
0.782491
0.807778
0.827316
0.842565
0.85326
0.858923
0.86078
0.861004
0.860925
0.296173
0.316215
0.348687
0.391246
0.438485
0.488206
0.540065
0.594022
0.649799
0.706847
0.757337
0.795605
0.824286
0.846487
0.863659
0.875338
0.881378
0.88363
0.883893
0.883889
0.242445
0.264397
0.302219
0.351119
0.405387
0.462435
0.52164
0.582819
0.645578
0.709292
0.765365
0.807717
0.839385
0.863737
0.88226
0.895091
0.902126
0.904321
0.904648
0.904695
0.197759
0.220832
0.26223
0.316264
0.376182
0.439271
0.504744
0.572309
0.641413
0.711299
0.77252
0.818562
0.852777
0.878879
0.898659
0.91228
0.919936
0.922454
0.922936
0.923015
0.15961
0.183308
0.227583
0.285471
0.350133
0.418364
0.489274
0.562487
0.637323
0.712859
0.778808
0.828141
0.864553
0.89205
0.912686
0.926944
0.935053
0.938032
0.938674
0.938776
0.12607
0.150174
0.19662
0.257785
0.326406
0.399105
0.474836
0.553128
0.6332
0.713961
0.784274
0.836573
0.874848
0.903457
0.924788
0.939538
0.948021
0.951339
0.952089
0.952186
0.0957215
0.120183
0.168378
0.232294
0.304337
0.380949
0.460993
0.543922
0.62885
0.714515
0.788924
0.843948
0.883859
0.913402
0.935226
0.950333
0.959044
0.962578
0.963385
0.963469
0.0676604
0.0924609
0.142121
0.208361
0.283412
0.363479
0.447408
0.534593
0.624066
0.7144
0.792748
0.850379
0.891822
0.922223
0.94447
0.959834
0.968665
0.972318
0.973155
0.973194
0.0411356
0.0663119
0.117361
0.185567
0.263244
0.346383
0.433827
0.524933
0.618679
0.713502
0.795721
0.855947
0.898932
0.930193
0.952908
0.968437
0.977369
0.981061
0.981935
0.981937
0.015785
0.041382
0.0935421
0.163568
0.243579
0.329451
0.42008
0.514801
0.612566
0.711732
0.797818
0.860718
0.905351
0.93754
0.960736
0.976472
0.985422
0.989052
0.989913
0.989914
-0.00878978
0.0173634
0.070425
0.142172
0.224217
0.312539
0.406061
0.504106
0.605641
0.70901
0.799013
0.864752
0.911192
0.944443
0.96819
0.984137
0.993103
0.996681
0.997429
0.997375
-0.0327169
-0.00612121
0.0480053
0.121223
0.205059
0.295575
0.391708
0.492801
0.597855
0.70529
0.79928
0.868072
0.916548
0.951016
0.975404
0.991581
1.00051
1.00395
1.0046
1.00447
-0.0561334
-0.0289705
0.0261167
0.100636
0.186074
0.278538
0.377011
0.480871
0.589191
0.700528
0.798557
0.870657
0.921449
0.957343
0.982453
0.998837
1.00764
1.01087
1.01138
1.01119
-0.0791297
-0.0513482
0.00465522
0.0803861
0.167246
0.26144
0.361998
0.468347
0.579657
0.69469
0.796766
0.872427
0.925895
0.963489
0.989417
1.00595
1.0145
1.01743
1.01778
1.01755
-0.101721
-0.0732474
-0.0163494
0.0604824
0.148611
0.244319
0.346723
0.45528
0.569285
0.687754
0.793832
0.873282
0.929835
0.969518
0.996423
1.01298
1.02107
1.02357
1.02376
1.0235
-0.123745
-0.0946178
-0.0368523
0.0409616
0.130208
0.227246
0.331251
0.441748
0.55814
0.679748
0.789687
0.873098
0.933149
0.975458
1.00367
1.02012
1.02739
1.02924
1.02924
1.02897
-0.145166
-0.115422
-0.05684
0.0218746
0.112099
0.210285
0.315679
0.427836
0.546308
0.670709
0.784289
0.871726
0.935651
0.98124
1.01142
1.02786
1.03376
1.03446
1.03416
1.03394
-0.166052
-0.135614
-0.0762765
0.0032578
0.0943501
0.193523
0.300097
0.413652
0.53389
0.660713
0.7776
0.869021
0.937087
0.986607
1.0198
1.03698
1.04117
1.0397
1.03855
1.03854
-0.18622
-0.155176
-0.0950972
-0.0148219
0.0770207
0.177045
0.284603
0.399312
0.521008
0.649868
0.769623
0.864843
0.937155
0.991055
1.02846
1.04822
1.05178
1.04737
1.04361
1.04273
-0.205759
-0.174098
-0.113313
-0.0323916
0.0600779
0.160803
0.269141
0.384753
0.50759
0.6381
0.760222
0.858927
0.935526
0.993894
1.03639
1.06126
1.06758
1.06277
1.05233
1.04151
-0.224591
-0.192367
-0.131053
-0.0496447
0.043227
0.144458
0.253289
0.369483
0.493083
0.624752
0.748716
0.850429
0.931547
0.994087
1.0412
1.07258
1.08286
1.07342
1.05406
1.04471
-0.242534
-0.209985
-0.148138
-0.0663655
0.0267527
0.128343
0.237269
0.353835
0.477808
0.610107
0.735254
0.838932
0.924648
0.990542
1.038
1.06927
1.08333
1.0615
0.994116
0.963732
-0.259117
-0.228145
-0.164197
-0.0819785
0.0113989
0.112973
0.22138
0.338062
0.462017
0.594327
0.719863
0.824164
0.913818
0.982944
1.02271
1.04629
1.04393
0.992898
0.923669
0.881467
-0.309519
-0.245083
-0.178969
-0.0973068
-0.00407602
0.097099
0.205645
0.321947
0.445407
0.577017
0.702043
0.805788
0.895537
0.971268
0.983892
0.989056
0.949972
0.88498
0.809444
0.76756
-0.276497
-0.259687
-0.20085
-0.119284
-0.0270282
0.0738603
0.181499
0.296978
0.419208
0.548952
0.67148
0.772785
0.853325
0.931882
0.927112
0.821856
0.72238
0.652433
0.581043
0.615714
-0.308272
-0.278043
-0.217883
-0.137045
-0.0447182
0.0558374
0.163597
0.27837
0.399449
0.527242
0.646735
0.74409
0.816284
0.857904
0.814175
0.672649
0.550738
0.462837
0.366379
0.419711
-0.332418
-0.299755
-0.237822
-0.156778
-0.064422
0.0359926
0.143595
0.257474
0.377069
0.502337
0.617925
0.709556
0.772006
0.780247
0.679012
0.512262
0.365564
0.250594
0.123085
0.160613
-0.356087
-0.322022
-0.258759
-0.17692
-0.0844179
0.0158429
0.122909
0.235758
0.35367
0.47606
0.58692
0.672044
0.719148
0.69628
0.54239
0.351184
0.168065
0.00448387
-0.181174
-0.187331
-0.379247
-0.344717
-0.280531
-0.197995
-0.105287
-0.00523106
0.101176
0.212881
0.328866
0.448035
0.553578
0.631522
0.660312
0.602519
0.41251
0.20441
-0.0059835
-0.184821
-0.434599
-0.706229
-0.402726
-0.368141
-0.303427
-0.2204
-0.127473
-0.0275641
0.0782565
0.188799
0.302769
0.418519
0.518534
0.588028
0.597996
0.489905
0.298976
0.088371
-0.115821
-0.280228
-0.355818
-0.471761
-0.427468
-0.392777
-0.327777
-0.244481
-0.151472
-0.051796
0.0533468
0.162562
0.274206
0.386046
0.480108
0.539284
0.524902
0.382145
0.197514
0.00363525
-0.163658
-0.25474
-0.277531
-0.294385
-0.453748
-0.418936
-0.353735
-0.270323
-0.177409
-0.0781261
0.0261042
0.133694
0.242595
0.349868
0.437552
0.483454
0.450251
0.28142
0.105445
-0.0632704
-0.191292
-0.229518
-0.242261
-0.243434
-0.481773
-0.446768
-0.381348
-0.297909
-0.205221
-0.106544
-0.00347161
0.10216
0.207883
0.309965
0.390525
0.421803
0.37069
0.187837
0.0212973
-0.127985
-0.206193
-0.222861
-0.224006
-0.223851
-0.511585
-0.476283
-0.410625
-0.327221
-0.234903
-0.137018
-0.0353614
0.0679655
0.170093
0.266422
0.338827
0.358256
0.272106
0.10185
-0.0568186
-0.177447
-0.21351
-0.213745
-0.214078
-0.213565
-0.542884
-0.507416
-0.441448
-0.358155
-0.266345
-0.169465
-0.0695027
0.0311683
0.129269
0.219353
0.283114
0.286139
0.178671
0.0210831
-0.11942
-0.195097
-0.205452
-0.208107
-0.20852
-0.208373
-0.575083
-0.539509
-0.473575
-0.390466
-0.299331
-0.203691
-0.105702
-0.00805342
0.0856155
0.169055
0.224061
0.210296
0.092554
-0.0496842
-0.16616
-0.200324
-0.207645
-0.206583
-0.205729
-0.205361
-0.607724
-0.572028
-0.506492
-0.423737
-0.333476
-0.239328
-0.143622
-0.0493507
0.0394704
0.116179
0.160843
0.134118
0.00887542
-0.111427
-0.199875
-0.218986
-0.210376
-0.208914
-0.207807
-0.206807
-0.639961
-0.604426
-0.5393
-0.457306
-0.368197
-0.275845
-0.182732
-0.0921592
-0.00860401
0.061417
0.0955635
0.0591649
-0.0744721
-0.16355
-0.210644
-0.217788
-0.219201
-0.217524
-0.216074
-0.215251
-0.670185
-0.635556
-0.571076
-0.49022
-0.402672
-0.312465
-0.222275
-0.13565
-0.0576876
0.00551339
0.0334405
-0.0248171
-0.159891
-0.228827
-0.219369
-0.241984
-0.23584
-0.226257
-0.22464
-0.224463
-0.69688
-0.663163
-0.600795
-0.521329
-0.435814
-0.348152
-0.261253
-0.178746
-0.106397
-0.0504658
-0.0256153
-0.11136
-0.261583
-0.329063
-0.298767
-0.294958
-0.283972
-0.275571
-0.270091
-0.267298
-0.718007
-0.686069
-0.626132
-0.549233
-0.466293
-0.381657
-0.298393
-0.220157
-0.153056
-0.104821
-0.0837365
-0.185024
-0.370741
-0.552199
-0.526212
-0.45414
-0.422523
-0.406608
-0.391041
-0.381203
-0.731513
-0.702197
-0.645558
-0.572016
-0.492516
-0.411519
-0.332225
-0.25835
-0.195882
-0.155021
-0.136729
-0.235521
-0.411778
-0.7307
-0.780069
-0.594402
-0.543816
-0.524255
-0.504711
-0.497876
-0.734851
-0.709419
-0.657212
-0.587967
-0.512769
-0.436144
-0.361105
-0.291575
-0.233075
-0.196579
-0.176182
-0.238527
-0.267105
-0.365934
-0.483338
-0.442956
-0.439145
-0.448134
-0.457537
-0.460609
-0.72634
-0.705539
-0.659078
-0.595545
-0.525576
-0.453925
-0.3834
-0.317934
-0.262831
-0.227592
-0.198775
-0.206184
-0.0405927
0.342965
0.237511
-0.196253
-0.435895
-0.456579
-0.4606
-0.460412
-0.703743
-0.687683
-0.649559
-0.593631
-0.529942
-0.463712
-0.397676
-0.335555
-0.283501
-0.24959
-0.23713
-0.254185
-0.21714
0.0262351
-0.213973
-0.481786
-0.601365
-0.558715
-0.514029
-0.536798
-0.669128
-0.658401
-0.629179
-0.582445
-0.525828
-0.465118
-0.40307
-0.34311
-0.291646
-0.258968
-0.261623
-0.456978
-0.989255
-1.80063
-2.26614
-2.50453
-2.2271
-1.81246
-1.45793
-1.35265
-0.628034
-0.621826
-0.602125
-0.564402
-0.514914
-0.458801
-0.399436
-0.339686
-0.284508
-0.24629
-0.252643
-0.519877
-1.19822
-2.06738
-2.56089
-2.67948
-2.50156
-2.21318
-1.92035
-1.77251
-0.588375
-0.584859
-0.573778
-0.544514
-0.500259
-0.446959
-0.387937
-0.32525
-0.262069
-0.203852
-0.172986
-0.240489
-0.425407
-0.505551
-0.482184
-0.277044
-0.00946479
0.221944
0.39714
0.482716
-0.556874
-0.554748
-0.549162
-0.527461
-0.486873
-0.433352
-0.371756
-0.301791
-0.225595
-0.136665
-0.0384285
0.106532
0.375093
0.862113
1.449
1.97836
2.37603
2.60677
2.70031
2.72605
-0.530715
-0.529916
-0.528535
-0.515052
-0.477868
-0.422258
-0.355411
-0.277705
-0.188074
-0.0825501
0.0455556
0.184069
0.505561
1.03548
1.64009
2.17445
2.55226
2.77273
2.87687
2.90684
-0.512735
-0.512391
-0.512417
-0.505019
-0.472084
-0.414164
-0.341469
-0.2581
-0.16135
-0.0518925
0.0665664
0.188891
0.388747
0.870609
1.38694
1.83791
2.17421
2.36986
2.45665
2.47997
-0.497701
-0.497022
-0.496946
-0.494749
-0.467309
-0.407837
-0.330371
-0.24324
-0.147422
-0.0408718
0.0644576
0.174488
0.301311
0.655915
1.07208
1.411
1.66262
1.80514
1.86786
1.88522
-0.489753
-0.48822
-0.488121
-0.488249
-0.463561
-0.400587
-0.318581
-0.229396
-0.136042
-0.034726
0.0622034
0.155108
0.250849
0.474022
0.770862
1.01382
1.1906
1.2909
1.33454
1.3449
-0.49018
-0.490823
-0.494457
-0.493963
-0.461912
-0.387982
-0.300296
-0.211032
-0.121731
-0.028777
0.053242
0.124509
0.186098
0.344495
0.544401
0.706133
0.82539
0.892952
0.922965
0.929479
-0.469574
-0.475349
-0.482501
-0.477937
-0.436171
-0.356142
-0.26871
-0.185149
-0.105702
-0.0263634
0.0424538
0.0973351
0.145611
0.247767
0.387007
0.494482
0.570923
0.613125
0.630084
0.632925
-0.375951
-0.383061
-0.390292
-0.384007
-0.347444
-0.284072
-0.215441
-0.14811
-0.0837459
-0.0189369
0.0379501
0.0793723
0.116914
0.180995
0.270982
0.343125
0.393478
0.420822
0.431328
0.431953
-0.21719
-0.221723
-0.22724
-0.22603
-0.208821
-0.177832
-0.14057
-0.099325
-0.0552162
-0.00754224
0.0345811
0.0658363
0.0951732
0.137636
0.194222
0.241427
0.273232
0.290847
0.29835
0.298211
-0.0595978
-0.0617873
-0.0663226
-0.0724978
-0.0758447
-0.0745381
-0.0652813
-0.0488689
-0.0249304
0.00569639
0.0354945
0.0615043
0.0848652
0.11326
0.147221
0.176442
0.196491
0.207649
0.211545
0.210709
0.0457321
0.0445783
0.0400739
0.0293699
0.0137554
0.000270081
-0.00703991
-0.00649018
0.00255496
0.019541
0.0392813
0.0585538
0.0764571
0.0941228
0.113871
0.132186
0.145345
0.152422
0.154608
0.153435
0.0960766
0.0953166
0.0913327
0.0807143
0.0638806
0.0463293
0.0324115
0.0245884
0.0241175
0.0309234
0.0416011
0.0527563
0.064026
0.0736326
0.0868904
0.0998457
0.109005
0.113778
0.114995
0.113717
0.111643
0.111033
0.107938
0.0995547
0.0856579
0.069927
0.0557297
0.045197
0.039773
0.03968
0.0424749
0.0458202
0.0478494
0.0512249
0.0616737
0.0730185
0.0811693
0.0852443
0.0862567
0.0850373
0.110381
0.109904
0.107728
0.101927
0.0919865
0.0799064
0.0678625
0.0576679
0.0503446
0.0461659
0.0429089
0.037978
0.0325789
0.0342943
0.0447237
0.0547919
0.0614773
0.0645426
0.0652147
0.064208
0.102848
0.102488
0.101053
0.0973536
0.0907936
0.0823117
0.0731777
0.0646659
0.0575313
0.0515813
0.0448398
0.0347912
0.024155
0.0260549
0.0371971
0.0462576
0.0513149
0.0530733
0.0532605
0.0524821
0.0940858
0.0938135
0.0928962
0.0906736
0.0866273
0.0811009
0.0747687
0.0684854
0.0627133
0.057272
0.0500859
0.0389263
0.0279309
0.0313371
0.0415782
0.0487004
0.0519587
0.052667
0.0526185
0.0519767
0.0861234
0.0859169
0.0853354
0.084051
0.0817311
0.0783976
0.0744117
0.0703589
0.0666845
0.0635198
0.0594541
0.0523426
0.0461812
0.051814
0.0588595
0.0627833
0.0640766
0.0639686
0.063741
0.0631747
0.0794115
0.0792703
0.0789157
0.0781944
0.0769508
0.0751133
0.0729298
0.0709057
0.0697915
0.0699761
0.0716785
0.0729159
0.0748934
0.0805105
0.08404
0.0846371
0.0846152
0.0846444
0.0844623
0.083848
0.0735104
0.0734266
0.0732292
0.0728145
0.0722076
0.0714021
0.0705637
0.07024
0.0714013
0.0754739
0.0839027
0.0949989
0.104904
0.110701
0.109731
0.108585
0.108712
0.10935
0.109188
0.108305
0.0677615
0.0677257
0.0676449
0.0674091
0.0671082
0.0669422
0.0670519
0.0680096
0.0708129
0.078115
0.0925494
0.113108
0.132052
0.134597
0.129487
0.126594
0.127339
0.128789
0.128463
0.127415
0.0615675
0.0615666
0.061592
0.0615067
0.0614489
0.0614779
0.0621273
0.0638357
0.0675293
0.0762207
0.0936004
0.119713
0.142657
0.144151
0.136304
0.134095
0.134657
0.136502
0.135808
0.134708
0.0545644
0.0545917
0.0547103
0.0547708
0.0549244
0.0549807
0.0557027
0.0574246
0.0609151
0.0691896
0.0850104
0.109611
0.131598
0.130434
0.123514
0.122837
0.127055
0.128728
0.127587
0.12631
0.0463364
0.0463664
0.0465282
0.0467357
0.0468982
0.0474049
0.0480111
0.0495088
0.0522062
0.0578345
0.0673275
0.082426
0.0950863
0.0928722
0.0907724
0.0941045
0.0987339
0.100494
0.0994794
0.0984071
0.03668
0.036666
0.0368324
0.0372798
0.0378371
0.0380867
0.0384924
0.039441
0.0409754
0.0429442
0.0440785
0.0431424
0.0402214
0.0399469
0.045341
0.0521198
0.0556496
0.056846
0.0563048
0.0555148
0.0260864
0.0260615
0.0262812
0.0268841
0.0275479
0.0283911
0.029104
0.0293234
0.0296923
0.0279766
0.0224163
0.00535285
-0.00991238
-0.00799279
0.00241138
0.00839791
0.00722442
0.00635223
0.00698523
0.00689451
0.0148529
0.0148045
0.0148993
0.0154649
0.0161962
0.016778
0.0174146
0.0181891
0.0178916
0.0158178
0.00792392
-0.0107208
-0.0327031
-0.0280004
-0.0173399
-0.0184343
-0.0266765
-0.0304375
-0.0285053
-0.027476
0.00332835
0.00318647
0.00297234
0.00265419
0.00230309
0.00221144
0.00249418
0.00285577
0.00290434
0.00339793
0.00493935
0.00457725
-0.00893866
-0.00997646
-0.00888041
-0.0140953
-0.0193753
-0.0208253
-0.017083
-0.0135094
0.0124518
0.204879
0.411451
0.584045
0.722493
0.832463
0.924303
1.00116
1.03233
1.01616
0.347393
0.474016
0.606307
0.72073
0.817399
0.897759
0.962438
1.0077
1.03123
1.04396
0.573065
0.65877
0.74856
0.82864
0.897493
0.955009
1.00052
1.034
1.05847
1.07626
0.736323
0.796909
0.860231
0.91857
0.96912
1.01193
1.04706
1.0754
1.0983
1.1165
0.863983
0.907515
0.955408
0.99949
1.03876
1.07302
1.10235
1.12702
1.14706
1.16497
0.969245
1.00285
1.04195
1.07788
1.11081
1.1404
1.16631
1.18824
1.20544
1.22302
1.0627
1.09191
1.12633
1.15885
1.18904
1.21647
1.2405
1.2605
1.27521
1.29266
1.15183
1.18144
1.21564
1.248
1.27778
1.30454
1.32758
1.34612
1.35884
1.3763
1.24748
1.28118
1.31773
1.35157
1.38171
1.40795
1.42993
1.44707
1.45856
1.47636
1.36257
1.40121
1.4395
1.47377
1.50309
1.52781
1.54814
1.56387
1.57523
1.59357
1.50739
1.54692
1.58252
1.61295
1.63855
1.66063
1.67966
1.6952
1.70787
1.726
1.6822
1.71427
1.74009
1.76244
1.78251
1.80126
1.8189
1.83547
1.85122
1.86941
1.86984
1.88741
1.90295
1.91955
1.93572
1.95027
1.9633
1.97728
1.99437
2.01405
2.05146
2.06243
2.07458
2.08538
2.09463
2.1042
2.11508
2.12668
2.13663
2.15181
2.26249
2.26451
2.24935
2.23412
2.22774
2.23341
2.25202
2.28244
2.31458
2.34533
2.56838
2.43134
2.35505
2.31298
2.29554
2.29957
2.32693
2.38307
2.48653
2.70181
0.858498
0.855121
0.84919
0.839379
0.826429
0.813997
0.803671
0.795703
0.790016
0.786691
0.786265
0.788948
0.794023
0.80124
0.810655
0.822327
0.835447
0.847429
0.854882
0.859598
0.77652
0.782404
0.789307
0.79454
0.797378
0.797038
0.794118
0.790174
0.786573
0.784236
0.784014
0.786151
0.789788
0.794106
0.798026
0.800007
0.79888
0.794777
0.788875
0.781828
0.768887
0.771233
0.774578
0.777478
0.779684
0.781471
0.782411
0.782127
0.781057
0.780103
0.780196
0.781551
0.783309
0.784542
0.784551
0.783353
0.781525
0.779167
0.776001
0.773033
0.763771
0.764858
0.766719
0.769092
0.77104
0.772415
0.773487
0.774311
0.774732
0.774914
0.77532
0.77602
0.776494
0.776405
0.775838
0.77493
0.773499
0.771421
0.769294
0.767876
0.758713
0.759368
0.760472
0.762183
0.763975
0.765573
0.766812
0.767799
0.768664
0.769408
0.770041
0.770459
0.770518
0.770244
0.769627
0.768552
0.767077
0.765476
0.764133
0.763345
0.753837
0.754293
0.755072
0.756358
0.757838
0.75935
0.760786
0.762026
0.763094
0.764064
0.764858
0.765283
0.765308
0.764946
0.764176
0.763109
0.761918
0.760741
0.759806
0.75928
0.749106
0.749446
0.750052
0.75111
0.752386
0.753742
0.755158
0.756557
0.757851
0.759018
0.759976
0.760506
0.760542
0.760142
0.75943
0.758559
0.757637
0.75672
0.756019
0.755632
0.744481
0.744745
0.745234
0.746135
0.747288
0.74856
0.749922
0.751362
0.752821
0.75421
0.755376
0.756045
0.75616
0.755873
0.75534
0.754668
0.75393
0.75322
0.752692
0.752397
0.739893
0.740102
0.740509
0.741301
0.742377
0.743601
0.744945
0.746419
0.747995
0.749602
0.751018
0.751893
0.752195
0.752109
0.751774
0.751288
0.750725
0.750186
0.74979
0.749558
0.735263
0.735431
0.735779
0.7365
0.737531
0.738731
0.740096
0.741635
0.743337
0.745159
0.746866
0.748045
0.748624
0.748782
0.748658
0.74836
0.747974
0.747583
0.747294
0.747109
0.730517
0.730651
0.730956
0.731635
0.732651
0.733875
0.7353
0.736949
0.738832
0.74092
0.742987
0.744545
0.745452
0.745885
0.74599
0.745884
0.745663
0.74541
0.745209
0.745061
0.72558
0.725686
0.725963
0.726625
0.727663
0.728955
0.730488
0.732308
0.734446
0.736882
0.739396
0.741412
0.742695
0.743431
0.743786
0.743883
0.743826
0.743698
0.743572
0.743455
0.720376
0.720458
0.720716
0.721384
0.722481
0.723882
0.725572
0.727624
0.730094
0.732989
0.736066
0.738619
0.740339
0.741426
0.742067
0.742393
0.742504
0.7425
0.742442
0.74235
0.714821
0.714879
0.715128
0.715824
0.71701
0.718561
0.720459
0.7228
0.725674
0.729122
0.732888
0.736115
0.738385
0.739908
0.740884
0.741474
0.741768
0.741893
0.741899
0.741829
0.708814
0.70885
0.709096
0.709836
0.711143
0.712891
0.715072
0.717799
0.721188
0.725323
0.729933
0.733988
0.736924
0.738964
0.740312
0.741185
0.741722
0.741987
0.742058
0.742008
0.702237
0.702245
0.702486
0.703291
0.704762
0.706775
0.70931
0.712538
0.716611
0.721636
0.727295
0.732332
0.736036
0.738671
0.740486
0.741693
0.742486
0.742903
0.743042
0.743011
0.694878
0.694873
0.695141
0.696022
0.697689
0.699999
0.702986
0.706821
0.71171
0.717813
0.724756
0.731001
0.735673
0.739058
0.741445
0.743095
0.744199
0.744793
0.745008
0.744994
0.686503
0.686466
0.68676
0.687762
0.689677
0.692389
0.695947
0.700566
0.706499
0.713939
0.722458
0.730188
0.736001
0.740259
0.743338
0.745543
0.747024
0.747839
0.748137
0.748137
0.676808
0.676748
0.677085
0.678248
0.680473
0.683699
0.687992
0.69362
0.700899
0.71005
0.7205
0.729964
0.737132
0.742444
0.746337
0.749183
0.751123
0.752203
0.752594
0.752603
0.665269
0.665186
0.665592
0.666967
0.669601
0.673492
0.678733
0.685649
0.694602
0.705831
0.718639
0.73024
0.739042
0.745614
0.750499
0.754123
0.756626
0.75801
0.758496
0.758507
0.651157
0.651052
0.651582
0.653279
0.656496
0.661328
0.667883
0.676543
0.687713
0.7016
0.717252
0.731312
0.741965
0.749975
0.756004
0.760488
0.763616
0.765328
0.765908
0.765914
0.633483
0.633359
0.634095
0.636294
0.640374
0.646548
0.654925
0.665926
0.679948
0.697116
0.716178
0.733125
0.745923
0.755559
0.762876
0.768344
0.772161
0.774212
0.774878
0.774872
0.610787
0.610656
0.61174
0.61473
0.620173
0.628364
0.639383
0.653627
0.671386
0.692621
0.715692
0.735901
0.751081
0.762514
0.771234
0.777787
0.782325
0.784703
0.785439
0.785416
0.580755
0.580658
0.582368
0.586758
0.594502
0.605913
0.620846
0.639565
0.662133
0.688285
0.71596
0.739786
0.757548
0.770933
0.781162
0.788889
0.794156
0.796825
0.797603
0.797554
0.539305
0.539384
0.542486
0.549779
0.561775
0.578456
0.599202
0.623955
0.652525
0.684429
0.717227
0.744934
0.765422
0.780852
0.79271
0.801672
0.807626
0.810497
0.811265
0.811181
0.47882
0.480046
0.487631
0.501412
0.521149
0.546166
0.575056
0.607487
0.643157
0.6815
0.719765
0.751484
0.774743
0.792248
0.805709
0.815881
0.822469
0.825409
0.826062
0.825936
0.406299
0.408507
0.423076
0.446893
0.477432
0.512202
0.549986
0.590651
0.63401
0.679573
0.724346
0.761227
0.788311
0.808812
0.824599
0.836398
0.843863
0.847083
0.847863
0.847862
0.331697
0.338313
0.359903
0.393829
0.434615
0.478941
0.525612
0.574575
0.625726
0.678652
0.730163
0.772447
0.803534
0.827218
0.84566
0.859327
0.86766
0.870673
0.871326
0.871438
0.271133
0.279719
0.30589
0.346855
0.395544
0.447958
0.502621
0.559337
0.617917
0.677905
0.735817
0.783152
0.81793
0.844411
0.864847
0.879788
0.888545
0.892126
0.893336
0.893527
0.22162
0.230801
0.260464
0.3065
0.361272
0.420183
0.481565
0.545095
0.610428
0.676977
0.740878
0.792867
0.830917
0.859733
0.88182
0.897891
0.907599
0.911899
0.913339
0.913558
0.180059
0.189456
0.221474
0.271405
0.331118
0.395431
0.462497
0.531952
0.603313
0.675854
0.745265
0.801494
0.842417
0.873164
0.896525
0.913454
0.924005
0.928824
0.93048
0.930729
0.144027
0.153499
0.187243
0.240341
0.304107
0.373002
0.445027
0.519721
0.596503
0.674514
0.749007
0.809093
0.852541
0.884887
0.909212
0.926819
0.938026
0.943289
0.945094
0.945364
0.111953
0.121438
0.156495
0.212243
0.279383
0.352227
0.428631
0.508035
0.589777
0.672858
0.75209
0.815733
0.861406
0.895087
0.920186
0.93836
0.949917
0.955569
0.957459
0.957736
0.0826303
0.0921504
0.128274
0.186256
0.256279
0.332582
0.412871
0.496552
0.582876
0.670722
0.754454
0.82146
0.869189
0.904057
0.9298
0.948307
0.960129
0.965997
0.967941
0.968228
0.0552513
0.0648169
0.101924
0.161769
0.234319
0.313659
0.397424
0.485003
0.575584
0.667948
0.756028
0.826313
0.876051
0.912059
0.93844
0.957271
0.969214
0.97521
0.977149
0.977422
0.0292717
0.0389161
0.0769236
0.138345
0.213151
0.295173
0.382059
0.473198
0.567741
0.664406
0.756741
0.830316
0.88211
0.919316
0.946348
0.965518
0.977615
0.983592
0.985529
0.985694
0.00422215
0.0140505
0.0528368
0.115707
0.192527
0.276918
0.366623
0.461012
0.559242
0.660001
0.75653
0.833489
0.887476
0.926002
0.953762
0.973272
0.985485
0.991431
0.993298
0.993467
-0.0201327
-0.0100733
0.0294304
0.0937247
0.172285
0.258774
0.351019
0.448375
0.550016
0.654669
0.755352
0.835837
0.892223
0.932242
0.960842
0.980752
0.993076
0.998962
1.00071
1.00084
-0.04389
-0.0336073
0.00669907
0.0722442
0.152329
0.240697
0.33521
0.435252
0.540034
0.648363
0.753155
0.83734
0.896385
0.938117
0.967692
0.988039
1.00043
1.00617
1.00776
1.00782
-0.0671812
-0.0565853
-0.015557
0.0511771
0.132635
0.222667
0.319199
0.421654
0.529302
0.641072
0.749879
0.837927
0.899939
0.943678
0.974389
0.995187
1.00756
1.01308
1.01446
1.01443
-0.0899939
-0.0791015
-0.0373187
0.0304988
0.113202
0.204705
0.303027
0.407627
0.517852
0.632791
0.745472
0.837502
0.902821
0.948947
0.981025
1.00228
1.01448
1.01961
1.02073
1.02064
-0.112368
-0.101136
-0.0585556
0.0102475
0.0940595
0.186853
0.286747
0.393239
0.505747
0.623549
0.739898
0.835969
0.904921
0.953903
0.987722
1.00946
1.02124
1.02575
1.02655
1.02638
-0.1341
-0.12261
-0.0792539
-0.00953774
0.0752632
0.169189
0.270432
0.378567
0.493066
0.613412
0.733144
0.83323
0.906079
0.958442
0.994598
1.01706
1.0281
1.03153
1.03183
1.0316
-0.155324
-0.143471
-0.0993829
-0.028831
0.0568492
0.151758
0.254178
0.3637
0.479905
0.602473
0.725229
0.829184
0.906101
0.962344
1.00166
1.02555
1.03573
1.0373
1.03659
1.03626
-0.175875
-0.163688
-0.118908
-0.0475765
0.0388995
0.134649
0.238072
0.348763
0.466382
0.590808
0.716206
0.823745
0.90478
0.965259
1.0086
1.03529
1.04543
1.04457
1.04148
1.04023
-0.195797
-0.183297
-0.13777
-0.0657174
0.0214549
0.117931
0.2222
0.33384
0.452613
0.578564
0.706162
0.816848
0.901923
0.966735
1.01469
1.04588
1.05846
1.05678
1.04975
1.03986
-0.21501
-0.202262
-0.156051
-0.0834094
0.00429964
0.101317
0.206216
0.318516
0.438131
0.565211
0.694537
0.807861
0.896958
0.966206
1.01883
1.05591
1.07436
1.07508
1.06499
1.05866
-0.233457
-0.220568
-0.17375
-0.1006
-0.0125476
0.0848202
0.19015
0.302776
0.422907
0.550646
0.681173
0.796425
0.88922
0.962905
1.01866
1.05991
1.08154
1.08722
1.05034
1.00199
-0.250837
-0.237543
-0.190819
-0.11719
-0.0291358
0.068342
0.173979
0.286748
0.407006
0.534932
0.666018
0.782372
0.877715
0.956392
1.01221
1.04717
1.06957
1.05642
0.999498
0.937013
-0.26897
-0.253003
-0.206949
-0.132591
-0.0451904
0.0522567
0.157425
0.270486
0.390556
0.51823
0.649072
0.765582
0.861151
0.947702
0.997674
1.04393
1.01736
0.975434
0.906599
0.839088
-0.25631
-0.236065
-0.186376
-0.107431
-0.014867
0.0863084
0.196812
0.312859
0.435952
0.567036
0.691531
0.794863
0.882755
0.973237
1.01378
0.942997
0.897394
0.835316
0.763651
0.716098
-0.276115
-0.26303
-0.226081
-0.156958
-0.0700256
0.0267904
0.132104
0.244608
0.363883
0.490287
0.619179
0.733943
0.825689
0.908004
0.977368
0.97194
0.859355
0.777665
0.715826
0.634993
-0.297542
-0.28315
-0.241303
-0.170862
-0.0835671
0.012881
0.116994
0.22853
0.346794
0.471708
0.59871
0.711299
0.799851
0.86902
0.89655
0.823562
0.688446
0.595593
0.521721
0.43549
-0.319213
-0.306645
-0.260689
-0.188979
-0.101596
-0.00495164
0.0991082
0.210314
0.327643
0.450994
0.575059
0.683098
0.764129
0.816774
0.795511
0.669072
0.522277
0.4087
0.312976
0.180583
-0.342887
-0.330153
-0.282053
-0.209164
-0.121511
-0.0248679
0.0790564
0.189647
0.305814
0.427203
0.547758
0.650413
0.723344
0.754932
0.697448
0.519546
0.344702
0.197286
0.0600842
-0.127823
-0.365898
-0.353386
-0.30406
-0.230033
-0.141885
-0.0452968
0.058239
0.167951
0.282698
0.401743
0.51836
0.615025
0.679171
0.680158
0.572494
0.377318
0.170896
-0.0206327
-0.193167
-0.581858
-0.389051
-0.376785
-0.326874
-0.252034
-0.163464
-0.0668573
0.0362797
0.145094
0.258304
0.37476
0.487107
0.577068
0.629952
0.598798
0.449802
0.250196
0.0350475
-0.16557
-0.335324
-0.641892
-0.413118
-0.400986
-0.350761
-0.275405
-0.186532
-0.0898993
0.0128768
0.120813
0.232425
0.346105
0.453953
0.536598
0.575665
0.526304
0.338868
0.145301
-0.0550035
-0.221937
-0.289436
-0.326447
-0.43863
-0.426621
-0.376106
-0.300449
-0.211478
-0.114985
-0.0127271
0.0940972
0.203779
0.314172
0.416892
0.49136
0.515398
0.432103
0.239248
0.0568961
-0.11073
-0.217181
-0.252131
-0.261344
-0.465791
-0.453777
-0.403052
-0.327181
-0.238241
-0.142059
-0.0405361
0.0649104
0.172284
0.278858
0.37572
0.441762
0.441478
0.327161
0.148269
-0.0198835
-0.16021
-0.216156
-0.22788
-0.232068
-0.49473
-0.482713
-0.431653
-0.355609
-0.266806
-0.171109
-0.0705372
0.0332285
0.137916
0.2402
0.33041
0.387599
0.362201
0.228338
0.0630629
-0.0936233
-0.192696
-0.220785
-0.218375
-0.218626
-0.525213
-0.513438
-0.461875
-0.385682
-0.297117
-0.202068
-0.102693
-0.000908023
0.100706
0.198219
0.281251
0.327493
0.289861
0.135641
-0.0147696
-0.152274
-0.194725
-0.205788
-0.210171
-0.210724
-0.557038
-0.54516
-0.493472
-0.417223
-0.32902
-0.234804
-0.136876
-0.0373843
0.0607459
0.153081
0.228467
0.262958
0.217843
0.0545732
-0.083776
-0.179106
-0.220121
-0.209218
-0.207252
-0.20699
-0.589694
-0.577764
-0.526273
-0.449896
-0.362198
-0.26903
-0.172812
-0.0759397
0.0183016
0.105134
0.172391
0.196738
0.12939
-0.018952
-0.141111
-0.19534
-0.207437
-0.208218
-0.206411
-0.205838
-0.622396
-0.61057
-0.558961
-0.483138
-0.396146
-0.304284
-0.210078
-0.116146
-0.0261733
0.0548319
0.114109
0.122893
0.0375568
-0.0870758
-0.181284
-0.203196
-0.208896
-0.212711
-0.212852
-0.21154
-0.653946
-0.642505
-0.591108
-0.516065
-0.430129
-0.339896
-0.248027
-0.157338
-0.0719386
0.00279363
0.0553351
0.0476875
-0.0519017
-0.158996
-0.209167
-0.251043
-0.234355
-0.223263
-0.219811
-0.219425
-0.682886
-0.671908
-0.621588
-0.547493
-0.463151
-0.374943
-0.285785
-0.198623
-0.117951
-0.0498564
-0.00314284
-0.0226536
-0.145437
-0.247275
-0.263913
-0.253405
-0.255303
-0.245793
-0.23933
-0.238601
-0.707597
-0.697302
-0.648434
-0.576212
-0.493977
-0.408236
-0.322206
-0.238874
-0.162869
-0.101407
-0.0613644
-0.0884168
-0.236459
-0.387672
-0.395936
-0.360744
-0.348604
-0.337906
-0.326858
-0.319295
-0.725824
-0.716437
-0.669763
-0.600268
-0.521033
-0.438422
-0.355909
-0.2767
-0.205199
-0.149767
-0.117394
-0.147206
-0.302447
-0.541132
-0.73397
-0.601914
-0.521469
-0.497835
-0.475165
-0.454831
-0.735601
-0.727068
-0.68369
-0.617886
-0.542517
-0.463864
-0.385416
-0.310404
-0.243337
-0.192463
-0.167047
-0.185664
-0.304526
-0.482872
-0.765426
-0.618054
-0.519526
-0.501779
-0.496681
-0.489137
-0.733299
-0.726139
-0.688551
-0.627299
-0.556792
-0.482939
-0.409049
-0.33833
-0.275404
-0.227519
-0.206551
-0.194276
-0.196861
-0.0369798
0.0296236
-0.197942
-0.380227
-0.431248
-0.441626
-0.445659
-0.717263
-0.712382
-0.682097
-0.627171
-0.562544
-0.494297
-0.425337
-0.35872
-0.299394
-0.253664
-0.234935
-0.218671
-0.158783
0.143018
0.421753
0.0646024
-0.324066
-0.461632
-0.47409
-0.4824
-0.68795
-0.684345
-0.662678
-0.616867
-0.559367
-0.497262
-0.433255
-0.370241
-0.31315
-0.269913
-0.250901
-0.299056
-0.442447
-0.717903
-1.04988
-1.45697
-1.55004
-1.23199
-0.885086
-0.773174
-0.649193
-0.646896
-0.63338
-0.598039
-0.548304
-0.49226
-0.432611
-0.372099
-0.314835
-0.269214
-0.253935
-0.339857
-0.837134
-1.77805
-2.49169
-2.76075
-2.75427
-2.4873
-2.15135
-1.93446
-0.607595
-0.606324
-0.598896
-0.574641
-0.532686
-0.480991
-0.424281
-0.364062
-0.303668
-0.249197
-0.222902
-0.256149
-0.64343
-1.14696
-1.65822
-1.82513
-1.70279
-1.41716
-1.1362
-0.915105
-0.571307
-0.570581
-0.567199
-0.550901
-0.515956
-0.467387
-0.410946
-0.347655
-0.280063
-0.209214
-0.138206
-0.0723905
-0.0193288
0.16505
0.510378
0.894264
1.29396
1.60293
1.79755
1.89305
-0.543213
-0.542268
-0.540786
-0.532792
-0.503771
-0.45606
-0.396454
-0.327565
-0.248565
-0.159781
-0.0490649
0.0791694
0.308122
0.748153
1.35007
1.95071
2.41782
2.70857
2.85408
2.91201
-0.521322
-0.520813
-0.520394
-0.5175
-0.495643
-0.448383
-0.384017
-0.309115
-0.221587
-0.120837
-0.00441513
0.127601
0.287358
0.691314
1.24821
1.79098
2.23333
2.52327
2.67506
2.73006
-0.505039
-0.504726
-0.50456
-0.504078
-0.489288
-0.443006
-0.374734
-0.294044
-0.203444
-0.100153
0.008905
0.12729
0.233371
0.525468
1.00843
1.44055
1.78808
2.0184
2.13583
2.17846
-0.492535
-0.491619
-0.490325
-0.490878
-0.48253
-0.438373
-0.366094
-0.281417
-0.190079
-0.0911951
0.0128467
0.115109
0.214415
0.393069
0.741609
1.06916
1.32191
1.48511
1.56723
1.59766
-0.490588
-0.48918
-0.489475
-0.491978
-0.483047
-0.432951
-0.353898
-0.266074
-0.175433
-0.0809337
0.0153982
0.100669
0.178968
0.294175
0.528848
0.753192
0.927595
1.04295
1.09913
1.11925
-0.486555
-0.486916
-0.492664
-0.495971
-0.479373
-0.418197
-0.331317
-0.242331
-0.156259
-0.0709444
0.0115576
0.0782805
0.137773
0.212925
0.379703
0.529624
0.642391
0.717467
0.754585
0.766878
-0.433392
-0.436123
-0.445158
-0.448609
-0.427406
-0.36574
-0.28519
-0.205905
-0.131518
-0.0596191
0.00973925
0.0651489
0.113519
0.159441
0.269581
0.372822
0.44666
0.494204
0.516061
0.522374
-0.299914
-0.303821
-0.311043
-0.313893
-0.29848
-0.257903
-0.206653
-0.152109
-0.0972704
-0.0418977
0.0124132
0.0566722
0.0914585
0.121714
0.193853
0.259779
0.308176
0.340245
0.354712
0.359105
-0.132584
-0.13516
-0.139335
-0.143925
-0.142344
-0.131695
-0.113508
-0.088155
-0.0573665
-0.0211941
0.0173121
0.0520591
0.0781903
0.102333
0.146268
0.188639
0.219521
0.239115
0.248379
0.250377
0.00157139
0.000144563
-0.00249593
-0.00926175
-0.0202298
-0.0303022
-0.0344036
-0.0310923
-0.0193861
0.000101829
0.0252909
0.0501324
0.0712767
0.0913324
0.11726
0.141706
0.161096
0.173639
0.179352
0.180236
0.0770435
0.0762733
0.0742548
0.0668287
0.0522243
0.0345134
0.0198358
0.0116092
0.0113356
0.0188448
0.03304
0.0485639
0.0637199
0.077074
0.0920392
0.108029
0.121081
0.129357
0.132782
0.13283
0.107254
0.106724
0.10508
0.0987758
0.0857092
0.0687371
0.0525343
0.0401322
0.0335706
0.0332781
0.0387757
0.0461063
0.053052
0.058592
0.0675977
0.0801021
0.0903617
0.0967656
0.0992714
0.0990208
0.112494
0.112144
0.110887
0.106292
0.096591
0.0832369
0.0692312
0.0570612
0.0484247
0.0437913
0.042894
0.042385
0.0407652
0.0393134
0.046398
0.057564
0.0668038
0.0723621
0.074575
0.0742939
0.107121
0.106885
0.105984
0.102933
0.0964276
0.0870228
0.0763773
0.0661753
0.0576892
0.0513063
0.0465121
0.0400323
0.0312403
0.0257262
0.0340039
0.0451227
0.0529785
0.0569288
0.0581469
0.0577754
0.0985269
0.0983529
0.0977242
0.0958126
0.0917571
0.0855966
0.0781525
0.0704969
0.0634382
0.0572225
0.0510772
0.0419403
0.0294523
0.0231171
0.032058
0.0421676
0.0484492
0.0510695
0.051494
0.0512225
0.0900117
0.0898716
0.0894419
0.0882901
0.0859267
0.0821624
0.0773737
0.07217
0.0671243
0.0626039
0.057753
0.0499779
0.0391578
0.0354964
0.0448358
0.0522185
0.0556759
0.0566895
0.0565986
0.0563576
0.0826844
0.0825694
0.0822843
0.0815979
0.0802866
0.0781499
0.0753233
0.0722548
0.0693955
0.0673284
0.0662734
0.0640971
0.0606246
0.0618048
0.0685441
0.0724396
0.0736554
0.0737232
0.0735173
0.0731057
0.0764546
0.076366
0.0761949
0.0757812
0.0750904
0.0740081
0.0725947
0.0712525
0.0705483
0.07146
0.0752165
0.0811131
0.0869607
0.0941802
0.0969512
0.0969961
0.0966557
0.0970335
0.097215
0.0966358
0.070703
0.0706359
0.0705523
0.0703198
0.0699599
0.0695388
0.0690673
0.0690003
0.0701277
0.0737117
0.0822255
0.0967019
0.112688
0.123299
0.122552
0.119646
0.118597
0.119583
0.120242
0.119392
0.064786
0.0647349
0.0647228
0.0646238
0.0644285
0.0642713
0.0645249
0.0652995
0.0674872
0.0728762
0.0848983
0.105785
0.1307
0.142747
0.137681
0.132659
0.132036
0.133831
0.134542
0.133362
0.0582176
0.0581699
0.0582051
0.058216
0.0581658
0.058272
0.0588186
0.0600614
0.0629132
0.0681466
0.0805363
0.102938
0.130655
0.143679
0.136122
0.131356
0.132009
0.134462
0.134869
0.133436
0.0506373
0.0505994
0.0506988
0.0508807
0.0509607
0.0511347
0.0514939
0.0525307
0.0551251
0.0599628
0.0696041
0.0869342
0.109156
0.118104
0.111154
0.109217
0.112628
0.116262
0.116598
0.115226
0.0416695
0.041626
0.0417509
0.0420414
0.0424323
0.0425516
0.0430642
0.0437208
0.0451013
0.0483794
0.0529747
0.059695
0.0674518
0.0690872
0.0668624
0.0714461
0.0768454
0.0798674
0.0800364
0.0790945
0.0315747
0.0315014
0.0315756
0.0318112
0.0322763
0.0330909
0.0338689
0.0344921
0.0348179
0.0351999
0.0348266
0.0286422
0.0176685
0.0108384
0.0167699
0.0263951
0.0303617
0.0315484
0.0315524
0.031534
0.0207088
0.0205858
0.0206523
0.0210531
0.0216958
0.022313
0.0229483
0.0236493
0.023952
0.0230946
0.018732
0.00686426
-0.0212332
-0.0286707
-0.0168166
-0.00884352
-0.0110061
-0.0148748
-0.0149513
-0.013568
0.00325537
0.00309592
0.00282676
0.00246327
0.00220352
0.00227003
0.00261116
0.002861
0.00322346
0.00409227
0.00578022
-0.00112301
-0.0115193
-0.00982684
-0.0108943
-0.0167356
-0.0211626
-0.0190694
-0.015259
-0.0299478
-0.914378
-0.282758
0.145654
0.402119
0.590962
0.736328
0.850595
0.945588
1.04509
1.12193
0.0537278
0.25876
0.436813
0.589447
0.71691
0.821506
0.907177
0.976629
1.01864
1.02477
0.397831
0.517021
0.629089
0.731592
0.819913
0.894539
0.955529
1.00146
1.03173
1.0503
0.611939
0.692325
0.769868
0.842183
0.905636
0.959666
1.00401
1.03883
1.06591
1.08509
0.76781
0.822658
0.882144
0.93517
0.982503
1.02357
1.05838
1.08738
1.1114
1.12835
0.891416
0.932762
0.978658
1.01938
1.05687
1.0905
1.11994
1.14523
1.16638
1.18056
0.994582
1.02975
1.06633
1.10112
1.13357
1.16338
1.18995
1.21286
1.2316
1.24333
1.08823
1.11992
1.15326
1.18621
1.21714
1.24563
1.27093
1.29239
1.30917
1.31897
1.17949
1.21259
1.24722
1.28148
1.31294
1.34129
1.36593
1.38626
1.4014
1.41028
1.28156
1.31958
1.35734
1.39364
1.42576
1.4536
1.47701
1.49589
1.50975
1.51919
1.40843
1.45125
1.49027
1.5258
1.55609
1.58167
1.60319
1.62071
1.63414
1.6454
1.56987
1.61146
1.64504
1.67409
1.69852
1.72003
1.7396
1.75698
1.77195
1.78568
1.76038
1.78983
1.81146
1.8306
1.84887
1.86622
1.88236
1.89806
1.91476
1.93201
1.957
1.96762
1.9799
1.99443
2.00898
2.02189
2.03318
2.04402
2.05674
2.0723
2.14398
2.15357
2.16319
2.16521
2.16576
2.16996
2.18079
2.19713
2.21448
2.21918
2.44862
2.38976
2.33804
2.29801
2.27562
2.27155
2.2851
2.31881
2.37479
2.45412
0.993235
0.936126
0.893731
0.860192
0.835858
0.818434
0.805924
0.79694
0.790761
0.787205
0.786737
0.78954
0.794949
0.802872
0.813773
0.828731
0.849491
0.878223
0.916659
0.964743
0.797617
0.806643
0.812781
0.813387
0.809399
0.802992
0.796388
0.790821
0.7869
0.785166
0.786266
0.789811
0.795079
0.801607
0.808576
0.814275
0.816308
0.81297
0.804602
0.797415
0.773172
0.775269
0.779862
0.783607
0.786604
0.788341
0.788096
0.786284
0.784005
0.782348
0.782276
0.784031
0.786714
0.789335
0.790786
0.790231
0.787904
0.78467
0.780553
0.776113
0.767002
0.767901
0.7704
0.77303
0.774957
0.776398
0.777535
0.778066
0.777911
0.777592
0.77785
0.778838
0.779834
0.780176
0.779666
0.778626
0.777184
0.775022
0.772402
0.770373
0.76157
0.762035
0.763439
0.765477
0.767397
0.768899
0.770004
0.770913
0.771633
0.77216
0.772691
0.773203
0.773384
0.773153
0.772596
0.771629
0.770124
0.76825
0.766567
0.765537
0.756505
0.756794
0.757704
0.759165
0.760794
0.762383
0.763755
0.764864
0.765827
0.766703
0.76742
0.767818
0.767844
0.767532
0.766822
0.765708
0.764357
0.762992
0.761889
0.761257
0.751639
0.751843
0.752525
0.753684
0.755048
0.756476
0.757919
0.759261
0.760444
0.761506
0.762377
0.76285
0.762878
0.762478
0.761712
0.760738
0.759693
0.758653
0.757846
0.757399
0.746926
0.74708
0.747621
0.748594
0.749801
0.751111
0.752499
0.753925
0.755311
0.756589
0.757645
0.758237
0.758299
0.75794
0.757313
0.756544
0.755715
0.754903
0.754295
0.753959
0.742297
0.742418
0.742861
0.743702
0.744813
0.746062
0.747413
0.748867
0.750385
0.751884
0.75317
0.753931
0.754128
0.753934
0.753499
0.752922
0.752267
0.751642
0.751184
0.750923
0.737674
0.737771
0.738145
0.738896
0.739947
0.741158
0.742512
0.744013
0.745646
0.747357
0.748912
0.749927
0.75036
0.750391
0.750159
0.74977
0.749292
0.748824
0.748484
0.748278
0.732975
0.733054
0.733378
0.734073
0.735094
0.736306
0.7377
0.739286
0.74107
0.743016
0.744893
0.746252
0.746987
0.747278
0.747267
0.747067
0.746758
0.746432
0.746188
0.746024
0.728127
0.728192
0.72848
0.729144
0.730167
0.731428
0.732905
0.73463
0.736627
0.738874
0.74115
0.74293
0.744019
0.744598
0.744827
0.744824
0.74468
0.744484
0.744321
0.74419
0.723053
0.723106
0.723372
0.724031
0.725094
0.726443
0.728053
0.729981
0.732278
0.734932
0.737714
0.739982
0.741471
0.742373
0.742864
0.743071
0.743092
0.743018
0.742926
0.742822
0.717674
0.717717
0.717968
0.718641
0.719777
0.721258
0.723048
0.725234
0.727892
0.731046
0.734449
0.737323
0.739305
0.740603
0.741405
0.74186
0.742054
0.742102
0.742075
0.741995
0.711893
0.711925
0.712168
0.712876
0.714119
0.715775
0.71781
0.72033
0.723444
0.727219
0.731385
0.735001
0.737585
0.739355
0.740514
0.741262
0.741648
0.741828
0.741866
0.741807
0.705602
0.705623
0.705868
0.706629
0.708014
0.709899
0.712251
0.715214
0.71892
0.723465
0.728569
0.7331
0.736409
0.738728
0.740304
0.741351
0.741983
0.742313
0.742419
0.742378
0.698664
0.698689
0.698922
0.699744
0.701304
0.703484
0.706239
0.709755
0.71422
0.719768
0.726039
0.731636
0.735787
0.738775
0.740873
0.742296
0.743201
0.743693
0.743869
0.743847
0.690808
0.690818
0.691106
0.692007
0.693789
0.696308
0.699567
0.703762
0.709127
0.715845
0.723533
0.730501
0.73573
0.739537
0.742272
0.744189
0.745442
0.746134
0.74639
0.746385
0.681818
0.68182
0.682123
0.683155
0.685224
0.688208
0.69212
0.697215
0.703789
0.712047
0.721483
0.730027
0.736476
0.741233
0.744715
0.747218
0.748881
0.749816
0.750161
0.750168
0.671283
0.67128
0.671621
0.672822
0.675245
0.678814
0.683552
0.689772
0.697825
0.70795
0.71952
0.730013
0.73797
0.743894
0.748287
0.751489
0.753663
0.754885
0.755326
0.755339
0.658576
0.65857
0.658975
0.660403
0.663324
0.667695
0.673547
0.681266
0.691252
0.703735
0.717899
0.730679
0.740374
0.747638
0.7531
0.757124
0.759895
0.761435
0.761973
0.761985
0.64286
0.642852
0.643361
0.645154
0.648809
0.654321
0.661715
0.67145
0.683948
0.699386
0.716666
0.732119
0.743812
0.752616
0.75928
0.76422
0.767652
0.769526
0.770155
0.770158
0.622946
0.622937
0.623616
0.626
0.630773
0.637951
0.64752
0.66
0.675762
0.694855
0.715845
0.734378
0.748344
0.758861
0.76689
0.772859
0.776998
0.779204
0.779913
0.779902
0.597028
0.597022
0.598008
0.601404
0.60802
0.617753
0.630524
0.646823
0.66684
0.690425
0.715724
0.737699
0.75415
0.766548
0.776034
0.783125
0.787997
0.790515
0.791279
0.791247
0.562104
0.562122
0.563775
0.569121
0.578999
0.592858
0.610413
0.63193
0.657344
0.686269
0.716448
0.74219
0.761304
0.775714
0.786779
0.795085
0.800677
0.803456
0.804233
0.804165
0.512452
0.512706
0.516502
0.526308
0.542272
0.562884
0.587391
0.615782
0.647777
0.682829
0.718329
0.748032
0.769908
0.786396
0.799096
0.808653
0.814944
0.817894
0.818626
0.818506
0.440598
0.442977
0.454035
0.47332
0.499318
0.529301
0.562628
0.599155
0.638604
0.680433
0.721756
0.755832
0.780815
0.799713
0.814378
0.825422
0.832493
0.835717
0.836487
0.836382
0.363964
0.370196
0.389747
0.419223
0.455813
0.495486
0.537736
0.582561
0.629827
0.679086
0.727258
0.766883
0.796005
0.818152
0.835455
0.848553
0.856668
0.860189
0.860982
0.86098
0.298268
0.304769
0.330973
0.369094
0.414595
0.463167
0.51397
0.566904
0.62183
0.678334
0.733087
0.777938
0.810923
0.83608
0.855691
0.870253
0.878937
0.882873
0.883854
0.883894
0.244502
0.251462
0.281477
0.325706
0.377923
0.433739
0.491895
0.552129
0.614174
0.677504
0.738466
0.788177
0.82464
0.852355
0.873711
0.889498
0.899242
0.903686
0.904567
0.904679
0.199788
0.207041
0.239563
0.288298
0.345829
0.407537
0.471853
0.538437
0.606863
0.676475
0.743185
0.797345
0.836877
0.866706
0.889503
0.906218
0.916817
0.92168
0.922789
0.922986
0.161613
0.169021
0.203217
0.255366
0.317352
0.384031
0.453642
0.525784
0.599918
0.675246
0.747245
0.805442
0.847669
0.87926
0.903169
0.92059
0.931722
0.937037
0.93847
0.938741
0.128033
0.135532
0.170919
0.225952
0.291571
0.362494
0.436765
0.513869
0.593176
0.673763
0.750659
0.812554
0.857143
0.890186
0.914937
0.932956
0.944528
0.950178
0.951864
0.952157
0.0976494
0.105241
0.141593
0.199046
0.267718
0.342337
0.420729
0.502317
0.586392
0.671885
0.753389
0.818729
0.865443
0.89973
0.92517
0.9436
0.955438
0.96131
0.963152
0.963455
0.0695691
0.0772433
0.114484
0.17388
0.245229
0.323089
0.405155
0.490826
0.579314
0.669446
0.755365
0.824014
0.872747
0.908185
0.934255
0.952954
0.964999
0.970988
0.972932
0.973202
0.043079
0.0508655
0.0889378
0.149974
0.223694
0.304409
0.389768
0.479165
0.571761
0.666299
0.756516
0.828438
0.879191
0.915787
0.942495
0.961531
0.973664
0.979716
0.981694
0.981971
0.0177332
0.0256774
0.064531
0.126959
0.202817
0.286054
0.374379
0.467181
0.563598
0.662333
0.75677
0.83202
0.88489
0.922739
0.950127
0.969485
0.981724
0.987741
0.98966
0.989973
-0.00681448
0.00133003
0.0408396
0.104665
0.182394
0.26786
0.358865
0.454771
0.554738
0.65747
0.75608
0.834782
0.889939
0.929188
0.957356
0.977076
0.98941
0.9954
0.997239
0.99745
-0.0307013
-0.0223345
0.0177989
0.0829484
0.162296
0.249751
0.343157
0.44189
0.545134
0.651652
0.754397
0.836712
0.894392
0.935236
0.964309
0.984448
0.996853
1.00274
1.00446
1.00457
-0.0540419
-0.0455298
-0.00461877
0.0616773
0.142471
0.231692
0.327241
0.428524
0.534776
0.644853
0.751668
0.837765
0.898254
0.940949
0.971071
0.991652
1.00407
1.00976
1.01129
1.01131
-0.0769285
-0.0682104
-0.0265972
0.0407979
0.122903
0.213691
0.311144
0.414706
0.523672
0.63706
0.747829
0.837856
0.901482
0.946362
0.977721
0.998755
1.01109
1.01646
1.01775
1.01769
-0.0993795
-0.0904553
-0.0480768
0.0203245
0.103603
0.195778
0.294904
0.400484
0.511883
0.628297
0.742841
0.836888
0.903988
0.951482
0.984372
1.00586
1.01791
1.02279
1.02378
1.02365
-0.121315
-0.112176
-0.0690295
0.000298733
0.0846245
0.178002
0.278599
0.385938
0.49948
0.618598
0.736675
0.834766
0.905639
0.956247
0.991146
1.01321
1.02466
1.02872
1.02931
1.02911
-0.142666
-0.133313
-0.0894318
-0.0192509
0.066014
0.160442
0.262303
0.371157
0.486545
0.608046
0.729334
0.831384
0.906256
0.960502
0.998124
1.02118
1.03178
1.0344
1.03431
1.03404
-0.163428
-0.15385
-0.109254
-0.0382784
0.0478191
0.143172
0.246108
0.356244
0.473186
0.596726
0.720861
0.82665
0.905631
0.963962
1.00519
1.03028
1.04025
1.04062
1.03895
1.03846
-0.183525
-0.173729
-0.128454
-0.0567329
0.0301099
0.126248
0.2301
0.341292
0.45952
0.584752
0.711306
0.820489
0.903564
0.966216
1.01183
1.04057
1.05154
1.04986
1.04514
1.04281
-0.202976
-0.192975
-0.147003
-0.0746153
0.0128597
0.109649
0.214255
0.326271
0.445515
0.572087
0.700605
0.812681
0.899773
0.966788
1.01714
1.05116
1.0663
1.06599
1.05785
1.04102
-0.221794
-0.211619
-0.165001
-0.0920966
-0.00417208
0.0930589
0.198189
0.310702
0.430613
0.558078
0.688079
0.802467
0.893496
0.964956
1.01945
1.05901
1.0802
1.07994
1.07143
1.03304
-0.240222
-0.229392
-0.182409
-0.109011
-0.0208473
0.0766067
0.1821
0.294817
0.415057
0.542948
0.673837
0.789748
0.884036
0.960071
1.01633
1.05584
1.07822
1.08037
1.02883
0.969673
-0.259561
-0.245057
-0.199065
-0.125232
-0.0373999
0.0600996
0.165735
0.278622
0.398826
0.526672
0.657741
0.774309
0.870115
0.952171
1.00593
1.03156
1.04887
1.02275
0.958435
0.893411
-0.279787
-0.27865
-0.219536
-0.138408
-0.0510929
0.0462269
0.14959
0.262778
0.382647
0.510041
0.640412
0.756562
0.851341
0.943763
0.969663
0.977729
0.973282
0.918857
0.847827
0.7776
-0.255656
-0.252523
-0.195271
-0.114592
-0.0223485
0.0787071
0.186975
0.302776
0.425459
0.555921
0.679619
0.782218
0.866825
0.956382
0.977735
0.888419
0.810855
0.747928
0.677859
0.536501
-0.295512
-0.268273
-0.208777
-0.127561
-0.0352442
0.0654693
0.173132
0.288282
0.409996
0.538851
0.659953
0.759522
0.835657
0.895875
0.871516
0.750222
0.6373
0.559002
0.477268
0.31834
-0.320592
-0.288861
-0.227694
-0.146874
-0.0545282
0.0459285
0.153674
0.268017
0.388382
0.514951
0.632605
0.727242
0.794895
0.820241
0.74846
0.592834
0.460798
0.362038
0.250524
0.0250971
-0.344692
-0.310975
-0.248242
-0.166795
-0.0743739
0.025974
0.133351
0.246729
0.365504
0.489369
0.602677
0.691075
0.746392
0.738648
0.610219
0.430788
0.267342
0.130593
-0.0244401
-0.390376
-0.367996
-0.333422
-0.269553
-0.187305
-0.0947029
0.00546371
0.112199
0.224486
0.341465
0.462281
0.570538
0.652161
0.690183
0.652894
0.476287
0.274903
0.0708763
-0.100842
-0.348099
-0.887912
-0.391141
-0.356474
-0.291876
-0.20904
-0.116212
-0.0162398
0.0898601
0.200975
0.315958
0.433419
0.536196
0.60998
0.630092
0.546493
0.353399
0.141943
-0.0689207
-0.254344
-0.431033
-1.02495
-0.415261
-0.380455
-0.315464
-0.232234
-0.139232
-0.0394185
0.066079
0.175998
0.288852
0.402725
0.499802
0.564278
0.562111
0.434776
0.246998
0.0428235
-0.146032
-0.270299
-0.30119
-0.346628
-0.440765
-0.405861
-0.34062
-0.257203
-0.164204
-0.0647051
0.0400152
0.148459
0.258776
0.36841
0.459324
0.512098
0.487494
0.33101
0.150417
-0.0302002
-0.176533
-0.235886
-0.257357
-0.262542
-0.467984
-0.432868
-0.367421
-0.283926
-0.191089
-0.0920815
0.0116027
0.11825
0.225619
0.33036
0.414578
0.452823
0.413167
0.233597
0.062573
-0.0952038
-0.203969
-0.229293
-0.231269
-0.231774
-0.497014
-0.461578
-0.395897
-0.312379
-0.21984
-0.121535
-0.0191398
0.0853832
0.189361
0.288625
0.365133
0.390565
0.32228
0.143986
-0.0182037
-0.155244
-0.204441
-0.217682
-0.218639
-0.21829
-0.527734
-0.491895
-0.425999
-0.342531
-0.25042
-0.153014
-0.0521699
0.0498769
0.150036
0.243297
0.311229
0.32358
0.22358
0.0604159
-0.0885233
-0.193736
-0.207731
-0.209096
-0.210687
-0.210499
-0.559646
-0.523854
-0.457536
-0.374198
-0.282672
-0.186384
-0.0873747
0.0118304
0.107765
0.19455
0.253766
0.248328
0.135162
-0.0151834
-0.143861
-0.18774
-0.206103
-0.207424
-0.207095
-0.206893
-0.592398
-0.556162
-0.490132
-0.407061
-0.3163
-0.221373
-0.124491
-0.0284866
0.0628097
0.142863
0.192709
0.172237
0.0500985
-0.0807385
-0.182949
-0.218999
-0.211323
-0.207055
-0.206061
-0.205565
-0.625055
-0.588869
-0.52323
-0.440582
-0.35082
-0.257532
-0.163089
-0.070631
0.0156045
0.0889561
0.127728
0.0971616
-0.0332624
-0.135647
-0.207856
-0.206425
-0.211086
-0.213211
-0.212189
-0.210981
-0.656586
-0.621031
-0.555607
-0.473971
-0.385538
-0.294216
-0.202525
-0.113901
-0.0331183
0.0335029
0.0636092
0.018549
-0.116305
-0.192282
-0.206005
-0.231736
-0.226783
-0.220845
-0.219568
-0.219164
-0.685477
-0.650887
-0.586568
-0.506164
-0.419493
-0.330518
-0.241933
-0.157349
-0.0822134
-0.0225895
0.00340527
-0.0689139
-0.208144
-0.266787
-0.252989
-0.258995
-0.25068
-0.24167
-0.238679
-0.237876
-0.710033
-0.676925
-0.614289
-0.53592
-0.451489
-0.365281
-0.280173
-0.19978
-0.130124
-0.0780304
-0.0552073
-0.150492
-0.31731
-0.421775
-0.378253
-0.359117
-0.34211
-0.332473
-0.322344
-0.317008
-0.728085
-0.697164
-0.63684
-0.561492
-0.480061
-0.397161
-0.315845
-0.239792
-0.175094
-0.130732
-0.111724
-0.214359
-0.40716
-0.676408
-0.677966
-0.550572
-0.508668
-0.48714
-0.462786
-0.452445
-0.737469
-0.709269
-0.652568
-0.581039
-0.503497
-0.42462
-0.347429
-0.275729
-0.215326
-0.177226
-0.15836
-0.245837
-0.37023
-0.634805
-0.730992
-0.55259
-0.506386
-0.500007
-0.49246
-0.488941
-0.735777
-0.711351
-0.659676
-0.592877
-0.520187
-0.445999
-0.373217
-0.305776
-0.249018
-0.213402
-0.189028
-0.220727
-0.129381
0.0230281
-0.0788863
-0.302868
-0.420129
-0.436968
-0.444466
-0.445971
-0.719371
-0.700995
-0.656646
-0.595678
-0.52882
-0.459895
-0.391646
-0.327982
-0.27449
-0.23965
-0.225718
-0.211191
-0.0465614
0.392567
0.277351
-0.142858
-0.428916
-0.468543
-0.480227
-0.481212
-0.689708
-0.676705
-0.642016
-0.589068
-0.528782
-0.465481
-0.401553
-0.340669
-0.289456
-0.256314
-0.256402
-0.35513
-0.563594
-0.830808
-1.26816
-1.57354
-1.41789
-1.03448
-0.801787
-0.785908
-0.650658
-0.642282
-0.618284
-0.574327
-0.520846
-0.462862
-0.402389
-0.342852
-0.289892
-0.256427
-0.261002
-0.5276
-1.25806
-2.24428
-2.65825
-2.81145
-2.63444
-2.31776
-2.02191
-1.89672
-0.60876
-0.604106
-0.589211
-0.555327
-0.507743
-0.453358
-0.394539
-0.333806
-0.275343
-0.229054
-0.227631
-0.416138
-0.884051
-1.42303
-1.78624
-1.79976
-1.56766
-1.27163
-1.0141
-0.874812
-0.572087
-0.569715
-0.561269
-0.535486
-0.493096
-0.440094
-0.38016
-0.314327
-0.2452
-0.171656
-0.106686
-0.0444096
0.040784
0.329389
0.691836
1.10024
1.46266
1.71341
1.85688
1.91322
-0.542745
-0.541703
-0.538669
-0.520992
-0.481898
-0.427189
-0.363403
-0.289329
-0.206005
-0.106417
0.013206
0.166715
0.501194
1.03424
1.66172
2.20513
2.58531
2.79611
2.89118
2.92302
-0.521095
-0.520536
-0.52001
-0.50981
-0.474632
-0.417873
-0.348068
-0.267237
-0.172784
-0.0642148
0.0617845
0.189772
0.451349
0.964109
1.52597
2.02945
2.3977
2.6146
2.71198
2.7379
-0.504914
-0.50458
-0.504738
-0.500031
-0.469653
-0.411003
-0.33573
-0.250195
-0.153377
-0.0447494
0.0660693
0.182755
0.336511
0.764153
1.23391
1.62632
1.9196
2.08925
2.16426
2.1846
-0.492207
-0.490905
-0.490358
-0.489865
-0.465146
-0.404578
-0.324873
-0.236549
-0.141979
-0.0380515
0.0633627
0.165597
0.27603
0.557543
0.914566
1.20475
1.41586
1.53446
1.58755
1.60136
-0.48984
-0.488943
-0.490487
-0.491214
-0.463438
-0.395376
-0.310646
-0.221084
-0.129203
-0.0311618
0.0589913
0.141125
0.218896
0.404236
0.64689
0.846376
0.994072
1.07711
1.11253
1.12145
-0.486005
-0.489287
-0.495325
-0.491819
-0.454384
-0.375929
-0.286705
-0.199102
-0.114028
-0.027702
0.046989
0.109091
0.162027
0.292429
0.459254
0.590311
0.685478
0.740025
0.763064
0.767548
-0.434033
-0.440123
-0.448418
-0.442396
-0.401191
-0.325996
-0.245234
-0.168445
-0.0957766
-0.0234388
0.0398385
0.0880653
0.131265
0.210736
0.324303
0.413034
0.474397
0.507605
0.520797
0.522019
-0.301376
-0.30732
-0.313715
-0.309315
-0.280622
-0.232929
-0.17969
-0.1247
-0.0700066
-0.0135236
0.0360604
0.0715121
0.104313
0.156953
0.22812
0.286062
0.327103
0.349132
0.357936
0.358395
-0.133794
-0.137017
-0.14184
-0.144316
-0.137906
-0.12364
-0.101506
-0.0735461
-0.0400083
-0.00114047
0.0342498
0.0629792
0.0890879
0.123443
0.167721
0.205769
0.230742
0.244913
0.250051
0.249503
0.000751036
-0.000789721
-0.00527881
-0.0144006
-0.0257724
-0.0331835
-0.0336532
-0.0263409
-0.010571
0.012774
0.0374533
0.0601607
0.0810697
0.103937
0.129675
0.15222
0.16837
0.17723
0.180302
0.179274
0.0765496
0.0756941
0.0713919
0.0603438
0.0433287
0.0266
0.0148705
0.0104561
0.0141372
0.0255925
0.0406761
0.0558412
0.0708318
0.0843298
0.0999415
0.115144
0.125897
0.131598
0.133164
0.131914
0.106932
0.106254
0.102692
0.0930494
0.0773949
0.060364
0.0458133
0.0360612
0.0326472
0.0356145
0.0421866
0.0496288
0.0561333
0.0620884
0.073832
0.0856563
0.0941326
0.0984156
0.0994645
0.0982135
0.112308
0.111768
0.109145
0.102079
0.0901799
0.0761628
0.0628564
0.0522727
0.045608
0.0431459
0.0426106
0.041763
0.0394176
0.0418437
0.0519457
0.0625885
0.0701005
0.0738054
0.0747227
0.0736038
0.107013
0.106599
0.104819
0.100133
0.0919845
0.0817632
0.0711615
0.061683
0.0542727
0.0489195
0.0435079
0.0355595
0.027058
0.0287821
0.0398241
0.0495562
0.0554259
0.0577825
0.0581476
0.0572077
0.0984565
0.0981406
0.0969832
0.0940799
0.0888949
0.081981
0.0742949
0.0668624
0.0602805
0.054262
0.0469192
0.03575
0.02433
0.0267252
0.0374666
0.0458416
0.0501678
0.0514009
0.0514743
0.0507783
0.0899566
0.0897168
0.0889846
0.0872843
0.0842039
0.0798686
0.0747786
0.0696098
0.0648232
0.0604038
0.0543494
0.0445561
0.0353685
0.0400749
0.0490155
0.0543753
0.0564221
0.0566712
0.0565394
0.0560017
0.0826362
0.0824623
0.0820038
0.0810348
0.0793196
0.0768055
0.0737856
0.0707579
0.068266
0.066668
0.0654076
0.0623281
0.0599393
0.0652978
0.0709075
0.0732532
0.0737858
0.0736172
0.0733776
0.0727523
0.0764128
0.0763009
0.0760244
0.0754633
0.0746354
0.0733228
0.0718727
0.0707906
0.0707935
0.0729784
0.0779286
0.084032
0.0898232
0.0963726
0.097034
0.0967937
0.0968117
0.0971966
0.0970323
0.096273
0.070666
0.0706039
0.070461
0.070142
0.06971
0.0693301
0.0689562
0.0693644
0.0715229
0.0772821
0.0888765
0.104937
0.120255
0.123429
0.120914
0.11868
0.119014
0.120118
0.119945
0.118989
0.0647524
0.0647298
0.0646954
0.0645413
0.0643438
0.0643233
0.0648108
0.0661633
0.069615
0.0778623
0.0943564
0.118383
0.139467
0.141264
0.134459
0.131749
0.132826
0.134565
0.134022
0.13291
0.0581827
0.0581805
0.0582254
0.0581677
0.0582141
0.0584756
0.0593322
0.0611672
0.0644779
0.0734249
0.0905103
0.116884
0.140562
0.140261
0.132709
0.131514
0.13308
0.135093
0.134139
0.13293
0.0506031
0.0506328
0.0507849
0.0509718
0.0509541
0.0513398
0.0518433
0.0535453
0.0571388
0.0640207
0.0772369
0.0979533
0.116477
0.114712
0.109333
0.110241
0.114814
0.116829
0.115853
0.114684
0.0416304
0.0416679
0.0418759
0.042254
0.0425063
0.0427292
0.0433158
0.0442932
0.0464402
0.0504157
0.0560276
0.0637646
0.0699577
0.0669378
0.0687748
0.0742713
0.0788616
0.0804101
0.0795649
0.0785672
0.0315224
0.0315172
0.0316669
0.032001
0.0326553
0.0334911
0.0341923
0.0346815
0.0351132
0.0355389
0.0326126
0.0235452
0.0124833
0.0125235
0.0217428
0.029298
0.0308358
0.0316147
0.0316678
0.031139
0.0206351
0.0205747
0.0208343
0.0213297
0.0220048
0.0226333
0.0233041
0.0239406
0.0238495
0.0211849
0.0139104
-0.0055482
-0.0279481
-0.0235854
-0.0107116
-0.00949665
-0.0131105
-0.015561
-0.0140465
-0.0136013
0.00898932
0.00884115
0.00887691
0.00923044
0.00967352
0.0101925
0.0107778
0.0111863
0.0111256
0.0104198
0.0081146
-0.000494509
-0.0232041
-0.0257561
-0.0186979
-0.0181149
-0.0238162
-0.0321778
-0.0325956
-0.0292792
-0.551349
-0.0314139
0.28435
0.500961
0.667625
0.795805
0.900502
0.992024
1.09595
1.08658
0.191614
0.351076
0.516565
0.656348
0.771938
0.866366
0.944191
1.0022
1.02575
1.03194
0.470248
0.573523
0.682151
0.777514
0.85891
0.926782
0.980519
1.01828
1.04263
1.05963
0.660946
0.731761
0.807074
0.875088
0.933846
0.983057
1.02255
1.05317
1.07709
1.09563
0.803579
0.855605
0.909213
0.959644
1.00382
1.04174
1.07356
1.09997
1.12147
1.13982
0.918783
0.956525
0.999419
1.03858
1.0742
1.10573
1.1331
1.15634
1.17489
1.19284
1.01712
1.04798
1.08404
1.11765
1.14884
1.1771
1.20189
1.2228
1.2387
1.25637
1.10729
1.13622
1.16998
1.20194
1.23173
1.25871
1.28219
1.30144
1.3151
1.33264
1.1981
1.22951
1.26466
1.29757
1.32754
1.35411
1.37667
1.39454
1.40657
1.42426
1.30192
1.33827
1.37595
1.41023
1.44022
1.46587
1.48704
1.50345
1.51475
1.53295
1.43098
1.47099
1.50867
1.54158
1.56941
1.59292
1.61247
1.62787
1.63972
1.65815
1.59193
1.62874
1.66024
1.68677
1.70955
1.73005
1.74861
1.7647
1.7788
1.7968
1.77598
1.80129
1.82118
1.83983
1.85768
1.87446
1.89018
1.90622
1.92345
1.94255
1.96179
1.9735
1.98698
2.00187
2.01566
2.02772
2.03854
2.04999
2.06432
2.0829
2.14508
2.15961
2.16477
2.16532
2.16714
2.17449
2.18839
2.20636
2.21898
2.23249
2.41755
2.3632
2.316
2.2845
2.27141
2.27599
2.29926
2.34397
2.41133
2.50683
0.857021
0.852336
0.844936
0.83304
0.820052
0.808571
0.79943
0.792601
0.78806
0.786085
0.787248
0.791191
0.797336
0.80563
0.816185
0.828776
0.841833
0.851715
0.857684
0.861081
0.779039
0.786122
0.792098
0.796307
0.797581
0.795808
0.792183
0.78828
0.78521
0.783817
0.784826
0.787819
0.791906
0.796202
0.79937
0.799884
0.79717
0.792027
0.785178
0.779309
0.769894
0.772897
0.776147
0.778632
0.780635
0.782077
0.782404
0.781638
0.780511
0.779976
0.780757
0.782434
0.784049
0.78473
0.784077
0.782497
0.780439
0.777646
0.774362
0.772023
0.764227
0.765679
0.767907
0.770139
0.771779
0.772973
0.773937
0.774569
0.774825
0.775067
0.775664
0.776317
0.776528
0.776169
0.775434
0.774303
0.772535
0.770291
0.768499
0.767415
0.759009
0.759828
0.761289
0.763078
0.764809
0.766232
0.767322
0.768242
0.769048
0.769743
0.770294
0.770536
0.770422
0.769989
0.769155
0.767855
0.766284
0.764728
0.763699
0.763042
0.754052
0.754608
0.755679
0.757084
0.758592
0.760083
0.761429
0.762573
0.763588
0.764501
0.765128
0.765344
0.765181
0.764613
0.763671
0.762524
0.761317
0.760216
0.759517
0.759056
0.74927
0.749686
0.750543
0.751739
0.753052
0.754443
0.755863
0.757217
0.758447
0.759543
0.760309
0.760585
0.760394
0.759817
0.759009
0.7581
0.757162
0.756325
0.755806
0.755457
0.744609
0.744936
0.745643
0.746693
0.747911
0.749227
0.750631
0.752091
0.753526
0.754847
0.75579
0.756166
0.756059
0.755631
0.755019
0.754301
0.75356
0.752924
0.752532
0.752255
0.739994
0.740258
0.740861
0.741814
0.742973
0.744255
0.745664
0.747194
0.748798
0.750368
0.751542
0.752105
0.752193
0.751967
0.751547
0.751012
0.750444
0.749965
0.749666
0.74944
0.735343
0.735562
0.736093
0.736986
0.73811
0.73939
0.740841
0.742465
0.744234
0.746067
0.747545
0.748399
0.748748
0.748749
0.748526
0.748178
0.74777
0.747424
0.747198
0.747009
0.730579
0.730764
0.731246
0.732111
0.733236
0.734559
0.736093
0.737859
0.739853
0.742002
0.743861
0.745069
0.745719
0.745972
0.745959
0.745786
0.745533
0.745302
0.745135
0.744974
0.725628
0.725787
0.72624
0.727108
0.728278
0.729687
0.731358
0.733334
0.735627
0.738181
0.740508
0.742135
0.743121
0.743648
0.743862
0.743868
0.743764
0.743635
0.743517
0.743377
0.72041
0.720548
0.72099
0.721891
0.723146
0.724685
0.726546
0.728802
0.731487
0.734568
0.737459
0.739571
0.74095
0.741794
0.742264
0.742464
0.742512
0.742477
0.742402
0.742279
0.714841
0.714963
0.715409
0.716369
0.717744
0.719459
0.721565
0.724164
0.727323
0.731041
0.734634
0.737357
0.739227
0.740453
0.741221
0.741642
0.74185
0.741909
0.741873
0.741763
0.708822
0.70893
0.70939
0.710431
0.711968
0.713916
0.716357
0.719401
0.723156
0.72766
0.732111
0.735581
0.738042
0.739712
0.740796
0.741489
0.741884
0.742043
0.742047
0.741945
0.702236
0.702315
0.702801
0.703956
0.705709
0.707965
0.710825
0.714457
0.718997
0.724495
0.729992
0.734336
0.737469
0.739669
0.741149
0.742138
0.742737
0.743002
0.743044
0.742948
0.694853
0.694959
0.695485
0.69677
0.698767
0.701396
0.704783
0.709118
0.714599
0.721315
0.728089
0.733516
0.737506
0.74036
0.742343
0.743714
0.744554
0.744941
0.745023
0.744931
0.686462
0.686552
0.687151
0.688614
0.690935
0.694049
0.698105
0.703349
0.710018
0.718226
0.726574
0.733313
0.738297
0.741925
0.744535
0.746372
0.74751
0.748041
0.748164
0.748072
0.676749
0.676845
0.67754
0.679231
0.681962
0.685695
0.690615
0.697031
0.705227
0.715315
0.725537
0.733807
0.739989
0.744543
0.747879
0.750261
0.751769
0.752468
0.752631
0.752531
0.665188
0.665304
0.666132
0.668126
0.671389
0.675924
0.681954
0.689845
0.699916
0.712282
0.724811
0.734952
0.742568
0.748237
0.752457
0.755513
0.757456
0.758343
0.75854
0.758426
0.651052
0.65121
0.652258
0.654691
0.658707
0.664366
0.671917
0.681787
0.694302
0.709508
0.724745
0.737012
0.746254
0.753196
0.758421
0.762226
0.764647
0.765729
0.765955
0.765818
0.633348
0.633587
0.634986
0.638084
0.643195
0.650435
0.660062
0.672532
0.688127
0.70678
0.725222
0.739975
0.751074
0.759457
0.765817
0.770472
0.773405
0.774679
0.774924
0.77476
0.610614
0.611008
0.612968
0.617122
0.623922
0.633493
0.646066
0.662043
0.681563
0.704369
0.726506
0.744027
0.757189
0.767159
0.774755
0.780329
0.783776
0.785226
0.785481
0.785287
0.580538
0.581242
0.584187
0.590184
0.599761
0.61291
0.629705
0.650349
0.674758
0.702456
0.728747
0.7493
0.764694
0.776386
0.78531
0.79186
0.795798
0.797388
0.797634
0.797409
0.539055
0.540496
0.545571
0.555172
0.569581
0.588302
0.611056
0.637745
0.668054
0.701324
0.732145
0.755919
0.773654
0.787159
0.797538
0.805059
0.809417
0.811067
0.811277
0.811023
0.478629
0.48308
0.493778
0.510518
0.533105
0.560113
0.590795
0.624889
0.661975
0.70133
0.736897
0.763962
0.784081
0.799406
0.811188
0.819676
0.824345
0.825922
0.826043
0.825781
0.40612
0.414423
0.434042
0.461388
0.494366
0.530663
0.569887
0.611933
0.656463
0.702834
0.74428
0.775749
0.799233
0.817217
0.830982
0.840738
0.845924
0.847664
0.8479
0.847801
0.333301
0.347151
0.375805
0.413511
0.456377
0.501907
0.549707
0.599792
0.65189
0.705455
0.75302
0.789102
0.816119
0.837011
0.853124
0.86424
0.869726
0.871115
0.871418
0.871443
0.27322
0.29065
0.325059
0.370454
0.421322
0.474924
0.530611
0.58829
0.647641
0.708083
0.761418
0.801783
0.83201
0.855306
0.873021
0.885048
0.890736
0.892966
0.893476
0.893569
0.223739
0.243236
0.281946
0.333077
0.390248
0.450473
0.512945
0.577427
0.643445
0.710318
0.769022
0.813272
0.846264
0.87152
0.890631
0.903558
0.91024
0.912897
0.913503
0.913614
0.182144
0.202754
0.244757
0.300363
0.362745
0.428517
0.496804
0.567281
0.639327
0.712101
0.775742
0.823474
0.858828
0.885661
0.905805
0.919577
0.926976
0.929947
0.930662
0.930784
0.146054
0.167394
0.211995
0.271248
0.33796
0.408516
0.481913
0.557733
0.635244
0.713444
0.781615
0.832472
0.869853
0.897923
0.918861
0.933255
0.941265
0.944509
0.945294
0.945409
0.113927
0.135774
0.182441
0.244755
0.315145
0.389876
0.467827
0.548492
0.631039
0.714289
0.786678
0.840362
0.879476
0.908563
0.930117
0.944956
0.953397
0.956851
0.957677
0.957763
0.0846015
0.106832
0.155204
0.220117
0.293711
0.372114
0.454154
0.53926
0.626499
0.714526
0.79092
0.847256
0.887938
0.917911
0.939908
0.955044
0.963743
0.967315
0.968185
0.968236
0.0571848
0.0798258
0.129738
0.196806
0.27321
0.354868
0.440601
0.52979
0.621434
0.714036
0.794325
0.853249
0.895453
0.926279
0.948745
0.964091
0.97288
0.976544
0.977381
0.977399
0.0311695
0.0542737
0.105443
0.174448
0.25333
0.337879
0.426957
0.519912
0.615701
0.712712
0.796864
0.85841
0.902202
0.933911
0.956847
0.972438
0.981273
0.984934
0.985707
0.985636
0.00614369
0.0297739
0.0819393
0.152778
0.233839
0.320973
0.41309
0.50951
0.609191
0.710479
0.798513
0.862809
0.908321
0.941021
0.964471
0.980272
0.989142
0.992725
0.993487
0.993384
-0.0181556
0.0059467
0.0591654
0.131626
0.214592
0.304047
0.398909
0.498516
0.601842
0.707265
0.799253
0.866489
0.913913
0.947748
0.971797
0.987835
0.996718
1.0002
1.00087
1.00074
-0.041886
-0.0172482
0.0370124
0.110868
0.195525
0.287048
0.384384
0.4869
0.593623
0.70303
0.799035
0.869449
0.919041
0.954191
0.978925
0.995191
1.00401
1.00732
1.00788
1.0077
-0.0651143
-0.0399189
0.0153306
0.0904563
0.176621
0.26998
0.369528
0.47467
0.584522
0.697733
0.797789
0.871636
0.923717
0.96042
0.985921
1.00238
1.01105
1.01411
1.01451
1.0143
-0.0878265
-0.0621238
-0.00590998
0.0703768
0.157888
0.252866
0.354377
0.461869
0.57456
0.691349
0.795433
0.872963
0.927921
0.966501
0.992888
1.00944
1.01777
1.02048
1.02074
1.0205
-0.110079
-0.0838145
-0.0266666
0.050664
0.139364
0.235759
0.338995
0.448557
0.563796
0.683878
0.791905
0.873318
0.931568
0.972488
0.999988
1.01649
1.02421
1.02641
1.0265
1.02624
-0.131753
-0.104946
-0.0469131
0.031354
0.1211
0.218735
0.323463
0.434822
0.552299
0.675345
0.787141
0.872561
0.934505
0.978367
1.00746
1.02385
1.0305
1.03185
1.03172
1.03147
-0.152857
-0.125466
-0.0666325
0.0124999
0.103166
0.201867
0.307877
0.42077
0.540156
0.665817
0.7811
0.870542
0.93651
0.98399
1.01552
1.03216
1.03719
1.03696
1.03637
1.03618
-0.173295
-0.14537
-0.0857664
-0.00584912
0.0856177
0.185236
0.292318
0.406486
0.527488
0.655385
0.773763
0.867115
0.9373
0.988979
1.02414
1.04229
1.04587
1.04286
1.04063
1.04024
-0.193123
-0.164631
-0.10426
-0.0236349
0.0685319
0.16893
0.276911
0.392108
0.514425
0.644156
0.765158
0.862152
0.936573
0.992703
1.03258
1.05449
1.05891
1.05364
1.04567
1.02882
-0.212273
-0.183247
-0.122252
-0.0410601
0.0516092
0.152609
0.26123
0.377164
0.500433
0.631579
0.7547
0.855004
0.933845
0.994398
1.03948
1.06756
1.07651
1.07148
1.05671
1.06993
-0.230837
-0.20115
-0.139696
-0.0580763
0.0349017
0.136328
0.245282
0.361681
0.485507
0.617562
0.742214
0.845067
0.928476
0.992806
1.04091
1.07319
1.08712
1.07935
1.02063
1.00628
-0.249457
-0.218739
-0.156332
-0.0743295
0.0188726
0.120514
0.229265
0.345931
0.469951
0.602329
0.727781
0.831933
0.919807
0.98724
1.03165
1.06233
1.06809
1.03272
0.964896
0.924307
-0.269467
-0.237467
-0.171719
-0.0893183
0.00407569
0.10544
0.213587
0.33014
0.45391
0.585951
0.711361
0.815521
0.906018
0.977563
1.02457
1.0216
1.00135
0.941622
0.870273
0.827285
0.142779
0.255831
0.375482
0.502503
0.632032
0.747201
0.840086
0.701144
-0.287697
-0.272052
-0.233202
-0.163692
-0.0765886
0.0199031
0.124474
0.236369
0.355122
0.480793
0.608886
0.722959
0.813635
0.890363
0.941956
0.90412
0.770219
0.685624
0.618523
-0.307652
-0.294764
-0.250511
-0.179409
-0.0920583
0.00450241
0.108526
0.219883
0.337697
0.46186
0.587487
0.697997
0.783151
0.844719
0.844903
0.74562
0.606632
0.504515
0.417551
-0.330886
-0.318355
-0.271211
-0.198971
-0.111496
-0.0148443
0.0891977
0.200155
0.316939
0.439367
0.561732
0.667162
0.744176
0.786662
0.748849
0.593963
0.434528
0.305735
0.190965
-0.354323
-0.341691
-0.292911
-0.219477
-0.131588
-0.0349808
0.0687656
0.178938
0.29441
0.414669
0.533314
0.63308
0.702073
0.719863
0.636313
0.447184
0.256254
0.0844294
-0.0799922
-0.377196
-0.364893
-0.31527
-0.24085
-0.152502
-0.0559047
0.0474143
0.156667
0.270654
0.388418
0.502917
0.596308
0.65531
0.638278
0.509691
0.310721
0.0965676
-0.099423
-0.282126
-0.400615
-0.38856
-0.338549
-0.263487
-0.174758
-0.0781156
0.0248485
0.133242
0.245695
0.36083
0.471015
0.557486
0.603621
0.562563
0.393156
0.195996
-0.0153807
-0.208374
-0.324192
-0.393829
-0.425363
-0.413449
-0.363116
-0.287688
-0.198771
-0.102183
0.000354387
0.10777
0.21846
0.330567
0.435948
0.514657
0.546413
0.482576
0.287674
0.0983802
-0.0853323
-0.221955
-0.264699
-0.289097
-0.451579
-0.439777
-0.389228
-0.313571
-0.224624
-0.128276
-0.0263458
0.0798228
0.188396
0.296948
0.39685
0.467295
0.480718
0.37883
0.193074
0.0178216
-0.136258
-0.218623
-0.238236
-0.243572
-0.479547
-0.467769
-0.416976
-0.341141
-0.252289
-0.156337
-0.0552544
0.049382
0.155465
0.259961
0.353596
0.415606
0.401011
0.277315
0.104981
-0.0585145
-0.178845
-0.222604
-0.223105
-0.224238
-0.509189
-0.497533
-0.446377
-0.370389
-0.281741
-0.186346
-0.0863456
0.0164721
0.119673
0.219637
0.306326
0.358682
0.324877
0.180615
0.0228035
-0.128307
-0.195177
-0.212506
-0.213912
-0.213933
-0.540321
-0.528645
-0.477317
-0.401215
-0.312869
-0.218221
-0.119533
-0.0188509
0.0810661
0.176041
0.25534
0.29574
0.255537
0.0943631
-0.0520775
-0.166943
-0.212263
-0.207622
-0.208402
-0.208514
-0.572464
-0.560653
-0.509575
-0.433357
-0.345457
-0.251749
-0.154635
-0.0564089
0.0398301
0.129452
0.200861
0.230583
0.17524
0.0169055
-0.114815
-0.193648
-0.210494
-0.207262
-0.206031
-0.205559
-0.605072
-0.593201
-0.542362
-0.466391
-0.379094
-0.286553
-0.1913
-0.0958566
-0.00370164
0.0802704
0.143519
0.160991
0.0830846
-0.0534975
-0.166649
-0.191712
-0.20521
-0.209175
-0.208448
-0.207289
-0.637031
-0.625374
-0.57486
-0.499568
-0.413167
-0.322086
-0.228998
-0.13665
-0.0489322
0.0290024
0.0848439
0.0849905
-0.00679862
-0.123111
-0.193184
-0.228833
-0.221357
-0.218636
-0.216625
-0.215643
-0.666897
-0.655848
-0.606283
-0.531853
-0.446805
-0.357546
-0.266975
-0.17801
-0.0949715
-0.0235236
0.0262865
0.0117447
-0.0978422
-0.20074
-0.237316
-0.254407
-0.242042
-0.230072
-0.224705
-0.224769
-0.693592
-0.682866
-0.635276
-0.562081
-0.478891
-0.391876
-0.304219
-0.21893
-0.140613
-0.0758784
-0.032109
-0.0562701
-0.192191
-0.311575
-0.309541
-0.286829
-0.288629
-0.279903
-0.272147
-0.268734
-0.714688
-0.704678
-0.659362
-0.588788
-0.508042
-0.423808
-0.339458
-0.258156
-0.184425
-0.126107
-0.0897404
-0.119141
-0.273973
-0.474906
-0.553776
-0.480871
-0.433776
-0.414495
-0.398696
-0.384893
-0.72832
-0.719342
-0.677083
-0.609878
-0.532539
-0.451823
-0.371264
-0.294137
-0.224865
-0.171951
-0.143203
-0.170055
-0.314948
-0.557925
-0.849227
-0.660931
-0.559064
-0.5337
-0.513501
-0.499601
-0.732003
-0.724584
-0.686462
-0.623724
-0.550622
-0.474281
-0.39803
-0.325163
-0.260214
-0.210992
-0.188266
-0.19221
-0.259692
-0.293405
-0.446719
-0.460266
-0.438563
-0.442396
-0.45324
-0.459526
-0.724389
-0.718317
-0.685487
-0.628533
-0.560825
-0.489632
-0.41815
-0.34953
-0.288516
-0.241527
-0.221057
-0.192801
-0.151213
0.132553
0.401256
0.0182461
-0.353147
-0.454879
-0.459473
-0.460944
-0.702001
-0.697579
-0.671691
-0.623025
-0.562196
-0.496817
-0.430338
-0.3656
-0.307643
-0.263398
-0.242666
-0.246072
-0.253906
-0.118419
-0.0457502
-0.363888
-0.564026
-0.594011
-0.525897
-0.530188
-0.667653
-0.664875
-0.646594
-0.607452
-0.554869
-0.495683
-0.433944
-0.372385
-0.31554
-0.272086
-0.25474
-0.330737
-0.675838
-1.40889
-2.02624
-2.44555
-2.41373
-2.01654
-1.61799
-1.36321
-0.626687
-0.625021
-0.614718
-0.585048
-0.540838
-0.487286
-0.429259
-0.369246
-0.310858
-0.261429
-0.24482
-0.31803
-0.828113
-1.63207
-2.37088
-2.65937
-2.61905
-2.35575
-2.06284
-1.825
-0.58737
-0.586322
-0.581369
-0.561515
-0.523924
-0.474192
-0.417988
-0.356713
-0.293345
-0.231813
-0.185446
-0.16484
-0.3412
-0.477512
-0.517099
-0.397207
-0.140593
0.11028
0.319385
0.447818
-0.556161
-0.555521
-0.553027
-0.541124
-0.50911
-0.461244
-0.403618
-0.337574
-0.264361
-0.183746
-0.0887335
0.0169658
0.217692
0.596699
1.15669
1.72604
2.19748
2.511
2.66614
2.71722
-0.531038
-0.530338
-0.529526
-0.524651
-0.49932
-0.451916
-0.389853
-0.317996
-0.234079
-0.138645
-0.0214797
0.112897
0.316478
0.754213
1.33881
1.9236
2.38465
2.67941
2.83638
2.89774
-0.512894
-0.512534
-0.512373
-0.510919
-0.492521
-0.44555
-0.378944
-0.301107
-0.211509
-0.108075
0.00455238
0.130569
0.254419
0.608199
1.13604
1.62328
2.02385
2.288
2.42371
2.47292
-0.497867
-0.497386
-0.496785
-0.49702
-0.485841
-0.440612
-0.370546
-0.287683
-0.196596
-0.0952493
0.0111352
0.121175
0.2231
0.452858
0.872365
1.25153
1.55014
1.74591
1.84395
1.88003
-0.490315
-0.488976
-0.487798
-0.488979
-0.481181
-0.435774
-0.36082
-0.274486
-0.183222
-0.0864612
0.0145987
0.109115
0.200293
0.34197
0.625959
0.90069
1.11149
1.24922
1.31812
1.34235
-0.490985
-0.490016
-0.492709
-0.495641
-0.484229
-0.428238
-0.344574
-0.25549
-0.16641
-0.0755826
0.0141055
0.0893212
0.155785
0.249933
0.448254
0.630706
0.771607
0.864985
0.911446
0.928517
-0.469389
-0.471576
-0.479572
-0.483731
-0.463124
-0.398808
-0.312034
-0.226106
-0.144882
-0.0660449
0.00979402
0.070431
0.12496
0.183469
0.320516
0.445266
0.536251
0.596029
0.623754
0.632911
-0.374991
-0.378777
-0.387491
-0.390063
-0.370379
-0.317273
-0.249685
-0.18123
-0.115526
-0.0513876
0.0108578
0.0606671
0.101798
0.138837
0.227519
0.310455
0.370474
0.409898
0.427593
0.432494
-0.215803
-0.219112
-0.224697
-0.228221
-0.219938
-0.194225
-0.159871
-0.12023
-0.0775848
-0.0317305
0.0144268
0.0538
0.0838751
0.109527
0.166831
0.220105
0.258878
0.28359
0.295645
0.299054
-0.0585934
-0.0604785
-0.0637208
-0.0694748
-0.0745615
-0.0761292
-0.0709172
-0.0580106
-0.0376906
-0.0104783
0.0210199
0.0509197
0.0743363
0.0969335
0.130795
0.163034
0.187458
0.203132
0.210283
0.211655
0.0464585
0.0453066
0.042995
0.0355918
0.0217341
0.00634452
-0.00437029
-0.00786782
-0.00295885
0.0100051
0.0294396
0.0494649
0.0679433
0.0842645
0.104204
0.123587
0.139432
0.149599
0.154012
0.154381
0.0964911
0.0958365
0.0940028
0.0869917
0.0727557
0.054831
0.0386464
0.0275507
0.0234651
0.0265562
0.0361179
0.0474683
0.0585787
0.0687673
0.0800603
0.0937798
0.10492
0.111896
0.114743
0.114584
0.11189
0.111458
0.110005
0.104546
0.0930954
0.0777616
0.0624237
0.0498114
0.0418206
0.039025
0.0410013
0.0443203
0.0469072
0.0484429
0.0559384
0.0676469
0.0775485
0.0836828
0.0860903
0.0857992
0.110523
0.110236
0.109162
0.10539
0.0973766
0.0860623
0.0737256
0.0623932
0.0536198
0.0477996
0.0446672
0.0408755
0.0353173
0.0315853
0.039129
0.0501106
0.0585812
0.0633838
0.0651262
0.0648218
0.102933
0.102734
0.101982
0.0995646
0.0943978
0.0867095
0.0777227
0.0687715
0.0609077
0.0544121
0.0486236
0.0403314
0.0292237
0.0226408
0.0314936
0.042194
0.0492603
0.0525064
0.0532658
0.0529706
0.0941453
0.0939935
0.0934768
0.0919978
0.0888761
0.0840104
0.0779682
0.0715857
0.065515
0.0600409
0.0541483
0.0450146
0.0327845
0.0271407
0.0365671
0.0456701
0.050714
0.0525229
0.0526777
0.0523872
0.0861743
0.0860476
0.0856935
0.0848074
0.0830306
0.0801784
0.0764482
0.0723654
0.068458
0.064967
0.0618461
0.0563578
0.0484565
0.0474025
0.055812
0.0613155
0.0636321
0.0641297
0.0638382
0.0635252
0.0794562
0.0793553
0.0791315
0.0786099
0.0776485
0.0760969
0.074033
0.0718688
0.0701798
0.0696097
0.0707818
0.0725727
0.0736094
0.0778823
0.0827042
0.0845373
0.0846209
0.0846528
0.0845945
0.0841749
0.0735492
0.0734731
0.0733523
0.0730488
0.0725184
0.0718535
0.0709466
0.0702853
0.0704547
0.0729356
0.0791529
0.0893774
0.0999541
0.109006
0.110769
0.109069
0.108418
0.109047
0.109424
0.108697
0.0677953
0.0677405
0.067701
0.0675389
0.0672852
0.0669613
0.0669482
0.0673528
0.0690793
0.0736461
0.0842862
0.102533
0.123164
0.135419
0.132081
0.127824
0.126783
0.128127
0.128865
0.127847
0.0615997
0.0615567
0.0615844
0.0615661
0.0614318
0.061456
0.0616758
0.062796
0.0653935
0.0709959
0.083641
0.10596
0.133159
0.146005
0.139939
0.134679
0.13372
0.135833
0.136397
0.135162
0.0545952
0.0545626
0.0546445
0.0547692
0.0548548
0.054945
0.0551843
0.0563778
0.0589274
0.0642154
0.0758957
0.0964882
0.12268
0.133969
0.126579
0.122328
0.124931
0.128377
0.1284
0.126861
0.0463684
0.0463348
0.046431
0.0466385
0.046763
0.0471819
0.0476303
0.0487149
0.0506652
0.054389
0.0618607
0.0743642
0.0904402
0.0956084
0.0907349
0.0920809
0.0964257
0.100124
0.100084
0.0989464
0.0367314
0.0366533
0.0367204
0.0370111
0.0375969
0.0379714
0.0382917
0.0388848
0.0401483
0.0423354
0.0434193
0.0438391
0.041485
0.0394383
0.0421777
0.0491364
0.0545316
0.0564028
0.0564724
0.0559955
0.0261566
0.0260464
0.0261203
0.0265666
0.0272043
0.0279526
0.028797
0.0292882
0.0292992
0.0292672
0.0257259
0.0160122
-0.00472264
-0.0109267
-0.00318058
0.00650415
0.00764032
0.00670511
0.00653787
0.00713371
0.0149266
0.0148083
0.0148316
0.0151134
0.0158481
0.0164889
0.017077
0.0178326
0.0182866
0.0172779
0.0135657
9.44441e-05
-0.0261286
-0.0332928
-0.0221879
-0.0168516
-0.0220836
-0.0295641
-0.0296168
-0.0277062
0.00890026
0.00883006
0.00902086
0.00944433
0.00992932
0.0104654
0.0109547
0.0111903
0.0108814
0.00958254
0.00520108
-0.0114874
-0.0276924
-0.0218045
-0.0174452
-0.019927
-0.0287485
-0.0332616
-0.0313418
-0.0140684
-0.253804
0.083139
0.309588
0.501489
0.656428
0.780342
0.880121
0.965268
1.02458
1.0201
0.245075
0.403082
0.542249
0.665827
0.771229
0.859489
0.932156
0.98787
1.02192
1.03603
0.513382
0.611657
0.704514
0.790023
0.864469
0.927684
0.979322
1.01863
1.04722
1.0665
0.694666
0.760757
0.828235
0.890422
0.944808
0.99149
1.03043
1.06196
1.08767
1.10561
0.832488
0.879632
0.931942
0.978006
1.01975
1.05652
1.08829
1.11523
1.13781
1.15322
0.944628
0.982529
1.02282
1.06029
1.09474
1.12605
1.15384
1.17778
1.19767
1.21043
1.04221
1.07516
1.10927
1.14288
1.17425
1.20314
1.22895
1.25104
1.26877
1.27931
1.13335
1.16516
1.19861
1.23215
1.26323
1.29158
1.31657
1.33748
1.3534
1.36244
1.22819
1.26348
1.29957
1.33512
1.36711
1.39534
1.41949
1.43915
1.45361
1.46241
1.34098
1.38177
1.42063
1.45728
1.48902
1.516
1.53852
1.5566
1.57007
1.58019
1.48466
1.52774
1.56524
1.59842
1.62626
1.64997
1.67056
1.68789
1.70182
1.71404
1.66253
1.69956
1.72762
1.75163
1.77268
1.79202
1.81023
1.82731
1.84347
1.85881
1.85992
1.87932
1.89503
1.91119
1.92779
1.94323
1.95684
1.96997
1.98548
2.00336
2.04894
2.05668
2.06855
2.08023
2.0901
2.09927
2.10952
2.12085
2.13218
2.13948
2.2678
2.26606
2.25797
2.24097
2.22957
2.22897
2.24114
2.26598
2.29966
2.32725
2.67631
2.48948
2.38792
2.33053
2.30151
2.29485
2.31012
2.35075
2.42652
2.57281
-0.257322
-0.258632
-0.218749
-0.147187
-0.0600282
0.037163
0.928025
0.993245
0.99202
0.919974
0.851447
0.780925
0.550908
0.327374
0.0604578
-0.293017
-0.659008
)
;

boundaryField
{
    wall-4
    {
        type            zeroGradient;
    }
    pressure-outlet-7
    {
        type            fixedValue;
        value           uniform 0;
    }
    velocity-inlet-6
    {
        type            zeroGradient;
    }
    velocity-inlet-5
    {
        type            zeroGradient;
    }
    frontAndBackPlanes
    {
        type            empty;
    }
}


// ************************************************************************* //
