/*--------------------------------*- C++ -*----------------------------------*\
| =========                 |                                                 |
| \\      /  F ield         | OpenFOAM: The Open Source CFD Toolbox           |
|  \\    /   O peration     | Version:  v2012                                 |
|   \\  /    A nd           | Website:  www.openfoam.com                      |
|    \\/     M anipulation  |                                                 |
\*---------------------------------------------------------------------------*/
FoamFile
{
    version     2.0;
    format      ascii;
    class       volScalarField;
    location    "55";
    object      p;
}
// * * * * * * * * * * * * * * * * * * * * * * * * * * * * * * * * * * * * * //

dimensions      [0 2 -2 0 0 0 0];


internalField   nonuniform List<scalar> 
8800
(
0.860558
0.812506
0.774129
0.745486
0.72486
0.710104
0.699498
0.69199
0.687147
0.685081
0.686361
0.690576
0.697254
0.706599
0.71936
0.736953
0.7614
0.795014
0.837462
0.894589
0.693089
0.700295
0.708733
0.712148
0.710231
0.704705
0.697988
0.691821
0.687059
0.684199
0.683921
0.686446
0.690969
0.696976
0.703893
0.710518
0.714654
0.714143
0.708083
0.699108
0.669797
0.675973
0.680171
0.68353
0.686028
0.686821
0.685707
0.683556
0.681514
0.680601
0.681573
0.683979
0.686822
0.689047
0.689587
0.688061
0.685218
0.681583
0.67705
0.673266
0.664661
0.667361
0.67008
0.672388
0.674031
0.675353
0.676255
0.676453
0.676183
0.676143
0.6769
0.678065
0.678864
0.67881
0.67802
0.67683
0.675085
0.672588
0.670164
0.668634
0.659466
0.660888
0.662686
0.664738
0.666486
0.667787
0.668806
0.669672
0.670343
0.670935
0.671586
0.672049
0.672087
0.671742
0.671051
0.669852
0.668159
0.666282
0.664961
0.664138
0.654456
0.655369
0.656604
0.658181
0.659829
0.661348
0.662613
0.663682
0.664672
0.665589
0.666279
0.666588
0.666533
0.666104
0.665238
0.664026
0.662678
0.661414
0.660593
0.660049
0.649585
0.650249
0.651205
0.652501
0.65391
0.655377
0.656817
0.658131
0.659328
0.660442
0.661269
0.661641
0.661564
0.661057
0.660239
0.659279
0.658266
0.657343
0.656759
0.656358
0.644827
0.645339
0.646117
0.647239
0.64851
0.649882
0.65133
0.652801
0.654226
0.655563
0.656576
0.657053
0.657028
0.656634
0.656022
0.655294
0.65452
0.653834
0.653401
0.653088
0.640119
0.640527
0.641177
0.642176
0.643374
0.644693
0.646134
0.647688
0.649309
0.650908
0.652157
0.652813
0.65297
0.652792
0.652403
0.651882
0.651308
0.650813
0.65049
0.650236
0.635379
0.635711
0.636273
0.637192
0.63834
0.639643
0.641114
0.642761
0.644564
0.646446
0.648002
0.648942
0.649368
0.649437
0.649272
0.648968
0.648583
0.648245
0.648006
0.647793
0.63052
0.630796
0.631297
0.632168
0.633297
0.634623
0.636165
0.637946
0.63997
0.642175
0.644121
0.645429
0.646177
0.646526
0.646604
0.646516
0.64632
0.646119
0.645947
0.645764
0.625457
0.625688
0.62615
0.627005
0.628155
0.629546
0.6312
0.633168
0.635477
0.638086
0.640508
0.642259
0.643384
0.644052
0.6444
0.644537
0.644525
0.644451
0.644334
0.644171
0.620099
0.620296
0.620739
0.621607
0.622818
0.624318
0.62614
0.628363
0.631036
0.634152
0.637154
0.63943
0.640992
0.642024
0.642673
0.643046
0.643237
0.643278
0.643207
0.643059
0.61435
0.614519
0.614958
0.615868
0.617182
0.618844
0.620899
0.623457
0.626597
0.630345
0.634049
0.636949
0.639025
0.640472
0.641465
0.64212
0.642506
0.64266
0.642628
0.642489
0.608093
0.608238
0.60869
0.609672
0.611135
0.613017
0.615383
0.618369
0.622096
0.626622
0.631177
0.634825
0.637511
0.639446
0.640826
0.641787
0.642397
0.642667
0.642673
0.642538
0.601195
0.601315
0.601795
0.60288
0.604545
0.606717
0.60948
0.61301
0.617469
0.622946
0.628533
0.633076
0.636484
0.638996
0.640832
0.642142
0.643002
0.643393
0.643433
0.643299
0.593482
0.593579
0.594101
0.595326
0.597249
0.599788
0.60306
0.607277
0.612642
0.619283
0.626117
0.631733
0.635996
0.639186
0.641568
0.643289
0.644425
0.644942
0.645013
0.644878
0.584726
0.584828
0.585403
0.586783
0.589036
0.592054
0.595977
0.601059
0.607555
0.615624
0.623956
0.630846
0.636114
0.640099
0.643128
0.645325
0.646774
0.647427
0.647529
0.647388
0.574628
0.574711
0.575376
0.576981
0.579664
0.583298
0.588043
0.594215
0.602119
0.611937
0.622067
0.630458
0.636913
0.641835
0.645605
0.648365
0.65017
0.650967
0.651097
0.650947
0.562821
0.562887
0.563652
0.565571
0.56881
0.573233
0.579031
0.586584
0.596241
0.608191
0.620472
0.630629
0.638468
0.644487
0.649119
0.652535
0.654732
0.655676
0.655831
0.655668
0.548765
0.548821
0.549728
0.55206
0.55603
0.561492
0.568664
0.577989
0.589845
0.604395
0.619228
0.631443
0.640869
0.64815
0.653785
0.65794
0.660562
0.661654
0.661825
0.661646
0.531702
0.531745
0.532867
0.535781
0.540756
0.547625
0.55663
0.56827
0.582907
0.600614
0.618434
0.633001
0.644225
0.652931
0.659686
0.664667
0.667731
0.668957
0.669136
0.668936
0.510499
0.510542
0.512005
0.51579
0.522209
0.531059
0.542576
0.557273
0.575418
0.596926
0.618188
0.635394
0.648621
0.658909
0.666878
0.672762
0.676256
0.677587
0.677756
0.677534
0.483424
0.483485
0.485532
0.490725
0.499375
0.51114
0.5262
0.544961
0.567485
0.593484
0.618645
0.638741
0.654132
0.666132
0.675417
0.682205
0.686072
0.687453
0.687591
0.687347
0.447455
0.447617
0.450866
0.458657
0.471077
0.487299
0.507411
0.531519
0.559421
0.590612
0.620048
0.643199
0.660842
0.674618
0.685276
0.692896
0.697008
0.698353
0.698436
0.698171
0.396849
0.397827
0.404292
0.417425
0.436405
0.459515
0.486596
0.517448
0.551673
0.588623
0.622589
0.648887
0.668806
0.684335
0.696321
0.704614
0.708774
0.709976
0.709981
0.7097
0.32292
0.330159
0.345061
0.368082
0.396847
0.429163
0.464741
0.503349
0.544599
0.587832
0.626691
0.656406
0.678828
0.696317
0.709694
0.718558
0.72268
0.723724
0.723676
0.72343
0.243656
0.260323
0.284463
0.318148
0.357136
0.398812
0.44298
0.489576
0.538291
0.588534
0.633246
0.667277
0.692875
0.712772
0.727872
0.737238
0.741079
0.741881
0.741856
0.741709
0.176968
0.196775
0.228662
0.271439
0.319488
0.369989
0.422497
0.476926
0.532956
0.590013
0.640327
0.6784
0.706959
0.729006
0.745316
0.754757
0.75833
0.759037
0.759045
0.758946
0.122318
0.143979
0.181326
0.230541
0.285712
0.343654
0.403564
0.465215
0.528153
0.591711
0.647346
0.689202
0.720433
0.744314
0.76172
0.771518
0.775227
0.776013
0.776054
0.775997
0.0769122
0.0998072
0.140928
0.19525
0.256136
0.320217
0.386468
0.454525
0.523776
0.593419
0.654092
0.699527
0.733294
0.758989
0.777549
0.788075
0.792092
0.792838
0.792916
0.792893
0.0383287
0.0619391
0.105922
0.164294
0.229995
0.299298
0.371044
0.444786
0.519786
0.595088
0.660514
0.709354
0.74556
0.773034
0.792754
0.804047
0.808428
0.809266
0.809386
0.809395
0.00455742
0.0286433
0.0749124
0.136612
0.206385
0.280236
0.356861
0.43573
0.516001
0.596574
0.666478
0.718543
0.757043
0.786192
0.806982
0.81894
0.823702
0.824712
0.82487
0.824888
-0.0258798
-0.00137879
0.04676
0.11131
0.184592
0.262429
0.34343
0.426974
0.512129
0.597666
0.671823
0.726934
0.767567
0.798161
0.819929
0.832501
0.837617
0.838847
0.839012
0.839026
-0.0539395
-0.0290601
0.0206741
0.0876766
0.164051
0.24542
0.330357
0.418189
0.507917
0.598178
0.676427
0.734441
0.777065
0.808996
0.831582
0.84462
0.850002
0.851371
0.851545
0.851546
-0.0804022
-0.0551032
-0.00383127
0.0651986
0.14435
0.228869
0.317365
0.409142
0.503159
0.597952
0.680196
0.741054
0.785567
0.818726
0.841894
0.855316
0.860863
0.862325
0.862498
0.862481
-0.105644
-0.0799053
-0.0274562
0.0435992
0.125196
0.212537
0.304256
0.399665
0.497715
0.596888
0.68309
0.746801
0.793179
0.827465
0.851233
0.864762
0.870397
0.871919
0.872063
0.872016
-0.130075
-0.103741
-0.0502945
0.0226184
0.106387
0.196259
0.290905
0.389654
0.491493
0.594903
0.685079
0.751718
0.800006
0.835395
0.859635
0.873241
0.87888
0.88038
0.880505
0.880435
-0.153821
-0.127096
-0.0724465
0.00209232
0.0878021
0.179945
0.277236
0.379052
0.484434
0.591944
0.686139
0.75585
0.806172
0.842711
0.867348
0.880929
0.886476
0.887905
0.888006
0.887911
-0.177021
-0.149746
-0.0940559
-0.0180631
0.0693892
0.16356
0.263226
0.367832
0.476511
0.587966
0.686233
0.759226
0.811785
0.849556
0.874514
0.887949
0.893324
0.894645
0.894684
0.894558
-0.19978
-0.171905
-0.11521
-0.0378756
0.0511239
0.147103
0.248891
0.356016
0.467726
0.582941
0.685311
0.761834
0.816937
0.85608
0.881281
0.894429
0.899481
0.90062
0.90059
0.900441
-0.222118
-0.193564
-0.135923
-0.0573481
0.0330368
0.130602
0.234274
0.343644
0.458106
0.576845
0.68331
0.76363
0.82167
0.862437
0.887836
0.900479
0.905018
0.905898
0.905801
0.905645
-0.243877
-0.214682
-0.156129
-0.0764543
0.0151587
0.11412
0.219435
0.33079
0.447709
0.569701
0.680165
0.764529
0.825957
0.868765
0.894473
0.906364
0.910059
0.910537
0.910362
0.910198
-0.26503
-0.235229
-0.175818
-0.0951443
-0.00245412
0.0977165
0.204463
0.31753
0.436612
0.561533
0.675823
0.764407
0.829695
0.875133
0.901581
0.912595
0.914928
0.914632
0.914321
0.914205
-0.285647
-0.255163
-0.194965
-0.113388
-0.0197396
0.0814738
0.189445
0.303966
0.424906
0.552405
0.670237
0.763119
0.832681
0.881425
0.909497
0.920048
0.92054
0.918596
0.917787
0.917902
-0.305551
-0.27447
-0.213507
-0.131121
-0.0366403
0.0654751
0.174476
0.29021
0.412705
0.542412
0.663394
0.760498
0.834627
0.887264
0.918157
0.929696
0.928894
0.924456
0.92156
0.920948
-0.324835
-0.293145
-0.23146
-0.148373
-0.053189
0.0496795
0.159503
0.276203
0.399943
0.531482
0.655156
0.756273
0.835222
0.892104
0.926857
0.94173
0.942293
0.936187
0.92719
0.91813
-0.343423
-0.31117
-0.24895
-0.165341
-0.069673
0.0337568
0.144113
0.261466
0.386083
0.518983
0.644876
0.749649
0.833896
0.895189
0.933794
0.953739
0.956643
0.945517
0.925571
0.919171
-0.361137
-0.328553
-0.265796
-0.18183
-0.0857815
0.0180313
0.128525
0.246325
0.371432
0.505173
0.632639
0.740109
0.829896
0.895393
0.934688
0.954661
0.960564
0.936234
0.870311
0.841348
-0.377507
-0.346541
-0.28161
-0.197324
-0.100712
0.0030179
0.113047
0.231031
0.356237
0.490202
0.618435
0.727295
0.822005
0.892018
0.924972
0.939129
0.929067
0.875299
0.807
0.765642
-0.427656
-0.363374
-0.295999
-0.212725
-0.115779
-0.0125563
0.0977046
0.215362
0.340184
0.473651
0.601718
0.710688
0.806393
0.882819
0.894988
0.892265
0.844228
0.775337
0.699347
0.657443
-0.394469
-0.377544
-0.317606
-0.233586
-0.138423
-0.0353459
0.0740079
0.190974
0.314749
0.446649
0.572674
0.67965
0.766525
0.848495
0.836776
0.724837
0.622803
0.550991
0.478952
0.510984
-0.426029
-0.395692
-0.334461
-0.251304
-0.15603
-0.0531019
0.0564512
0.172765
0.295468
0.425553
0.548764
0.651668
0.729322
0.773166
0.725757
0.57884
0.454759
0.365763
0.269531
0.320136
-0.449982
-0.417224
-0.354226
-0.27092
-0.175587
-0.0727257
0.0367308
0.152217
0.273519
0.401187
0.520618
0.61732
0.685431
0.693898
0.588999
0.420716
0.273208
0.157941
0.0316923
0.0672424
-0.473467
-0.439308
-0.374976
-0.290805
-0.195378
-0.0926548
0.0162987
0.130824
0.250528
0.375392
0.490123
0.579018
0.631521
0.608903
0.451929
0.260709
0.0783973
-0.0831971
-0.265441
-0.274385
-0.49646
-0.461821
-0.396563
-0.311647
-0.216037
-0.113519
-0.00519788
0.108242
0.226093
0.347776
0.457091
0.5383
0.571396
0.512428
0.321575
0.11445
-0.0936671
-0.269949
-0.514089
-0.773706
-0.51979
-0.485093
-0.419292
-0.333871
-0.238048
-0.135673
-0.0279131
0.0844152
0.200316
0.318587
0.422165
0.495102
0.506929
0.39719
0.207429
-0.00193639
-0.203565
-0.366117
-0.44279
-0.549263
-0.544423
-0.509598
-0.443494
-0.357805
-0.26191
-0.159768
-0.0526588
0.0583929
0.172032
0.28639
0.383869
0.445792
0.432773
0.28879
0.105113
-0.0878745
-0.253706
-0.344288
-0.367376
-0.383558
-0.570629
-0.535648
-0.469336
-0.383535
-0.287754
-0.186016
-0.0797931
0.0296867
0.140654
0.250457
0.341405
0.389126
0.358034
0.187716
0.0119887
-0.15642
-0.283311
-0.321593
-0.333482
-0.334697
-0.598621
-0.563409
-0.496877
-0.41106
-0.31553
-0.214419
-0.109334
-0.00175231
0.106118
0.210785
0.294349
0.327145
0.275213
0.0947627
-0.0720681
-0.221426
-0.297323
-0.314754
-0.315508
-0.315228
-0.628459
-0.592938
-0.526134
-0.440375
-0.345252
-0.244967
-0.141285
-0.0359393
0.0684381
0.167452
0.242666
0.263393
0.175973
0.00994324
-0.148601
-0.270035
-0.307568
-0.305065
-0.304351
-0.303683
-0.659846
-0.624067
-0.557003
-0.471391
-0.37683
-0.277603
-0.175615
-0.0728492
0.0276533
0.120565
0.187256
0.191283
0.0855844
-0.0691128
-0.208962
-0.282733
-0.293917
-0.296886
-0.297504
-0.29719
-0.692231
-0.656314
-0.589238
-0.503874
-0.410074
-0.312166
-0.212172
-0.112354
-0.0160535
0.0704743
0.12862
0.117975
0.00330903
-0.136796
-0.250589
-0.289371
-0.293067
-0.293177
-0.292973
-0.292746
-0.725129
-0.689096
-0.622389
-0.537416
-0.444637
-0.348333
-0.250673
-0.154173
-0.0624183
0.0179288
0.0655768
0.0478399
-0.0723706
-0.192576
-0.280079
-0.288754
-0.288732
-0.289359
-0.28953
-0.289366
-0.75766
-0.721705
-0.655506
-0.571434
-0.479965
-0.385623
-0.290665
-0.197832
-0.111017
-0.0364057
0.00117222
-0.0170628
-0.138837
-0.238279
-0.285905
-0.296767
-0.292215
-0.289609
-0.288329
-0.287888
-0.788205
-0.753022
-0.687636
-0.604965
-0.515276
-0.423327
-0.33149
-0.242646
-0.161085
-0.0920475
-0.0580006
-0.087759
-0.192037
-0.285006
-0.295104
-0.298785
-0.294856
-0.289929
-0.287721
-0.28675
-0.815143
-0.781065
-0.717688
-0.636795
-0.549504
-0.460493
-0.372272
-0.287767
-0.211497
-0.148268
-0.114306
-0.152129
-0.230417
-0.310484
-0.346427
-0.320174
-0.299348
-0.289658
-0.286776
-0.285603
-0.836332
-0.803994
-0.743474
-0.665507
-0.58134
-0.495942
-0.411904
-0.332162
-0.261148
-0.203926
-0.172027
-0.204145
-0.244162
-0.29958
-0.346501
-0.326275
-0.312271
-0.306932
-0.305016
-0.303131
-0.849517
-0.819908
-0.763096
-0.689151
-0.609228
-0.528295
-0.449131
-0.374594
-0.309024
-0.257868
-0.226795
-0.253549
-0.237177
-0.220557
-0.250824
-0.324707
-0.371725
-0.383111
-0.379089
-0.378196
-0.851958
-0.826416
-0.774566
-0.705867
-0.631411
-0.556084
-0.482505
-0.413719
-0.353962
-0.309675
-0.273843
-0.321114
-0.309883
-0.201667
-0.278376
-0.385396
-0.436203
-0.441241
-0.438147
-0.438934
-0.841536
-0.820901
-0.775657
-0.713979
-0.646313
-0.577656
-0.510519
-0.447979
-0.394608
-0.357335
-0.322324
-0.416611
-0.561438
-0.606
-0.577403
-0.53769
-0.50168
-0.483302
-0.478279
-0.477951
-0.815933
-0.80044
-0.764505
-0.712196
-0.652839
-0.591811
-0.53171
-0.475515
-0.428652
-0.397701
-0.38047
-0.508075
-0.775648
-1.15384
-1.04195
-0.7124
-0.534097
-0.478671
-0.462215
-0.456513
-0.777743
-0.767741
-0.741801
-0.700598
-0.650836
-0.598111
-0.544919
-0.494662
-0.452444
-0.428146
-0.415908
-0.455528
-0.453725
-0.555147
-0.540433
-0.391309
-0.318807
-0.294106
-0.28467
-0.2804
-0.733581
-0.727935
-0.712268
-0.681877
-0.642103
-0.597103
-0.550147
-0.504018
-0.46364
-0.436505
-0.416699
-0.283003
0.0151801
0.430598
0.587924
0.335221
0.0598676
-0.0596662
-0.0933335
-0.0940697
-0.69296
-0.689631
-0.681941
-0.661339
-0.62958
-0.590862
-0.548515
-0.504173
-0.462163
-0.428354
-0.411317
-0.297056
-0.161038
-0.0654795
-0.210779
-0.507689
-0.628644
-0.535876
-0.41714
-0.406159
-0.662629
-0.660557
-0.656617
-0.643493
-0.617798
-0.5829
-0.542421
-0.497636
-0.450012
-0.410367
-0.38598
-0.406085
-0.610078
-1.07644
-1.48071
-1.72684
-1.77768
-1.64341
-1.4787
-1.38477
-0.638823
-0.637998
-0.636717
-0.62998
-0.60952
-0.576585
-0.534943
-0.486389
-0.433825
-0.376149
-0.333448
-0.3618
-0.60504
-0.910932
-1.20938
-1.25692
-1.10339
-0.855383
-0.657074
-0.565088
-0.624488
-0.624115
-0.623526
-0.620602
-0.605257
-0.572332
-0.527051
-0.473889
-0.41088
-0.333954
-0.258376
-0.160775
-0.110454
-0.0381828
0.0792151
0.236893
0.512135
0.749071
0.889633
0.94061
-0.614963
-0.614752
-0.61427
-0.613859
-0.603514
-0.570365
-0.521276
-0.460885
-0.387247
-0.296061
-0.177814
-0.0236788
0.18693
0.495238
0.897758
1.32204
1.6699
1.89346
1.99609
2.02531
-0.608191
-0.608475
-0.609072
-0.609819
-0.601944
-0.570166
-0.518463
-0.451657
-0.368643
-0.261486
-0.134898
-0.00754599
0.22787
0.623717
1.12272
1.57152
1.91066
2.10401
2.18248
2.20035
-0.60094
-0.601139
-0.600798
-0.599627
-0.594049
-0.569831
-0.521262
-0.450245
-0.358586
-0.248006
-0.123568
0.00263524
0.175737
0.554769
0.977292
1.35463
1.62675
1.77587
1.83475
1.84793
-0.607392
-0.604375
-0.593302
-0.577508
-0.575276
-0.575554
-0.534809
-0.457283
-0.358213
-0.24557
-0.128351
-0.0130963
0.108047
0.398534
0.729431
1.00114
1.20007
1.30687
1.34906
1.3585
-0.65824
-0.652671
-0.641351
-0.631602
-0.633343
-0.629404
-0.56899
-0.471593
-0.360968
-0.245498
-0.137622
-0.0388272
0.0531087
0.249475
0.483302
0.672738
0.809059
0.881891
0.910522
0.916469
-0.761399
-0.768293
-0.791456
-0.810278
-0.803734
-0.75242
-0.624459
-0.486467
-0.360103
-0.244079
-0.148913
-0.0689115
0.00193259
0.14575
0.302015
0.423311
0.510449
0.55706
0.575179
0.579269
-0.845157
-0.864886
-0.90033
-0.921612
-0.906871
-0.819018
-0.645684
-0.481836
-0.348755
-0.239206
-0.158801
-0.0979666
-0.0510809
0.0482628
0.158652
0.242957
0.300179
0.329203
0.340653
0.342645
-0.767398
-0.787982
-0.820215
-0.842468
-0.825108
-0.728243
-0.573955
-0.432154
-0.314592
-0.222831
-0.160549
-0.118827
-0.0868951
-0.0144486
0.0600464
0.11682
0.155664
0.176665
0.184971
0.185932
-0.503491
-0.518926
-0.543923
-0.565461
-0.558526
-0.500296
-0.415828
-0.33097
-0.255531
-0.191715
-0.147951
-0.125032
-0.108395
-0.0490019
0.00726168
0.0464642
0.0702345
0.0821364
0.0866837
0.086854
-0.189937
-0.197633
-0.213369
-0.234685
-0.250347
-0.250737
-0.237406
-0.212529
-0.182306
-0.149403
-0.126196
-0.118541
-0.110924
-0.0680047
-0.0271001
0.00123233
0.0187
0.0273823
0.0303868
0.0302778
0.0314772
0.0281815
0.0173305
-0.0053602
-0.0387652
-0.0729417
-0.0986272
-0.11234
-0.113059
-0.104281
-0.0954035
-0.0923803
-0.0859029
-0.053349
-0.0261302
-0.0099361
-0.000836737
0.003426
0.00501025
0.00461487
0.131893
0.129896
0.12134
0.100304
0.0653418
0.0240726
-0.013521
-0.0415667
-0.0576111
-0.0613009
-0.0575707
-0.0512417
-0.0397817
-0.021456
-0.00879997
-0.00236631
0.000553811
0.00184227
0.00203745
0.00143597
0.156717
0.155228
0.148756
0.132416
0.104495
0.0699091
0.0347875
0.00481596
-0.015897
-0.0246755
-0.0213918
-0.0101786
0.00545117
0.0137348
0.0136754
0.0133646
0.0132325
0.0134118
0.0133029
0.0124837
0.148347
0.147315
0.14286
0.131514
0.111692
0.0858981
0.0577463
0.0318931
0.0121877
0.00280053
0.00777185
0.0232258
0.0392358
0.040582
0.0354017
0.0313886
0.0297653
0.0292918
0.0284743
0.0274194
0.128912
0.128275
0.125397
0.117914
0.104483
0.0862796
0.0652916
0.0449234
0.0287541
0.0212
0.0272178
0.0430745
0.057252
0.0528479
0.0453271
0.0421462
0.0411706
0.0409529
0.0401399
0.0389357
0.107325
0.106963
0.105176
0.10039
0.0915395
0.0790929
0.0641104
0.0488534
0.0361497
0.0298491
0.0351405
0.0487502
0.0590369
0.0517078
0.0443294
0.0412106
0.0410013
0.0410996
0.0402693
0.0391665
0.0867019
0.0865034
0.0854412
0.0824395
0.0766802
0.0682562
0.0576869
0.046415
0.0363571
0.0305274
0.0331398
0.0412043
0.0465332
0.0380463
0.033302
0.0320297
0.0320893
0.0314082
0.0304025
0.0294587
0.0681473
0.0680429
0.0673811
0.06551
0.0617891
0.0561216
0.0486865
0.0402593
0.0318861
0.0254354
0.0237295
0.0254165
0.0249981
0.0171109
0.0132781
0.0139127
0.0148332
0.0145354
0.0137269
0.0129844
0.0517297
0.0516884
0.0512947
0.0501587
0.0478099
0.0440032
0.0387233
0.032183
0.0247139
0.0167489
0.0094592
0.00226749
-0.00562626
-0.0126919
-0.0106002
-0.00728165
-0.00553264
-0.00588285
-0.00647857
-0.00699536
0.0374995
0.037479
0.0372533
0.0366035
0.0351904
0.0326611
0.0289028
0.0237099
0.0167825
0.00728867
-0.00554563
-0.0216981
-0.0350959
-0.0375392
-0.0320176
-0.0269911
-0.025221
-0.0252014
-0.0254089
-0.0256774
0.0254279
0.0254055
0.0252807
0.0249605
0.024184
0.0226478
0.0200039
0.0160231
0.00963544
-0.000520741
-0.0168675
-0.0398173
-0.0569609
-0.0546084
-0.0456065
-0.0395538
-0.0379506
-0.0380484
-0.0380221
-0.0381038
0.015467
0.0154396
0.015377
0.0152795
0.0149589
0.0141365
0.0124838
0.00957109
0.0047044
-0.0046886
-0.0217067
-0.0463472
-0.0628389
-0.0558335
-0.0455177
-0.0409084
-0.0400819
-0.0405029
-0.0403314
-0.0402702
0.00749971
0.00746658
0.00742788
0.00744937
0.00742431
0.00711645
0.0062784
0.00457365
0.00145548
-0.00468017
-0.0171615
-0.0364163
-0.0469947
-0.0384258
-0.0311826
-0.0289201
-0.0292765
-0.0299911
-0.02982
-0.029701
0.0012563
0.00124275
0.00120985
0.001242
0.00140436
0.00151541
0.00145798
0.0012432
0.000782176
-0.000103906
-0.00208719
-0.00644521
-0.0116388
-0.0100759
-0.00946389
-0.00935149
-0.00994112
-0.00946352
-0.00816402
-0.00749724
-0.0780111
0.109582
0.309884
0.478066
0.612252
0.717994
0.805898
0.87985
0.910249
0.894076
0.246684
0.369811
0.498641
0.609851
0.703466
0.781034
0.84349
0.887289
0.910034
0.922901
0.465892
0.549327
0.636919
0.714803
0.781608
0.837423
0.881645
0.914218
0.938153
0.956046
0.625428
0.684728
0.746079
0.802973
0.852263
0.894029
0.928362
0.956113
0.978671
0.996945
0.750384
0.792859
0.839829
0.882924
0.921408
0.955022
0.983839
1.00813
1.02794
1.0459
0.854035
0.887034
0.925436
0.960791
0.993213
1.02239
1.04796
1.06966
1.0867
1.1043
0.94647
0.975313
1.0093
1.04144
1.07132
1.09847
1.12229
1.14213
1.15674
1.17419
1.03497
1.06437
1.09829
1.13041
1.15999
1.18657
1.20948
1.22791
1.24055
1.25801
1.13024
1.16379
1.20018
1.23387
1.26388
1.29001
1.3119
1.32897
1.3404
1.3582
1.24508
1.28363
1.32183
1.35601
1.38524
1.40989
1.43016
1.44584
1.45716
1.4755
1.38976
1.42923
1.46476
1.49514
1.52069
1.54273
1.56172
1.57723
1.58987
1.60799
1.56447
1.59651
1.62228
1.6446
1.66464
1.68337
1.70098
1.71753
1.73326
1.75146
1.75205
1.7696
1.78512
1.8017
1.81785
1.83238
1.8454
1.85937
1.87645
1.89613
1.93363
1.9446
1.95674
1.96752
1.97677
1.98633
1.9972
2.00879
2.01873
2.0339
2.14464
2.14665
2.13149
2.11626
2.10988
2.11554
2.13414
2.16455
2.19669
2.22743
2.45055
2.3135
2.2372
2.1951
2.17765
2.18169
2.20904
2.26519
2.36864
2.58392
0.756849
0.753473
0.747547
0.737741
0.724798
0.712376
0.702065
0.694122
0.688472
0.685196
0.684834
0.687583
0.692711
0.699969
0.709413
0.721105
0.734239
0.746232
0.753689
0.75841
0.67486
0.680746
0.687649
0.692888
0.695735
0.695406
0.692502
0.688581
0.685019
0.682735
0.682581
0.684788
0.688483
0.692844
0.696796
0.6988
0.697689
0.6936
0.687708
0.680664
0.667199
0.669546
0.672895
0.675801
0.678017
0.679817
0.680776
0.68052
0.679491
0.678597
0.678767
0.680195
0.682015
0.683297
0.683345
0.682175
0.680368
0.678026
0.674872
0.671908
0.662048
0.663135
0.665
0.66738
0.669338
0.670728
0.671822
0.67268
0.673148
0.673395
0.673886
0.674673
0.675218
0.675188
0.674666
0.673794
0.672389
0.670332
0.668221
0.666807
0.656943
0.657598
0.658705
0.660424
0.662226
0.663839
0.665102
0.666126
0.667046
0.667867
0.668599
0.669119
0.669264
0.669061
0.6685
0.66747
0.666031
0.664458
0.663134
0.662351
0.652006
0.652461
0.653243
0.654536
0.656026
0.657555
0.659017
0.660298
0.661428
0.662487
0.663399
0.663948
0.664078
0.663803
0.663105
0.662098
0.660954
0.659814
0.658902
0.658382
0.647197
0.647538
0.648145
0.649208
0.650493
0.651865
0.653307
0.654749
0.65611
0.657378
0.658477
0.659157
0.659327
0.659042
0.658425
0.657632
0.656774
0.655906
0.655233
0.654852
0.642475
0.642739
0.643229
0.644133
0.645293
0.646581
0.64797
0.649455
0.650987
0.652494
0.653827
0.65468
0.654965
0.654825
0.654415
0.653844
0.653188
0.652544
0.652051
0.65176
0.637762
0.637972
0.63838
0.639172
0.640252
0.641491
0.642866
0.644391
0.646052
0.647794
0.649407
0.650511
0.651024
0.65112
0.650938
0.650583
0.650129
0.649673
0.649319
0.64909
0.632973
0.633143
0.633492
0.634211
0.635244
0.63646
0.63786
0.639465
0.641277
0.643266
0.645212
0.646661
0.647488
0.647863
0.647926
0.647794
0.647546
0.647259
0.647019
0.646837
0.628023
0.628161
0.628468
0.629142
0.630157
0.631396
0.63286
0.634587
0.636601
0.638891
0.641244
0.643126
0.644329
0.645027
0.645367
0.645471
0.645426
0.645301
0.645158
0.645011
0.622825
0.622936
0.623215
0.623869
0.624902
0.626207
0.62778
0.629682
0.631967
0.634639
0.637495
0.639895
0.641542
0.642612
0.643263
0.643622
0.643785
0.643824
0.643765
0.643646
0.617284
0.617372
0.617636
0.618295
0.61938
0.620795
0.62253
0.624675
0.627309
0.630469
0.633944
0.636966
0.639134
0.640633
0.641634
0.642291
0.642686
0.642876
0.64289
0.642793
0.611296
0.611364
0.611621
0.612308
0.613484
0.615055
0.617017
0.619485
0.622565
0.626336
0.630568
0.634338
0.637126
0.639127
0.640529
0.641516
0.642163
0.642517
0.642601
0.642521
0.604736
0.604783
0.605042
0.605779
0.607087
0.60887
0.611132
0.614012
0.617657
0.622184
0.62734
0.632011
0.635537
0.638133
0.640003
0.641357
0.642297
0.642827
0.642981
0.642915
0.597451
0.597482
0.597745
0.598555
0.60004
0.6021
0.604744
0.60815
0.612504
0.61796
0.624238
0.629995
0.634403
0.6377
0.640126
0.641916
0.643188
0.643906
0.644129
0.644075
0.589256
0.589273
0.589539
0.590449
0.592161
0.594565
0.597703
0.601777
0.607017
0.613622
0.621265
0.628322
0.633772
0.637894
0.640975
0.643293
0.644938
0.645862
0.646156
0.64611
0.579843
0.579831
0.580158
0.581203
0.583199
0.586057
0.589827
0.594747
0.601098
0.609123
0.618422
0.627027
0.633707
0.638799
0.64265
0.64558
0.647656
0.648811
0.649177
0.649137
0.568933
0.568895
0.569267
0.570505
0.57287
0.576312
0.580888
0.586878
0.594624
0.604403
0.615707
0.626147
0.634271
0.640502
0.645256
0.648894
0.65147
0.652873
0.65331
0.653272
0.556048
0.555985
0.556433
0.557922
0.560771
0.564977
0.570593
0.577957
0.587462
0.599402
0.613118
0.625733
0.635539
0.64309
0.648902
0.653354
0.656491
0.658158
0.658663
0.658623
0.540552
0.54046
0.541032
0.54287
0.546366
0.55159
0.55859
0.567753
0.579511
0.594135
0.610739
0.62588
0.637611
0.646663
0.653685
0.659061
0.662814
0.66475
0.665314
0.665265
0.521516
0.521399
0.522169
0.524517
0.528925
0.535566
0.544457
0.55602
0.570681
0.588622
0.608647
0.626684
0.640584
0.651321
0.659679
0.666085
0.670497
0.672689
0.673292
0.673227
0.497542
0.497411
0.498511
0.501647
0.507426
0.516139
0.527711
0.542541
0.560952
0.582953
0.606969
0.628258
0.644552
0.657133
0.666935
0.67447
0.679531
0.681936
0.682548
0.68246
0.466328
0.46622
0.467926
0.472424
0.48049
0.492426
0.507933
0.527249
0.550462
0.577346
0.605917
0.630772
0.649617
0.664158
0.675501
0.684193
0.689824
0.692353
0.692931
0.692811
0.423758
0.423815
0.426843
0.434183
0.446499
0.463706
0.48504
0.510409
0.539615
0.572207
0.605804
0.634422
0.655894
0.672438
0.685347
0.695134
0.701164
0.703667
0.704155
0.704
0.362145
0.36333
0.370718
0.384467
0.404542
0.430124
0.459646
0.492698
0.528961
0.5679
0.606827
0.639309
0.66341
0.681906
0.696279
0.706968
0.713165
0.715416
0.715737
0.715555
0.288724
0.290757
0.305001
0.328649
0.359501
0.394963
0.433418
0.474676
0.518543
0.564529
0.609671
0.646949
0.674508
0.695569
0.711806
0.72353
0.729845
0.731957
0.732244
0.732156
0.213136
0.219469
0.240658
0.274423
0.315653
0.360742
0.408114
0.457643
0.509204
0.562347
0.613892
0.656156
0.687287
0.711053
0.72933
0.741933
0.747996
0.749716
0.749943
0.749922
0.151427
0.159881
0.185589
0.226385
0.275733
0.329025
0.38445
0.441736
0.500661
0.560716
0.618411
0.665373
0.699809
0.725971
0.745804
0.758957
0.765
0.766573
0.766873
0.766912
0.101111
0.110178
0.139416
0.185424
0.240886
0.300776
0.363017
0.427164
0.492821
0.559349
0.622864
0.674273
0.711776
0.740122
0.761448
0.775356
0.781545
0.783495
0.783888
0.783973
0.0589693
0.068311
0.0999891
0.149999
0.210479
0.275846
0.34385
0.41397
0.485665
0.558159
0.627147
0.682772
0.723214
0.753696
0.776508
0.791384
0.798121
0.800368
0.800807
0.800882
0.022615
0.0320711
0.0655869
0.118804
0.183435
0.253482
0.326507
0.401917
0.479073
0.557067
0.631181
0.690795
0.734022
0.766547
0.790813
0.806598
0.814025
0.816469
0.816976
0.817056
-0.00961289
-0.000108932
0.0348233
0.0907549
0.158869
0.23295
0.310423
0.390598
0.472749
0.555848
0.634791
0.698175
0.744035
0.778418
0.803995
0.820645
0.828677
0.831356
0.8319
0.831974
-0.0389733
-0.0294112
0.00668182
0.0649668
0.136063
0.213678
0.295105
0.379602
0.466362
0.554264
0.637806
0.704789
0.753112
0.789197
0.815908
0.833268
0.841843
0.844723
0.845287
0.845346
-0.0663205
-0.0566978
-0.0195494
0.0407164
0.114479
0.19523
0.280191
0.368621
0.459663
0.552112
0.640086
0.710558
0.76123
0.798916
0.826585
0.844521
0.853419
0.856451
0.85704
0.857069
-0.092215
-0.082508
-0.0443758
0.0175646
0.0937438
0.177282
0.265426
0.357445
0.452463
0.549234
0.64153
0.715456
0.768441
0.807617
0.836197
0.854509
0.863555
0.866682
0.867311
0.867316
-0.117138
-0.107253
-0.0682703
-0.00472797
0.0735942
0.159615
0.250631
0.345923
0.444641
0.545529
0.642072
0.719484
0.774819
0.815461
0.844828
0.863436
0.872544
0.875683
0.876285
0.876279
-0.141329
-0.131212
-0.0914877
-0.0263632
0.053848
0.142085
0.235692
0.333972
0.436118
0.540928
0.641662
0.722647
0.780436
0.8226
0.85272
0.871531
0.880611
0.883689
0.884246
0.884194
-0.16489
-0.154563
-0.114012
-0.0474974
0.0344009
0.124629
0.220557
0.321548
0.426856
0.535375
0.640254
0.724952
0.785373
0.829183
0.86005
0.878946
0.887897
0.890861
0.891352
0.891281
-0.187969
-0.177342
-0.136008
-0.0682012
0.0152118
0.107215
0.205215
0.308646
0.41685
0.528854
0.637803
0.726374
0.789686
0.83534
0.866957
0.885818
0.894536
0.897301
0.897692
0.897582
-0.210537
-0.199621
-0.157531
-0.0885098
-0.00372246
0.0898551
0.189696
0.295304
0.406125
0.521359
0.634265
0.726855
0.793397
0.841189
0.873609
0.892281
0.900567
0.903026
0.903284
0.903141
-0.232645
-0.221405
-0.178513
-0.108402
-0.0223824
0.0725822
0.174043
0.281582
0.394734
0.512913
0.629602
0.726322
0.796467
0.84681
0.880213
0.898561
0.906135
0.9081
0.908197
0.908029
-0.254107
-0.242621
-0.198943
-0.127835
-0.0407195
0.0554672
0.158324
0.267549
0.382753
0.503574
0.623794
0.724689
0.798801
0.852211
0.887014
0.905052
0.911532
0.91265
0.912481
0.912302
-0.275059
-0.263222
-0.218804
-0.14679
-0.0587005
0.0385509
0.142631
0.253289
0.370268
0.493424
0.616847
0.721853
0.800239
0.857278
0.894185
0.912333
0.917429
0.917028
0.916214
0.916031
-0.29534
-0.283178
-0.238067
-0.165215
-0.0762462
0.0219183
0.127046
0.238922
0.357389
0.482527
0.608801
0.717714
0.800577
0.861742
0.901633
0.921004
0.925145
0.922492
0.919954
0.919038
-0.315001
-0.302533
-0.256676
-0.183056
-0.0933194
0.00563866
0.111656
0.22453
0.344227
0.471022
0.599726
0.712176
0.799588
0.865193
0.908801
0.931056
0.936204
0.932197
0.925799
0.91684
-0.333963
-0.321251
-0.27471
-0.200473
-0.110133
-0.0105627
0.0961269
0.209712
0.330338
0.458405
0.589096
0.704665
0.796772
0.867238
0.914942
0.941636
0.950823
0.947208
0.937096
0.932933
-0.352173
-0.339321
-0.292163
-0.217422
-0.126677
-0.0266652
0.0804818
0.194454
0.315682
0.444563
0.576729
0.694775
0.791378
0.867084
0.918043
0.94825
0.960056
0.960522
0.923088
0.875922
-0.369332
-0.356072
-0.308966
-0.233808
-0.143004
-0.0427706
0.0646901
0.178874
0.300319
0.429545
0.562546
0.682261
0.78229
0.864083
0.916076
0.941417
0.953369
0.935048
0.878373
0.817522
-0.387258
-0.371328
-0.324822
-0.248992
-0.158742
-0.058529
0.0484704
0.163023
0.284371
0.413505
0.546541
0.666923
0.768097
0.85892
0.906807
0.940029
0.911184
0.863336
0.792997
0.726323
-0.374453
-0.353981
-0.303001
-0.22267
-0.126507
-0.0232786
0.0890085
0.206453
0.33097
0.464013
0.591707
0.700463
0.794561
0.887818
0.919655
0.846764
0.794762
0.728861
0.656178
0.608372
-0.394162
-0.380997
-0.343613
-0.272679
-0.182856
-0.0836666
0.0236047
0.137667
0.258371
0.38645
0.517916
0.637055
0.735404
0.821302
0.891022
0.8763
0.759887
0.675309
0.611497
0.530583
-0.415406
-0.400964
-0.358695
-0.286591
-0.196167
-0.0973165
0.00885227
0.121975
0.241739
0.368444
0.498252
0.615505
0.710622
0.783992
0.810849
0.729944
0.591614
0.496917
0.422123
0.336256
-0.43689
-0.424309
-0.377874
-0.304618
-0.21416
-0.114912
-0.0087407
0.104114
0.223015
0.34826
0.475312
0.588051
0.6743
0.731736
0.709031
0.577819
0.428845
0.314125
0.218093
0.0873378
-0.460357
-0.447652
-0.399075
-0.324553
-0.233933
-0.134614
-0.0285555
0.0837488
0.201565
0.324938
0.448587
0.555745
0.632946
0.668503
0.608812
0.428967
0.25373
0.106582
-0.0293747
-0.21537
-0.4832
-0.470689
-0.420917
-0.345175
-0.254097
-0.154826
-0.049149
0.0623264
0.178797
0.299898
0.419644
0.520493
0.589644
0.591101
0.481608
0.286826
0.0813752
-0.108036
-0.277908
-0.654699
-0.506201
-0.493921
-0.443568
-0.36697
-0.275494
-0.176188
-0.070904
0.0397153
0.154714
0.273282
0.388733
0.482237
0.539876
0.509195
0.358034
0.159345
-0.0535746
-0.251848
-0.419011
-0.710637
-0.530131
-0.517982
-0.467305
-0.39017
-0.298418
-0.199071
-0.0941386
0.0156426
0.129103
0.244943
0.355825
0.44164
0.484105
0.43525
0.246591
0.0533544
-0.144719
-0.309889
-0.378097
-0.416531
-0.555534
-0.543507
-0.492519
-0.415074
-0.323252
-0.224044
-0.119622
-0.0109114
0.100679
0.213288
0.318957
0.396473
0.422038
0.337429
0.146451
-0.036122
-0.202549
-0.308037
-0.343293
-0.351817
-0.582659
-0.570591
-0.51937
-0.441707
-0.349946
-0.251063
-0.147374
-0.0399991
0.0693506
0.178214
0.27794
0.346828
0.346248
0.23226
0.0549179
-0.113562
-0.253287
-0.308467
-0.319763
-0.323507
-0.61161
-0.599445
-0.547931
-0.470089
-0.378501
-0.280129
-0.177399
-0.0716644
0.0350802
0.139749
0.232797
0.29233
0.267469
0.133554
-0.0291728
-0.186878
-0.285779
-0.311368
-0.30944
-0.309443
-0.642138
-0.630184
-0.57816
-0.500184
-0.408878
-0.3112
-0.209686
-0.105895
-0.00211773
0.0979125
0.183843
0.231895
0.19766
0.0430888
-0.105538
-0.242893
-0.285587
-0.296076
-0.300009
-0.300159
-0.674087
-0.66213
-0.609839
-0.531825
-0.44094
-0.344168
-0.244141
-0.142616
-0.0421846
0.0528866
0.13127
0.168367
0.125969
-0.0347793
-0.172309
-0.266824
-0.305824
-0.296495
-0.295212
-0.2951
-0.706931
-0.694921
-0.642665
-0.564679
-0.474394
-0.378782
-0.280531
-0.181618
-0.0849185
0.00502905
0.0754532
0.103828
0.0407961
-0.103336
-0.225648
-0.271799
-0.289466
-0.291165
-0.291254
-0.291135
-0.739934
-0.727922
-0.675739
-0.598159
-0.50878
-0.414619
-0.318491
-0.222542
-0.129961
-0.0452962
0.0177545
0.0317028
-0.039396
-0.162798
-0.258473
-0.285976
-0.2871
-0.289342
-0.289012
-0.288854
-0.771805
-0.760177
-0.708165
-0.63159
-0.543383
-0.451055
-0.357445
-0.264831
-0.176685
-0.0976647
-0.0397416
-0.0387242
-0.108475
-0.217103
-0.28624
-0.323429
-0.301068
-0.291854
-0.288772
-0.287677
-0.801021
-0.789907
-0.738949
-0.66352
-0.577222
-0.48722
-0.39661
-0.307737
-0.224243
-0.151149
-0.0968775
-0.100109
-0.168474
-0.256968
-0.320889
-0.30632
-0.300288
-0.292684
-0.288346
-0.286879
-0.825908
-0.815485
-0.766055
-0.6928
-0.609034
-0.52197
-0.434956
-0.350303
-0.27165
-0.204401
-0.1547
-0.155287
-0.213143
-0.273465
-0.333739
-0.335864
-0.314217
-0.297204
-0.291471
-0.290121
-0.844035
-0.83455
-0.787494
-0.717419
-0.637264
-0.554023
-0.471247
-0.39136
-0.317854
-0.256298
-0.211225
-0.20658
-0.24534
-0.244549
-0.253566
-0.303556
-0.327108
-0.338788
-0.338691
-0.335151
-0.853281
-0.844656
-0.801161
-0.735423
-0.660062
-0.581779
-0.504122
-0.429532
-0.361671
-0.305823
-0.264238
-0.260793
-0.288178
-0.207638
-0.19945
-0.299062
-0.384073
-0.417154
-0.417508
-0.414232
-0.849462
-0.842356
-0.805223
-0.744891
-0.675654
-0.603604
-0.532009
-0.46344
-0.401665
-0.351739
-0.317414
-0.320641
-0.398941
-0.393225
-0.34696
-0.417812
-0.463131
-0.466513
-0.460689
-0.45912
-0.830935
-0.82611
-0.796929
-0.744379
-0.682637
-0.618049
-0.553455
-0.491451
-0.435993
-0.39301
-0.371451
-0.399415
-0.564737
-0.84194
-0.925804
-0.743416
-0.581677
-0.508038
-0.488725
-0.483254
-0.798251
-0.794773
-0.77483
-0.732891
-0.6805
-0.624396
-0.567332
-0.512022
-0.462331
-0.425692
-0.409785
-0.447503
-0.591573
-0.881978
-1.02553
-0.772757
-0.536378
-0.436815
-0.40488
-0.394527
-0.755896
-0.75372
-0.742284
-0.71244
-0.670176
-0.622957
-0.573379
-0.523891
-0.478755
-0.444539
-0.432472
-0.404958
-0.275542
-0.0223239
0.0852796
0.0555565
-0.0508528
-0.1433
-0.166067
-0.168576
-0.712279
-0.711022
-0.70537
-0.687358
-0.655279
-0.615405
-0.572437
-0.527324
-0.483662
-0.447028
-0.427544
-0.361512
-0.125762
0.204988
0.473585
0.299757
0.0722034
-0.051988
-0.089194
-0.0945503
-0.676314
-0.675652
-0.672886
-0.662223
-0.638896
-0.605692
-0.56679
-0.52386
-0.47893
-0.437697
-0.408448
-0.379602
-0.358247
-0.500952
-0.769124
-1.11264
-1.32929
-1.29279
-1.15468
-1.04688
-0.649827
-0.649059
-0.64755
-0.64308
-0.626329
-0.597403
-0.559688
-0.5161
-0.468144
-0.416032
-0.37781
-0.355091
-0.524535
-0.895415
-1.38266
-1.63481
-1.66605
-1.51367
-1.29392
-1.12846
-0.630905
-0.630587
-0.629901
-0.627985
-0.618052
-0.592026
-0.553544
-0.506677
-0.451834
-0.390738
-0.32413
-0.259759
-0.311467
-0.434201
-0.548265
-0.575149
-0.435334
-0.180075
0.0274278
0.14434
-0.619275
-0.619143
-0.618713
-0.617964
-0.6133
-0.589924
-0.548991
-0.496538
-0.434708
-0.360391
-0.265821
-0.162214
0.00916622
0.186293
0.441654
0.723516
1.05088
1.33717
1.51627
1.58685
-0.611495
-0.611519
-0.611463
-0.61169
-0.609791
-0.589816
-0.546567
-0.488945
-0.418671
-0.329818
-0.216423
-0.0875123
0.0910541
0.387266
0.832129
1.31455
1.72656
2.01058
2.15495
2.20291
-0.604259
-0.604696
-0.605416
-0.606352
-0.605069
-0.588636
-0.546716
-0.486499
-0.408065
-0.31072
-0.192185
-0.0613399
0.0858206
0.387238
0.842686
1.29487
1.66856
1.90668
2.0207
2.05591
-0.600016
-0.600224
-0.597555
-0.591213
-0.584982
-0.580747
-0.552453
-0.492536
-0.407507
-0.304
-0.187028
-0.0613778
0.0515345
0.290554
0.678332
1.02899
1.31203
1.49128
1.57538
1.6014
-0.626584
-0.624626
-0.614572
-0.594818
-0.583908
-0.592348
-0.577937
-0.509434
-0.413472
-0.302997
-0.190363
-0.0777121
0.0222216
0.179285
0.464659
0.720977
0.921589
1.04711
1.10552
1.12359
-0.705684
-0.702441
-0.702985
-0.710135
-0.713793
-0.708755
-0.649345
-0.538734
-0.419866
-0.302535
-0.192843
-0.096975
-0.0138364
0.0995726
0.293736
0.466807
0.598988
0.682694
0.721203
0.73369
-0.817298
-0.820022
-0.846559
-0.879366
-0.886008
-0.851059
-0.726126
-0.563
-0.418631
-0.29792
-0.196191
-0.117094
-0.0537946
0.0268334
0.164847
0.280359
0.364553
0.41748
0.440928
0.448813
-0.831066
-0.840542
-0.870206
-0.900525
-0.906205
-0.857391
-0.711333
-0.539475
-0.394848
-0.281167
-0.193696
-0.133668
-0.0901927
-0.0363313
0.058233
0.141031
0.199272
0.235158
0.251134
0.256548
-0.649232
-0.659924
-0.686173
-0.71528
-0.723639
-0.677111
-0.563225
-0.442705
-0.334201
-0.245907
-0.179275
-0.138988
-0.110474
-0.0683233
0.000505321
0.0551624
0.0931059
0.116377
0.12666
0.129898
-0.339028
-0.346268
-0.362371
-0.383937
-0.399296
-0.3883
-0.349066
-0.29788
-0.244816
-0.194512
-0.152797
-0.129868
-0.117148
-0.089302
-0.0358515
0.00652823
0.0327903
0.0471901
0.0533749
0.0548265
-0.0615456
-0.064898
-0.0733091
-0.0910098
-0.116271
-0.140785
-0.157471
-0.16161
-0.153852
-0.136909
-0.118461
-0.108921
-0.108409
-0.0835578
-0.0464208
-0.0189955
-0.00109615
0.00902537
0.0133855
0.0144158
0.0954505
0.093625
0.088575
0.0731949
0.0434754
0.00347514
-0.0345683
-0.0636541
-0.0801619
-0.0841285
-0.0798328
-0.0746416
-0.0707881
-0.0512744
-0.0264328
-0.0113607
-0.00379712
-0.000304337
0.00106828
0.00109762
0.151235
0.150093
0.146271
0.133629
0.107891
0.0714428
0.0325015
-0.00207201
-0.0271132
-0.0400904
-0.0412066
-0.0351094
-0.0244371
-0.00996022
-0.00029406
0.00327504
0.00513184
0.00620914
0.00665675
0.00633938
0.155228
0.154494
0.151727
0.142603
0.123718
0.0960763
0.0645259
0.0338862
0.00884346
-0.00667105
-0.00928541
0.000487452
0.0160791
0.0267166
0.0272952
0.0243361
0.0220799
0.0214194
0.0212188
0.0204419
0.139419
0.139018
0.13718
0.131086
0.11823
0.0987927
0.0752431
0.0508596
0.0297464
0.0158008
0.0141969
0.0261609
0.0440879
0.0513186
0.0446287
0.0396236
0.0372349
0.0363061
0.0357696
0.034613
0.118157
0.117986
0.116838
0.112939
0.104493
0.0912989
0.0746017
0.0564615
0.03998
0.0286292
0.0279519
0.0396506
0.0556248
0.0592137
0.0493536
0.0438135
0.0424132
0.042727
0.0423561
0.0412214
0.0967534
0.0967365
0.0960697
0.0936418
0.0882071
0.0794208
0.0678552
0.054728
0.042119
0.0328072
0.0317801
0.040746
0.0523725
0.051892
0.0427776
0.0388092
0.0377863
0.0376065
0.0367168
0.0356597
0.0771076
0.0771276
0.0767331
0.0752293
0.0717732
0.0659656
0.0580054
0.0485374
0.038897
0.0308568
0.0281062
0.0320535
0.0374385
0.0340621
0.0255817
0.0236217
0.023974
0.0241399
0.0232881
0.0223527
0.0596017
0.0596674
0.0594249
0.0585091
0.0563445
0.0525369
0.0470676
0.0401363
0.0324304
0.0246451
0.0189419
0.0158829
0.0133578
0.00635874
0.00156466
0.00231428
0.00420024
0.00475177
0.00412884
0.00348742
0.0442885
0.0443575
0.0442152
0.0436871
0.042375
0.0399331
0.0361399
0.030972
0.0244992
0.0165156
0.00719848
-0.00388635
-0.015661
-0.0245907
-0.0240663
-0.0197132
-0.0165835
-0.0159051
-0.016239
-0.0165286
0.031149
0.0312036
0.0311153
0.0308186
0.0300888
0.0286159
0.0260726
0.0222136
0.0166623
0.00860497
-0.00355227
-0.0217798
-0.041447
-0.0492033
-0.0438743
-0.0368688
-0.0331935
-0.0323904
-0.0326433
-0.032667
0.0201513
0.0201851
0.0201155
0.0199896
0.019687
0.018893
0.0173051
0.0145642
0.0101485
0.0025708
-0.0105737
-0.0306185
-0.0586652
-0.0618103
-0.0521789
-0.0440422
-0.0409844
-0.0406471
-0.0408079
-0.0405716
0.0112138
0.0112263
0.0111721
0.0111586
0.0111003
0.0107947
0.00993456
0.00819053
0.00500557
-0.000446779
-0.0117184
-0.0316672
-0.0535029
-0.0546104
-0.0441063
-0.0377452
-0.0359948
-0.0366819
-0.0368729
-0.0365506
0.00125561
0.00122354
0.00121225
0.00131352
0.00147672
0.00151079
0.00136943
0.00105114
0.000432481
-0.000901905
-0.00405801
-0.00953488
-0.011006
-0.00880583
-0.00895669
-0.00983524
-0.00990812
-0.00876148
-0.00774319
-0.019407
-0.982538
-0.371095
0.0507593
0.301934
0.48574
0.626317
0.735773
0.825796
0.921987
0.99908
-0.0379676
0.161029
0.334129
0.482625
0.606381
0.707382
0.789754
0.856673
0.897273
0.902878
0.295297
0.411308
0.520561
0.620369
0.706068
0.778319
0.837364
0.88189
0.911265
0.929417
0.503554
0.582055
0.657806
0.728258
0.789966
0.842508
0.885683
0.919637
0.946129
0.965041
0.65613
0.709456
0.768012
0.819567
0.865832
0.905988
0.940076
0.968516
0.992163
1.00892
0.77731
0.818071
0.862941
0.902893
0.939677
0.972725
1.00171
1.02663
1.04754
1.06159
0.879099
0.913833
0.949784
0.984077
1.01609
1.04553
1.0718
1.09448
1.11306
1.1247
0.971816
1.00323
1.03621
1.06885
1.0995
1.12775
1.15285
1.17417
1.19084
1.20057
1.06251
1.09545
1.12987
1.16392
1.1952
1.22341
1.24792
1.26815
1.28321
1.29205
1.16423
1.20214
1.23978
1.27597
1.30798
1.33571
1.35905
1.37785
1.39166
1.40107
1.29089
1.33364
1.37259
1.40804
1.43827
1.46379
1.48526
1.50273
1.51613
1.52736
1.4522
1.49374
1.52729
1.55628
1.58067
1.60214
1.62168
1.63903
1.65399
1.6677
1.64263
1.67205
1.69365
1.71277
1.73101
1.74834
1.76446
1.78014
1.79683
1.81407
1.83919
1.8498
1.86206
1.87659
1.89112
1.90402
1.9153
1.92612
1.93883
1.95439
2.02614
2.03572
2.04533
2.04736
2.04791
2.05211
2.06292
2.07925
2.09659
2.10128
2.33077
2.27189
2.22018
2.18015
2.15776
2.15367
2.16722
2.20092
2.2569
2.33623
0.891586
0.834478
0.792086
0.758551
0.734224
0.716813
0.704323
0.695364
0.689218
0.68571
0.685308
0.688175
0.693634
0.701597
0.712528
0.727507
0.74828
0.777021
0.815466
0.863554
0.695961
0.70499
0.711134
0.711746
0.707768
0.701375
0.694789
0.689252
0.685375
0.683701
0.684869
0.688477
0.693793
0.700356
0.70735
0.713068
0.715113
0.711781
0.703426
0.69624
0.671497
0.673594
0.678191
0.681942
0.684949
0.686698
0.686473
0.684686
0.682446
0.680845
0.680845
0.682672
0.685414
0.688081
0.689566
0.689037
0.68673
0.683511
0.679403
0.674967
0.665296
0.666196
0.668699
0.671336
0.673273
0.674728
0.675887
0.676449
0.676338
0.676081
0.676419
0.677486
0.678549
0.678944
0.678475
0.677467
0.676049
0.673905
0.671299
0.669275
0.659824
0.660289
0.661696
0.663742
0.665673
0.667191
0.66832
0.669264
0.670034
0.670633
0.671255
0.671861
0.67212
0.671952
0.671445
0.670518
0.669044
0.667196
0.665529
0.664504
0.654706
0.654995
0.655908
0.657376
0.659015
0.66062
0.662017
0.663166
0.664187
0.665145
0.665969
0.66648
0.666602
0.666367
0.665721
0.664659
0.66335
0.662019
0.660936
0.660309
0.649772
0.649976
0.65066
0.651825
0.653199
0.654643
0.656112
0.657496
0.658743
0.659901
0.660901
0.661511
0.661656
0.661356
0.660673
0.659766
0.658778
0.657782
0.657
0.656558
0.644971
0.645126
0.645669
0.646645
0.647861
0.649187
0.650601
0.65207
0.653526
0.654911
0.656121
0.656881
0.657093
0.656864
0.656346
0.655666
0.654911
0.654157
0.65358
0.653249
0.640233
0.640355
0.640799
0.641641
0.642758
0.644021
0.6454
0.646901
0.648498
0.650122
0.651589
0.652556
0.652941
0.652912
0.652616
0.652153
0.651596
0.651044
0.650625
0.650369
0.635469
0.635568
0.635943
0.636694
0.637747
0.638973
0.640359
0.641918
0.643648
0.64551
0.647281
0.648546
0.649207
0.649437
0.649376
0.64913
0.648777
0.648404
0.64811
0.647907
0.630592
0.630673
0.630999
0.631691
0.632711
0.633937
0.635367
0.637027
0.638932
0.641061
0.6432
0.644855
0.645861
0.646391
0.646591
0.646573
0.646424
0.646217
0.646026
0.645864
0.625513
0.62558
0.625872
0.626531
0.627551
0.628823
0.630339
0.632145
0.634284
0.636753
0.639344
0.641473
0.642888
0.643764
0.644259
0.644486
0.644542
0.644494
0.644393
0.644261
0.620142
0.620199
0.620468
0.62112
0.622174
0.623535
0.625185
0.627199
0.629645
0.632546
0.635696
0.638392
0.640288
0.641563
0.642389
0.642887
0.643164
0.643273
0.643251
0.643144
0.61438
0.614428
0.614686
0.615353
0.616479
0.617972
0.619817
0.622112
0.624954
0.628402
0.632236
0.635614
0.638078
0.639815
0.641017
0.641833
0.642345
0.642609
0.642659
0.642571
0.608112
0.608151
0.608406
0.609111
0.610347
0.612025
0.614132
0.616793
0.620137
0.624266
0.628937
0.633136
0.636276
0.638559
0.640195
0.641358
0.642135
0.642571
0.642691
0.642619
0.6012
0.601229
0.60149
0.602255
0.603644
0.605568
0.608015
0.611141
0.615119
0.620085
0.625774
0.630963
0.634909
0.637838
0.639988
0.641548
0.64263
0.64325
0.643441
0.643382
0.59348
0.593496
0.593767
0.594616
0.596204
0.598441
0.601322
0.60504
0.609809
0.615808
0.622735
0.629113
0.634019
0.637708
0.640467
0.642504
0.643935
0.644752
0.645012
0.644963
0.584704
0.584729
0.585032
0.585974
0.587813
0.590448
0.593889
0.598359
0.604122
0.611398
0.619828
0.627626
0.633665
0.638247
0.641719
0.64432
0.64615
0.647188
0.64752
0.647479
0.574589
0.574603
0.574949
0.576037
0.578202
0.581361
0.585516
0.590934
0.597941
0.606796
0.617049
0.626532
0.633907
0.639541
0.64385
0.6471
0.649397
0.650676
0.651082
0.651044
0.562762
0.562771
0.563153
0.564438
0.567039
0.570873
0.57594
0.582569
0.591139
0.60194
0.614393
0.625877
0.634813
0.641677
0.646965
0.65097
0.653797
0.655334
0.655811
0.655774
0.548682
0.548686
0.549132
0.550681
0.553851
0.558576
0.56484
0.573036
0.583593
0.596801
0.611898
0.62573
0.636471
0.644743
0.651173
0.656037
0.659455
0.661263
0.661804
0.661762
0.531588
0.531586
0.532126
0.534057
0.53802
0.54396
0.551833
0.5621
0.575214
0.591407
0.609651
0.626195
0.638985
0.64885
0.656561
0.66239
0.666451
0.668525
0.669118
0.669064
0.510342
0.510334
0.511038
0.513556
0.518675
0.526344
0.536454
0.549514
0.565928
0.5858
0.607747
0.627366
0.642443
0.654084
0.66318
0.670089
0.674813
0.677127
0.677747
0.677673
0.483205
0.483195
0.484182
0.487678
0.494625
0.504894
0.518235
0.535124
0.555788
0.580119
0.606344
0.629384
0.646945
0.6605
0.671101
0.679145
0.6845
0.686989
0.687598
0.687496
0.447135
0.447139
0.448748
0.454143
0.464346
0.478738
0.496873
0.518999
0.545057
0.574699
0.605731
0.632448
0.652604
0.668149
0.680322
0.689501
0.69537
0.697921
0.698466
0.698326
0.396373
0.396598
0.400272
0.410051
0.426317
0.447491
0.472601
0.501614
0.534226
0.569922
0.606158
0.636706
0.65951
0.67705
0.690765
0.700976
0.70716
0.709615
0.710041
0.70986
0.323485
0.325785
0.336571
0.355681
0.381987
0.41264
0.44662
0.483756
0.52376
0.566112
0.607973
0.642663
0.668361
0.688112
0.703543
0.71473
0.721127
0.723433
0.72375
0.723563
0.245935
0.252029
0.271122
0.30032
0.337318
0.377737
0.420671
0.466077
0.513801
0.563379
0.611745
0.651551
0.680936
0.703442
0.720975
0.73331
0.739705
0.741674
0.7419
0.741795
0.179085
0.18554
0.211195
0.249038
0.295172
0.344577
0.396103
0.449596
0.504893
0.561527
0.61618
0.660824
0.693646
0.7187
0.737948
0.750883
0.757093
0.758856
0.759069
0.759018
0.124368
0.131252
0.160853
0.204848
0.257777
0.314532
0.373498
0.434324
0.496699
0.560048
0.620692
0.669904
0.705898
0.733184
0.753903
0.767526
0.77393
0.775829
0.776056
0.776043
0.0789486
0.0861645
0.118286
0.166969
0.225278
0.288008
0.353226
0.420451
0.489201
0.558768
0.62506
0.678603
0.717593
0.747037
0.769207
0.783763
0.790711
0.792631
0.792903
0.792913
0.0403384
0.0477338
0.0816446
0.13386
0.196669
0.264453
0.335033
0.407865
0.48235
0.557644
0.629234
0.68688
0.728734
0.760265
0.783953
0.799397
0.80692
0.809021
0.809354
0.809402
0.00653275
0.0140408
0.0492559
0.104408
0.170952
0.243078
0.318382
0.396231
0.47593
0.556517
0.633076
0.694599
0.739162
0.772647
0.797644
0.814039
0.822004
0.824416
0.82484
0.82488
-0.0239359
-0.0163181
0.019956
0.0776319
0.147338
0.223233
0.30273
0.385112
0.46961
0.55514
0.636405
0.701606
0.748716
0.783966
0.810181
0.827313
0.835763
0.838481
0.838983
0.839017
-0.0520118
-0.0443005
-0.00708293
0.0527379
0.12519
0.204411
0.287646
0.374152
0.46309
0.553292
0.639065
0.707801
0.757308
0.794214
0.82145
0.83923
0.848027
0.850955
0.85152
0.851543
-0.0784392
-0.0706083
-0.0324872
0.0290404
0.104063
0.186243
0.272828
0.363092
0.456157
0.55079
0.640936
0.713134
0.764961
0.803403
0.831553
0.849818
0.858813
0.861883
0.862471
0.862487
-0.103676
-0.0956903
-0.0566674
0.0063477
0.0836436
0.168453
0.258064
0.351756
0.448654
0.547506
0.641933
0.717593
0.771746
0.811656
0.840651
0.85917
0.86832
0.871455
0.872056
0.872038
-0.128076
-0.119924
-0.0801851
-0.0155969
0.0637074
0.150862
0.243204
0.340024
0.440487
0.54336
0.642004
0.721188
0.777733
0.819127
0.848879
0.867634
0.876803
0.879925
0.880511
0.880473
-0.151798
-0.143376
-0.103025
-0.0369699
0.0441155
0.133373
0.228167
0.327837
0.431596
0.538286
0.641098
0.723922
0.783
0.825968
0.856471
0.875358
0.884437
0.887481
0.888013
0.887969
-0.174933
-0.166395
-0.125216
-0.0578879
0.0247989
0.115934
0.212925
0.31517
0.421962
0.532248
0.639175
0.725788
0.787618
0.832323
0.863567
0.882474
0.89136
0.894267
0.89472
0.894624
-0.197598
-0.188856
-0.146931
-0.078396
0.0057319
0.0985434
0.197489
0.302044
0.411583
0.525234
0.636182
0.726745
0.79163
0.838312
0.870321
0.889118
0.897665
0.900315
0.900649
0.900516
-0.219796
-0.210852
-0.168166
-0.0985039
-0.0130761
0.0812218
0.18189
0.288498
0.400515
0.517263
0.632084
0.726729
0.795027
0.844041
0.876919
0.895449
0.903435
0.905689
0.90588
0.90572
-0.241468
-0.232318
-0.188855
-0.118174
-0.0315841
0.0640113
0.166198
0.274604
0.38882
0.508361
0.626849
0.725659
0.797746
0.849556
0.88359
0.90177
0.908859
0.910472
0.91046
0.910276
-0.262552
-0.253195
-0.208988
-0.137377
-0.0497484
0.0469834
0.15048
0.260447
0.376573
0.498604
0.620466
0.723436
0.799656
0.854813
0.890566
0.908573
0.914382
0.914853
0.914443
0.914256
-0.283046
-0.27347
-0.228544
-0.156074
-0.0675245
0.0302096
0.134827
0.246123
0.363874
0.488064
0.612966
0.719959
0.800571
0.859623
0.897912
0.916489
0.920983
0.919515
0.918039
0.91777
-0.302879
-0.293092
-0.247484
-0.174218
-0.0848458
0.0137431
0.119321
0.231722
0.350834
0.476844
0.604386
0.715132
0.800276
0.863638
0.905323
0.925921
0.93024
0.926643
0.922716
0.920963
-0.322076
-0.312088
-0.265784
-0.191812
-0.10174
-0.00243195
0.103943
0.217217
0.337426
0.464912
0.594661
0.70873
0.798482
0.866455
0.912111
0.936429
0.943252
0.939603
0.931889
0.916529
-0.34065
-0.330489
-0.283536
-0.209033
-0.118447
-0.0186188
0.0883158
0.202144
0.323107
0.451636
0.583136
0.700039
0.794478
0.867509
0.917035
0.945732
0.956959
0.952464
0.943108
0.906009
-0.358843
-0.348034
-0.300691
-0.225726
-0.134842
-0.0346833
0.0726288
0.186724
0.308105
0.437217
0.56988
0.688871
0.78742
0.865987
0.917843
0.946751
0.958344
0.95558
0.904173
0.846612
-0.377959
-0.363473
-0.317057
-0.241746
-0.151133
-0.0508385
0.0566212
0.17096
0.292393
0.421619
0.554739
0.674932
0.775923
0.861667
0.912114
0.928536
0.937653
0.905875
0.841174
0.777404
-0.398008
-0.397217
-0.337735
-0.254694
-0.16434
-0.0643741
0.0407937
0.155507
0.276702
0.405636
0.538343
0.658578
0.759424
0.856733
0.877071
0.893458
0.870897
0.810599
0.737626
0.667824
-0.373745
-0.370471
-0.312121
-0.22922
-0.133871
-0.0307158
0.0792732
0.196535
0.320714
0.453232
0.580265
0.688358
0.779585
0.872465
0.884857
0.790879
0.710064
0.644336
0.573301
0.433939
-0.413368
-0.386027
-0.32544
-0.241811
-0.146597
-0.043588
0.0658244
0.182487
0.305786
0.436871
0.561592
0.66684
0.748548
0.811771
0.782792
0.654742
0.539422
0.459706
0.377801
0.221344
-0.438253
-0.406419
-0.344189
-0.261105
-0.165776
-0.0628995
0.0466749
0.16259
0.284619
0.413537
0.534984
0.634929
0.708353
0.734894
0.658759
0.50036
0.366716
0.267193
0.1561
-0.0655517
-0.462161
-0.428355
-0.364555
-0.280813
-0.18544
-0.0826335
0.0266157
0.141637
0.262162
0.388469
0.505645
0.598529
0.659556
0.651618
0.520062
0.339856
0.176491
0.0402973
-0.112508
-0.471579
-0.485288
-0.450616
-0.385678
-0.301067
-0.205554
-0.102926
0.00570952
0.119704
0.238513
0.361827
0.473918
0.558843
0.601914
0.564864
0.385551
0.184762
-0.0179061
-0.186659
-0.429778
-0.943174
-0.50827
-0.473499
-0.407824
-0.322596
-0.226869
-0.124432
-0.0164068
0.0964687
0.213352
0.333334
0.439774
0.516966
0.540275
0.454445
0.262184
0.0519687
-0.156337
-0.339456
-0.511679
-1.06609
-0.53226
-0.497341
-0.431254
-0.345628
-0.249732
-0.147452
-0.0400024
0.0717275
0.186544
0.302937
0.403496
0.471098
0.470397
0.3418
0.155033
-0.0480408
-0.234788
-0.358186
-0.391263
-0.435817
-0.557676
-0.522626
-0.456278
-0.370466
-0.274588
-0.172628
-0.0659279
0.0443781
0.156725
0.26888
0.363143
0.418051
0.395284
0.237294
0.057571
-0.122568
-0.267763
-0.326957
-0.347849
-0.352995
-0.584829
-0.549538
-0.482985
-0.397101
-0.301407
-0.199954
-0.0942663
0.0142998
0.123774
0.231066
0.318428
0.358269
0.319635
0.140117
-0.030948
-0.188987
-0.296464
-0.32037
-0.322718
-0.323252
-0.61386
-0.578211
-0.511416
-0.425522
-0.330157
-0.229434
-0.125019
-0.0185127
0.0876596
0.189552
0.268952
0.295936
0.22588
0.051422
-0.110988
-0.248528
-0.296904
-0.30934
-0.309582
-0.309052
-0.644636
-0.608588
-0.541528
-0.455716
-0.360822
-0.261041
-0.15817
-0.0540667
0.0484118
0.144417
0.2152
0.228325
0.128978
-0.0308026
-0.179201
-0.285333
-0.297579
-0.298896
-0.300274
-0.299854
-0.676692
-0.640467
-0.573143
-0.487508
-0.393267
-0.29467
-0.193642
-0.0923041
0.00614057
0.0958552
0.158163
0.154384
0.0437245
-0.10386
-0.231762
-0.273226
-0.291716
-0.294984
-0.295201
-0.294962
-0.709668
-0.673128
-0.605916
-0.520589
-0.427229
-0.330087
-0.23122
-0.133015
-0.0389362
0.044435
0.0974216
0.0821267
-0.0359745
-0.165337
-0.265099
-0.305753
-0.293855
-0.291359
-0.291186
-0.291054
-0.74262
-0.706037
-0.6393
-0.554458
-0.462259
-0.366891
-0.270539
-0.175832
-0.0864983
-0.00906661
0.0326874
0.0158963
-0.107304
-0.213643
-0.284335
-0.284378
-0.288413
-0.289127
-0.288933
-0.288763
-0.774476
-0.738426
-0.671993
-0.588387
-0.497694
-0.404495
-0.311043
-0.220165
-0.135962
-0.0641391
-0.0295047
-0.0520572
-0.167127
-0.261645
-0.284128
-0.299222
-0.29437
-0.289984
-0.288082
-0.28735
-0.803647
-0.768632
-0.703305
-0.621259
-0.53261
-0.442069
-0.351977
-0.265254
-0.186356
-0.120203
-0.0863831
-0.121531
-0.212514
-0.300354
-0.317232
-0.305686
-0.296415
-0.289994
-0.287427
-0.28637
-0.828399
-0.79489
-0.731439
-0.651774
-0.565824
-0.478543
-0.39234
-0.310156
-0.236511
-0.176331
-0.14341
-0.179469
-0.239624
-0.311102
-0.363724
-0.32941
-0.303751
-0.293292
-0.290639
-0.289333
-0.846355
-0.815095
-0.754327
-0.678195
-0.595911
-0.512623
-0.43093
-0.35374
-0.285399
-0.231194
-0.200782
-0.227615
-0.238672
-0.262425
-0.285338
-0.316737
-0.335182
-0.339592
-0.336896
-0.333938
-0.855174
-0.826753
-0.770073
-0.698573
-0.621159
-0.542908
-0.466436
-0.394691
-0.331968
-0.2841
-0.251447
-0.284349
-0.257811
-0.175151
-0.243133
-0.345983
-0.407152
-0.418711
-0.415725
-0.414021
-0.85199
-0.827736
-0.776753
-0.71106
-0.639874
-0.567775
-0.497318
-0.431616
-0.374972
-0.334279
-0.297444
-0.365975
-0.411005
-0.3431
-0.378193
-0.447243
-0.468049
-0.463157
-0.459348
-0.459957
-0.833081
-0.815104
-0.772576
-0.714246
-0.650645
-0.585752
-0.522093
-0.462739
-0.412723
-0.37883
-0.360739
-0.473287
-0.693852
-0.920442
-0.851421
-0.65206
-0.533624
-0.495086
-0.485108
-0.48265
-0.800068
-0.787669
-0.755906
-0.707529
-0.652767
-0.595978
-0.539396
-0.486242
-0.442018
-0.41501
-0.408481
-0.507279
-0.720743
-1.00536
-0.936046
-0.634307
-0.472475
-0.416183
-0.398298
-0.392331
-0.757446
-0.749784
-0.729591
-0.692281
-0.64694
-0.598455
-0.548499
-0.500666
-0.459724
-0.435326
-0.418791
-0.366934
-0.150965
0.0562355
0.0772616
0.012885
-0.107679
-0.159992
-0.168306
-0.167426
-0.713465
-0.709238
-0.698193
-0.672692
-0.636026
-0.594437
-0.550095
-0.505028
-0.464541
-0.433906
-0.413761
-0.262477
0.0245479
0.376315
0.427786
0.168383
0.00203292
-0.0808685
-0.0900255
-0.102005
-0.677018
-0.674827
-0.66898
-0.652036
-0.623337
-0.586745
-0.545748
-0.501786
-0.457089
-0.421445
-0.406481
-0.355881
-0.408446
-0.619494
-0.935936
-1.25667
-1.3379
-1.22881
-1.08823
-1.03827
-0.649499
-0.648425
-0.646214
-0.636415
-0.613149
-0.579392
-0.538796
-0.492335
-0.442281
-0.394596
-0.361806
-0.411762
-0.680561
-1.14374
-1.5428
-1.67595
-1.60926
-1.40314
-1.1862
-1.11064
-0.630813
-0.630251
-0.629436
-0.624716
-0.606901
-0.574137
-0.530985
-0.48029
-0.423234
-0.354698
-0.296577
-0.263657
-0.377023
-0.489808
-0.586207
-0.529362
-0.309603
-0.0671903
0.099368
0.167337
-0.619242
-0.618958
-0.618391
-0.617039
-0.604217
-0.571182
-0.523937
-0.467253
-0.398478
-0.31539
-0.216766
-0.0701726
0.088724
0.302917
0.580651
0.882577
1.20573
1.44109
1.56202
1.59868
-0.611503
-0.611502
-0.611452
-0.611548
-0.602917
-0.570419
-0.51939
-0.455409
-0.37723
-0.276724
-0.150462
-0.01532
0.224758
0.592729
1.07475
1.53352
1.88726
2.09861
2.18793
2.20945
-0.60447
-0.60499
-0.605894
-0.606769
-0.599889
-0.570316
-0.518767
-0.44985
-0.362224
-0.252358
-0.126872
0.00163485
0.206253
0.605722
1.07315
1.49576
1.80598
1.97684
2.04527
2.06055
-0.60038
-0.599333
-0.594849
-0.587844
-0.584439
-0.570348
-0.526193
-0.452777
-0.357553
-0.246122
-0.124321
-0.00327745
0.141926
0.481685
0.859914
1.18161
1.41559
1.54337
1.59338
1.60466
-0.626207
-0.620917
-0.605347
-0.586791
-0.58599
-0.591485
-0.548807
-0.463714
-0.359644
-0.245693
-0.133191
-0.025055
0.0782852
0.317667
0.599737
0.828608
0.994769
1.08325
1.11803
1.1254
-0.703793
-0.702483
-0.704579
-0.713773
-0.712196
-0.689444
-0.596301
-0.479753
-0.361337
-0.244827
-0.142829
-0.0539617
0.0284753
0.194749
0.385251
0.537798
0.647658
0.706549
0.729718
0.734685
-0.815365
-0.831032
-0.864626
-0.887025
-0.876004
-0.800534
-0.643811
-0.488474
-0.356558
-0.242629
-0.154465
-0.0834589
-0.0254629
0.096072
0.226731
0.325771
0.39563
0.431937
0.446297
0.44922
-0.833539
-0.853126
-0.886579
-0.90796
-0.891076
-0.796163
-0.623423
-0.463765
-0.334936
-0.232809
-0.161331
-0.110518
-0.0718421
0.0107011
0.102318
0.173097
0.220625
0.244991
0.254918
0.256511
-0.652351
-0.671608
-0.701452
-0.723923
-0.709224
-0.624562
-0.502137
-0.386683
-0.287873
-0.209015
-0.15593
-0.123185
-0.0987794
-0.0326752
0.0300552
0.0759381
0.106776
0.122678
0.128977
0.129677
-0.341848
-0.353174
-0.373013
-0.393425
-0.398111
-0.370829
-0.324499
-0.27106
-0.219528
-0.171467
-0.138422
-0.123862
-0.114649
-0.0622963
-0.012534
0.0214159
0.0413059
0.0510881
0.054547
0.054425
-0.0631493
-0.0680905
-0.0809524
-0.103129
-0.128943
-0.150423
-0.160978
-0.158996
-0.146245
-0.126745
-0.111824
-0.108144
-0.102012
-0.0644296
-0.0312846
-0.00900098
0.00487829
0.011768
0.0142195
0.0140393
0.0944735
0.0919928
0.0824725
0.0601407
0.0240905
-0.0163332
-0.0503432
-0.073354
-0.0835189
-0.0823269
-0.0770005
-0.0726956
-0.0640424
-0.0383105
-0.0177019
-0.00686656
-0.00167046
0.000563194
0.00124311
0.000690368
0.150618
0.148897
0.141357
0.122448
0.0905544
0.0518987
0.0143719
-0.0157893
-0.0350723
-0.041885
-0.0386729
-0.0301151
-0.0161387
-0.00369537
0.00154242
0.00441588
0.00573855
0.00653463
0.00658684
0.00588873
0.154875
0.153617
0.148192
0.134452
0.110717
0.0805748
0.0488103
0.0205479
-0.000184368
-0.00978852
-0.00567856
0.00820769
0.0236719
0.0289565
0.0257367
0.0229894
0.0215467
0.0214251
0.0208958
0.0199447
0.139256
0.138434
0.134831
0.125572
0.109192
0.0874143
0.0629061
0.0397484
0.0217021
0.0131773
0.0188685
0.0348219
0.0503808
0.0484425
0.0418591
0.0380088
0.0367257
0.0360847
0.0352145
0.0340932
0.118107
0.117626
0.115347
0.109346
0.0984162
0.0833258
0.0655465
0.0478634
0.0335203
0.0266951
0.032541
0.047558
0.0601606
0.053924
0.0460001
0.042734
0.0425098
0.0426834
0.0418758
0.0406782
0.0967587
0.0965499
0.0951523
0.0913503
0.0842
0.0739583
0.0613661
0.0482467
0.0369606
0.0310169
0.0351893
0.0466048
0.0544636
0.0462708
0.04022
0.0380469
0.0377904
0.0371881
0.0362144
0.0352166
0.0771592
0.0770085
0.0761685
0.0737884
0.0691538
0.0622404
0.0533796
0.0436746
0.0346034
0.0285975
0.029204
0.0347245
0.036636
0.0284551
0.0240863
0.0236638
0.0242184
0.0237174
0.0228055
0.0219483
0.0596607
0.059594
0.0590866
0.0576142
0.054649
0.0500064
0.043754
0.0363612
0.0284942
0.0213776
0.0170716
0.0145788
0.0104281
0.00274271
0.00157162
0.00334855
0.00474633
0.00450583
0.00378688
0.00315387
0.0443445
0.0443172
0.0440211
0.0431491
0.0413126
0.0382013
0.033728
0.027915
0.0207347
0.0119653
0.00181438
-0.00994232
-0.0209106
-0.0256266
-0.0219237
-0.0178388
-0.0160555
-0.0160285
-0.0163846
-0.0167801
0.0311955
0.0311746
0.0310065
0.0305218
0.0294645
0.0274923
0.0243228
0.0196984
0.013058
0.00300472
-0.0120446
-0.0321864
-0.0475618
-0.047544
-0.0401177
-0.0344977
-0.0325289
-0.0325194
-0.0326443
-0.0328388
0.0201851
0.020157
0.02006
0.0198841
0.0193663
0.0182213
0.0161068
0.0125961
0.00689319
-0.00313388
-0.0203297
-0.044814
-0.0627726
-0.0575666
-0.0473747
-0.0421331
-0.0405672
-0.0407946
-0.0406656
-0.0406517
0.0112341
0.0111992
0.0111574
0.0111482
0.0109957
0.0104544
0.00919192
0.00682305
0.00272988
-0.0051584
-0.0207593
-0.0439083
-0.0573244
-0.0494705
-0.0403475
-0.0363909
-0.0362935
-0.0369114
-0.0366869
-0.0365687
0.0041587
0.00415802
0.00413293
0.00419532
0.00424238
0.00421539
0.00393289
0.00322887
0.00182241
-0.000846129
-0.00663528
-0.0179106
-0.0306306
-0.0284936
-0.0222056
-0.0189415
-0.0190335
-0.019864
-0.0197711
-0.01941
-0.632914
-0.123718
0.186852
0.398212
0.560076
0.683415
0.783194
0.870196
0.972912
0.964912
0.0958256
0.250821
0.411704
0.54765
0.659596
0.750526
0.825377
0.881384
0.904076
0.910366
0.365848
0.466407
0.572271
0.66496
0.743835
0.809527
0.861586
0.898217
0.921888
0.939021
0.55169
0.620718
0.694063
0.760267
0.817394
0.865277
0.903758
0.933642
0.957141
0.975762
0.691294
0.741937
0.794242
0.843484
0.886674
0.923771
0.954961
0.98089
1.00212
1.02052
0.804217
0.841231
0.883321
0.921719
0.9567
0.98772
1.01468
1.0376
1.05598
1.07395
0.901338
0.931732
0.96723
1.00038
1.03117
1.05909
1.08362
1.10433
1.12011
1.13779
0.990704
1.01936
1.05277
1.08444
1.11397
1.14073
1.16404
1.18316
1.19673
1.21427
1.08103
1.11226
1.1472
1.17992
1.20973
1.23615
1.25861
1.27639
1.28836
1.30604
1.18453
1.22078
1.25834
1.2925
1.32238
1.34794
1.36904
1.38538
1.39665
1.41484
1.3134
1.35335
1.39095
1.42379
1.45156
1.47501
1.49452
1.50987
1.52169
1.54012
1.47423
1.51101
1.54246
1.56894
1.59168
1.61215
1.63068
1.64675
1.66083
1.67882
1.65822
1.68349
1.70336
1.72199
1.73981
1.75657
1.77227
1.7883
1.80551
1.82461
1.84397
1.85567
1.86914
1.88402
1.89779
1.90984
1.92065
1.93208
1.94641
1.96499
2.02724
2.04176
2.04692
2.04747
2.0493
2.05663
2.07051
2.08847
2.10108
2.11459
2.29969
2.24533
2.19814
2.16664
2.15353
2.15811
2.18138
2.22609
2.29344
2.38894
0.755372
0.75069
0.743295
0.731406
0.718425
0.706956
0.697836
0.691037
0.686539
0.684622
0.685852
0.689854
0.696046
0.704375
0.714954
0.727562
0.740631
0.75052
0.756493
0.759893
0.67738
0.684463
0.690443
0.694659
0.695943
0.694182
0.690577
0.686705
0.68368
0.682349
0.683429
0.686487
0.690624
0.694957
0.698152
0.698686
0.695987
0.690856
0.684013
0.678146
0.668206
0.671211
0.674467
0.67696
0.678974
0.680431
0.680782
0.68005
0.678972
0.678508
0.679366
0.681111
0.682782
0.683506
0.682887
0.68133
0.679291
0.676512
0.673236
0.670898
0.662503
0.663957
0.666191
0.668432
0.670084
0.671296
0.672287
0.672959
0.673271
0.67359
0.674275
0.675007
0.675284
0.674976
0.674281
0.673181
0.671437
0.669211
0.667429
0.666345
0.657238
0.658059
0.659525
0.661323
0.663067
0.664509
0.66563
0.666595
0.667465
0.66825
0.668904
0.669242
0.669205
0.668836
0.668052
0.666792
0.665253
0.663722
0.662704
0.662046
0.652221
0.652778
0.653853
0.655266
0.656787
0.658299
0.659678
0.660873
0.661963
0.662982
0.663732
0.664063
0.663996
0.663508
0.662631
0.661538
0.660373
0.659303
0.658618
0.658155
0.647361
0.647779
0.648638
0.649841
0.651166
0.652578
0.654031
0.655439
0.656751
0.657971
0.658886
0.659305
0.659239
0.658767
0.658045
0.657207
0.656326
0.655529
0.655026
0.654674
0.642603
0.64293
0.643639
0.644694
0.645923
0.64726
0.6487
0.650216
0.651745
0.65321
0.654334
0.654888
0.65494
0.654647
0.654147
0.653521
0.652854
0.652269
0.651896
0.651615
0.637863
0.638129
0.638732
0.639686
0.640854
0.642158
0.643607
0.645204
0.646915
0.648653
0.650046
0.650832
0.651116
0.651058
0.650779
0.650364
0.649893
0.649479
0.6492
0.648968
0.633054
0.633276
0.633805
0.634697
0.635828
0.637134
0.638634
0.640343
0.64225
0.644287
0.646028
0.647142
0.647724
0.647927
0.647879
0.647685
0.647399
0.647132
0.646928
0.646731
0.628087
0.628276
0.628756
0.629616
0.630747
0.632096
0.633687
0.635555
0.637713
0.640109
0.642281
0.643802
0.644733
0.645234
0.645443
0.645465
0.645367
0.645232
0.645089
0.644916
0.622874
0.623038
0.623489
0.624348
0.625521
0.626955
0.628684
0.630771
0.633252
0.636101
0.6388
0.640802
0.642139
0.642981
0.643474
0.643719
0.643819
0.643807
0.643713
0.643558
0.617321
0.617467
0.617907
0.618795
0.620048
0.621615
0.623544
0.625925
0.628819
0.632235
0.635571
0.638145
0.639956
0.641186
0.641999
0.642514
0.642805
0.642905
0.642854
0.64271
0.611321
0.611453
0.611899
0.612845
0.614223
0.615978
0.618178
0.62094
0.624358
0.628475
0.632585
0.635842
0.638212
0.639891
0.641065
0.641874
0.642377
0.64259
0.642577
0.64244
0.604748
0.60487
0.605337
0.606372
0.607924
0.609931
0.612483
0.615727
0.619802
0.624781
0.629827
0.633903
0.636938
0.639145
0.640732
0.641875
0.642615
0.642946
0.642967
0.642834
0.597452
0.597565
0.598065
0.599224
0.601004
0.603337
0.606338
0.610194
0.615083
0.621113
0.627294
0.632352
0.636173
0.639006
0.641086
0.642615
0.643619
0.644071
0.644125
0.643991
0.589243
0.589356
0.589889
0.591216
0.59328
0.596028
0.599606
0.604234
0.610135
0.617455
0.625003
0.631229
0.635978
0.639545
0.642218
0.644201
0.645494
0.646075
0.64616
0.646022
0.579812
0.579936
0.580567
0.582088
0.584523
0.587813
0.592123
0.597722
0.604885
0.613785
0.622976
0.630585
0.636426
0.640855
0.644224
0.646725
0.648354
0.649074
0.649188
0.649043
0.568884
0.569006
0.569754
0.571548
0.574459
0.578441
0.583681
0.590505
0.59924
0.610073
0.621232
0.630468
0.637592
0.643035
0.647206
0.650321
0.652321
0.653187
0.653327
0.653171
0.555977
0.556117
0.557021
0.559174
0.562707
0.567588
0.574027
0.582413
0.593107
0.606293
0.6198
0.630947
0.639558
0.646178
0.651286
0.6551
0.657509
0.658521
0.658682
0.658512
0.540454
0.540631
0.541763
0.544404
0.548764
0.554845
0.562867
0.573277
0.586445
0.602499
0.61877
0.63212
0.642423
0.650385
0.656563
0.661161
0.664005
0.66516
0.665332
0.665144
0.521384
0.521636
0.523113
0.52645
0.531969
0.539704
0.549866
0.562932
0.579225
0.59875
0.618234
0.634082
0.646285
0.655754
0.663104
0.668573
0.671857
0.673133
0.673304
0.673095
0.49737
0.497764
0.499789
0.504185
0.51142
0.52154
0.534681
0.551272
0.571491
0.595159
0.618316
0.636937
0.651226
0.662343
0.670966
0.677349
0.68104
0.682396
0.682548
0.682317
0.466108
0.466797
0.469781
0.475988
0.485989
0.499708
0.517084
0.538349
0.563436
0.59195
0.619211
0.640819
0.657327
0.670183
0.68017
0.687431
0.691434
0.692802
0.692912
0.69266
0.423503
0.424892
0.429922
0.439711
0.454544
0.473842
0.497197
0.524514
0.555476
0.589491
0.621169
0.645884
0.66466
0.679294
0.690645
0.698657
0.702788
0.704067
0.704112
0.703848
0.361946
0.36628
0.376802
0.393719
0.416754
0.444386
0.475698
0.510397
0.548073
0.588054
0.62433
0.652197
0.673212
0.689557
0.702119
0.710661
0.714684
0.715709
0.715669
0.715413
0.288423
0.296551
0.315816
0.343242
0.376767
0.413765
0.453625
0.49622
0.541215
0.58798
0.629795
0.661698
0.685696
0.704242
0.718296
0.72737
0.731294
0.732209
0.732213
0.732092
0.214644
0.22813
0.256424
0.294228
0.337792
0.384067
0.432509
0.483085
0.5355
0.589185
0.636736
0.672822
0.699917
0.720827
0.73647
0.745726
0.749208
0.749907
0.749938
0.74991
0.153499
0.170594
0.204609
0.250212
0.301954
0.356389
0.412748
0.470894
0.530453
0.590816
0.64383
0.683824
0.713739
0.736642
0.753311
0.7628
0.7661
0.766793
0.7669
0.766924
0.103214
0.122405
0.160855
0.212235
0.270347
0.331518
0.394734
0.459696
0.525873
0.592532
0.650725
0.694393
0.72689
0.751632
0.769445
0.779281
0.782841
0.78379
0.783942
0.78401
0.0610468
0.0814768
0.123258
0.179242
0.242623
0.309428
0.378523
0.449507
0.521704
0.594232
0.65732
0.704482
0.73948
0.766035
0.785032
0.79564
0.799599
0.800691
0.800857
0.800942
0.0246489
0.0458842
0.0903258
0.15004
0.217858
0.289526
0.363787
0.44016
0.517854
0.595839
0.663539
0.714014
0.751385
0.779698
0.799818
0.811236
0.815628
0.816849
0.817023
0.817109
-0.00762472
0.0141854
0.0607979
0.123651
0.195245
0.271164
0.350043
0.431305
0.514065
0.597156
0.669212
0.722824
0.762409
0.792282
0.813481
0.825623
0.830439
0.831783
0.831944
0.83202
-0.0369828
-0.0147349
0.0337064
0.0992716
0.174146
0.253812
0.336836
0.422574
0.510054
0.597983
0.674204
0.73078
0.772422
0.803684
0.825807
0.838555
0.843748
0.84516
0.845325
0.845378
-0.0643653
-0.0416623
0.00842588
0.0762677
0.154075
0.237072
0.323836
0.413686
0.505594
0.598145
0.678401
0.73784
0.781416
0.813966
0.83681
0.849962
0.85543
0.85691
0.857067
0.857081
-0.0902946
-0.0671016
-0.0156547
0.054271
0.134685
0.22066
0.310809
0.404444
0.500511
0.597511
0.681738
0.744017
0.78946
0.823185
0.846654
0.860027
0.865641
0.867166
0.867328
0.867314
-0.115195
-0.0914461
-0.0389091
0.0330168
0.115728
0.204372
0.297597
0.394713
0.494688
0.596
0.684183
0.749345
0.796668
0.831495
0.855493
0.869002
0.874635
0.876148
0.876301
0.876256
-0.139332
-0.115118
-0.061412
0.012284
0.0970464
0.18809
0.284094
0.384413
0.488054
0.593535
0.685714
0.753867
0.803149
0.839101
0.863535
0.8771
0.882668
0.884132
0.884235
0.884154
-0.162873
-0.138139
-0.0832987
-0.00804539
0.0785545
0.171743
0.270256
0.373506
0.480571
0.590072
0.686297
0.75762
0.809027
0.846166
0.870965
0.884459
0.889891
0.891265
0.891333
0.891225
-0.185892
-0.160584
-0.104687
-0.0280239
0.0602183
0.155324
0.256084
0.361986
0.472215
0.585574
0.685892
0.760614
0.8144
0.852831
0.877915
0.891215
0.89642
0.897644
0.897647
0.897514
-0.208369
-0.182559
-0.125629
-0.0476671
0.0420418
0.138841
0.241601
0.349886
0.463005
0.580017
0.684436
0.762824
0.819343
0.859253
0.884549
0.897462
0.902275
0.903282
0.903218
0.903066
-0.230362
-0.204003
-0.146093
-0.0669569
0.024055
0.12234
0.226865
0.337262
0.452992
0.573398
0.681875
0.764187
0.823861
0.865582
0.891104
0.90339
0.907547
0.908244
0.908112
0.907951
-0.251772
-0.224879
-0.16604
-0.0858606
0.00630133
0.105892
0.211951
0.324192
0.442238
0.565733
0.67814
0.764594
0.827894
0.87193
0.897926
0.909364
0.912444
0.912601
0.912377
0.912239
-0.272608
-0.245141
-0.185465
-0.104328
-0.0111528
0.0895619
0.196947
0.310778
0.430819
0.557077
0.67318
0.76391
0.831286
0.87829
0.905411
0.916075
0.917512
0.916534
0.916061
0.916034
-0.29278
-0.264789
-0.204314
-0.122317
-0.0282547
0.0734306
0.181932
0.297096
0.418849
0.547507
0.666965
0.761975
0.833792
0.884422
0.913752
0.924527
0.92418
0.92101
0.919313
0.919141
-0.31235
-0.2838
-0.222537
-0.13977
-0.0449302
0.0575848
0.167029
0.283284
0.406451
0.537118
0.659502
0.758623
0.835097
0.889806
0.922516
0.935361
0.934793
0.92916
0.922253
0.905934
-0.33125
-0.30217
-0.240272
-0.156891
-0.0614738
0.0416984
0.151825
0.268883
0.393112
0.525389
0.650247
0.753269
0.834826
0.893933
0.930779
0.948076
0.950166
0.943596
0.930112
0.945175
-0.349575
-0.319832
-0.257475
-0.173644
-0.077822
0.0258233
0.136323
0.25392
0.378823
0.512216
0.638992
0.745256
0.832253
0.895673
0.935242
0.956122
0.962178
0.952009
0.893904
0.881338
-0.367966
-0.337205
-0.273871
-0.189709
-0.093463
0.010381
0.120725
0.238663
0.363878
0.497807
0.625772
0.734094
0.826531
0.894175
0.930999
0.950984
0.948139
0.911045
0.844567
0.805053
-0.387765
-0.355811
-0.288985
-0.204669
-0.107818
-0.00435764
0.10545
0.223335
0.348415
0.482216
0.610505
0.719584
0.815572
0.888359
0.934795
0.918703
0.891837
0.828206
0.756941
0.714403
0.0341614
0.148753
0.269785
0.398429
0.530446
0.649903
0.749209
0.594626
-0.405649
-0.389932
-0.350688
-0.279377
-0.189266
-0.090432
0.0161518
0.129615
0.249836
0.37724
0.508024
0.626635
0.723959
0.804517
0.856205
0.809216
0.671749
0.585054
0.516596
-0.425424
-0.412507
-0.36779
-0.295125
-0.204643
-0.10557
0.000541398
0.113514
0.232864
0.358871
0.487403
0.602625
0.693871
0.760032
0.758422
0.653574
0.511546
0.407873
0.320437
-0.448462
-0.435938
-0.38831
-0.314491
-0.224006
-0.124699
-0.0185301
0.0941103
0.212505
0.336873
0.462288
0.572331
0.653832
0.700984
0.661988
0.503104
0.342465
0.213155
0.0986107
-0.471709
-0.459088
-0.409848
-0.334736
-0.243906
-0.144619
-0.0387335
0.0731795
0.190339
0.312619
0.434386
0.538484
0.612242
0.632335
0.545939
0.356711
0.16614
-0.00453178
-0.166122
-0.494418
-0.482109
-0.432041
-0.355882
-0.264618
-0.165331
-0.059868
0.0511696
0.166915
0.286764
0.404387
0.501669
0.565886
0.548578
0.418444
0.220099
0.00774538
-0.18577
-0.365894
-0.517692
-0.505623
-0.455163
-0.378333
-0.286712
-0.187362
-0.0822467
0.0279722
0.142243
0.259514
0.37277
0.462554
0.512793
0.473153
0.301063
0.104694
-0.104404
-0.294922
-0.410445
-0.47936
-0.542314
-0.530383
-0.479589
-0.402377
-0.310598
-0.211293
-0.106595
0.00268745
0.115255
0.229548
0.337923
0.419747
0.454075
0.389453
0.195157
0.00594563
-0.176092
-0.311424
-0.35487
-0.378511
-0.568466
-0.556624
-0.505585
-0.428138
-0.336359
-0.2373
-0.133204
-0.0251275
0.0853871
0.19619
0.298993
0.372441
0.385983
0.283953
0.0998788
-0.0755787
-0.229055
-0.309461
-0.329892
-0.334779
-0.596414
-0.584542
-0.533265
-0.455634
-0.363982
-0.265339
-0.162093
-0.0555074
0.0525897
0.159421
0.255892
0.320556
0.305883
0.18233
0.0120908
-0.152165
-0.271573
-0.316029
-0.314861
-0.315611
-0.62607
-0.614288
-0.562646
-0.484867
-0.39346
-0.295409
-0.193259
-0.0884518
0.0168549
0.119266
0.208808
0.26315
0.231146
0.0865792
-0.0686751
-0.220601
-0.285753
-0.302973
-0.304556
-0.304098
-0.657294
-0.645526
-0.593619
-0.515752
-0.424698
-0.327451
-0.226642
-0.123938
-0.0217943
0.0757918
0.158033
0.200468
0.163786
0.00359055
-0.141961
-0.255988
-0.305118
-0.297385
-0.297342
-0.297419
-0.689585
-0.67773
-0.625923
-0.548034
-0.4575
-0.361284
-0.262101
-0.161834
-0.0632178
0.0293001
0.103777
0.13684
0.0841722
-0.0704133
-0.201249
-0.278018
-0.294867
-0.293227
-0.293056
-0.292877
-0.722438
-0.710475
-0.658944
-0.581273
-0.491489
-0.396569
-0.299332
-0.201853
-0.107163
-0.0198333
0.0467982
0.0688346
-0.000688698
-0.1341
-0.247457
-0.266287
-0.283242
-0.288896
-0.289531
-0.28947
-0.75481
-0.742843
-0.69177
-0.614824
-0.526088
-0.432796
-0.337869
-0.243538
-0.153137
-0.0712494
-0.0109604
-0.00440208
-0.0746197
-0.191743
-0.27033
-0.315295
-0.297216
-0.29124
-0.288759
-0.288082
-0.784891
-0.773724
-0.723498
-0.647619
-0.560447
-0.46922
-0.377037
-0.286238
-0.200394
-0.124319
-0.0680942
-0.0706864
-0.139751
-0.240628
-0.306669
-0.306298
-0.298382
-0.291966
-0.288569
-0.287187
-0.811809
-0.800964
-0.752771
-0.678386
-0.593434
-0.50483
-0.41593
-0.329104
-0.248001
-0.177841
-0.125555
-0.128368
-0.193449
-0.270222
-0.333044
-0.324683
-0.307558
-0.293476
-0.287686
-0.286209
-0.832957
-0.822791
-0.777052
-0.705667
-0.62366
-0.538415
-0.453405
-0.371069
-0.294946
-0.230532
-0.183209
-0.180912
-0.229801
-0.269109
-0.304562
-0.329974
-0.318055
-0.308947
-0.305796
-0.30419
-0.846267
-0.837172
-0.794716
-0.727258
-0.649418
-0.568513
-0.488181
-0.410856
-0.340109
-0.281409
-0.237977
-0.232777
-0.264337
-0.216445
-0.22463
-0.291613
-0.352389
-0.380524
-0.381626
-0.377946
-0.849065
-0.841587
-0.803581
-0.741349
-0.668833
-0.593511
-0.518738
-0.447079
-0.382214
-0.329275
-0.290395
-0.289101
-0.328447
-0.260933
-0.230218
-0.338314
-0.419237
-0.441346
-0.439406
-0.43795
-0.839522
-0.83349
-0.801341
-0.745982
-0.680336
-0.611788
-0.54357
-0.47825
-0.419634
-0.372939
-0.344742
-0.355033
-0.486471
-0.618469
-0.59443
-0.556165
-0.518616
-0.49024
-0.479965
-0.477638
-0.814123
-0.809856
-0.78529
-0.739681
-0.682833
-0.62222
-0.561338
-0.502707
-0.450305
-0.410756
-0.38821
-0.431023
-0.612943
-0.99193
-1.16168
-0.861411
-0.60603
-0.495983
-0.468513
-0.458719
-0.776147
-0.773501
-0.757283
-0.722605
-0.676343
-0.624575
-0.571275
-0.519054
-0.471822
-0.437145
-0.424831
-0.431566
-0.452752
-0.500986
-0.573898
-0.462071
-0.347431
-0.30324
-0.288257
-0.282416
-0.732166
-0.730523
-0.722331
-0.69849
-0.662984
-0.619839
-0.573663
-0.526553
-0.482682
-0.447414
-0.431568
-0.372795
-0.148654
0.218472
0.577878
0.485365
0.188642
-0.0185212
-0.0814837
-0.0961822
-0.691964
-0.690908
-0.68716
-0.673422
-0.646627
-0.610588
-0.569999
-0.526384
-0.48207
-0.443954
-0.419779
-0.367597
-0.221174
-0.0961471
-0.103374
-0.368635
-0.595385
-0.599512
-0.468653
-0.396428
-0.662012
-0.661415
-0.65902
-0.65186
-0.63198
-0.601251
-0.563339
-0.520184
-0.474277
-0.427723
-0.394326
-0.384803
-0.471451
-0.829905
-1.3072
-1.62364
-1.77935
-1.72454
-1.55381
-1.4197
-0.63899
-0.638493
-0.637502
-0.634799
-0.621643
-0.594376
-0.556441
-0.511563
-0.460466
-0.403932
-0.354677
-0.306816
-0.472332
-0.749666
-1.0809
-1.2595
-1.20196
-0.980681
-0.742796
-0.598567
-0.624545
-0.624343
-0.623856
-0.622477
-0.615426
-0.590635
-0.550962
-0.50141
-0.443127
-0.376167
-0.294109
-0.21378
-0.125114
-0.0823046
0.0179193
0.143921
0.36917
0.642647
0.829627
0.923862
-0.614981
-0.614898
-0.61454
-0.614391
-0.611372
-0.589678
-0.547309
-0.492307
-0.426511
-0.344362
-0.238819
-0.115585
0.0691723
0.328217
0.688148
1.11686
1.50915
1.79831
1.95699
2.01588
-0.608102
-0.608304
-0.608731
-0.609456
-0.608108
-0.589445
-0.546194
-0.486932
-0.412209
-0.318396
-0.200988
-0.0711274
0.0964091
0.403675
0.876789
1.35732
1.75826
2.0245
2.154
2.19489
-0.600615
-0.601109
-0.601118
-0.60025
-0.59771
-0.585234
-0.548507
-0.48841
-0.406591
-0.306288
-0.188063
-0.0582294
0.0673671
0.345366
0.77094
1.17498
1.50704
1.71462
1.81369
1.84399
-0.607259
-0.606659
-0.599937
-0.584645
-0.573768
-0.579394
-0.561253
-0.499328
-0.410039
-0.303046
-0.188349
-0.0687946
0.0371637
0.232479
0.571552
0.872786
1.11199
1.26339
1.33381
1.35591
-0.659431
-0.656012
-0.647901
-0.635116
-0.631547
-0.636137
-0.606826
-0.522702
-0.417081
-0.303066
-0.191619
-0.0869827
0.00534198
0.135909
0.370733
0.584143
0.748978
0.852223
0.900049
0.914946
-0.76416
-0.762668
-0.777388
-0.804248
-0.810044
-0.787906
-0.693733
-0.554091
-0.420888
-0.301047
-0.194727
-0.107238
-0.0338421
0.0640713
0.227686
0.367229
0.471652
0.538294
0.568459
0.578417
-0.84492
-0.852127
-0.882657
-0.91446
-0.919842
-0.876735
-0.735313
-0.559494
-0.410909
-0.291668
-0.196123
-0.126144
-0.0733516
-0.00862372
0.105885
0.204603
0.274836
0.317674
0.336509
0.342464
-0.765663
-0.77449
-0.803741
-0.834665
-0.841051
-0.789983
-0.651055
-0.500154
-0.369347
-0.265772
-0.188142
-0.138332
-0.102229
-0.0548724
0.0245668
0.0911402
0.138328
0.168145
0.181967
0.186089
-0.500018
-0.509495
-0.530859
-0.556398
-0.567814
-0.535852
-0.458618
-0.372623
-0.291472
-0.22182
-0.167284
-0.136331
-0.116031
-0.0808815
-0.0190351
0.0290662
0.0600026
0.0773441
0.0850695
0.0872114
-0.187776
-0.192843
-0.204475
-0.22392
-0.24413
-0.252552
-0.246061
-0.225922
-0.197971
-0.165645
-0.136315
-0.121045
-0.117239
-0.0903812
-0.0461995
-0.0113781
0.011155
0.0239486
0.0293856
0.0306344
0.0326751
0.0304739
0.0240585
0.00764638
-0.0212526
-0.0565519
-0.0872347
-0.10736
-0.114297
-0.109522
-0.0995478
-0.0931849
-0.0921883
-0.0694872
-0.0381218
-0.0169875
-0.00466128
0.00172976
0.00446953
0.00503
0.132711
0.131275
0.126894
0.112693
0.0842893
0.0446805
0.00430164
-0.0291633
-0.0513239
-0.0609401
-0.0599817
-0.0547895
-0.0472193
-0.0308378
-0.0138876
-0.00499351
-0.000649749
0.00135643
0.00205249
0.0018425
0.157193
0.156263
0.152975
0.142098
0.119729
0.0875426
0.0519942
0.0187445
-0.00708567
-0.0219272
-0.0243913
-0.0162052
-0.00334889
0.00948439
0.0140816
0.0136149
0.0132022
0.0132918
0.0134429
0.0129685
0.148596
0.14804
0.145762
0.138256
0.122589
0.0992776
0.0717993
0.0442167
0.0208997
0.00580315
0.00352929
0.0146124
0.0323999
0.0409844
0.0376276
0.0332751
0.0301935
0.0296456
0.0289811
0.0279216
0.129009
0.128738
0.127276
0.122382
0.111921
0.095847
0.0759246
0.0547556
0.0360021
0.0233962
0.0224153
0.0346416
0.0519022
0.0572629
0.0485545
0.0431739
0.0415511
0.0409491
0.0406723
0.0394871
0.10732
0.107246
0.10635
0.103264
0.0964796
0.0857015
0.0717833
0.0563323
0.0419035
0.0316562
0.0309744
0.0416931
0.0556623
0.0572135
0.0473731
0.0423547
0.0408565
0.0411605
0.040754
0.039656
0.0866708
0.086661
0.0861428
0.0842569
0.0799229
0.0727709
0.0631701
0.0520205
0.0410243
0.0324721
0.0307245
0.0372648
0.046701
0.0434593
0.0354408
0.0323969
0.032019
0.0319143
0.0309284
0.0298851
0.0680874
0.068146
0.0678181
0.0666494
0.0639012
0.0591907
0.0525957
0.0445177
0.0359544
0.0281614
0.0240575
0.0245267
0.0263329
0.0225419
0.0140474
0.0133736
0.0144779
0.01481
0.0141482
0.0133526
0.051671
0.0517416
0.0515548
0.0508516
0.0491617
0.0460924
0.0415445
0.0355713
0.0285394
0.0206643
0.0131565
0.00595174
-0.00132947
-0.0101987
-0.0120338
-0.00888378
-0.00616378
-0.00560618
-0.00621807
-0.0067031
0.0374475
0.037511
0.0374022
0.0370047
0.0360118
0.0341106
0.0309589
0.0264866
0.0204839
0.0124081
0.00147389
-0.0131848
-0.029509
-0.0375087
-0.0350859
-0.0291419
-0.0255642
-0.025053
-0.0253524
-0.0254759
0.0253871
0.0254327
0.0253579
0.0251571
0.0246514
0.0235318
0.0214783
0.0181925
0.0132803
0.0051729
-0.00765726
-0.0273713
-0.0511871
-0.0575484
-0.0500312
-0.0419166
-0.0384972
-0.037909
-0.0381102
-0.0379822
0.015439
0.0154646
0.0154092
0.0153417
0.0151623
0.014634
0.0134327
0.0112236
0.00746367
0.000752688
-0.0119664
-0.0330246
-0.0579286
-0.0608823
-0.0500928
-0.0425731
-0.0402403
-0.0403007
-0.0405044
-0.0402208
0.00748417
0.00749096
0.0074426
0.00742859
0.00746045
0.00731898
0.00678791
0.00556156
0.00322508
-0.000999773
-0.00986103
-0.026198
-0.0442587
-0.0432604
-0.0340756
-0.0294603
-0.0288872
-0.0297205
-0.0299893
-0.0296953
0.00416819
0.0041394
0.00415295
0.00422705
0.00424838
0.0041128
0.00364826
0.00263165
0.000721912
-0.00320906
-0.0116363
-0.0250788
-0.0314345
-0.0247834
-0.0198304
-0.018833
-0.0194726
-0.019951
-0.0195356
-0.00752773
-0.337464
-0.00836708
0.210651
0.39771
0.548315
0.667994
0.763616
0.845204
0.902651
0.897827
0.147376
0.300729
0.43625
0.556534
0.658801
0.744113
0.814228
0.868101
0.901033
0.914656
0.407623
0.50342
0.593925
0.677286
0.749572
0.8109
0.861038
0.899254
0.927123
0.946069
0.584461
0.648681
0.715026
0.775509
0.82856
0.874079
0.912105
0.942936
0.968188
0.985901
0.719506
0.765674
0.816889
0.861903
0.902772
0.938821
0.970013
0.99651
1.01879
1.03404
0.829737
0.867176
0.906631
0.943482
0.977379
1.00823
1.03565
1.0593
1.079
1.09165
0.926206
0.9588
0.992443
1.02565
1.05668
1.08527
1.11084
1.13275
1.15034
1.1608
1.01662
1.04821
1.0814
1.11467
1.14554
1.1737
1.19853
1.21931
1.23514
1.24413
1.11102
1.14617
1.1821
1.21749
1.24934
1.27745
1.30151
1.32109
1.33548
1.34424
1.22353
1.26424
1.303
1.33956
1.37122
1.39811
1.42057
1.4386
1.45203
1.46211
1.36705
1.41008
1.44751
1.48064
1.50843
1.53208
1.55263
1.56993
1.58384
1.59603
1.54482
1.58181
1.60984
1.63381
1.65483
1.67414
1.69232
1.70938
1.72552
1.74086
1.74214
1.76152
1.77721
1.79335
1.80993
1.82535
1.83895
1.85206
1.86756
1.88544
1.93111
1.93885
1.95072
1.96238
1.97224
1.98141
1.99164
2.00296
2.01429
2.02158
2.14995
2.14821
2.14011
2.12311
2.11171
2.1111
2.12326
2.14809
2.18177
2.20936
2.55847
2.37165
2.27009
2.21266
2.18362
2.17697
2.19224
2.23287
2.30863
2.45492
-0.375457
-0.376757
-0.336272
-0.263382
-0.172977
-0.0733436
0.842196
0.904519
0.896643
0.820127
0.746835
0.674287
0.448771
0.230767
-0.0302683
-0.375418
-0.727544
)
;

boundaryField
{
    wall-4
    {
        type            zeroGradient;
    }
    pressure-outlet-7
    {
        type            fixedValue;
        value           uniform 0;
    }
    velocity-inlet-6
    {
        type            zeroGradient;
    }
    velocity-inlet-5
    {
        type            zeroGradient;
    }
    frontAndBackPlanes
    {
        type            empty;
    }
}


// ************************************************************************* //
