0.490941 	0.847423
0.561075 	0.847423
0.63121 	0.847423
0.701344 	0.847423
0.771478 	0.847423
0.841613 	0.847423
0.911747 	0.847423
0.981881 	0.847423
1.05202 	0.847423
1.12215 	0.847423
1.19228 	0.847423
1.26242 	0.821285
1.33255 	0.821285
1.40269 	0.821285
1.47282 	0.821285
1.54296 	0.821285
1.61309 	0.821285
1.68323 	0.821285
1.75336 	0.821285
1.82349 	0.771507
1.89363 	0.771507
1.96376 	0.771507
2.0339 	0.771507
2.10403 	0.771507
2.17417 	0.771507
2.2443 	0.771507
2.31443 	0.771507
2.38457 	0.771507
2.4547 	0.771507
2.52484 	0.771507
2.59497 	0.736952
2.66511 	0.736952
2.73524 	0.736952
2.80538 	0.736952
2.87551 	0.736952
2.94564 	0.736952
3.01578 	0.736952
3.08591 	0.736952
3.15605 	0.736952
3.22618 	0.736952
3.29632 	0.704527
3.36645 	0.704527
3.43659 	0.704527
3.50672 	0.704527
3.57685 	0.704527
3.64699 	0.704527
3.71712 	0.704527
3.78726 	0.704527
3.85739 	0.704527
3.92753 	0.704527
3.99766 	0.704527
4.06779 	0.686145
4.13793 	0.686145
4.20806 	0.686145
4.2782 	0.686145
4.34833 	0.686145
4.41847 	0.686145
4.4886 	0.661055
4.55874 	0.661055
4.62887 	0.661055
4.699 	0.661055
4.76914 	0.661055
4.83927 	0.661055
4.90941 	0.661055
4.97954 	0.661055
5.04968 	0.661055
5.11981 	0.661055
5.18994 	0.638603
5.26008 	0.638603
5.33021 	0.638603
5.40035 	0.638603
5.47048 	0.638603
5.54062 	0.638603
5.61075 	0.638603
5.68089 	0.609904
5.75102 	0.609904
5.82115 	0.609904
5.89129 	0.609904
5.96142 	0.609904
6.03156 	0.609904
6.10169 	0.609904
6.17183 	0.609904
6.24196 	0.609904
6.3121 	0.58093
6.38223 	0.58093
6.45236 	0.58093
6.5225 	0.58093
6.59263 	0.58093
6.66277 	0.58093
6.7329 	0.58093
6.80304 	0.58093
6.87317 	0.554882
6.9433 	0.554882
7.01344 	0.554882
7.08357 	0.554882
7.15371 	0.554882
7.22384 	0.554882
7.29398 	0.554882
7.36411 	0.554882
7.43425 	0.554882
7.50438 	0.52477
7.57451 	0.52477
7.64465 	0.52477
7.71478 	0.52477
7.78492 	0.52477
7.85505 	0.52477
7.92519 	0.52477
7.99532 	0.52477
8.06545 	0.503584
8.13559 	0.503584
8.20572 	0.503584
8.27586 	0.503584
8.34599 	0.503584
8.41613 	0.503584
8.48626 	0.503584
8.5564 	0.503584
8.62653 	0.503584
8.69666 	0.472034
8.7668 	0.472034
8.83693 	0.472034
8.90707 	0.472034
8.9772 	0.472034
9.04734 	0.472034
9.11747 	0.472034
9.18761 	0.472034
9.25774 	0.441304
9.32787 	0.441304
9.39801 	0.441304
9.46814 	0.441304
9.53828 	0.441304
9.60841 	0.441304
9.67855 	0.441304
9.74868 	0.441304
9.81881 	0.425849
9.88895 	0.425849
9.95908 	0.425849
10.0292 	0.425849
10.0994 	0.425849
10.1695 	0.425849
10.2396 	0.425849
10.3098 	0.425849
10.3799 	0.425849
10.45 	0.425849
10.5202 	0.425849
10.5903 	0.425849
10.6604 	0.448499
10.7306 	0.394618
10.8007 	0.394618
10.8708 	0.394618
10.941 	0.394618
11.0111 	0.394618
11.0812 	0.394618
11.1514 	0.394618
11.2215 	0.394618
11.2916 	0.394618
11.3618 	0.394618
11.4319 	0.394618
11.502 	0.394618
11.5722 	0.394618
11.6423 	0.394618
11.7124 	0.403262
11.7826 	0.337441
11.8527 	0.337441
11.9228 	0.337441
11.993 	0.337441
12.0631 	0.337441
12.1332 	0.337441
12.2034 	0.233219
12.2735 	0.233219
12.3437 	0.233219
12.4138 	0.233219
12.4839 	0.233219
12.5541 	0.233219
12.6242 	0.233219
12.6943 	0.233219
12.7645 	0.233219
12.8346 	0.112971
12.9047 	0.0924973
12.9749 	0.0924973
13.045 	0.0924973
13.1151 	0.0924973
13.1853 	0.0924973
13.2554 	0.0924973
13.3255 	0.0924973
13.3957 	0.318777
13.4658 	0.318777
13.5359 	0.318777
13.6061 	0.318777
13.6762 	0.318777
13.7463 	0.318777
13.8165 	0.386249
13.8866 	0.572023
13.9567 	0.572023
14.0269 	0.000424662
14.097 	0.000424662
14.1671 	0.000424662
14.2373 	0.000424662
14.3074 	0.000424662
14.3776 	0.000424662
14.4477 	0.000424662
14.5178 	0.000424662
14.588 	0.000424662
14.6581 	0.000424662
14.7282 	0.000424662
14.7984 	0.000424662
14.8685 	0.000424662
14.9386 	-0.175632
15.0088 	-0.175632
15.0789 	-0.175632
15.149 	-0.175632
15.2192 	-0.175632
15.2893 	-0.680512
15.3594 	-0.680512
15.4296 	-0.680512
15.4997 	-0.680512
15.5698 	-0.680512
15.64 	-0.680512
15.7101 	-1.18124
15.7802 	-1.18124
15.8504 	-1.0862
15.9205 	-1.0862
15.9906 	-1.0862
16.0608 	-1.0862
16.1309 	-1.0862
16.201 	-1.0862
16.2712 	-1.0862
16.3413 	-1.0862
16.4114 	-1.0862
16.4816 	-1.0862
16.5517 	-1.0862
16.6219 	-1.0862
16.692 	-1.0862
16.7621 	-1.0862
16.8323 	-0.635938
16.9024 	-0.635938
16.9725 	-0.635938
17.0427 	-0.635938
17.1128 	-0.635938
17.1829 	-0.635938
17.2531 	-0.635938
17.3232 	-0.635938
17.3933 	-0.635938
17.4635 	-0.635938
17.5336 	-0.544258
17.6037 	-0.544258
17.6739 	-0.544258
17.744 	-0.6329
17.8141 	-0.6329
17.8843 	-0.6329
17.9544 	-0.6329
18.0245 	-0.6329
18.0947 	-0.6329
18.1648 	-0.6329
18.2349 	-0.6329
18.3051 	-0.6329
18.3752 	-0.341846
18.4453 	-0.341846
18.5155 	-0.341846
18.5856 	-0.341846
18.6557 	-0.341846
18.7259 	-0.341846
18.796 	-0.341846
18.8662 	-0.267468
18.9363 	-0.267468
19.0064 	-0.267468
19.0766 	-0.267468
19.1467 	-0.267468
19.2168 	-0.267468
19.287 	-0.267468
19.3571 	-0.267468
19.4272 	-0.267468
19.4974 	-0.267468
19.5675 	-0.267468
19.6376 	-0.267468
19.7078 	-0.267468
19.7779 	-0.117528
19.848 	-0.117528
19.9182 	-0.117528
19.9883 	-0.117528
20.0584 	-0.117528
20.1286 	-0.117528
20.1987 	-0.117528
20.2688 	-0.127435
20.339 	-0.127435
20.4091 	-0.127435
20.4792 	-0.127435
20.5494 	-0.127435
20.6195 	-0.127435
20.6896 	-0.127435
20.7598 	-0.127435
20.8299 	-0.127435
20.9 	-0.127435
20.9702 	-0.127435
21.0403 	-0.127435
21.1105 	-0.127435
21.1806 	-0.127435
21.2507 	-0.127435
21.3209 	-0.127435
21.391 	-0.127435
21.4611 	-0.105734
21.5313 	-0.105734
21.6014 	-0.105734
21.6715 	-0.229494
21.7417 	-0.229494
21.8118 	-0.229494
21.8819 	-0.229494
21.9521 	-0.229494
22.0222 	-0.369571
22.0923 	-0.369571
22.1625 	-0.369571
22.2326 	-0.369571
22.3027 	-0.369571
22.3729 	-0.369571
22.443 	-0.369571
22.5131 	-0.369571
22.5833 	-0.369571
22.6534 	-0.369571
22.7235 	-0.369571
22.7937 	-0.369571
22.8638 	-0.369571
22.9339 	-0.369571
23.0041 	-0.369571
23.0742 	-0.369571
23.1443 	-0.369571
23.2145 	-0.369571
23.2846 	-0.369571
23.3548 	-0.369571
23.4249 	-0.369571
23.495 	-0.199092
23.5652 	-0.199092
23.6353 	-0.199092
23.7054 	-0.199092
23.7756 	-0.199092
23.8457 	-0.199092
23.9158 	-0.199092
23.986 	-0.0626766
24.0561 	-0.0626766
24.1262 	-0.0626766
24.1964 	-0.0626766
24.2665 	-0.0626766
24.3366 	-0.0626766
24.4068 	-0.0626766
24.4769 	-0.0626766
24.547 	-0.0626766
24.6172 	-0.0626766
24.6873 	-0.0626766
24.7574 	-0.0626766
24.8276 	-0.0626766
24.8977 	-0.0626766
24.9678 	-0.0626766
25.038 	-0.0626766
25.1081 	-0.0626766
25.1782 	-0.10689
25.2484 	-0.10689
25.3185 	-0.10689
25.3886 	-0.10689
25.4588 	-0.10689
25.5289 	-0.10689
25.5991 	-0.10689
25.6692 	-0.10689
25.7393 	-0.10689
25.8095 	-0.10689
25.8796 	-0.10689
25.9497 	-0.10689
26.0199 	-0.10689
26.09 	-0.10689
26.1601 	-0.10689
26.2303 	-0.16115
26.3004 	-0.16115
26.3705 	-0.16115
26.4407 	-0.16115
26.5108 	-0.16115
26.5809 	-0.16115
26.6511 	-0.16115
26.7212 	-0.16115
26.7913 	-0.16115
26.8615 	-0.16115
26.9316 	-0.16115
27.0017 	-0.16115
27.0719 	-0.16115
27.142 	-0.16115
27.2121 	-0.16115
27.2823 	-0.16115
27.3524 	-0.200042
27.4225 	-0.200042
27.4927 	-0.200042
27.5628 	-0.200042
27.6329 	-0.200042
27.7031 	-0.200042
27.7732 	-0.200042
27.8434 	-0.200042
27.9135 	-0.200042
27.9836 	-0.200042
28.0538 	-0.200042
28.1239 	-0.200042
28.194 	-0.200042
28.2642 	-0.200042
28.3343 	-0.200042
28.4044 	-0.200042
28.4746 	-0.200042
28.5447 	-0.200042
28.6148 	-0.200042
28.685 	-0.200042
28.7551 	-0.200042
28.8252 	-0.200042
28.8954 	-0.200042
28.9655 	-0.218839
29.0356 	-0.218839
29.1058 	-0.218839
29.1759 	-0.218839
29.246 	-0.218839
29.3162 	-0.218839
29.3863 	-0.218839
29.4564 	-0.218839
29.5266 	-0.218839
29.5967 	-0.218839
29.6668 	-0.218839
29.737 	-0.218839
29.8071 	-0.218839
29.8773 	-0.218839
29.9474 	-0.218839
30.0175 	-0.218839
30.0877 	-0.218839
30.1578 	-0.218839
30.2279 	-0.218839
30.2981 	-0.218839
30.3682 	-0.218839
30.4383 	-0.218839
30.5085 	-0.218839
30.5786 	-0.218839
30.6487 	-0.218839
30.7189 	-0.218839
30.789 	-0.29757
30.8591 	-0.29757
30.9293 	-0.29757
30.9994 	-0.29757
31.0695 	-0.29757
31.1397 	-0.29757
31.2098 	-0.29757
31.2799 	-0.29757
31.3501 	-0.29757
31.4202 	-0.29757
31.4903 	-0.29757
31.5605 	-0.29757
31.6306 	-0.29757
31.7007 	-0.29757
31.7709 	-0.29757
31.841 	-0.29757
31.9111 	-0.29757
31.9813 	-0.29757
32.0514 	-0.29757
32.1216 	-0.29757
32.1917 	-0.29757
32.2618 	-0.29757
32.332 	-0.29757
32.4021 	-0.29757
32.4722 	-0.29757
32.5424 	-0.29757
32.6125 	-0.29757
32.6826 	-0.29757
32.7528 	-0.29757
32.8229 	-0.29757
32.893 	-0.29757
32.9632 	-0.29757
33.0333 	-0.29757
33.1034 	-0.29757
33.1736 	-0.29757
33.2437 	-0.29757
33.3138 	-0.29757
33.384 	-0.29757
33.4541 	-0.29757
33.5242 	-0.29757
33.5944 	-0.29757
33.6645 	-0.29757
33.7346 	-0.398713
33.8048 	-0.398713
33.8749 	-0.398713
33.945 	-0.398713
34.0152 	-0.398713
34.0853 	-0.398713
34.1554 	-0.540748
34.2256 	-0.540748
34.2957 	-0.540748
34.3659 	-0.540748
34.436 	-0.540748
34.5061 	-0.540748
34.5763 	-0.540748
34.6464 	-0.540748
34.7165 	-0.441588
34.7867 	-0.441588
34.8568 	-0.441588
34.9269 	-0.441588
34.9971 	-0.441588
35.0672 	-0.441588
35.1373 	-0.441588
35.2075 	-0.441588
35.2776 	-0.441588
35.3477 	-0.441588
35.4179 	-0.441588
35.488 	-0.441588
35.5581 	-0.441588
35.6283 	-0.441588
35.6984 	-0.441588
35.7685 	-0.441588
35.8387 	-0.441588
35.9088 	-0.441588
35.9789 	-0.441588
36.0491 	-0.479864
36.1192 	-0.479864
36.1893 	-0.479864
36.2595 	-0.479864
36.3296 	-0.479864
36.3997 	-0.479864
36.4699 	-0.479864
36.54 	-0.479864
36.6102 	-0.479864
36.6803 	-0.479864
36.7504 	-0.479864
36.8206 	-0.479864
36.8907 	-0.663847
36.9608 	-0.663847
37.031 	-0.663847
37.1011 	-0.663847
37.1712 	-0.663847
37.2414 	-0.663847
37.3115 	-0.663847
37.3816 	-0.663847
37.4518 	-0.663847
37.5219 	-0.663847
37.592 	-0.663847
37.6622 	-0.663847
37.7323 	-0.663847
37.8024 	-0.663847
37.8726 	-0.663847
37.9427 	-0.663847
38.0128 	-0.663847
38.083 	-0.663847
38.1531 	-0.663847
38.2232 	-0.577143
38.2934 	-0.577143
38.3635 	-0.577143
38.4336 	-0.577143
38.5038 	-0.577143
38.5739 	-0.577143
38.644 	-0.577143
38.7142 	-0.577143
38.7843 	-0.577143
38.8545 	-0.577143
38.9246 	-0.577143
38.9947 	-0.577143
39.0649 	-0.577143
39.135 	-0.577143
39.2051 	-0.451733
39.2753 	-0.451733
39.3454 	-0.451733
39.4155 	-0.451733
39.4857 	-0.451733
39.5558 	-0.451733
39.6259 	-0.451733
39.6961 	-0.451733
39.7662 	-0.451733
39.8363 	-0.451733
39.9065 	-0.451733
39.9766 	-0.451733
40.0467 	-0.451733
40.1169 	-0.451733
40.187 	-0.451733
40.2571 	-0.451733
40.3273 	-0.451733
40.3974 	-0.451733
40.4675 	-0.451733
40.5377 	-0.451733
40.6078 	-0.451733
40.6779 	-0.372737
40.7481 	-0.372737
40.8182 	-0.372737
40.8883 	-0.372737
40.9585 	-0.372737
41.0286 	-0.372737
41.0988 	-0.372737
41.1689 	-0.372737
41.239 	-0.216982
41.3092 	-0.216982
41.3793 	-0.216982
41.4494 	-0.216982
41.5196 	-0.216982
41.5897 	-0.216982
41.6598 	-0.216982
41.73 	-0.216982
41.8001 	-0.216982
41.8702 	-0.216982
41.9404 	-0.216982
42.0105 	-0.216982
42.0806 	-0.216982
42.1508 	-0.216982
42.2209 	-0.216982
42.291 	-0.216982
42.3612 	-0.216982
42.4313 	-0.216982
42.5014 	-0.216982
42.5716 	-0.216982
42.6417 	-0.216982
42.7118 	-0.160845
42.782 	-0.160845
42.8521 	-0.160845
42.9222 	-0.160845
42.9924 	-0.0369977
43.0625 	-0.0369977
43.1327 	-0.0369977
43.2028 	-0.0369977
43.2729 	-0.0369977
43.3431 	-0.0369977
43.4132 	-0.0369977
43.4833 	-0.0369977
43.5535 	-0.0369977
43.6236 	-0.0369977
43.6937 	-0.0369977
43.7639 	-0.0369977
43.834 	-0.0369977
43.9041 	-0.0369977
43.9743 	-0.0369977
44.0444 	-0.0369977
44.1145 	-0.0369977
44.1847 	-0.0369977
44.2548 	-0.0369977
44.3249 	-0.0369977
44.3951 	-0.0369977
44.4652 	-0.0369977
44.5353 	-0.0369977
44.6055 	-0.0369977
44.6756 	-0.0369977
44.7457 	-0.0369977
44.8159 	-0.00311224
44.886 	-0.00311224
44.9561 	-0.00311224
45.0263 	-0.00311224
45.0964 	-0.00311224
45.1665 	-0.00311224
45.2367 	-0.00311224
45.3068 	-0.00311224
45.377 	-0.00311224
45.4471 	-0.00311224
45.5172 	-0.00311224
45.5874 	-0.00311224
45.6575 	-0.00311224
45.7276 	-0.00311224
45.7978 	-0.00311224
45.8679 	-0.00311224
45.938 	-0.00311224
46.0082 	-0.00311224
46.0783 	-0.00311224
46.1484 	-0.00311224
46.2186 	-0.00311224
46.2887 	-0.00311224
46.3588 	-0.00311224
46.429 	-0.00311224
46.4991 	-0.00311224
46.5692 	-0.00311224
46.6394 	-0.0109772
46.7095 	-0.0109772
46.7796 	-0.0109772
46.8498 	-0.0109772
46.9199 	-0.0109772
46.99 	-0.0109772
47.0602 	-0.0109772
47.1303 	-0.0109772
47.2004 	-0.0109772
47.2706 	-0.0109772
47.3407 	-0.0109772
47.4108 	-0.0109772
47.481 	-0.00797859
47.5511 	-0.00797859
47.6213 	-0.00797859
47.6914 	-0.00797859
47.7615 	-0.00797859
47.8317 	-0.00797859
47.9018 	-0.00797859
47.9719 	-0.00797859
48.0421 	-0.00797859
48.1122 	-0.00797859
48.1823 	-0.00797859
48.2525 	-0.00797859
48.3226 	-0.00797859
48.3927 	-0.00797859
48.4629 	-0.00797859
48.533 	-0.00797859
48.6031 	-0.00797859
48.6733 	-0.00797859
48.7434 	0.0185525
48.8135 	0.0185525
48.8837 	0.0185525
48.9538 	0.0185525
49.0239 	0.0185525
49.0941 	0.0185525
49.1642 	0.0185525
49.2343 	0.0185525
49.3045 	0.0185525
49.3746 	0.0185525
49.4447 	0.0185525
49.5149 	0.0185525
49.585 	0.0185525
49.6551 	0.0185525
49.7253 	0.0185525
49.7954 	0.0185525
49.8656 	0.0185525
49.9357 	0.0185525
50.0058 	0.0185525
50.076 	0.0185525
50.1461 	0.0185525
50.2162 	0.0185525
50.2864 	0.0185525
50.3565 	0.0185525
50.4266 	0.0185525
50.4968 	0.0356732
50.5669 	0.0356732
50.637 	0.0356732
50.7072 	0.0356732
50.7773 	0.0356732
50.8474 	0.0356732
50.9176 	0.0356732
50.9877 	0.0327043
51.0578 	0.0327043
51.128 	0.031065
51.1981 	0.031065
51.2682 	0.031065
51.3384 	0.031065
51.4085 	0.031065
51.4786 	0.031065
51.5488 	0.031065
51.6189 	0.031065
51.689 	0.031065
51.7592 	0.031065
51.8293 	0.031065
51.8994 	0.031065
51.9696 	0.031065
52.0397 	0.031065
52.1099 	0.031065
52.18 	0.031065
52.2501 	0.031065
52.3203 	0.031065
52.3904 	0.031065
52.4605 	0.031065
52.5307 	0.031065
52.6008 	0.031065
52.6709 	0.031065
52.7411 	0.031065
52.8112 	0.031065
52.8813 	0.031065
52.9515 	0.031065
53.0216 	0.031065
53.0917 	0.031065
53.1619 	0.031065
53.232 	0.031065
53.3021 	0.031065
53.3723 	0.031065
53.4424 	0.0342506
53.5125 	0.0342506
53.5827 	0.0342506
53.6528 	0.0342506
53.7229 	0.0342506
53.7931 	0.0342506
53.8632 	0.0342506
53.9333 	0.0342506
54.0035 	0.0342506
54.0736 	0.0342506
54.1437 	0.0342506
54.2139 	0.0342506
54.284 	0.0342506
54.3542 	0.0324438
54.4243 	0.0324438
54.4944 	0.0324438
54.5646 	0.0324438
54.6347 	0.0324438
54.7048 	0.0324438
54.775 	0.0324438
54.8451 	0.0324438
54.9152 	0.0324438
54.9854 	0.0324438
55.0555 	0.0324438
55.1256 	0.0313148
55.1958 	0.0313148
55.2659 	0.0313148
55.336 	0.0313148
55.4062 	0.0313148
55.4763 	0.0313148
55.5464 	0.0313148
55.6166 	0.0313148
55.6867 	0.0313148
55.7568 	0.0313148
55.827 	0.0313148
55.8971 	0.0313148
55.9672 	0.0313148
56.0374 	0.0313148
56.1075 	0.0313148
56.1776 	0.0313148
56.2478 	0.0313148
56.3179 	0.0313148
56.3881 	0.0306773
56.4582 	0.0306773
56.5283 	0.0306773
56.5985 	0.0306773
56.6686 	0.0306773
56.7387 	0.0306773
56.8089 	0.0306773
56.879 	0.0306773
56.9491 	0.0286038
57.0193 	0.0286038
57.0894 	0.0286038
57.1595 	0.0286038
57.2297 	0.0286038
57.2998 	0.0286038
57.3699 	0.0286038
57.4401 	0.0286038
57.5102 	0.0286038
57.5803 	0.0286038
57.6505 	0.0286038
57.7206 	0.0286038
57.7907 	0.0286038
57.8609 	0.0286038
57.931 	0.0286038
58.0011 	0.0286038
58.0713 	0.0286038
58.1414 	0.0286038
58.2115 	0.0286038
58.2817 	0.0286038
58.3518 	0.0286038
58.4219 	0.0286038
58.4921 	0.0286038
58.5622 	0.0242488
58.6324 	0.0242488
58.7025 	0.0242488
58.7726 	0.0242488
58.8428 	0.0242488
58.9129 	0.0220955
58.983 	0.0220955
59.0532 	0.0220955
59.1233 	0.0220955
59.1934 	0.0220955
59.2636 	0.0220955
59.3337 	0.0220955
59.4038 	0.0220955
59.474 	0.0220955
59.5441 	0.0220955
59.6142 	0.0220955
59.6844 	0.0220955
59.7545 	0.0220955
59.8246 	0.0220955
59.8948 	0.0220955
59.9649 	0.0220955
60.035 	0.0220955
60.1052 	0.0220955
60.1753 	0.0220955
60.2454 	0.0220955
60.3156 	0.0220955
60.3857 	0.0220955
60.4558 	0.0220955
60.526 	0.0220955
60.5961 	0.0220955
60.6662 	0.0197694
60.7364 	0.0197694
60.8065 	0.0197694
60.8767 	0.0197694
60.9468 	0.0197694
61.0169 	0.0197694
61.0871 	0.0197694
61.1572 	0.0197694
61.2273 	0.0197694
61.2975 	0.0197694
61.3676 	0.0197694
61.4377 	0.0197694
61.5079 	0.0197694
61.578 	0.0197694
61.6481 	0.0157219
61.7183 	0.0157219
61.7884 	0.0119048
61.8585 	0.0119048
61.9287 	0.0119048
61.9988 	0.0119048
62.0689 	0.0119048
62.1391 	0.0119048
62.2092 	0.0123167
62.2793 	0.0123167
62.3495 	0.0123167
62.4196 	0.0123167
62.4897 	0.0123167
62.5599 	0.0123167
62.63 	0.0123167
62.7001 	0.0123167
62.7703 	0.0123167
62.8404 	0.0123167
62.9105 	0.0123167
62.9807 	0.0123167
63.0508 	0.0123167
63.121 	0.0123167
63.1911 	0.0123167
63.2612 	0.0123167
63.3314 	0.0123167
63.4015 	0.0123167
63.4716 	0.0123167
63.5418 	0.0123167
63.6119 	0.0123167
63.682 	0.0123167
63.7522 	0.0123167
63.8223 	0.0123167
63.8924 	0.0123167
63.9626 	0.0123167
64.0327 	0.0123167
64.1028 	0.0123167
64.173 	0.010033
64.2431 	0.010033
64.3132 	0.010033
64.3834 	0.010033
64.4535 	0.010033
64.5236 	0.010033
64.5938 	0.010033
64.6639 	0.010033
64.734 	0.010033
64.8042 	0.010033
64.8743 	0.00742606
64.9444 	0.00742606
65.0146 	0.00742606
65.0847 	0.00742606
65.1548 	0.00742606
65.225 	0.00742606
65.2951 	0.00742606
65.3653 	0.00742606
65.4354 	0.00742606
65.5055 	0.00742606
65.5757 	0.00742606
65.6458 	0.00742606
65.7159 	0.00742606
65.7861 	0.00742606
65.8562 	0.00742606
65.9263 	0.00742606
65.9965 	0.00742606
66.0666 	0.00742606
66.1367 	0.00742606
66.2069 	0.00742606
66.277 	0.00742606
66.3471 	0.00742606
66.4173 	0.00742606
66.4874 	0.00742606
66.5575 	0.00742606
66.6277 	0.00742606
66.6978 	0.00742606
66.7679 	0.00742606
66.8381 	0.00742606
66.9082 	0.00742606
66.9783 	0.00642537
67.0485 	0.00642537
67.1186 	0.00642537
67.1887 	0.00642537
67.2589 	0.00642537
67.329 	0.00642537
67.3991 	0.00265518
67.4693 	0.00265518
67.5394 	0.00122365
67.6096 	0.00122365
67.6797 	0.00122365
67.7498 	0.00122365
67.82 	0.00122365
67.8901 	0.00122365
67.9602 	0.00122365
68.0304 	0.00122365
68.1005 	0.00122365
68.1706 	0.00122365
68.2408 	0.00122365
68.3109 	0.00122365
68.381 	0.00122365
68.4512 	0.00122365
68.5213 	0.00122365
68.5914 	0.00122365
68.6616 	0.00122365
68.7317 	0.00122365
68.8018 	0.00122365
68.872 	0.00122365
68.9421 	0.00122365
69.0122 	0.00122365
