/*--------------------------------*- C++ -*----------------------------------*\
| =========                 |                                                 |
| \\      /  F ield         | OpenFOAM: The Open Source CFD Toolbox           |
|  \\    /   O peration     | Version:  v2012                                 |
|   \\  /    A nd           | Website:  www.openfoam.com                      |
|    \\/     M anipulation  |                                                 |
\*---------------------------------------------------------------------------*/
FoamFile
{
    version     2.0;
    format      ascii;
    class       volScalarField;
    location    "60";
    object      p;
}
// * * * * * * * * * * * * * * * * * * * * * * * * * * * * * * * * * * * * * //

dimensions      [0 2 -2 0 0 0 0];


internalField   nonuniform List<scalar> 
8800
(
0.803698
0.755647
0.717271
0.68863
0.668006
0.653254
0.642653
0.635152
0.63032
0.628268
0.629564
0.633792
0.640479
0.649831
0.662597
0.680193
0.704642
0.738259
0.780708
0.837834
0.636227
0.643433
0.651872
0.655288
0.653373
0.64785
0.641138
0.634978
0.630225
0.627378
0.627116
0.629655
0.63419
0.640207
0.64713
0.653759
0.657898
0.657389
0.65133
0.642357
0.612929
0.619106
0.623305
0.626667
0.629167
0.629965
0.628857
0.626714
0.624684
0.623787
0.624776
0.627197
0.630051
0.632284
0.63283
0.631309
0.628469
0.624837
0.620306
0.616521
0.607785
0.610486
0.613207
0.615517
0.617164
0.618491
0.6194
0.619607
0.61935
0.619328
0.620104
0.621286
0.622098
0.622053
0.621271
0.620087
0.618346
0.615852
0.61343
0.6119
0.602579
0.604002
0.605801
0.607856
0.609609
0.610915
0.611943
0.61282
0.613506
0.614119
0.614791
0.615273
0.615326
0.614994
0.614312
0.61312
0.611432
0.60956
0.608241
0.607418
0.597554
0.598468
0.599705
0.601286
0.602939
0.604465
0.605739
0.606822
0.607829
0.60877
0.609485
0.609817
0.60978
0.609366
0.608512
0.607309
0.605968
0.604708
0.60389
0.603346
0.592665
0.593329
0.594287
0.595588
0.597003
0.598478
0.599929
0.601258
0.602476
0.603619
0.604477
0.604876
0.604821
0.604333
0.603529
0.60258
0.601575
0.600659
0.600077
0.599676
0.587884
0.588397
0.589177
0.590304
0.591582
0.592963
0.594424
0.595913
0.597362
0.598733
0.599783
0.600294
0.600297
0.599926
0.599332
0.598617
0.597855
0.597177
0.596746
0.596433
0.583148
0.583556
0.584209
0.585214
0.586419
0.58775
0.589205
0.59078
0.59243
0.594068
0.595362
0.596061
0.596253
0.596103
0.595736
0.595233
0.594674
0.594188
0.593868
0.593613
0.578373
0.578706
0.579271
0.580196
0.581353
0.582669
0.584158
0.585829
0.587667
0.589596
0.591207
0.592198
0.592667
0.592771
0.592634
0.592353
0.591986
0.59166
0.591425
0.591211
0.573473
0.573749
0.574253
0.575132
0.576271
0.577612
0.579175
0.580984
0.583049
0.585312
0.587324
0.588694
0.589495
0.589887
0.590001
0.589943
0.589769
0.589583
0.589414
0.589229
0.56836
0.568591
0.569057
0.56992
0.571081
0.572489
0.574167
0.576171
0.578528
0.581205
0.583708
0.585533
0.586722
0.587445
0.587837
0.588012
0.588029
0.587971
0.587858
0.587694
0.562941
0.563138
0.563584
0.564461
0.565685
0.567205
0.569055
0.571317
0.574048
0.577246
0.580344
0.58271
0.584352
0.585451
0.586158
0.586576
0.586804
0.586866
0.5868
0.586649
0.557118
0.557287
0.557731
0.55865
0.559978
0.561661
0.563748
0.566352
0.569557
0.573401
0.57722
0.580231
0.582405
0.583937
0.585
0.585715
0.586148
0.586326
0.5863
0.586157
0.550772
0.550917
0.551373
0.552365
0.553844
0.55575
0.558152
0.561191
0.564994
0.569631
0.574323
0.578106
0.580911
0.582952
0.58442
0.585454
0.586123
0.586423
0.586434
0.586296
0.543766
0.543886
0.54437
0.545466
0.547148
0.549347
0.552151
0.555742
0.56029
0.565897
0.571645
0.57635
0.579902
0.582542
0.584489
0.585896
0.586824
0.587248
0.587293
0.587155
0.535919
0.536018
0.536545
0.537782
0.539724
0.542293
0.545612
0.549899
0.555368
0.562161
0.569182
0.574988
0.579423
0.582769
0.585288
0.587125
0.588347
0.588902
0.588979
0.588838
0.527007
0.527109
0.52769
0.529083
0.531355
0.534407
0.538381
0.543541
0.550153
0.558394
0.566945
0.574058
0.579534
0.58371
0.586905
0.589247
0.590799
0.591494
0.5916
0.591452
0.516719
0.516802
0.517474
0.519092
0.521797
0.525467
0.53027
0.536528
0.544561
0.554574
0.564956
0.573607
0.580307
0.585457
0.58943
0.592365
0.59429
0.595132
0.595264
0.595106
0.504683
0.504751
0.505523
0.507455
0.510718
0.515183
0.521044
0.528694
0.538498
0.550667
0.563232
0.573687
0.581809
0.588095
0.59297
0.596595
0.598928
0.599918
0.600071
0.599899
0.490352
0.490409
0.491324
0.493672
0.497671
0.503181
0.510423
0.519858
0.531877
0.546669
0.561816
0.574366
0.584114
0.591709
0.597627
0.602026
0.604795
0.605928
0.606093
0.605904
0.472963
0.47301
0.474137
0.477068
0.482075
0.488998
0.498081
0.509839
0.52465
0.542621
0.560785
0.575724
0.587314
0.596377
0.603458
0.608717
0.611933
0.613191
0.613356
0.613146
0.451364
0.451409
0.45288
0.456689
0.463148
0.472062
0.483669
0.4985
0.516835
0.538623
0.560256
0.577861
0.591483
0.60217
0.610504
0.616688
0.620324
0.621667
0.621814
0.621583
0.423807
0.423872
0.425934
0.431161
0.439869
0.451711
0.466879
0.48579
0.508527
0.534826
0.560366
0.580877
0.596685
0.609104
0.61879
0.625878
0.629855
0.631219
0.631326
0.631074
0.387274
0.387442
0.390713
0.39855
0.411052
0.427373
0.447616
0.47189
0.500011
0.531505
0.561327
0.584904
0.60298
0.617186
0.628248
0.636134
0.640299
0.641591
0.641636
0.641366
0.335972
0.336963
0.343472
0.356679
0.375777
0.399019
0.42626
0.457305
0.491769
0.529032
0.56337
0.590072
0.610414
0.626348
0.638712
0.647184
0.651311
0.652427
0.652394
0.652113
0.261183
0.268483
0.283475
0.30663
0.335567
0.368069
0.403849
0.44268
0.484177
0.527701
0.566891
0.59696
0.619759
0.637595
0.651222
0.660094
0.664045
0.664963
0.664883
0.664638
0.181088
0.197867
0.222138
0.256005
0.295214
0.337109
0.381492
0.4283
0.477233
0.527714
0.572676
0.606947
0.632795
0.652915
0.668027
0.677096
0.68058
0.68123
0.681171
0.681016
0.113685
0.133607
0.16565
0.208665
0.25697
0.307725
0.360477
0.415137
0.471379
0.528617
0.579075
0.61727
0.645941
0.668051
0.684113
0.692997
0.696103
0.696666
0.696661
0.696557
0.0584541
0.0802345
0.117744
0.167225
0.222692
0.280919
0.341089
0.402963
0.466078
0.529767
0.585471
0.627356
0.6586
0.682429
0.699397
0.708425
0.711456
0.712065
0.71209
0.712014
0.0126043
0.0356095
0.0768898
0.131496
0.192701
0.257088
0.323613
0.391904
0.461336
0.531087
0.591776
0.637172
0.670869
0.69639
0.714364
0.723804
0.727069
0.727597
0.72765
0.727602
-0.0262965
-0.00258998
0.0415605
0.10021
0.166255
0.235891
0.307937
0.381931
0.45711
0.532502
0.597918
0.646685
0.682777
0.709971
0.728986
0.739081
0.742558
0.743128
0.743191
0.743172
-0.0602709
-0.036108
0.010321
0.0723107
0.142449
0.216656
0.293598
0.37273
0.453192
0.533872
0.603785
0.655787
0.69418
0.723037
0.74303
0.75376
0.757556
0.758217
0.758304
0.758302
-0.0908107
-0.066252
-0.0179651
0.0468807
0.120544
0.19876
0.280103
0.363937
0.449314
0.534988
0.60919
0.66429
0.704864
0.73523
0.756212
0.767521
0.771638
0.772448
0.772537
0.772541
-0.118888
-0.093975
-0.044096
0.0232075
0.099976
0.181751
0.267058
0.355206
0.445181
0.535615
0.613957
0.67204
0.714683
0.746439
0.768308
0.780134
0.784521
0.785459
0.785537
0.785532
-0.145297
-0.119987
-0.0686292
0.00076512
0.0803195
0.165269
0.254156
0.346274
0.440573
0.535582
0.617979
0.678967
0.723596
0.756658
0.779243
0.791447
0.796038
0.797055
0.797124
0.797101
-0.170421
-0.144701
-0.0921117
-0.02077
0.0612637
0.149057
0.241191
0.336971
0.435339
0.534771
0.621179
0.685074
0.731628
0.765893
0.789041
0.801525
0.806209
0.807263
0.807309
0.807263
-0.194685
-0.168434
-0.11484
-0.0416344
0.0425984
0.132941
0.228026
0.327175
0.429366
0.533081
0.62351
0.690373
0.738869
0.774266
0.797917
0.810472
0.815175
0.816226
0.816244
0.816175
-0.218224
-0.191551
-0.136846
-0.0620007
0.0241905
0.116821
0.214575
0.316817
0.422587
0.530451
0.624941
0.694896
0.745429
0.781935
0.805948
0.818486
0.823125
0.82413
0.824133
0.824043
-0.241181
-0.213999
-0.15826
-0.0819675
0.00597785
0.100654
0.200802
0.305861
0.414966
0.526826
0.625425
0.698671
0.751418
0.789089
0.813374
0.825753
0.830219
0.831139
0.831099
0.830986
-0.263673
-0.235923
-0.179188
-0.101572
-0.0120695
0.0844282
0.186716
0.29432
0.406494
0.522165
0.624913
0.701701
0.756947
0.795892
0.820349
0.832398
0.836559
0.837335
0.837245
0.837113
-0.285734
-0.257329
-0.199666
-0.120818
-0.0299273
0.0681675
0.172356
0.282228
0.397191
0.516443
0.623344
0.70395
0.762076
0.802525
0.827086
0.83856
0.84222
0.842782
0.842644
0.842502
-0.30721
-0.278187
-0.219631
-0.139686
-0.0475699
0.0519298
0.157772
0.269652
0.38711
0.509673
0.620646
0.705342
0.766805
0.809176
0.833892
0.844493
0.847337
0.847558
0.847367
0.84723
-0.32808
-0.298469
-0.239073
-0.158135
-0.064946
0.035769
0.143053
0.256664
0.376322
0.501878
0.616768
0.705757
0.771059
0.815958
0.841186
0.850725
0.852234
0.851763
0.851475
0.851392
-0.348412
-0.318139
-0.257973
-0.176138
-0.0819978
0.0197647
0.12828
0.243364
0.364915
0.493115
0.611655
0.705047
0.774661
0.822807
0.849355
0.858152
0.8578
0.855808
0.855096
0.855272
-0.368037
-0.337183
-0.276272
-0.193636
-0.0986698
0.00399783
0.113548
0.229858
0.352999
0.483474
0.605289
0.70304
0.77734
0.829379
0.858404
0.86779
0.865994
0.861568
0.858906
0.8585
-0.387047
-0.355601
-0.293987
-0.210659
-0.114995
-0.0115721
0.0988013
0.216092
0.340509
0.472887
0.59753
0.699463
0.778803
0.835156
0.867703
0.879934
0.879217
0.872607
0.864011
0.855224
-0.405368
-0.373372
-0.311244
-0.227408
-0.131259
-0.027271
0.0836333
0.20159
0.326916
0.460731
0.587747
0.693548
0.778535
0.83946
0.875586
0.892457
0.893564
0.881897
0.861646
0.855834
-0.422829
-0.39051
-0.327864
-0.243696
-0.147144
-0.0427781
0.0682595
0.186675
0.312522
0.447255
0.576004
0.684749
0.775719
0.841131
0.877895
0.894801
0.898479
0.873399
0.807669
0.778897
-0.438958
-0.408281
-0.343469
-0.259037
-0.161826
-0.0575819
0.0529909
0.171599
0.297571
0.432604
0.562275
0.67269
0.769042
0.83938
0.86997
0.881405
0.869162
0.814404
0.74602
0.704636
-0.488583
-0.424929
-0.357612
-0.274368
-0.17664
-0.0729671
0.0378523
0.156135
0.281745
0.416345
0.545983
0.6568
0.754524
0.831286
0.841753
0.837058
0.786674
0.716346
0.639832
0.597643
-0.455624
-0.438801
-0.378852
-0.294576
-0.199013
-0.0954666
0.0144357
0.13203
0.256618
0.389723
0.517487
0.626658
0.715818
0.798853
0.785036
0.670423
0.566617
0.49361
0.420894
0.452146
-0.486783
-0.456689
-0.395508
-0.312162
-0.216464
-0.113023
-0.00292226
0.114017
0.23754
0.368855
0.493853
0.599101
0.678306
0.723318
0.674231
0.524849
0.399095
0.30894
0.21209
0.261968
-0.510419
-0.477925
-0.415042
-0.331595
-0.235818
-0.132445
-0.022454
0.0936481
0.215762
0.344659
0.465856
0.564857
0.634878
0.643688
0.53691
0.366823
0.217877
0.10145
-0.0255943
0.00965464
-0.533567
-0.499704
-0.435515
-0.351202
-0.255373
-0.152161
-0.0426954
0.0724276
0.192923
0.319002
0.435427
0.526464
0.580964
0.558048
0.399329
0.20656
0.0230695
-0.139529
-0.322569
-0.33204
-0.556222
-0.521898
-0.456805
-0.371752
-0.275781
-0.172801
-0.0639948
0.0500155
0.168626
0.291485
0.402416
0.485612
0.52009
0.460666
0.268364
0.0598818
-0.149258
-0.326361
-0.571167
-0.83117
-0.579211
-0.544842
-0.479226
-0.393689
-0.297533
-0.194724
-0.0865115
0.0263507
0.142965
0.262349
0.367455
0.442099
0.454951
0.344615
0.153611
-0.0569729
-0.25956
-0.422783
-0.499852
-0.606504
-0.603495
-0.569003
-0.503101
-0.41732
-0.321121
-0.218579
-0.111055
0.000483884
0.114775
0.230158
0.329043
0.392455
0.380286
0.235554
0.050673
-0.143391
-0.310129
-0.401244
-0.42442
-0.44062
-0.629338
-0.594691
-0.528595
-0.442727
-0.346673
-0.244574
-0.137981
-0.0280734
0.0834647
0.194178
0.286402
0.335334
0.304893
0.133728
-0.0430446
-0.212409
-0.340053
-0.378566
-0.390534
-0.391766
-0.656949
-0.622067
-0.555765
-0.469907
-0.374137
-0.272711
-0.167308
-0.0593701
0.0489708
0.1544
0.239091
0.273145
0.221479
0.0400025
-0.127862
-0.278072
-0.354454
-0.371803
-0.372719
-0.372492
-0.686384
-0.651192
-0.584628
-0.498855
-0.403528
-0.302976
-0.199039
-0.0934206
0.0113022
0.1109
0.187084
0.208917
0.121677
-0.0454965
-0.205249
-0.32733
-0.364692
-0.362544
-0.362025
-0.361422
-0.717345
-0.681887
-0.61508
-0.52948
-0.434753
-0.335312
-0.23314
-0.130198
-0.0295027
0.0637917
0.131293
0.136419
0.0308293
-0.12503
-0.266444
-0.341474
-0.352256
-0.354955
-0.355469
-0.355212
-0.749287
-0.713687
-0.646871
-0.561547
-0.467621
-0.369555
-0.269454
-0.169572
-0.0732528
0.0134201
0.0722437
0.0626821
-0.0513154
-0.192768
-0.308963
-0.34777
-0.351695
-0.351531
-0.351157
-0.350893
-0.781723
-0.745996
-0.679557
-0.594644
-0.50178
-0.405375
-0.307691
-0.211255
-0.119672
-0.039483
0.00868213
-0.00824689
-0.126184
-0.247645
-0.338022
-0.348873
-0.347369
-0.348064
-0.34825
-0.348014
-0.813767
-0.778095
-0.712183
-0.628195
-0.536673
-0.442286
-0.347384
-0.254758
-0.168325
-0.0942386
-0.0565346
-0.0742765
-0.191551
-0.288831
-0.34264
-0.352864
-0.349892
-0.348528
-0.347795
-0.347484
-0.843817
-0.808876
-0.743784
-0.661222
-0.571511
-0.479568
-0.387857
-0.299367
-0.218423
-0.150372
-0.116736
-0.147543
-0.244593
-0.326707
-0.338878
-0.348841
-0.350226
-0.34826
-0.347492
-0.347102
-0.870238
-0.836411
-0.773252
-0.692508
-0.60522
-0.516258
-0.428218
-0.344178
-0.26878
-0.207157
-0.174142
-0.217795
-0.290659
-0.342739
-0.372208
-0.363034
-0.354513
-0.350382
-0.349701
-0.349306
-0.890898
-0.858743
-0.798483
-0.720633
-0.636488
-0.551161
-0.467337
-0.388099
-0.318176
-0.2633
-0.233335
-0.279015
-0.330662
-0.355421
-0.386508
-0.38203
-0.373793
-0.371049
-0.370303
-0.369268
-0.903501
-0.874032
-0.817471
-0.743656
-0.663774
-0.58289
-0.503921
-0.429842
-0.36544
-0.317073
-0.290701
-0.337712
-0.379795
-0.372504
-0.372322
-0.411922
-0.436549
-0.43884
-0.43245
-0.430902
-0.905342
-0.879885
-0.828266
-0.759727
-0.685325
-0.61002
-0.53652
-0.467989
-0.409166
-0.366929
-0.339754
-0.395368
-0.478502
-0.512045
-0.488177
-0.480002
-0.469464
-0.459507
-0.454279
-0.453943
-0.89433
-0.87374
-0.828687
-0.767198
-0.69961
-0.630936
-0.563717
-0.500961
-0.447628
-0.410528
-0.382975
-0.437186
-0.547136
-0.758223
-0.658295
-0.513801
-0.443217
-0.425343
-0.419106
-0.416588
-0.86807
-0.852591
-0.81686
-0.76482
-0.705632
-0.64461
-0.584173
-0.527232
-0.478585
-0.445068
-0.407443
-0.404767
-0.401679
-0.488422
-0.451524
-0.368037
-0.334894
-0.328013
-0.325243
-0.322615
-0.829248
-0.819223
-0.793523
-0.752752
-0.70338
-0.650782
-0.597246
-0.545673
-0.5001
-0.467423
-0.430096
-0.297929
-0.063219
0.146445
0.0687751
-0.092943
-0.196658
-0.236494
-0.24781
-0.249324
-0.784656
-0.778936
-0.763554
-0.733823
-0.694844
-0.650336
-0.603385
-0.555966
-0.512234
-0.475757
-0.433945
-0.303914
-0.0750679
0.176263
0.0897391
-0.120874
-0.271656
-0.336478
-0.35605
-0.364589
-0.744165
-0.740726
-0.733244
-0.713559
-0.683079
-0.645603
-0.603933
-0.559873
-0.515467
-0.478627
-0.449284
-0.477047
-0.693978
-0.985318
-1.12678
-1.24193
-1.19042
-1.04026
-0.921748
-0.905071
-0.714888
-0.712719
-0.708867
-0.696684
-0.672635
-0.639909
-0.601392
-0.558144
-0.512489
-0.471342
-0.446429
-0.555584
-0.996245
-1.67271
-2.20808
-2.23883
-2.02061
-1.74968
-1.51073
-1.41864
-0.693168
-0.692351
-0.691094
-0.684931
-0.666252
-0.636055
-0.597669
-0.55256
-0.50228
-0.444053
-0.402166
-0.399647
-0.530535
-0.609584
-0.621135
-0.512825
-0.342591
-0.199835
-0.101263
-0.0574567
-0.680898
-0.680577
-0.679947
-0.677082
-0.663548
-0.634604
-0.593999
-0.545677
-0.487416
-0.420489
-0.357178
-0.293079
-0.166266
0.133572
0.479717
0.808016
1.05268
1.17713
1.23127
1.24789
-0.673117
-0.672785
-0.671927
-0.670863
-0.662979
-0.635751
-0.592369
-0.538156
-0.474327
-0.396081
-0.298819
-0.194943
0.0445524
0.490311
0.953604
1.3841
1.68201
1.81378
1.86179
1.87056
-0.670373
-0.670167
-0.669703
-0.669888
-0.665823
-0.640406
-0.592828
-0.533399
-0.462052
-0.369149
-0.262392
-0.145007
0.0958115
0.523583
0.96865
1.36485
1.63601
1.75976
1.79515
1.7994
-0.668753
-0.669706
-0.672239
-0.675746
-0.673418
-0.64616
-0.596291
-0.533535
-0.45439
-0.357651
-0.2486
-0.137846
0.054241
0.412549
0.753079
1.04902
1.24942
1.33934
1.36838
1.37443
-0.663789
-0.664599
-0.664567
-0.663103
-0.660417
-0.641669
-0.602573
-0.539822
-0.455668
-0.356607
-0.252683
-0.157503
-0.0158709
0.262323
0.514452
0.708086
0.832255
0.894034
0.924333
0.935305
-0.681282
-0.678438
-0.66191
-0.63242
-0.61702
-0.631803
-0.618407
-0.554452
-0.463794
-0.361636
-0.264002
-0.178658
-0.0700703
0.134999
0.328183
0.469499
0.565906
0.621519
0.65147
0.662186
-0.743645
-0.738849
-0.728664
-0.714778
-0.70834
-0.711843
-0.671499
-0.579952
-0.472857
-0.36424
-0.274651
-0.203877
-0.120072
0.0567578
0.21149
0.329206
0.418654
0.472369
0.497885
0.505045
-0.865659
-0.878209
-0.912917
-0.944577
-0.940032
-0.894687
-0.764333
-0.614305
-0.479617
-0.364798
-0.278567
-0.214799
-0.151186
-0.0182121
0.112756
0.217774
0.296806
0.3448
0.365474
0.37014
-0.96984
-0.992603
-1.03465
-1.06358
-1.05477
-0.989329
-0.811723
-0.624145
-0.473517
-0.355964
-0.272404
-0.213329
-0.160597
-0.0530785
0.0516305
0.131351
0.194938
0.233056
0.248983
0.251421
-0.906052
-0.928246
-0.96411
-0.993098
-0.986744
-0.907367
-0.737328
-0.573165
-0.436585
-0.330552
-0.254285
-0.199304
-0.146642
-0.0730343
0.00680787
0.0665068
0.11261
0.139236
0.148783
0.149967
-0.638806
-0.657964
-0.691442
-0.723426
-0.727092
-0.667587
-0.561553
-0.456484
-0.365276
-0.287105
-0.224621
-0.174899
-0.129334
-0.0813753
-0.028634
0.0155477
0.0516232
0.0719646
0.0801204
0.0797387
-0.291737
-0.302271
-0.323432
-0.351601
-0.37259
-0.368404
-0.348645
-0.315274
-0.277189
-0.233687
-0.190381
-0.151727
-0.119229
-0.0863091
-0.0507961
-0.0204297
0.00336469
0.0168129
0.0203717
0.0195085
-0.0322541
-0.0369037
-0.0508656
-0.0773528
-0.114255
-0.152465
-0.1796
-0.194508
-0.194793
-0.18111
-0.158578
-0.133967
-0.114937
-0.0992045
-0.075898
-0.0538064
-0.037612
-0.0299416
-0.02822
-0.0296395
0.0900766
0.0876423
0.0776669
0.0539513
0.0147388
-0.0331107
-0.0776768
-0.112304
-0.132898
-0.138585
-0.131526
-0.119722
-0.110964
-0.107647
-0.0965654
-0.0845151
-0.0758927
-0.0729892
-0.0727154
-0.0740018
0.118946
0.117257
0.109878
0.0914227
0.0595435
0.0185719
-0.0241653
-0.06236
-0.0911245
-0.107694
-0.11194
-0.109753
-0.108782
-0.110252
-0.108741
-0.106438
-0.106169
-0.107886
-0.109426
-0.110333
0.10702
0.105814
0.10065
0.087666
0.0647615
0.0338984
-0.00113212
-0.0356201
-0.0657804
-0.0887088
-0.101335
-0.106008
-0.109382
-0.11756
-0.122021
-0.125205
-0.128477
-0.13194
-0.133733
-0.134417
0.0831582
0.0823465
0.0788706
0.0700868
0.0542151
0.0318354
0.00455236
-0.0245549
-0.0528934
-0.0786118
-0.098289
-0.111467
-0.120448
-0.130189
-0.13582
-0.139598
-0.143514
-0.146541
-0.14786
-0.148446
0.0590445
0.058516
0.0562105
0.0503418
0.0394731
0.0235013
0.00286938
-0.0209546
-0.0468174
-0.0743401
-0.101475
-0.126332
-0.142728
-0.147829
-0.148431
-0.150173
-0.152811
-0.155234
-0.156217
-0.156699
0.0386746
0.0383086
0.0368066
0.0328928
0.0254434
0.0140205
-0.00155013
-0.020829
-0.0438298
-0.0719019
-0.105242
-0.141247
-0.163801
-0.162369
-0.157427
-0.156327
-0.15755
-0.159288
-0.159934
-0.16018
0.0231424
0.0228802
0.0218624
0.0192467
0.0141324
0.00599237
-0.00563433
-0.0209357
-0.0405383
-0.0669209
-0.101526
-0.14171
-0.163728
-0.157141
-0.150279
-0.149595
-0.152435
-0.154821
-0.155426
-0.155447
0.0121094
0.0119473
0.0112746
0.00959159
0.00617161
0.000497457
-0.00797731
-0.0196995
-0.0355322
-0.0574584
-0.0873392
-0.120635
-0.134968
-0.129334
-0.127155
-0.130455
-0.135329
-0.138302
-0.138858
-0.138751
0.00499544
0.00489598
0.00446961
0.0034221
0.00128068
-0.00249078
-0.00836958
-0.0167914
-0.0284334
-0.0445762
-0.0647472
-0.0846144
-0.0912092
-0.0880546
-0.0926047
-0.100026
-0.10647
-0.109652
-0.110228
-0.110153
0.00105661
0.00099985
0.000760698
0.000218818
-0.001005
-0.0032763
-0.00696187
-0.0123655
-0.0198313
-0.0295439
-0.0390545
-0.0437483
-0.0396511
-0.0447596
-0.0541913
-0.0643133
-0.0710513
-0.0736894
-0.0742385
-0.0742609
-0.00047585
-0.000490292
-0.000573091
-0.000792258
-0.0013394
-0.0024472
-0.00432908
-0.00712861
-0.0108551
-0.0151534
-0.0166832
-0.0104808
-9.22564e-05
-0.00966148
-0.0217791
-0.0306846
-0.03553
-0.0369076
-0.0372548
-0.0375302
-0.00037341
-0.000347361
-0.000373291
-0.000333061
-0.000230802
-0.000238323
-0.000459034
-0.000879983
-0.00146752
-0.00227397
-0.00250265
-0.000566743
0.00300212
0.0015356
-0.00148027
-0.00484051
-0.00584874
-0.00554672
-0.00621022
-0.00653408
-0.136422
0.0508914
0.250798
0.418489
0.552036
0.656986
0.744093
0.817403
0.847613
0.831481
0.187146
0.310007
0.438462
0.549237
0.642361
0.719424
0.781457
0.824982
0.847601
0.860509
0.405537
0.488715
0.576012
0.65358
0.720062
0.77559
0.819593
0.852024
0.875886
0.893805
0.564521
0.623639
0.684737
0.741427
0.79052
0.832124
0.866336
0.894005
0.916521
0.93481
0.68908
0.731417
0.778257
0.821209
0.859577
0.893097
0.921842
0.946088
0.965875
0.983837
0.792492
0.825409
0.863718
0.898989
0.931341
0.960461
0.985994
1.00766
1.02468
1.04229
0.884778
0.913573
0.947497
0.979594
1.00943
1.03655
1.06034
1.08016
1.09476
1.11221
0.973191
1.00256
1.03645
1.06853
1.09809
1.12465
1.14754
1.16596
1.1786
1.19606
1.06841
1.10194
1.13831
1.17198
1.20198
1.22809
1.24997
1.26704
1.27847
1.29626
1.18322
1.22175
1.25994
1.29411
1.32334
1.34797
1.36824
1.38392
1.39524
1.41357
1.32788
1.36734
1.40287
1.43324
1.45878
1.48082
1.4998
1.51531
1.52795
1.54607
1.50257
1.53461
1.56038
1.5827
1.60273
1.62146
1.63907
1.65561
1.67135
1.68954
1.69015
1.7077
1.72322
1.73979
1.75594
1.77048
1.78349
1.79746
1.81454
1.83422
1.87173
1.88269
1.89483
1.90562
1.91487
1.92442
1.93529
1.94688
1.95682
1.97199
2.08273
2.08474
2.06959
2.05436
2.04797
2.05363
2.07223
2.10264
2.13478
2.16552
2.38864
2.2516
2.1753
2.13319
2.11574
2.11978
2.14713
2.20328
2.30673
2.52201
0.699988
0.696613
0.690687
0.680882
0.667942
0.655522
0.645217
0.63728
0.631639
0.628375
0.628029
0.630792
0.635932
0.643199
0.652648
0.664345
0.677481
0.689476
0.696934
0.701655
0.617995
0.62388
0.630786
0.636026
0.638875
0.63855
0.63565
0.631737
0.628184
0.625913
0.625775
0.627998
0.631705
0.636076
0.640034
0.642043
0.640936
0.636849
0.630958
0.623914
0.610327
0.612674
0.616025
0.618933
0.621152
0.622955
0.62392
0.623672
0.622653
0.621774
0.621961
0.623407
0.625241
0.626533
0.626589
0.625425
0.623622
0.621283
0.618131
0.615169
0.605167
0.606254
0.60812
0.610502
0.612464
0.613858
0.614959
0.615826
0.616306
0.616569
0.617081
0.617887
0.618448
0.61843
0.617918
0.617052
0.615654
0.613601
0.611492
0.610079
0.600049
0.600704
0.601813
0.603534
0.60534
0.606959
0.608229
0.609264
0.610198
0.611038
0.611793
0.612337
0.6125
0.612312
0.611763
0.610741
0.609309
0.607741
0.606421
0.605638
0.595096
0.595551
0.596334
0.59763
0.599125
0.60066
0.602131
0.603424
0.60457
0.605652
0.606592
0.607168
0.607321
0.607064
0.60638
0.605384
0.604249
0.603116
0.602208
0.601688
0.590266
0.590607
0.591216
0.592282
0.593572
0.594952
0.596404
0.597861
0.599241
0.600535
0.601667
0.602381
0.602578
0.602315
0.601716
0.600938
0.60009
0.599231
0.598563
0.598183
0.585518
0.585783
0.586274
0.587181
0.588349
0.589645
0.591046
0.592547
0.594102
0.595639
0.597012
0.597906
0.598225
0.598114
0.597726
0.597173
0.596532
0.595898
0.595411
0.59512
0.580774
0.580985
0.581393
0.58219
0.583278
0.584527
0.585915
0.58746
0.589148
0.590926
0.592587
0.59374
0.594296
0.594427
0.594273
0.593941
0.593505
0.593063
0.592715
0.592487
0.575948
0.576117
0.576468
0.577192
0.578233
0.579461
0.580878
0.582505
0.584348
0.586381
0.588385
0.589895
0.590773
0.591192
0.59129
0.591186
0.590962
0.590692
0.590459
0.590278
0.570952
0.571089
0.571398
0.572078
0.573102
0.574354
0.575838
0.577591
0.579644
0.581986
0.584409
0.586363
0.587629
0.588381
0.588764
0.588904
0.588889
0.588785
0.588651
0.588505
0.565698
0.565809
0.56609
0.56675
0.567793
0.569114
0.570708
0.572641
0.574971
0.577706
0.580645
0.583133
0.584857
0.585992
0.586699
0.587103
0.587304
0.587369
0.58732
0.587202
0.560091
0.560178
0.560444
0.561109
0.562206
0.563638
0.565398
0.567579
0.570263
0.573497
0.577071
0.580199
0.582463
0.584043
0.585113
0.585829
0.586271
0.586492
0.586519
0.586421
0.554022
0.554089
0.554347
0.555041
0.55623
0.55782
0.559809
0.562318
0.565456
0.569313
0.573662
0.577559
0.580464
0.582567
0.584054
0.585115
0.585822
0.586215
0.586314
0.586233
0.547362
0.547409
0.54767
0.548414
0.549736
0.55154
0.553833
0.55676
0.560474
0.5651
0.570393
0.575216
0.578883
0.581603
0.58358
0.585027
0.586043
0.586618
0.586788
0.586722
0.539959
0.539989
0.540255
0.541072
0.542571
0.544656
0.547335
0.550794
0.555227
0.5608
0.56724
0.573176
0.577749
0.581195
0.583754
0.585663
0.587025
0.587799
0.588039
0.587983
0.531618
0.531634
0.531904
0.532816
0.534552
0.53698
0.540158
0.544292
0.549623
0.556361
0.56419
0.571458
0.577106
0.581407
0.584652
0.587112
0.588869
0.58986
0.590172
0.590123
0.522033
0.52202
0.52235
0.523405
0.525417
0.528303
0.532117
0.537102
0.543554
0.55173
0.561242
0.570091
0.577007
0.582315
0.586363
0.58947
0.591681
0.592911
0.593296
0.593251
0.510912
0.510875
0.51125
0.512499
0.514883
0.518356
0.522979
0.529043
0.536902
0.546849
0.558392
0.569116
0.577513
0.584
0.588992
0.59284
0.595576
0.597063
0.597517
0.597473
0.497776
0.497713
0.498166
0.499667
0.502538
0.506777
0.512448
0.519895
0.529528
0.54166
0.555645
0.568573
0.578689
0.586535
0.592629
0.59733
0.600652
0.602406
0.602925
0.602876
0.481979
0.481887
0.482465
0.484318
0.487838
0.493101
0.500162
0.509417
0.521312
0.536141
0.553041
0.568533
0.580615
0.590006
0.597353
0.603019
0.60698
0.609003
0.609571
0.609511
0.462582
0.462465
0.463244
0.465609
0.470044
0.476729
0.485689
0.497355
0.512166
0.53033
0.550674
0.569092
0.583383
0.594494
0.603218
0.60996
0.614589
0.616856
0.617451
0.617372
0.438168
0.438037
0.439151
0.442311
0.448128
0.456897
0.468551
0.483499
0.502078
0.52432
0.548672
0.570364
0.587069
0.600061
0.610261
0.618161
0.623433
0.625886
0.626474
0.626368
0.406435
0.40633
0.408051
0.412582
0.420699
0.43271
0.448319
0.467774
0.491174
0.518315
0.54723
0.572494
0.591762
0.606735
0.618503
0.627554
0.633367
0.635902
0.636435
0.636296
0.363241
0.363303
0.366353
0.373744
0.386135
0.403442
0.424904
0.450432
0.479834
0.512685
0.546632
0.575662
0.597562
0.614539
0.627857
0.637987
0.644123
0.646575
0.647004
0.64683
0.300839
0.30204
0.309476
0.323316
0.343518
0.369244
0.398939
0.43219
0.468686
0.507903
0.547167
0.580019
0.604513
0.623421
0.638161
0.649089
0.655269
0.657406
0.657671
0.657476
0.226591
0.228651
0.242978
0.266766
0.297802
0.333462
0.372124
0.413594
0.45768
0.503903
0.549325
0.586906
0.614767
0.63614
0.652632
0.664346
0.670421
0.672321
0.672544
0.672443
0.150213
0.156596
0.177895
0.211851
0.253304
0.29863
0.346232
0.395987
0.447768
0.501127
0.552879
0.595329
0.626632
0.650564
0.668905
0.68123
0.686826
0.688268
0.688423
0.688391
0.0878513
0.0963651
0.122183
0.163192
0.212814
0.266382
0.322073
0.379603
0.43874
0.498966
0.556785
0.603832
0.63833
0.664522
0.684181
0.696828
0.70232
0.703611
0.703799
0.703824
0.0370198
0.0461463
0.0755003
0.121733
0.177493
0.237688
0.30021
0.364602
0.43046
0.497138
0.560733
0.612152
0.649639
0.677919
0.698963
0.712151
0.717531
0.719025
0.719298
0.719365
-0.00550423
0.00389223
0.0356814
0.0859134
0.14671
0.212407
0.280715
0.351104
0.423015
0.495651
0.564684
0.620269
0.660632
0.690972
0.713386
0.727222
0.733014
0.734746
0.735044
0.735126
-0.0421201
-0.0326177
0.000996197
0.0544341
0.119408
0.189809
0.263164
0.33886
0.416235
0.494368
0.568527
0.628093
0.671232
0.703569
0.727314
0.742088
0.748356
0.75024
0.750571
0.75065
-0.0745009
-0.0649613
-0.0299451
0.0262077
0.0946781
0.169135
0.246958
0.327437
0.40983
0.493095
0.57211
0.635482
0.681278
0.715517
0.740569
0.756127
0.762952
0.765015
0.765364
0.765431
-0.10392
-0.0943343
-0.0581673
0.000330644
0.0717931
0.149806
0.23161
0.316439
0.403471
0.491568
0.575216
0.642242
0.690577
0.72658
0.752838
0.769157
0.776485
0.778692
0.779046
0.77908
-0.131252
-0.121617
-0.0844283
-0.0239184
0.0502128
0.131382
0.216746
0.305532
0.396871
0.489548
0.577679
0.648254
0.699028
0.736701
0.764016
0.780935
0.788689
0.791025
0.791386
0.791401
-0.157066
-0.147356
-0.109209
-0.0470127
0.029536
0.11352
0.202088
0.294487
0.389834
0.486873
0.579375
0.653464
0.706615
0.745877
0.774127
0.791507
0.79949
0.801931
0.802292
0.80228
-0.181841
-0.171975
-0.132973
-0.0692219
0.00949434
0.095985
0.187446
0.283146
0.382225
0.483421
0.580215
0.657844
0.713385
0.754164
0.783274
0.800993
0.809045
0.811488
0.811841
0.811813
-0.205842
-0.195757
-0.156025
-0.0907334
-0.0100967
0.0786244
0.172698
0.271412
0.37395
0.479108
0.580143
0.661381
0.719401
0.761709
0.791553
0.809464
0.817504
0.81991
0.820243
0.820182
-0.229177
-0.218889
-0.17838
-0.111693
-0.0293596
0.0613662
0.157781
0.259228
0.364959
0.473871
0.579101
0.664076
0.724729
0.768651
0.79918
0.81717
0.825083
0.827387
0.827668
0.827583
-0.252009
-0.241434
-0.200158
-0.132194
-0.0483438
0.0441688
0.142673
0.246583
0.355241
0.467683
0.577032
0.665906
0.729439
0.775144
0.806344
0.824254
0.831913
0.834045
0.834253
0.834143
-0.274306
-0.263457
-0.221448
-0.152279
-0.0670569
0.0270387
0.127398
0.233506
0.344811
0.460529
0.573891
0.666823
0.73357
0.781323
0.813223
0.830885
0.83809
0.839949
0.840053
0.839915
-0.29613
-0.284969
-0.242187
-0.171934
-0.0854848
0.0100031
0.111995
0.220049
0.333717
0.452426
0.569636
0.666754
0.737095
0.787299
0.82006
0.837285
0.843731
0.845151
0.84513
0.844977
-0.317307
-0.305912
-0.262365
-0.191125
-0.103584
-0.00687174
0.0965237
0.20628
0.322027
0.443428
0.564241
0.665615
0.739936
0.793125
0.827137
0.84386
0.849151
0.849793
0.849555
0.849402
-0.337972
-0.326237
-0.281971
-0.209833
-0.121328
-0.0235498
0.0810747
0.192277
0.309826
0.433609
0.557708
0.663299
0.741946
0.798727
0.834677
0.851211
0.855016
0.854214
0.853417
0.853282
-0.35797
-0.34592
-0.300981
-0.228015
-0.138641
-0.0399487
0.0657276
0.178158
0.297218
0.423032
0.550074
0.659702
0.742925
0.803874
0.842639
0.859984
0.862648
0.85964
0.857236
0.856431
-0.377353
-0.365006
-0.319341
-0.24562
-0.155488
-0.0560007
0.0505659
0.164002
0.284314
0.411831
0.541402
0.654713
0.742644
0.808171
0.850498
0.870266
0.873585
0.869091
0.862757
0.854055
-0.396043
-0.38346
-0.33713
-0.262806
-0.172081
-0.0719764
0.0352606
0.149414
0.270676
0.399515
0.531181
0.647782
0.740645
0.811292
0.857594
0.881368
0.888165
0.883724
0.873252
0.869532
-0.413992
-0.401271
-0.354342
-0.279536
-0.188414
-0.0878528
0.0198323
0.134378
0.256263
0.385963
0.519217
0.638493
0.736154
0.812439
0.861961
0.889011
0.898287
0.897309
0.859642
0.812621
-0.430903
-0.417774
-0.370899
-0.29572
-0.204544
-0.103734
0.00424632
0.119013
0.24113
0.371221
0.505421
0.626577
0.728014
0.810903
0.861541
0.884127
0.893118
0.873324
0.816476
0.7558
-0.448584
-0.432826
-0.386517
-0.310737
-0.220058
-0.119278
-0.0117779
0.103365
0.225399
0.355439
0.489779
0.611813
0.714766
0.807186
0.854015
0.884689
0.853656
0.803982
0.732885
0.666092
-0.435777
-0.415428
-0.364388
-0.284172
-0.187269
-0.0836146
0.0292446
0.147315
0.272629
0.406831
0.536145
0.646868
0.743086
0.837378
0.866558
0.791902
0.737996
0.670665
0.597285
0.549092
-0.455396
-0.442204
-0.40499
-0.333927
-0.243723
-0.144151
-0.0363598
0.0782851
0.199689
0.328717
0.46162
0.582666
0.6832
0.770832
0.840478
0.82291
0.70427
0.618237
0.553409
0.471991
-0.476336
-0.461964
-0.419883
-0.347672
-0.256841
-0.157617
-0.0509062
0.0627907
0.183258
0.310934
0.442239
0.561528
0.658962
0.733944
0.760517
0.67684
0.536487
0.440347
0.364665
0.278334
-0.497519
-0.485033
-0.438804
-0.365559
-0.274685
-0.175
-0.0682943
0.0451289
0.164729
0.290959
0.419516
0.534365
0.622652
0.682067
0.658406
0.52489
0.374109
0.258035
0.161041
0.0300225
-0.520659
-0.508063
-0.459731
-0.38523
-0.294244
-0.194482
-0.087912
0.0249475
0.143449
0.2678
0.392932
0.502123
0.580835
0.618503
0.557518
0.375779
0.199047
0.0507108
-0.0862011
-0.272841
-0.543163
-0.530777
-0.481281
-0.40555
-0.31415
-0.214462
-0.108301
0.00370786
0.12084
0.242893
0.364079
0.466813
0.537624
0.5402
0.429486
0.233162
0.0264715
-0.163943
-0.334633
-0.712027
-0.565827
-0.553676
-0.503622
-0.427045
-0.335281
-0.235581
-0.129842
-0.0187199
0.0969045
0.216383
0.333198
0.428589
0.487584
0.457632
0.305194
0.105147
-0.108883
-0.307999
-0.475834
-0.767956
-0.589411
-0.577392
-0.527034
-0.449936
-0.357931
-0.258212
-0.152859
-0.0426122
0.0714268
0.188116
0.300263
0.387843
0.431448
0.382997
0.1931
-0.00136713
-0.200484
-0.366467
-0.435089
-0.473569
-0.614454
-0.602558
-0.5519
-0.474512
-0.382472
-0.282919
-0.178116
-0.0689854
0.043123
0.156497
0.263319
0.342335
0.368978
0.284257
0.0923301
-0.0913624
-0.258756
-0.364904
-0.400301
-0.408861
-0.641211
-0.62927
-0.578383
-0.500796
-0.40885
-0.309656
-0.205632
-0.0978923
0.0118983
0.121418
0.22216
0.292381
0.292711
0.17833
7.05991e-05
-0.169417
-0.309927
-0.365395
-0.376802
-0.380635
-0.669768
-0.657722
-0.606554
-0.528806
-0.437066
-0.338423
-0.23541
-0.129376
-0.0222847
0.0829076
0.176802
0.237555
0.213485
0.0790038
-0.0848561
-0.243467
-0.342865
-0.368661
-0.366802
-0.36691
-0.699884
-0.688039
-0.636369
-0.558507
-0.467084
-0.369176
-0.267437
-0.163424
-0.0594106
0.0409763
0.127559
0.176679
0.143053
-0.0120113
-0.161931
-0.300515
-0.34344
-0.353882
-0.357832
-0.358074
-0.731395
-0.71956
-0.667608
-0.589731
-0.498762
-0.401806
-0.301616
-0.199957
-0.0994162
-0.00419871
0.0746479
0.112679
0.0713147
-0.0900353
-0.229252
-0.325301
-0.364833
-0.354841
-0.353353
-0.353198
-0.763778
-0.751887
-0.69996
-0.622139
-0.531806
-0.436057
-0.337708
-0.238762
-0.142092
-0.0522493
0.0184221
0.0476383
-0.0136902
-0.158091
-0.28248
-0.332232
-0.348562
-0.349929
-0.349739
-0.349522
-0.796307
-0.784391
-0.732559
-0.655142
-0.565753
-0.4715
-0.375341
-0.279469
-0.187073
-0.102784
-0.0397986
-0.0252557
-0.0940912
-0.215387
-0.314221
-0.342691
-0.345163
-0.348083
-0.348069
-0.34796
-0.827689
-0.816154
-0.764469
-0.688086
-0.599885
-0.507506
-0.413928
-0.321497
-0.233721
-0.155369
-0.0979448
-0.0971402
-0.164461
-0.265184
-0.333988
-0.37773
-0.356605
-0.349666
-0.347988
-0.347495
-0.856384
-0.845364
-0.794713
-0.719474
-0.633213
-0.543197
-0.452673
-0.364067
-0.281152
-0.209053
-0.155824
-0.160966
-0.229934
-0.301615
-0.353852
-0.348047
-0.351129
-0.349536
-0.348271
-0.347956
-0.880737
-0.870391
-0.821247
-0.748184
-0.664468
-0.577419
-0.490529
-0.406191
-0.328292
-0.262393
-0.214631
-0.219713
-0.287035
-0.329934
-0.352485
-0.371895
-0.366835
-0.357965
-0.355869
-0.355694
-0.898308
-0.888883
-0.842083
-0.772199
-0.692104
-0.608889
-0.526238
-0.446671
-0.37397
-0.314039
-0.27272
-0.276073
-0.338524
-0.355148
-0.346421
-0.379882
-0.393805
-0.400953
-0.399852
-0.397019
-0.906939
-0.898377
-0.855098
-0.789553
-0.714278
-0.636028
-0.558431
-0.484093
-0.416876
-0.362678
-0.326734
-0.330469
-0.401072
-0.424258
-0.413084
-0.431276
-0.457857
-0.467232
-0.460309
-0.454682
-0.902555
-0.895464
-0.85846
-0.798359
-0.729234
-0.657203
-0.585599
-0.51707
-0.455465
-0.406665
-0.376062
-0.379611
-0.466378
-0.595127
-0.613709
-0.536235
-0.480373
-0.453819
-0.444896
-0.442401
-0.883394
-0.878564
-0.8495
-0.797182
-0.735635
-0.671087
-0.606381
-0.544093
-0.487913
-0.444168
-0.419298
-0.418111
-0.465078
-0.618999
-0.703426
-0.53822
-0.433262
-0.393855
-0.38254
-0.378429
-0.850043
-0.846549
-0.826698
-0.785085
-0.733034
-0.677078
-0.619915
-0.563875
-0.512555
-0.472223
-0.448874
-0.396272
-0.286833
-0.13637
-0.159685
-0.192443
-0.238892
-0.265239
-0.272192
-0.273114
-0.807136
-0.804924
-0.793556
-0.764155
-0.722502
-0.675727
-0.626238
-0.576033
-0.528569
-0.488424
-0.460055
-0.379518
-0.132866
0.182941
0.301878
0.0818917
-0.121913
-0.227954
-0.262155
-0.271713
-0.763298
-0.761999
-0.756362
-0.738926
-0.707803
-0.668922
-0.62653
-0.581446
-0.535943
-0.495335
-0.46104
-0.412805
-0.35415
-0.316944
-0.274594
-0.393283
-0.496106
-0.537078
-0.521971
-0.523675
-0.727899
-0.727197
-0.724347
-0.714258
-0.692247
-0.660691
-0.623334
-0.581398
-0.537395
-0.49416
-0.463205
-0.472224
-0.740517
-1.27821
-1.89372
-2.20099
-2.16851
-1.96344
-1.738
-1.55295
-0.703033
-0.702241
-0.700693
-0.696529
-0.681098
-0.654306
-0.619101
-0.57823
-0.532134
-0.482222
-0.443346
-0.408656
-0.604129
-0.956546
-1.29598
-1.37486
-1.2264
-1.05605
-0.872182
-0.730914
-0.686366
-0.686075
-0.68544
-0.683528
-0.674553
-0.651093
-0.616141
-0.573283
-0.522582
-0.465675
-0.401766
-0.361417
-0.341683
-0.262065
-0.0837138
0.111874
0.340731
0.497948
0.592339
0.645971
-0.67648
-0.676379
-0.675901
-0.674993
-0.670686
-0.650858
-0.615063
-0.568274
-0.51325
-0.446487
-0.367956
-0.292701
-0.16911
0.144252
0.574416
0.99534
1.34785
1.54636
1.62608
1.65295
-0.67114
-0.670989
-0.670357
-0.669488
-0.668199
-0.653695
-0.616815
-0.565129
-0.503125
-0.426894
-0.333328
-0.220293
-0.059206
0.30005
0.77325
1.22881
1.60055
1.80394
1.88375
1.90011
-0.67006
-0.670179
-0.670698
-0.671772
-0.672271
-0.660916
-0.621078
-0.564973
-0.496487
-0.413035
-0.309838
-0.194621
-0.0527074
0.270633
0.680608
1.05669
1.36211
1.53144
1.59437
1.60696
-0.665385
-0.666301
-0.668271
-0.672225
-0.67477
-0.663484
-0.624876
-0.569524
-0.497399
-0.406841
-0.302479
-0.195211
-0.0873117
0.177017
0.491454
0.758661
0.961524
1.07264
1.11972
1.13697
-0.666519
-0.667215
-0.664097
-0.653638
-0.641282
-0.638421
-0.625555
-0.581111
-0.504921
-0.4096
-0.310338
-0.211617
-0.124867
0.0683145
0.30623
0.499552
0.633343
0.71048
0.752572
0.772928
-0.706416
-0.705085
-0.693787
-0.666069
-0.639502
-0.64058
-0.652802
-0.606587
-0.518892
-0.415583
-0.315929
-0.227117
-0.159856
-0.00332725
0.186508
0.333086
0.443064
0.516232
0.556822
0.574122
-0.799988
-0.796415
-0.804002
-0.820585
-0.828444
-0.814895
-0.770551
-0.657722
-0.53619
-0.419402
-0.318752
-0.240987
-0.18662
-0.0635249
0.0914701
0.219346
0.31816
0.386152
0.421734
0.434588
-0.932867
-0.93678
-0.970611
-1.01492
-1.03025
-1.00257
-0.890012
-0.709027
-0.547465
-0.417479
-0.315112
-0.244276
-0.197112
-0.100035
0.0214414
0.126916
0.209072
0.268756
0.298895
0.308741
-0.963428
-0.973643
-1.00621
-1.04128
-1.05481
-1.0195
-0.888999
-0.694937
-0.528224
-0.398857
-0.302116
-0.235851
-0.187026
-0.112982
-0.0132575
0.0653417
0.126502
0.169599
0.190237
0.19662
-0.79003
-0.802149
-0.833014
-0.870185
-0.889612
-0.855292
-0.732134
-0.587539
-0.459107
-0.354951
-0.273469
-0.213527
-0.164748
-0.115238
-0.0438109
0.0138416
0.0612856
0.0940746
0.109898
0.113579
-0.459399
-0.468465
-0.489684
-0.519696
-0.543667
-0.536415
-0.486572
-0.419998
-0.352806
-0.291368
-0.233409
-0.18454
-0.143252
-0.106806
-0.0607605
-0.0209613
0.0121099
0.035807
0.0464511
0.0489452
-0.142913
-0.147476
-0.15919
-0.181842
-0.212448
-0.238665
-0.252781
-0.254169
-0.243783
-0.221521
-0.190667
-0.157579
-0.128047
-0.106271
-0.077722
-0.0487594
-0.0260732
-0.0112666
-0.0049718
-0.00465257
0.0457668
0.0435538
0.0369012
0.0188102
-0.0141461
-0.0590001
-0.103062
-0.136946
-0.156933
-0.161517
-0.152446
-0.135101
-0.118436
-0.110096
-0.0964453
-0.0784795
-0.0630605
-0.0537673
-0.0511121
-0.0516197
0.113058
0.1118
0.107371
0.0930683
0.0640915
0.021879
-0.0242595
-0.0665234
-0.0986081
-0.117567
-0.12244
-0.117207
-0.110461
-0.109704
-0.106272
-0.0994523
-0.0936779
-0.0915205
-0.0920688
-0.0930926
0.116101
0.115312
0.112115
0.101733
0.0802536
0.0480067
0.00991115
-0.0288269
-0.0627432
-0.0881554
-0.1025
-0.106669
-0.10565
-0.111166
-0.114477
-0.115393
-0.117088
-0.119872
-0.122459
-0.123496
0.0957528
0.0953087
0.0930972
0.0860044
0.0711286
0.0480791
0.0189532
-0.0129763
-0.0440467
-0.0713434
-0.0918873
-0.103803
-0.109866
-0.118302
-0.126807
-0.13091
-0.134822
-0.138652
-0.141258
-0.142079
0.0708283
0.0706159
0.0691224
0.0643882
0.0543098
0.0381692
0.0166221
-0.00875195
-0.0358442
-0.0627811
-0.0881072
-0.109364
-0.124711
-0.134849
-0.140616
-0.14337
-0.146959
-0.150159
-0.152154
-0.15281
0.0482626
0.0481749
0.0471893
0.0440629
0.037268
0.0260134
0.0102398
-0.00952723
-0.0326185
-0.0587009
-0.0881814
-0.119467
-0.146749
-0.156801
-0.155411
-0.153775
-0.155146
-0.157274
-0.158604
-0.158999
0.0302868
0.0302546
0.0295436
0.027459
0.0228778
0.015004
0.00345062
-0.0119139
-0.0311454
-0.0552751
-0.0860532
-0.123869
-0.159721
-0.166461
-0.15898
-0.154955
-0.155118
-0.157492
-0.158815
-0.158983
0.0170493
0.0170555
0.0165827
0.0151971
0.0121434
0.00668034
-0.00165936
-0.0133095
-0.0287467
-0.0492751
-0.0780326
-0.114554
-0.147565
-0.149473
-0.142015
-0.140471
-0.143471
-0.147112
-0.14872
-0.148731
0.00806261
0.00808174
0.00778003
0.00689177
0.00494348
0.00129653
-0.00453931
-0.0130483
-0.0248141
-0.0412517
-0.063259
-0.0904653
-0.111906
-0.110711
-0.109474
-0.113351
-0.119483
-0.12409
-0.125763
-0.125773
0.00263419
0.0026615
0.00248406
0.00198515
0.000809604
-0.00144902
-0.00525553
-0.0110091
-0.0191279
-0.030309
-0.0443183
-0.0584271
-0.0665737
-0.0647854
-0.0692595
-0.0778663
-0.0862008
-0.0911067
-0.0926191
-0.0927818
2.13782e-05
5.95807e-05
-2.48872e-05
-0.000269331
-0.000852702
-0.00205477
-0.00421118
-0.00758007
-0.0123692
-0.0187488
-0.0253002
-0.0279207
-0.0212615
-0.0191361
-0.0306618
-0.0424895
-0.0506256
-0.0543753
-0.0552918
-0.0556054
-0.00035053
-0.000363189
-0.000366403
-0.000275504
-0.000213535
-0.000317795
-0.000651066
-0.00113637
-0.00181388
-0.00256949
-0.00192123
0.0013892
0.00368825
0.000185787
-0.00320557
-0.00558003
-0.00568524
-0.00583388
-0.00645956
-0.0207595
-1.03994
-0.429004
-0.0073612
0.243363
0.426532
0.566325
0.674843
0.763791
0.859192
0.936237
-0.0966467
0.101919
0.27465
0.422721
0.545954
0.646334
0.72807
0.794474
0.834788
0.840323
0.23555
0.351218
0.460145
0.559604
0.644903
0.716753
0.77545
0.819727
0.848959
0.867061
0.44303
0.521289
0.596784
0.66698
0.728426
0.78073
0.823717
0.857536
0.883946
0.902829
0.595109
0.64822
0.706654
0.758002
0.80411
0.844127
0.878108
0.90647
0.930069
0.946812
0.715932
0.756604
0.801339
0.841182
0.877864
0.910831
0.939748
0.96463
0.985513
0.999549
0.817516
0.852187
0.888055
0.92228
0.954237
0.983627
1.00986
1.03251
1.05107
1.0627
0.910098
0.941469
0.974409
1.007
1.03762
1.06584
1.09092
1.11222
1.12888
1.1386
1.00071
1.03363
1.06802
1.10205
1.13331
1.1615
1.18599
1.20621
1.22127
1.2301
1.10239
1.14029
1.17791
1.21408
1.24608
1.2738
1.29713
1.31593
1.32973
1.33914
1.22902
1.27176
1.3107
1.34615
1.37636
1.40188
1.42334
1.44081
1.45421
1.46543
1.39031
1.43185
1.46539
1.49438
1.51877
1.54023
1.55977
1.57712
1.59207
1.60578
1.58073
1.61015
1.63175
1.65086
1.6691
1.68643
1.70255
1.71823
1.73492
1.75216
1.77728
1.7879
1.80016
1.81468
1.82921
1.84211
1.85339
1.86421
1.87692
1.89248
1.96423
1.97381
1.98342
1.98545
1.98601
1.9902
2.00101
2.01734
2.03468
2.03937
2.26886
2.20999
2.15827
2.11824
2.09585
2.09176
2.10531
2.13902
2.19499
2.27432
0.834727
0.777619
0.735228
0.701694
0.677369
0.659961
0.647475
0.638523
0.632386
0.62889
0.628503
0.631384
0.636855
0.644825
0.655762
0.670745
0.691522
0.720265
0.758711
0.8068
0.639099
0.648129
0.654273
0.654887
0.650912
0.644522
0.637942
0.632413
0.628547
0.626887
0.628071
0.631692
0.637019
0.64359
0.650589
0.656311
0.658358
0.655027
0.646675
0.639489
0.614629
0.616727
0.621324
0.625078
0.628087
0.62984
0.62962
0.62784
0.62561
0.624023
0.62404
0.625882
0.628638
0.631314
0.632806
0.632283
0.62998
0.626764
0.622658
0.618223
0.60842
0.60932
0.611825
0.614463
0.616404
0.617863
0.619028
0.619598
0.619499
0.619256
0.619613
0.620699
0.621777
0.622183
0.621723
0.620721
0.619308
0.617168
0.614564
0.612541
0.602937
0.603402
0.604811
0.606859
0.608793
0.610317
0.611452
0.612406
0.613189
0.613806
0.61445
0.615076
0.615353
0.615198
0.614702
0.613783
0.612315
0.610472
0.608808
0.607784
0.597804
0.598093
0.599008
0.600478
0.602122
0.603733
0.605138
0.606298
0.607334
0.608313
0.609163
0.609699
0.609841
0.609623
0.608989
0.607937
0.606636
0.605311
0.604232
0.603606
0.592851
0.593055
0.593741
0.594909
0.596288
0.59774
0.599218
0.600615
0.60188
0.603062
0.604093
0.604733
0.604903
0.604623
0.603956
0.603062
0.602083
0.601095
0.600317
0.599876
0.588028
0.588183
0.588728
0.589708
0.590929
0.592263
0.593688
0.595173
0.596649
0.598063
0.599309
0.600106
0.600349
0.600145
0.599647
0.598983
0.598241
0.597496
0.596925
0.596594
0.583261
0.583383
0.583829
0.584675
0.585799
0.587072
0.588464
0.589982
0.591603
0.593261
0.594772
0.595783
0.596207
0.596209
0.595939
0.595496
0.594954
0.594416
0.594003
0.593747
0.578464
0.578562
0.578939
0.579695
0.580756
0.581993
0.583393
0.584974
0.586733
0.588634
0.590458
0.591777
0.592485
0.592754
0.592725
0.592505
0.592172
0.591814
0.591528
0.591325
0.573545
0.573626
0.573953
0.57465
0.57568
0.576918
0.578366
0.58005
0.581988
0.584167
0.586369
0.58809
0.589154
0.589732
0.589971
0.589985
0.589862
0.589674
0.589492
0.58933
0.568416
0.568483
0.568776
0.569441
0.57047
0.571756
0.573293
0.575128
0.577309
0.579835
0.582502
0.584711
0.586195
0.587131
0.587675
0.587942
0.588033
0.588008
0.587917
0.587786
0.562984
0.56304
0.563311
0.563969
0.565035
0.566411
0.568085
0.570132
0.572626
0.575596
0.578836
0.581629
0.58361
0.584958
0.585846
0.586396
0.586714
0.586853
0.586843
0.586736
0.557148
0.557195
0.557455
0.558129
0.559267
0.560778
0.562649
0.564982
0.567878
0.571406
0.575348
0.578843
0.581411
0.58324
0.584519
0.5854
0.585966
0.586266
0.586329
0.586241
0.55079
0.550829
0.551086
0.551799
0.553047
0.554745
0.556882
0.559585
0.562993
0.567214
0.572012
0.576351
0.579619
0.582014
0.583747
0.584991
0.585835
0.586315
0.586451
0.586379
0.543771
0.543799
0.544063
0.544835
0.546237
0.548184
0.550664
0.553839
0.557891
0.562965
0.568803
0.574157
0.578257
0.581322
0.583592
0.585256
0.586422
0.587094
0.5873
0.58724
0.535916
0.535934
0.536209
0.537063
0.538669
0.540929
0.543848
0.547623
0.552478
0.558602
0.565703
0.572275
0.577362
0.581215
0.58412
0.586284
0.587818
0.588699
0.588978
0.588926
0.526984
0.527009
0.527316
0.528267
0.53012
0.532782
0.536266
0.540798
0.546655
0.554073
0.562703
0.570728
0.576984
0.581765
0.585415
0.588173
0.59013
0.59124
0.591591
0.591546
0.516679
0.516694
0.517042
0.51814
0.520322
0.52351
0.52771
0.533199
0.540312
0.549325
0.559805
0.569553
0.577181
0.583052
0.587578
0.591017
0.593466
0.594826
0.59525
0.595208
0.504624
0.504633
0.50502
0.506314
0.508933
0.5128
0.517918
0.524625
0.533315
0.544295
0.557003
0.568787
0.578015
0.585154
0.5907
0.594931
0.597937
0.599562
0.600054
0.60001
0.490268
0.490272
0.490723
0.492283
0.495475
0.500239
0.506561
0.514845
0.525535
0.538943
0.554321
0.568485
0.579558
0.588147
0.59488
0.600008
0.603629
0.605526
0.606077
0.606025
0.472849
0.472848
0.473392
0.475334
0.479319
0.485303
0.493241
0.503605
0.516861
0.533268
0.55182
0.568731
0.581894
0.59212
0.600173
0.606311
0.610595
0.612753
0.613346
0.613278
0.451206
0.4512
0.451907
0.454442
0.459591
0.467313
0.477498
0.490668
0.507241
0.527343
0.549619
0.569632
0.585111
0.597145
0.606629
0.613878
0.618832
0.621211
0.621816
0.621725
0.423587
0.423579
0.424574
0.428094
0.435087
0.445424
0.458855
0.475871
0.496714
0.521298
0.547864
0.571312
0.58929
0.603262
0.614277
0.622689
0.628251
0.630771
0.631346
0.631224
0.386953
0.386959
0.388581
0.394009
0.404277
0.418759
0.437008
0.459282
0.48553
0.515427
0.546807
0.573938
0.594527
0.610505
0.623099
0.632631
0.638657
0.641188
0.641681
0.641521
0.335495
0.335724
0.339425
0.349263
0.365627
0.386926
0.412181
0.44137
0.474196
0.510163
0.546745
0.577688
0.600905
0.618863
0.632982
0.643487
0.649731
0.652103
0.652467
0.65227
0.261759
0.264079
0.274936
0.294155
0.320621
0.35145
0.385625
0.422974
0.463211
0.505827
0.548002
0.583037
0.609101
0.629226
0.644962
0.656296
0.662584
0.66472
0.664966
0.664769
0.183382
0.189523
0.208727
0.238076
0.275286
0.315925
0.359076
0.404696
0.452633
0.502435
0.551049
0.591102
0.620728
0.643486
0.66116
0.67335
0.67937
0.681076
0.681225
0.681107
0.11582
0.122316
0.148102
0.186135
0.232526
0.282187
0.333962
0.387695
0.443214
0.500045
0.554859
0.599635
0.632573
0.657727
0.676925
0.689429
0.695059
0.696528
0.696683
0.696619
0.0605207
0.0674446
0.0971851
0.141386
0.19461
0.251658
0.310898
0.371967
0.434542
0.498046
0.558789
0.608046
0.644061
0.671344
0.691849
0.704847
0.710435
0.711917
0.712092
0.712061
0.0146561
0.0219077
0.0541709
0.103065
0.161683
0.22473
0.290238
0.357719
0.426679
0.496393
0.562746
0.616271
0.655209
0.684546
0.706406
0.720033
0.725992
0.72746
0.727638
0.727631
-0.0242734
-0.016848
0.0171924
0.0696087
0.132757
0.200884
0.271782
0.344893
0.419596
0.495027
0.566655
0.624251
0.666016
0.69738
0.720547
0.735026
0.741428
0.742965
0.743178
0.743185
-0.0582842
-0.0507533
-0.0154273
0.0399286
0.106833
0.179324
0.254967
0.333108
0.413037
0.493775
0.570389
0.631879
0.676362
0.70968
0.734199
0.749448
0.756296
0.758022
0.75829
0.758304
-0.0888578
-0.0812249
-0.0448559
0.0130219
0.0830973
0.159379
0.239239
0.321939
0.406694
0.492405
0.573758
0.638972
0.68605
0.721191
0.746922
0.762984
0.770224
0.772219
0.772525
0.772541
-0.116954
-0.109236
-0.0719559
-0.0119199
0.0609139
0.140543
0.224169
0.311019
0.40024
0.490653
0.576556
0.645366
0.694932
0.731784
0.758636
0.77537
0.782986
0.785194
0.785535
0.785533
-0.143332
-0.135504
-0.0973509
-0.0355648
0.0398199
0.122432
0.209431
0.300061
0.393439
0.48832
0.578649
0.65098
0.702944
0.741428
0.769237
0.786518
0.794422
0.796768
0.79713
0.797108
-0.168454
-0.160487
-0.121465
-0.0581888
0.0194826
0.104753
0.194797
0.288883
0.386127
0.485267
0.579922
0.655774
0.710115
0.750142
0.778847
0.796488
0.804541
0.806978
0.807323
0.807282
-0.192687
-0.184558
-0.144794
-0.0800331
-0.00032086
0.0873133
0.180111
0.277352
0.378191
0.481392
0.580312
0.659733
0.716499
0.75804
0.787539
0.805409
0.813516
0.815932
0.816277
0.816206
-0.216197
-0.207834
-0.167482
-0.101255
-0.019741
0.0700087
0.16528
0.265394
0.369561
0.476621
0.57976
0.66285
0.722161
0.765262
0.795459
0.813448
0.821495
0.823862
0.824168
0.824087
-0.239109
-0.230606
-0.189483
-0.121983
-0.0388625
0.0527781
0.150264
0.252976
0.360207
0.470909
0.57821
0.665114
0.72717
0.771961
0.802833
0.820815
0.828654
0.830905
0.831152
0.831044
-0.26152
-0.252825
-0.210966
-0.14228
-0.0577147
0.0356109
0.135069
0.240112
0.350122
0.464232
0.575607
0.666492
0.73159
0.77828
0.809823
0.827645
0.835125
0.837156
0.837315
0.837177
-0.283444
-0.274552
-0.231963
-0.162157
-0.0762947
0.0185236
0.119717
0.226832
0.339349
0.456604
0.571913
0.666925
0.735423
0.784346
0.816648
0.83412
0.841001
0.842679
0.842728
0.84257
-0.304834
-0.295746
-0.252404
-0.181586
-0.0945674
0.00155236
0.104274
0.213204
0.327949
0.448045
0.567089
0.666334
0.738621
0.790246
0.823569
0.840541
0.846473
0.847572
0.847462
0.847295
-0.325635
-0.316348
-0.272282
-0.200544
-0.112494
-0.015236
0.088803
0.199308
0.315991
0.438625
0.56112
0.664619
0.74107
0.795978
0.83086
0.847416
0.851993
0.852024
0.85158
0.85143
-0.345847
-0.336348
-0.291584
-0.218995
-0.130036
-0.0317735
0.0733903
0.185237
0.30357
0.42841
0.554034
0.661675
0.742592
0.801393
0.838642
0.85541
0.858534
0.856688
0.855299
0.855119
-0.365402
-0.355699
-0.310273
-0.236898
-0.147127
-0.0480091
0.0581178
0.171078
0.290795
0.417503
0.545862
0.657393
0.742973
0.806172
0.846653
0.864994
0.867694
0.863702
0.859951
0.85842
-0.384327
-0.374428
-0.328325
-0.254259
-0.163798
-0.0639584
0.0429655
0.156804
0.27764
0.405871
0.53654
0.651551
0.741934
0.809936
0.854246
0.875856
0.880601
0.876252
0.868416
0.853431
-0.402635
-0.392568
-0.345834
-0.271254
-0.180289
-0.0799195
0.0275592
0.141958
0.263568
0.392892
0.525425
0.643455
0.738799
0.812188
0.860282
0.885904
0.894595
0.889014
0.879296
0.842378
-0.420565
-0.409858
-0.362746
-0.287736
-0.196482
-0.0957579
0.0120837
0.126757
0.248803
0.378757
0.512566
0.63289
0.732671
0.812061
0.862507
0.888396
0.897052
0.892933
0.841406
0.784065
-0.439402
-0.425062
-0.378858
-0.303565
-0.212572
-0.111694
-0.00372421
0.111202
0.233315
0.363426
0.497799
0.61954
0.722126
0.809236
0.858442
0.872092
0.878792
0.84531
0.780204
0.716455
-0.459153
-0.458671
-0.399443
-0.316411
-0.225502
-0.125015
-0.0193571
0.0959466
0.217834
0.347694
0.481757
0.603747
0.706532
0.805748
0.824303
0.839476
0.81439
0.752184
0.678281
0.608217
-0.435105
-0.431817
-0.373475
-0.290389
-0.19454
-0.0909514
0.019589
0.137479
0.26246
0.396155
0.524864
0.635047
0.728515
0.822731
0.832493
0.736347
0.653686
0.58668
0.514918
0.375396
-0.474289
-0.447165
-0.386585
-0.302724
-0.207115
-0.103607
0.00635437
0.123645
0.247763
0.380069
0.506566
0.614092
0.697875
0.761978
0.731341
0.600544
0.483499
0.402622
0.320084
0.163476
-0.498851
-0.467269
-0.405128
-0.321889
-0.226114
-0.122722
-0.012604
0.103933
0.226779
0.356929
0.480161
0.582506
0.657246
0.684963
0.606884
0.446478
0.31126
0.21056
0.0988031
-0.123049
-0.522429
-0.488906
-0.425236
-0.341354
-0.245556
-0.142248
-0.0324745
0.0831545
0.204482
0.332014
0.450926
0.545985
0.609188
0.601098
0.467747
0.285863
0.121195
-0.0160807
-0.169742
-0.52918
-0.545217
-0.510854
-0.44607
-0.361317
-0.265425
-0.162322
-0.0531868
0.0613932
0.180979
0.305491
0.419236
0.506281
0.550975
0.513623
0.33265
0.130414
-0.0733224
-0.243011
-0.486814
-1.00069
-0.56786
-0.533412
-0.467914
-0.382558
-0.286484
-0.1836
-0.0751043
0.0383248
0.155945
0.277074
0.385096
0.464118
0.488626
0.402208
0.20867
-0.00283576
-0.212116
-0.395936
-0.568806
-1.12356
-0.591505
-0.55692
-0.491028
-0.405297
-0.309082
-0.206385
-0.0985002
0.0137416
0.129243
0.246707
0.348732
0.41794
0.41816
0.288899
0.100909
-0.103302
-0.290997
-0.415029
-0.448284
-0.492851
-0.616566
-0.581851
-0.515714
-0.429823
-0.333655
-0.231314
-0.12422
-0.0134555
0.0995051
0.212631
0.308237
0.364525
0.342485
0.183685
0.00282756
-0.17831
-0.324361
-0.38394
-0.404889
-0.410045
-0.643345
-0.608389
-0.542062
-0.456123
-0.360172
-0.258381
-0.152348
-0.0433884
0.0666095
0.174742
0.263307
0.30434
0.26616
0.0857456
-0.086357
-0.245209
-0.353343
-0.377433
-0.379827
-0.380391
-0.671984
-0.636667
-0.570111
-0.484188
-0.388601
-0.287587
-0.182884
-0.0760619
0.0305217
0.133094
0.213542
0.241688
0.171864
-0.00371738
-0.167184
-0.305456
-0.354033
-0.36656
-0.367009
-0.36654
-0.702344
-0.66663
-0.599818
-0.514003
-0.418925
-0.318903
-0.21581
-0.111482
-0.00873237
0.0877647
0.159428
0.173619
0.0744029
-0.086509
-0.236226
-0.343088
-0.35541
-0.356719
-0.358146
-0.357803
-0.733965
-0.698055
-0.631002
-0.545393
-0.451005
-0.352222
-0.251047
-0.149587
-0.0510393
0.0389532
0.10198
0.0993378
-0.011016
-0.159921
-0.289602
-0.332568
-0.350551
-0.353188
-0.353298
-0.353078
-0.766485
-0.730272
-0.66332
-0.578043
-0.484578
-0.387306
-0.288373
-0.190164
-0.0961654
-0.0127931
0.0407622
0.0266167
-0.0902412
-0.221003
-0.323457
-0.363912
-0.352778
-0.349884
-0.349617
-0.349404
-0.798964
-0.762683
-0.696232
-0.611455
-0.519189
-0.423747
-0.327412
-0.232838
-0.143777
-0.0666861
-0.0246188
-0.0406669
-0.160517
-0.26705
-0.34224
-0.342504
-0.346864
-0.348098
-0.348035
-0.347853
-0.830333
-0.794555
-0.72841
-0.644902
-0.55417
-0.460951
-0.367592
-0.276997
-0.193279
-0.122191
-0.0877248
-0.110239
-0.219443
-0.30786
-0.335524
-0.352478
-0.350435
-0.348602
-0.347679
-0.34733
-0.858988
-0.824241
-0.759166
-0.677249
-0.588591
-0.498076
-0.408139
-0.321839
-0.243675
-0.178772
-0.145685
-0.183895
-0.267952
-0.335459
-0.352291
-0.351841
-0.35091
-0.348696
-0.348089
-0.347745
-0.883214
-0.849936
-0.786733
-0.707199
-0.621262
-0.534039
-0.448037
-0.366357
-0.293712
-0.235458
-0.203867
-0.249426
-0.31034
-0.347787
-0.388345
-0.375242
-0.361335
-0.356348
-0.355819
-0.355224
-0.900615
-0.869546
-0.809031
-0.733015
-0.650763
-0.567533
-0.486053
-0.409361
-0.342202
-0.29068
-0.263283
-0.308148
-0.34942
-0.359586
-0.365733
-0.388144
-0.39887
-0.400871
-0.398399
-0.396025
-0.908838
-0.880575
-0.824118
-0.752757
-0.675394
-0.597177
-0.520839
-0.449488
-0.387878
-0.342754
-0.316609
-0.367461
-0.419559
-0.415764
-0.413466
-0.443401
-0.466499
-0.464512
-0.456771
-0.454401
-0.905073
-0.880877
-0.830117
-0.7646
-0.693474
-0.621369
-0.550928
-0.485273
-0.429178
-0.38983
-0.361428
-0.421987
-0.524658
-0.628843
-0.572335
-0.505255
-0.463674
-0.448024
-0.443132
-0.442372
-0.885543
-0.867592
-0.82526
-0.76716
-0.703678
-0.638756
-0.574903
-0.515084
-0.464243
-0.429234
-0.408575
-0.43424
-0.526333
-0.706275
-0.622231
-0.475713
-0.407177
-0.386627
-0.380009
-0.377328
-0.85187
-0.839457
-0.80792
-0.759901
-0.7054
-0.648659
-0.591674
-0.537557
-0.490651
-0.458624
-0.425484
-0.354346
-0.209298
-0.147265
-0.171845
-0.215904
-0.255084
-0.269992
-0.273163
-0.272302
-0.808697
-0.800983
-0.781046
-0.744291
-0.699538
-0.651308
-0.601194
-0.551768
-0.507315
-0.473311
-0.434237
-0.269799
0.0111453
0.310991
0.216014
-0.0293192
-0.187298
-0.250951
-0.268748
-0.272464
-0.764493
-0.760174
-0.749399
-0.72472
-0.689083
-0.648316
-0.604284
-0.558648
-0.514763
-0.477141
-0.441592
-0.382263
-0.333746
-0.268768
-0.324408
-0.452416
-0.528067
-0.530444
-0.518955
-0.53204
-0.72862
-0.726304
-0.720614
-0.70467
-0.677473
-0.642523
-0.602862
-0.559675
-0.514795
-0.478193
-0.451161
-0.566492
-0.979234
-1.60452
-2.10641
-2.22164
-2.06867
-1.85506
-1.62695
-1.53402
-0.702702
-0.701578
-0.699407
-0.690394
-0.668891
-0.637587
-0.599526
-0.555549
-0.508263
-0.458674
-0.427089
-0.46953
-0.771734
-1.14461
-1.37293
-1.31603
-1.13998
-0.963919
-0.791448
-0.705434
-0.686282
-0.685769
-0.684978
-0.680558
-0.664509
-0.634886
-0.595485
-0.549253
-0.49496
-0.430557
-0.381326
-0.347804
-0.318858
-0.174625
0.00452588
0.230306
0.429858
0.550414
0.624912
0.657339
-0.676466
-0.676186
-0.675487
-0.673883
-0.663039
-0.634585
-0.592796
-0.541984
-0.480625
-0.409997
-0.327446
-0.237609
-0.0477344
0.359019
0.788997
1.18488
1.46944
1.5949
1.64478
1.65736
-0.671107
-0.670741
-0.669846
-0.669223
-0.66361
-0.637562
-0.592489
-0.535277
-0.468087
-0.381214
-0.27664
-0.163874
0.0920852
0.535051
1.005
1.43326
1.72324
1.85531
1.89654
1.9021
-0.670084
-0.670373
-0.671172
-0.672679
-0.66974
-0.643837
-0.594496
-0.532773
-0.457154
-0.361649
-0.253698
-0.136889
0.0786632
0.477755
0.873027
1.22351
1.46404
1.57285
1.60399
1.60816
-0.665811
-0.667051
-0.670134
-0.67404
-0.672187
-0.646845
-0.599138
-0.535737
-0.453958
-0.355926
-0.248118
-0.146229
0.0213067
0.339101
0.631125
0.870529
1.02863
1.10148
1.13096
1.13979
-0.667114
-0.666445
-0.65966
-0.646371
-0.637124
-0.635043
-0.607824
-0.545842
-0.459174
-0.359154
-0.258894
-0.167851
-0.0458408
0.190426
0.410347
0.573326
0.678056
0.734685
0.765237
0.776833
-0.705932
-0.701228
-0.681722
-0.650602
-0.636012
-0.651099
-0.637126
-0.565755
-0.468483
-0.363083
-0.269123
-0.191823
-0.0957317
0.0949875
0.265874
0.391596
0.484498
0.539917
0.568034
0.577033
-0.797478
-0.798928
-0.810388
-0.828398
-0.823193
-0.803695
-0.717405
-0.597198
-0.476797
-0.365229
-0.278198
-0.211278
-0.138512
0.0160633
0.159201
0.272089
0.356605
0.407518
0.43042
0.436133
-0.930631
-0.950876
-0.994357
-1.02758
-1.02103
-0.961832
-0.799478
-0.625202
-0.479397
-0.361886
-0.276567
-0.215534
-0.159055
-0.0397725
0.077409
0.170176
0.242864
0.287096
0.305773
0.309101
-0.965994
-0.987401
-1.02472
-1.05243
-1.0444
-0.970126
-0.791264
-0.607765
-0.45962
-0.345719
-0.265057
-0.207987
-0.155378
-0.0638315
0.0290645
0.0976036
0.15112
0.182379
0.194726
0.196428
-0.793347
-0.815736
-0.851873
-0.88392
-0.881451
-0.803299
-0.658599
-0.521164
-0.40451
-0.31062
-0.240581
-0.187784
-0.137104
-0.0789617
-0.013386
0.0388508
0.0801662
0.103717
0.112998
0.113051
-0.462805
-0.477509
-0.504173
-0.533912
-0.544838
-0.515357
-0.454428
-0.385702
-0.321848
-0.261099
-0.207497
-0.162722
-0.123138
-0.0828127
-0.0399959
-0.00361694
0.0257635
0.0425104
0.0484905
0.0480778
-0.144921
-0.152075
-0.16921
-0.196533
-0.227181
-0.246709
-0.255091
-0.250377
-0.234017
-0.206481
-0.174005
-0.141965
-0.116682
-0.0924494
-0.0630515
-0.0366498
-0.0174266
-0.00727855
-0.00437986
-0.00570021
0.0446747
0.0412569
0.0295769
0.0041361
-0.0354637
-0.0819147
-0.121319
-0.148748
-0.161033
-0.158406
-0.144288
-0.126476
-0.113649
-0.104571
-0.0875436
-0.0702333
-0.0573866
-0.0517192
-0.0509618
-0.0523998
0.112387
0.110403
0.101784
0.0805012
0.0442502
-0.00120642
-0.0461623
-0.0839341
-0.109795
-0.12162
-0.120596
-0.113935
-0.109354
-0.108786
-0.103102
-0.0962433
-0.0920129
-0.0918983
-0.0925459
-0.0936232
0.115733
0.114296
0.10808
0.0924811
0.0652522
0.0294318
-0.00967556
-0.0465165
-0.076559
-0.0968549
-0.105577
-0.107671
-0.108143
-0.113381
-0.11485
-0.116014
-0.1183
-0.121296
-0.123122
-0.123887
0.0955891
0.0945953
0.0903456
0.0796354
0.0605265
0.0341611
0.00310477
-0.0287131
-0.0581694
-0.0827465
-0.0989751
-0.107527
-0.113326
-0.123266
-0.129108
-0.13308
-0.136818
-0.140224
-0.141778
-0.142405
0.070796
0.0701296
0.0672896
0.0601021
0.0469643
0.0280456
0.00427547
-0.0221435
-0.0492637
-0.0759209
-0.099427
-0.118159
-0.130493
-0.138501
-0.142027
-0.144884
-0.148609
-0.15139
-0.152551
-0.1531
0.0482603
0.0478618
0.0459861
0.0411943
0.032202
0.0187078
0.000790607
-0.0206627
-0.045146
-0.0732608
-0.103977
-0.134663
-0.154665
-0.156649
-0.154034
-0.154721
-0.156201
-0.158082
-0.158847
-0.159211
0.0303299
0.0300061
0.0287347
0.0255429
0.0193731
0.00971781
-0.00377105
-0.0210154
-0.042413
-0.0699094
-0.104533
-0.143772
-0.16748
-0.162904
-0.156283
-0.154337
-0.156371
-0.158348
-0.158951
-0.159088
0.0170936
0.0168958
0.0160452
0.0139312
0.00973363
0.00290891
-0.0070578
-0.0205058
-0.0382217
-0.0626776
-0.0955986
-0.133521
-0.152453
-0.145474
-0.140374
-0.141624
-0.145454
-0.148227
-0.148798
-0.148733
0.00810435
0.00797834
0.00743136
0.00608307
0.00337224
-0.00131501
-0.00843654
-0.0184685
-0.0322637
-0.0514548
-0.0766324
-0.103507
-0.113461
-0.109772
-0.11087
-0.116411
-0.12213
-0.125279
-0.12584
-0.125735
0.00267222
0.00259742
0.00229551
0.00150255
-0.000158199
-0.00313298
-0.0078699
-0.0147369
-0.0242314
-0.0370762
-0.0517696
-0.0641487
-0.0670686
-0.0655897
-0.0733455
-0.0823888
-0.0891666
-0.0921812
-0.0927679
-0.0927313
5.74796e-05
2.96243e-05
-0.000121336
-0.000503095
-0.00135661
-0.00300019
-0.00573047
-0.00977554
-0.0153355
-0.0222418
-0.0274181
-0.026054
-0.0158666
-0.0238689
-0.0371046
-0.0471974
-0.0529872
-0.0549693
-0.0554869
-0.0555956
-0.000547525
-0.000502874
-0.000544319
-0.000630985
-0.000766504
-0.00117104
-0.0019875
-0.00331909
-0.00517946
-0.00765668
-0.00939183
-0.00653803
0.00215113
0.00449986
-0.00501978
-0.0140908
-0.0187361
-0.0199721
-0.0204345
-0.0208051
-0.690636
-0.181743
0.128516
0.339328
0.500521
0.622972
0.721737
0.807719
0.910071
0.902313
0.036829
0.191533
0.352021
0.487498
0.598868
0.689152
0.763414
0.819007
0.841542
0.847879
0.30586
0.406157
0.511687
0.603998
0.682466
0.747777
0.799534
0.835971
0.859545
0.87671
0.491031
0.559834
0.632912
0.698857
0.75573
0.803398
0.841718
0.871493
0.894938
0.913578
0.630179
0.680641
0.732773
0.781837
0.824879
0.861852
0.89295
0.918817
0.940016
0.958425
0.742771
0.779688
0.821665
0.859955
0.894845
0.925794
0.952697
0.975581
0.993939
1.01192
0.83971
0.870043
0.905466
0.938553
0.969291
0.997168
1.02166
1.04234
1.05811
1.0758
0.928961
0.957575
0.990944
1.02257
1.05207
1.07881
1.10209
1.1212
1.13476
1.1523
1.01922
1.05043
1.08534
1.11804
1.14783
1.17424
1.19668
1.21445
1.22641
1.24409
1.12268
1.15891
1.19646
1.23061
1.26048
1.28602
1.30712
1.32346
1.33472
1.3529
1.25153
1.29147
1.32906
1.36189
1.38966
1.41309
1.4326
1.44795
1.45976
1.47819
1.41234
1.44912
1.48056
1.50704
1.52978
1.55024
1.56876
1.58483
1.59891
1.6169
1.59632
1.62159
1.64145
1.66008
1.6779
1.69466
1.71036
1.72639
1.7436
1.76269
1.78207
1.79377
1.80724
1.82211
1.83589
1.84794
1.85874
1.87017
1.8845
1.90308
1.96533
1.97985
1.98501
1.98556
1.98739
1.99472
2.0086
2.02656
2.03917
2.05268
2.23778
2.18342
2.13623
2.10473
2.09163
2.0962
2.11947
2.16418
2.23153
2.32703
0.698511
0.693829
0.686436
0.674548
0.66157
0.650105
0.64099
0.634199
0.629712
0.627809
0.629054
0.633069
0.639271
0.647608
0.658192
0.670803
0.683874
0.693765
0.699738
0.703139
0.620514
0.627599
0.63358
0.637798
0.639085
0.637328
0.633729
0.629865
0.626852
0.625535
0.626632
0.629703
0.633852
0.638193
0.641393
0.64193
0.639234
0.634106
0.627263
0.621396
0.611334
0.61434
0.617598
0.620093
0.62211
0.623572
0.62393
0.623207
0.622141
0.621694
0.622569
0.62433
0.626013
0.626746
0.626133
0.624582
0.622547
0.61977
0.616496
0.614158
0.605622
0.607077
0.609312
0.611556
0.613212
0.614429
0.615428
0.616111
0.616436
0.616774
0.61748
0.61823
0.61852
0.618224
0.617537
0.616442
0.614703
0.612481
0.610702
0.609617
0.600344
0.601166
0.602633
0.604436
0.606184
0.607632
0.608761
0.609739
0.610626
0.611433
0.612111
0.612469
0.612449
0.612092
0.611319
0.610067
0.608534
0.607007
0.605992
0.605334
0.595311
0.595868
0.596945
0.598362
0.599889
0.601408
0.602798
0.604006
0.605116
0.60616
0.606939
0.607296
0.607249
0.606776
0.605912
0.604829
0.603672
0.602607
0.601924
0.601462
0.59043
0.590848
0.59171
0.592917
0.594249
0.59567
0.597135
0.598559
0.599894
0.601145
0.602094
0.602544
0.602502
0.60205
0.601343
0.600518
0.599647
0.598856
0.598357
0.598004
0.585646
0.585974
0.586686
0.587746
0.588982
0.59033
0.591783
0.593319
0.594874
0.596375
0.59754
0.598132
0.598215
0.597948
0.597468
0.596858
0.596203
0.595627
0.595256
0.594975
0.580875
0.581142
0.581747
0.582708
0.583884
0.5852
0.586666
0.588285
0.590027
0.591808
0.593251
0.594083
0.594407
0.59438
0.594126
0.593732
0.593276
0.592873
0.592597
0.592364
0.576028
0.57625
0.576783
0.577682
0.578823
0.580142
0.581662
0.583397
0.585342
0.587431
0.589231
0.590403
0.591032
0.591274
0.591258
0.591091
0.590824
0.590569
0.590369
0.590171
0.571016
0.571205
0.571688
0.572556
0.573699
0.575063
0.576676
0.578576
0.580779
0.583238
0.585483
0.587071
0.588061
0.588611
0.588858
0.588917
0.588842
0.588722
0.588583
0.588409
0.565747
0.565912
0.566366
0.567234
0.568419
0.569872
0.571626
0.573751
0.576286
0.579209
0.581995
0.58408
0.585488
0.58639
0.586934
0.58722
0.587352
0.587359
0.58727
0.587113
0.560127
0.560273
0.560718
0.561614
0.562882
0.56447
0.566428
0.568852
0.571807
0.575311
0.578753
0.581428
0.583328
0.584631
0.585508
0.586078
0.586408
0.586529
0.586483
0.586337
0.554046
0.554178
0.554629
0.555584
0.556978
0.558756
0.560989
0.563799
0.567288
0.571509
0.575744
0.579123
0.581604
0.583375
0.584628
0.585505
0.586059
0.586298
0.58629
0.586151
0.547375
0.547497
0.547968
0.549013
0.550582
0.552615
0.555205
0.558506
0.562664
0.567762
0.572958
0.57718
0.580348
0.58267
0.584357
0.585585
0.586388
0.586749
0.586775
0.586638
0.53996
0.540075
0.540578
0.541747
0.543546
0.545908
0.548953
0.552874
0.557859
0.564031
0.570386
0.575617
0.579597
0.58257
0.584776
0.586412
0.587489
0.587976
0.588035
0.587897
0.531604
0.531718
0.532259
0.5336
0.535681
0.538461
0.542088
0.54679
0.552801
0.560283
0.568035
0.574465
0.579405
0.583141
0.585971
0.588079
0.589465
0.590086
0.590176
0.590032
0.522001
0.522126
0.522763
0.524296
0.526753
0.530078
0.534442
0.540122
0.547408
0.556492
0.565918
0.573767
0.579837
0.584471
0.588032
0.590689
0.592425
0.593189
0.593306
0.593154
0.510863
0.510987
0.511741
0.51355
0.516486
0.520506
0.525805
0.532722
0.541593
0.552632
0.564059
0.573574
0.580965
0.586654
0.591052
0.594354
0.59648
0.597391
0.597532
0.597367
0.497705
0.497847
0.498759
0.500929
0.504488
0.509413
0.515919
0.524408
0.535259
0.548678
0.562482
0.573943
0.582858
0.589765
0.595143
0.599179
0.601726
0.602783
0.60294
0.60276
0.48188
0.48206
0.483203
0.485862
0.490253
0.496382
0.50448
0.515002
0.528338
0.544645
0.561245
0.57495
0.585599
0.593891
0.600382
0.605237
0.608229
0.60942
0.609584
0.609385
0.46245
0.462705
0.464196
0.467554
0.473108
0.480898
0.491145
0.504335
0.520811
0.540608
0.560449
0.576686
0.589272
0.59911
0.606821
0.612574
0.616003
0.617301
0.617456
0.617236
0.437995
0.438396
0.44044
0.444866
0.452147
0.462335
0.475575
0.492307
0.512727
0.536684
0.560219
0.579246
0.59395
0.605468
0.614485
0.621169
0.624983
0.626337
0.626463
0.626222
0.406215
0.406912
0.40992
0.416169
0.426232
0.440039
0.457534
0.478959
0.504266
0.533084
0.560725
0.582751
0.599686
0.612972
0.62337
0.630911
0.634996
0.636328
0.636403
0.636145
0.362987
0.364389
0.369452
0.379307
0.394227
0.413638
0.437136
0.464629
0.495814
0.530136
0.5622
0.587336
0.606547
0.621594
0.633354
0.641594
0.645733
0.64694
0.646947
0.646679
0.300643
0.30501
0.315599
0.33263
0.355797
0.38359
0.415086
0.450001
0.487929
0.528222
0.564853
0.5931
0.614521
0.631255
0.644156
0.652803
0.656728
0.657663
0.657593
0.657335
0.226298
0.234481
0.253855
0.281447
0.315165
0.352367
0.392436
0.435246
0.480466
0.52749
0.569603
0.601804
0.626112
0.644957
0.659162
0.668079
0.671747
0.672526
0.672504
0.672378
0.151738
0.165302
0.193749
0.231762
0.275561
0.32207
0.370741
0.421538
0.474172
0.528072
0.575818
0.612083
0.639349
0.660392
0.675963
0.684787
0.687862
0.688406
0.688409
0.688374
0.0899419
0.107126
0.141299
0.187152
0.239173
0.29388
0.350495
0.40887
0.468622
0.529134
0.582251
0.622317
0.652283
0.675151
0.69149
0.700362
0.703256
0.703752
0.703813
0.703823
0.0391406
0.0584258
0.0970378
0.148686
0.207107
0.268574
0.332053
0.39724
0.463593
0.530372
0.588605
0.632266
0.664732
0.689336
0.706674
0.715647
0.718544
0.719228
0.719329
0.719382
-0.00341011
0.0171065
0.0590511
0.115307
0.17902
0.246143
0.315527
0.386757
0.459135
0.531759
0.594845
0.641944
0.676843
0.703161
0.721473
0.73094
0.734178
0.734962
0.735084
0.73516
-0.0400717
-0.0187619
0.0258372
0.0858327
0.154008
0.226021
0.300592
0.37722
0.455096
0.533175
0.600869
0.651273
0.688524
0.716527
0.735892
0.746077
0.749622
0.750488
0.750611
0.750693
-0.0725011
-0.0506324
-0.00387114
0.0592739
0.131242
0.207528
0.286735
0.368272
0.45124
0.534452
0.606534
0.660103
0.699601
0.729204
0.74957
0.760455
0.764333
0.765292
0.7654
0.765477
-0.10192
-0.0796324
-0.0310455
0.0348085
0.110074
0.190133
0.273513
0.359555
0.44727
0.535352
0.611639
0.668245
0.709864
0.740923
0.762275
0.773771
0.777979
0.778979
0.779065
0.779122
-0.129291
-0.10657
-0.0563729
0.0118112
0.0900147
0.17343
0.260575
0.350753
0.442924
0.53567
0.616049
0.675589
0.719232
0.751642
0.773818
0.78579
0.79028
0.79132
0.791394
0.791428
-0.155138
-0.131962
-0.0803746
-0.0101382
0.0706975
0.157114
0.247665
0.341656
0.438023
0.535262
0.619669
0.682105
0.727701
0.761367
0.784195
0.796479
0.80115
0.802233
0.802288
0.802291
-0.179898
-0.156195
-0.103508
-0.0313033
0.0518618
0.140968
0.23462
0.332122
0.432432
0.534026
0.622439
0.687806
0.735323
0.770156
0.793559
0.806015
0.810722
0.811796
0.811835
0.811806
-0.203849
-0.179683
-0.125888
-0.0518955
0.0333425
0.124865
0.221321
0.322053
0.426064
0.531875
0.624327
0.692716
0.742213
0.778156
0.801985
0.814491
0.81916
0.820198
0.820215
0.820159
-0.227168
-0.202497
-0.147603
-0.0720483
0.0150405
0.108725
0.207711
0.3114
0.418873
0.528754
0.625292
0.696863
0.748473
0.785548
0.8097
0.822149
0.826679
0.827643
0.827628
0.827548
-0.249941
-0.224722
-0.168781
-0.0918262
-0.00308602
0.0925313
0.193783
0.300151
0.410826
0.524614
0.625287
0.700266
0.754221
0.792506
0.816882
0.829103
0.833408
0.834256
0.834198
0.834095
-0.272156
-0.24645
-0.189493
-0.111251
-0.0210382
0.0762856
0.179554
0.28833
0.401931
0.519427
0.624252
0.702912
0.759547
0.7992
0.823709
0.835496
0.839423
0.84009
0.83998
0.839861
-0.293868
-0.267638
-0.209718
-0.130308
-0.038792
0.0600277
0.165075
0.275985
0.392235
0.513183
0.62213
0.704747
0.764481
0.805823
0.830437
0.8415
0.844793
0.845203
0.845046
0.844922
-0.314997
-0.288252
-0.22942
-0.148972
-0.0563088
0.0438231
0.150415
0.263192
0.381794
0.505892
0.618851
0.705669
0.768989
0.812533
0.837432
0.847499
0.849743
0.849683
0.849462
0.849358
-0.33555
-0.308249
-0.248596
-0.167199
-0.0735272
0.0277341
0.135661
0.250045
0.370681
0.497605
0.614361
0.705543
0.772945
0.819373
0.845129
0.854194
0.854807
0.853708
0.8533
0.853314
-0.355442
-0.327632
-0.2672
-0.184948
-0.0903977
0.0118383
0.120887
0.236621
0.359002
0.488394
0.608622
0.704205
0.776123
0.826147
0.853782
0.862621
0.861367
0.858212
0.85666
0.856575
-0.374736
-0.346384
-0.285183
-0.20217
-0.106848
-0.00377956
0.106215
0.223052
0.346881
0.478351
0.601634
0.701479
0.778219
0.832355
0.863026
0.873483
0.871817
0.866034
0.859346
0.84325
-0.393367
-0.364499
-0.302683
-0.219066
-0.123169
-0.0194409
0.0912352
0.20889
0.333813
0.466966
0.592869
0.696809
0.778914
0.837562
0.872048
0.886474
0.887011
0.879764
0.866551
0.881965
-0.41143
-0.38191
-0.319654
-0.235607
-0.139297
-0.0350946
0.0759515
0.194158
0.319785
0.454132
0.582112
0.689524
0.777466
0.84065
0.877677
0.895458
0.899462
0.888606
0.830515
0.818236
-0.429554
-0.399048
-0.335832
-0.251488
-0.154705
-0.0503224
0.0605644
0.179123
0.305092
0.44005
0.569378
0.679114
0.772955
0.840721
0.875089
0.892074
0.886853
0.849129
0.782742
0.743325
-0.449063
-0.417451
-0.350739
-0.266338
-0.168801
-0.0648589
0.0454973
0.164008
0.289865
0.42477
0.554566
0.665349
0.763149
0.836454
0.881223
0.862283
0.833276
0.768332
0.696722
0.654032
-0.025882
0.0892967
0.211029
0.340618
0.474043
0.595352
0.696772
0.535692
-0.466738
-0.45104
-0.411985
-0.340502
-0.250023
-0.150831
-0.0437129
0.070328
0.19125
0.319614
0.451871
0.572451
0.672063
0.754242
0.80589
0.755966
0.616367
0.528217
0.458827
-0.486204
-0.473378
-0.428851
-0.356153
-0.265247
-0.165766
-0.0591125
0.0544313
0.174484
0.301472
0.431511
0.548812
0.642556
0.710146
0.707886
0.600631
0.45665
0.351568
0.263237
-0.508932
-0.496508
-0.449105
-0.37531
-0.284432
-0.184678
-0.0779854
0.0352181
0.154307
0.279659
0.40657
0.518705
0.601739
0.651231
0.611153
0.450078
0.2878
0.157209
0.0416659
-0.531842
-0.51934
-0.470361
-0.395263
-0.30409
-0.204373
-0.0979888
0.0144692
0.132303
0.255551
0.378783
0.48483
0.560236
0.581933
0.494164
0.303306
0.111371
-0.0603841
-0.222891
-0.554214
-0.542032
-0.492251
-0.416107
-0.324538
-0.224846
-0.118913
-0.00735674
0.109033
0.229816
0.348845
0.44802
0.51374
0.497293
0.365961
0.166164
-0.0473479
-0.241804
-0.422648
-0.577148
-0.565207
-0.515056
-0.438255
-0.346365
-0.246631
-0.141077
-0.0303731
0.0845016
0.202656
0.317231
0.408857
0.460328
0.421319
0.247891
0.0502326
-0.159932
-0.351282
-0.467364
-0.536453
-0.601418
-0.589617
-0.539146
-0.461982
-0.369968
-0.270303
-0.165203
-0.055477
0.0576407
0.172745
0.282331
0.365777
0.401241
0.336726
0.141354
-0.0490493
-0.232078
-0.368179
-0.41188
-0.435565
-0.627208
-0.615493
-0.564786
-0.487403
-0.395424
-0.296037
-0.191581
-0.0831111
0.0278848
0.1394
0.243295
0.318123
0.332689
0.230389
0.0454231
-0.131118
-0.285454
-0.36645
-0.386907
-0.391843
-0.654776
-0.643025
-0.592085
-0.514538
-0.42272
-0.323785
-0.220229
-0.11331
-0.00481662
0.102606
0.200014
0.265966
0.25214
0.128084
-0.0431871
-0.20839
-0.328488
-0.372888
-0.371994
-0.372859
-0.684029
-0.67236
-0.621065
-0.543389
-0.451848
-0.353546
-0.251141
-0.146072
-0.0404713
0.0623813
0.152677
0.208185
0.176847
0.0317587
-0.124743
-0.277672
-0.343392
-0.360495
-0.362155
-0.361813
-0.714829
-0.703177
-0.651612
-0.573868
-0.482715
-0.385261
-0.284257
-0.181374
-0.0790541
0.0187885
0.101582
0.145062
0.109012
-0.0516508
-0.19864
-0.3141
-0.362867
-0.355363
-0.355325
-0.355408
-0.746671
-0.734939
-0.683458
-0.605718
-0.515121
-0.418744
-0.31943
-0.219079
-0.12042
-0.0278716
0.0469622
0.0809522
0.029552
-0.125542
-0.258342
-0.337014
-0.353927
-0.351722
-0.351302
-0.351037
-0.779054
-0.767207
-0.716007
-0.638495
-0.548685
-0.453651
-0.35635
-0.258893
-0.164309
-0.0772077
-0.0104727
0.0123605
-0.0553247
-0.188147
-0.304123
-0.32595
-0.342273
-0.347653
-0.348255
-0.348159
-0.810984
-0.799071
-0.748336
-0.671568
-0.58283
-0.489469
-0.394543
-0.300342
-0.210219
-0.128848
-0.0688275
-0.0620136
-0.129746
-0.242459
-0.323327
-0.370894
-0.354155
-0.34957
-0.348056
-0.347623
-0.840539
-0.829474
-0.779537
-0.703846
-0.616698
-0.525443
-0.433321
-0.342748
-0.257378
-0.182152
-0.12664
-0.13014
-0.19745
-0.286738
-0.34893
-0.355572
-0.352025
-0.349009
-0.347773
-0.347302
-0.866933
-0.856171
-0.808252
-0.734061
-0.649152
-0.560553
-0.471765
-0.38523
-0.304794
-0.235844
-0.18489
-0.190847
-0.259673
-0.317545
-0.355837
-0.35902
-0.357235
-0.351908
-0.349805
-0.349613
-0.887551
-0.877436
-0.831939
-0.760757
-0.678798
-0.59358
-0.508706
-0.426693
-0.351352
-0.288462
-0.243718
-0.248055
-0.312597
-0.345084
-0.344498
-0.379836
-0.377557
-0.372102
-0.370558
-0.369932
-0.900266
-0.891201
-0.848974
-0.781716
-0.703947
-0.623074
-0.542855
-0.46582
-0.395822
-0.338763
-0.300046
-0.303734
-0.36787
-0.379598
-0.365663
-0.395472
-0.426664
-0.439522
-0.435795
-0.430978
-0.902459
-0.894992
-0.857164
-0.795144
-0.722729
-0.647433
-0.572695
-0.501191
-0.436791
-0.385323
-0.351708
-0.355667
-0.438047
-0.509021
-0.505842
-0.48338
-0.475558
-0.463958
-0.456222
-0.453557
-0.892318
-0.886294
-0.854261
-0.799119
-0.73361
-0.665083
-0.596818
-0.531367
-0.472517
-0.426402
-0.398478
-0.399344
-0.477871
-0.66121
-0.749542
-0.575681
-0.470614
-0.431755
-0.421686
-0.417585
-0.866252
-0.861978
-0.837519
-0.792177
-0.735566
-0.675041
-0.614022
-0.554897
-0.501221
-0.459558
-0.43114
-0.404112
-0.395024
-0.436723
-0.488037
-0.403357
-0.346701
-0.330359
-0.326435
-0.324042
-0.827644
-0.824971
-0.808848
-0.774534
-0.72872
-0.677222
-0.623883
-0.570793
-0.521696
-0.4817
-0.456028
-0.380825
-0.187773
0.0705405
0.137369
-0.0174713
-0.15448
-0.221757
-0.243934
-0.249327
-0.783229
-0.781543
-0.773408
-0.750078
-0.715329
-0.672887
-0.626962
-0.579451
-0.533138
-0.492808
-0.460735
-0.38296
-0.194961
0.0617525
0.159327
-0.0175276
-0.206933
-0.312355
-0.348347
-0.361893
-0.743159
-0.742068
-0.738268
-0.725112
-0.699447
-0.664786
-0.625155
-0.581991
-0.537342
-0.495956
-0.460849
-0.45352
-0.567202
-0.84595
-1.04623
-1.1987
-1.23379
-1.11946
-0.972669
-0.899619
-0.714272
-0.713637
-0.711156
-0.704451
-0.68594
-0.657165
-0.621279
-0.580118
-0.535708
-0.489276
-0.460225
-0.45271
-0.749745
-1.3106
-2.00138
-2.2711
-2.14482
-1.88666
-1.60996
-1.45055
-0.693334
-0.692842
-0.691866
-0.689316
-0.677339
-0.652369
-0.617536
-0.576052
-0.527465
-0.474344
-0.421389
-0.378481
-0.457723
-0.583652
-0.616236
-0.58595
-0.424553
-0.268286
-0.143289
-0.0747716
-0.680937
-0.680779
-0.680328
-0.678828
-0.672502
-0.650703
-0.615623
-0.570613
-0.517862
-0.456505
-0.384881
-0.334178
-0.25057
-0.0275563
0.304763
0.649301
0.945425
1.1271
1.21005
1.24137
-0.673128
-0.673016
-0.672428
-0.671723
-0.6691
-0.65189
-0.615665
-0.566266
-0.508166
-0.436207
-0.350518
-0.251186
-0.0990492
0.252858
0.724602
1.1768
1.55693
1.76208
1.84537
1.86746
-0.670414
-0.670305
-0.669962
-0.669495
-0.66904
-0.656887
-0.618435
-0.56435
-0.498934
-0.4191
-0.319234
-0.202834
-0.0493187
0.300329
0.749967
1.17683
1.52087
1.71223
1.78458
1.79797
-0.668558
-0.669089
-0.670747
-0.674018
-0.676165
-0.664013
-0.622971
-0.566503
-0.496103
-0.408925
-0.304196
-0.192031
-0.0656142
0.228675
0.58841
0.908593
1.16437
1.30498
1.35843
1.37265
-0.663194
-0.664247
-0.664764
-0.663926
-0.662758
-0.653743
-0.62476
-0.574361
-0.500343
-0.407136
-0.305322
-0.203132
-0.108836
0.119501
0.395139
0.619403
0.779544
0.868387
0.912055
0.931623
-0.680979
-0.680784
-0.672953
-0.648293
-0.621104
-0.623097
-0.632229
-0.591422
-0.511339
-0.412856
-0.313964
-0.21898
-0.14072
0.0289641
0.237097
0.405024
0.523912
0.59758
0.639188
0.658618
-0.745252
-0.741409
-0.734957
-0.720485
-0.710608
-0.70833
-0.702184
-0.628622
-0.527331
-0.417672
-0.317717
-0.235391
-0.176509
-0.0342746
0.13977
0.273864
0.37824
0.449666
0.487984
0.50289
-0.868623
-0.868427
-0.89312
-0.932379
-0.947519
-0.925209
-0.838554
-0.687538
-0.543995
-0.419885
-0.317872
-0.243589
-0.193103
-0.0861292
0.0496713
0.169035
0.260491
0.324738
0.35779
0.368997
-0.969595
-0.977704
-1.01347
-1.05242
-1.06566
-1.03603
-0.910165
-0.713705
-0.543183
-0.41092
-0.310266
-0.242046
-0.195383
-0.108065
0.00291597
0.0939389
0.165339
0.217433
0.24308
0.25139
-0.904247
-0.913725
-0.945674
-0.981208
-0.996607
-0.959945
-0.826092
-0.651686
-0.500116
-0.380138
-0.289691
-0.225909
-0.17603
-0.115982
-0.0295136
0.03823
0.0916169
0.128215
0.145872
0.150219
-0.634376
-0.646293
-0.673534
-0.709436
-0.731033
-0.707845
-0.615916
-0.507738
-0.408446
-0.324805
-0.254339
-0.199262
-0.153471
-0.110148
-0.0538051
-0.00569531
0.0348811
0.063842
0.0773188
0.0804448
-0.289085
-0.295681
-0.311608
-0.337091
-0.364796
-0.373015
-0.360541
-0.33287
-0.296726
-0.256214
-0.211855
-0.170341
-0.134957
-0.10567
-0.0682177
-0.0344923
-0.00730067
0.0112752
0.0196059
0.0204911
-0.0307664
-0.0337727
-0.0423817
-0.0625279
-0.0948685
-0.134558
-0.167708
-0.188785
-0.196676
-0.189532
-0.170687
-0.145955
-0.122834
-0.107961
-0.0877978
-0.0641656
-0.0448106
-0.032805
-0.0286071
-0.0287328
0.0910255
0.0893402
0.0840723
0.067857
0.0360653
-0.00906482
-0.0563932
-0.0967884
-0.124526
-0.137626
-0.136306
-0.125448
-0.114317
-0.110533
-0.102462
-0.0902291
-0.0795721
-0.0737941
-0.0725989
-0.0733559
0.119454
0.118449
0.114672
0.102352
0.0770531
0.039607
-0.00302019
-0.0443641
-0.0782456
-0.101118
-0.111109
-0.110939
-0.107696
-0.109622
-0.109784
-0.107501
-0.106031
-0.107106
-0.108745
-0.10988
0.107273
0.106671
0.103998
0.0953764
0.0774241
0.0500507
0.0165816
-0.0187913
-0.0515861
-0.0784036
-0.0963013
-0.104059
-0.106527
-0.113709
-0.120298
-0.123572
-0.126578
-0.130239
-0.133125
-0.134066
0.0832575
0.0829388
0.0811171
0.0753192
0.0630546
0.0437358
0.0186048
-0.00997922
-0.0390965
-0.0663108
-0.089164
-0.105409
-0.11573
-0.125506
-0.133492
-0.137632
-0.141695
-0.145165
-0.147414
-0.148139
0.0590452
0.05892
0.0576982
0.0538477
0.0455729
0.0320984
0.0136679
-0.00873242
-0.0337885
-0.0604245
-0.0880239
-0.114332
-0.135699
-0.146113
-0.148276
-0.148942
-0.151449
-0.154203
-0.155882
-0.156439
0.038647
0.0385618
0.0377887
0.0352368
0.029659
0.0202396
0.00672607
-0.0107293
-0.0318892
-0.0571164
-0.0876359
-0.123342
-0.155596
-0.164478
-0.159522
-0.15671
-0.156512
-0.158515
-0.159759
-0.160022
0.0230976
0.0230886
0.0225073
0.0208197
0.0170447
0.0104703
0.000627563
-0.0127986
-0.0301179
-0.0528014
-0.0829645
-0.121473
-0.157111
-0.16137
-0.152876
-0.149322
-0.150889
-0.153809
-0.155323
-0.155399
0.0120665
0.0120789
0.0116922
0.0106124
0.00814813
0.00364959
-0.0033606
-0.0133903
-0.0270129
-0.0455036
-0.0713811
-0.104267
-0.132024
-0.132052
-0.127388
-0.128373
-0.132965
-0.137153
-0.138792
-0.138776
0.00495546
0.00497905
0.00474065
0.00405031
0.00252512
-0.000372444
-0.00513716
-0.0122254
-0.0221587
-0.0360014
-0.0541946
-0.0751554
-0.0899305
-0.0878232
-0.0897045
-0.0961719
-0.103573
-0.108485
-0.110119
-0.110193
0.00102135
0.0010504
0.000908292
0.000546019
-0.000285931
-0.00197752
-0.00492075
-0.00942964
-0.0158289
-0.0245143
-0.0345172
-0.0420866
-0.0427188
-0.0412674
-0.0491146
-0.0594024
-0.0682039
-0.0728105
-0.0740671
-0.0742922
-0.000507202
-0.000472047
-0.00052103
-0.000654809
-0.00101178
-0.00181017
-0.00328037
-0.00561316
-0.00887776
-0.013084
-0.0165834
-0.0144952
-0.00633876
-0.00397528
-0.016525
-0.0264951
-0.0336018
-0.0364471
-0.0371296
-0.037511
-0.000512287
-0.000517922
-0.000581109
-0.000685439
-0.000925789
-0.00151705
-0.00258752
-0.00418441
-0.00631234
-0.00882666
-0.00884662
-0.00270826
0.00741385
0.000195733
-0.00980766
-0.0171277
-0.0195429
-0.0202851
-0.0205763
-0.00652143
-0.395491
-0.0668678
0.151794
0.338393
0.488439
0.6074
0.702202
0.78304
0.840053
0.835169
0.0881462
0.241083
0.376268
0.496144
0.597947
0.682752
0.75239
0.805911
0.838646
0.852207
0.34746
0.442968
0.533159
0.616226
0.688184
0.749204
0.799087
0.837122
0.864884
0.883792
0.523662
0.587626
0.653826
0.714062
0.766912
0.81225
0.850134
0.880864
0.906054
0.923744
0.658293
0.704317
0.755389
0.800255
0.840996
0.876941
0.908049
0.934487
0.956729
0.971969
0.768242
0.80561
0.844957
0.881721
0.915541
0.946331
0.973695
0.997316
1.01699
1.02963
0.864547
0.89709
0.930673
0.963827
0.99481
1.02336
1.0489
1.07079
1.08837
1.09882
0.95486
0.986416
1.01957
1.05281
1.08365
1.11179
1.1366
1.15737
1.17319
1.18218
1.0492
1.08433
1.12024
1.15561
1.18744
1.21554
1.23959
1.25916
1.27354
1.2823
1.16167
1.20237
1.24112
1.27767
1.30932
1.33621
1.35865
1.37668
1.3901
1.40018
1.30517
1.3482
1.38562
1.41874
1.44652
1.47017
1.49072
1.50801
1.52192
1.53411
1.48292
1.51992
1.54794
1.57191
1.59292
1.61223
1.63041
1.64746
1.66361
1.67894
1.68024
1.69962
1.71531
1.73144
1.74802
1.76344
1.77704
1.79015
1.80565
1.82352
1.86921
1.87695
1.88881
1.90047
1.91034
1.9195
1.92973
1.94105
1.95238
1.95967
2.08804
2.0863
2.0782
2.0612
2.0498
2.04919
2.06135
2.08618
2.11986
2.14745
2.49656
2.30974
2.20818
2.15075
2.12171
2.11506
2.13033
2.17096
2.24672
2.39301
-0.436759
-0.438096
-0.397713
-0.325002
-0.233961
-0.133895
0.791762
0.853135
0.842731
0.764208
0.689306
0.615769
0.390494
0.173167
-0.0876519
-0.432822
-0.784908
)
;

boundaryField
{
    wall-4
    {
        type            zeroGradient;
    }
    pressure-outlet-7
    {
        type            fixedValue;
        value           uniform 0;
    }
    velocity-inlet-6
    {
        type            zeroGradient;
    }
    velocity-inlet-5
    {
        type            zeroGradient;
    }
    frontAndBackPlanes
    {
        type            empty;
    }
}


// ************************************************************************* //
