/*--------------------------------*- C++ -*----------------------------------*\
| =========                 |                                                 |
| \\      /  F ield         | OpenFOAM: The Open Source CFD Toolbox           |
|  \\    /   O peration     | Version:  v2012                                 |
|   \\  /    A nd           | Website:  www.openfoam.com                      |
|    \\/     M anipulation  |                                                 |
\*---------------------------------------------------------------------------*/
FoamFile
{
    version     2.0;
    format      ascii;
    class       volScalarField;
    location    "27";
    object      p;
}
// * * * * * * * * * * * * * * * * * * * * * * * * * * * * * * * * * * * * * //

dimensions      [0 2 -2 0 0 0 0];


internalField   nonuniform List<scalar> 
8800
(
0.579103
0.531051
0.49267
0.464022
0.443385
0.42861
0.417975
0.410428
0.405526
0.403367
0.404523
0.408622
0.415202
0.42447
0.437176
0.454732
0.479153
0.512748
0.555178
0.6123
0.411642
0.418846
0.42728
0.43069
0.428766
0.423229
0.416496
0.4103
0.405486
0.402544
0.40215
0.404541
0.408952
0.414869
0.421717
0.428291
0.432392
0.431861
0.425777
0.416786
0.388367
0.394544
0.39874
0.402096
0.404587
0.405367
0.404229
0.402037
0.399929
0.398904
0.39974
0.402013
0.404742
0.406877
0.407346
0.405766
0.402878
0.39921
0.394663
0.390874
0.383263
0.385964
0.388685
0.390993
0.392632
0.39394
0.394818
0.394971
0.394622
0.394457
0.395063
0.396084
0.396752
0.396589
0.395713
0.394453
0.392653
0.390113
0.387664
0.386133
0.378113
0.379536
0.381343
0.383404
0.385155
0.386448
0.38744
0.388252
0.388838
0.389297
0.389767
0.39005
0.389935
0.389463
0.388663
0.387372
0.385601
0.383662
0.382308
0.381487
0.373166
0.37408
0.375332
0.376931
0.378597
0.380121
0.381368
0.382386
0.383277
0.384035
0.384512
0.384608
0.384364
0.383769
0.382755
0.381413
0.379956
0.378606
0.377746
0.377207
0.36839
0.369054
0.370036
0.37137
0.372814
0.374304
0.375747
0.377025
0.378123
0.379054
0.379626
0.37973
0.379403
0.378667
0.377647
0.376511
0.375347
0.374312
0.373682
0.373291
0.363769
0.364277
0.365094
0.366281
0.367612
0.369029
0.370505
0.371965
0.373293
0.374413
0.375124
0.375271
0.374911
0.374208
0.373326
0.37236
0.371381
0.370545
0.370059
0.36976
0.35927
0.359667
0.360365
0.361449
0.362725
0.364096
0.365552
0.367071
0.368578
0.369937
0.370817
0.371059
0.370825
0.370292
0.369579
0.368761
0.367926
0.367245
0.366867
0.366634
0.354843
0.355154
0.35577
0.356799
0.358048
0.359406
0.360872
0.362444
0.364087
0.365676
0.366792
0.367253
0.367235
0.366901
0.366357
0.365683
0.364966
0.3644
0.364104
0.363923
0.350467
0.35071
0.351264
0.35226
0.353504
0.354905
0.356465
0.358151
0.359936
0.361752
0.363195
0.363989
0.364231
0.364069
0.36366
0.363119
0.362518
0.362056
0.361829
0.361688
0.346098
0.346282
0.346797
0.347797
0.349077
0.350531
0.352181
0.354059
0.356142
0.358314
0.360138
0.361228
0.361706
0.361766
0.361551
0.361139
0.360639
0.360259
0.360091
0.359985
0.341738
0.341862
0.342331
0.343308
0.344595
0.346082
0.347791
0.349776
0.352079
0.354661
0.356966
0.358539
0.359454
0.359883
0.359939
0.359742
0.359401
0.359133
0.35903
0.358956
0.337402
0.33748
0.337904
0.338855
0.340167
0.341746
0.343633
0.345911
0.348604
0.351698
0.354609
0.356721
0.358033
0.358765
0.359119
0.359147
0.358999
0.358868
0.358826
0.358775
0.332915
0.33297
0.333339
0.334219
0.335505
0.33713
0.339158
0.341704
0.344865
0.348629
0.35228
0.355033
0.356937
0.358158
0.358879
0.359272
0.359426
0.359481
0.359498
0.359454
0.327852
0.327899
0.328252
0.329096
0.330416
0.332166
0.33445
0.337404
0.341145
0.34572
0.350299
0.353889
0.356431
0.35819
0.359404
0.360167
0.360609
0.360836
0.360899
0.360852
0.321928
0.321973
0.322338
0.323227
0.324678
0.326672
0.329334
0.332856
0.337412
0.343051
0.348748
0.353285
0.356594
0.358954
0.360621
0.361757
0.36249
0.362868
0.362967
0.362913
0.314826
0.314871
0.315307
0.316306
0.317977
0.320321
0.323501
0.327761
0.33332
0.340272
0.34737
0.353083
0.357298
0.360354
0.362556
0.364105
0.365127
0.365643
0.365769
0.365706
0.306215
0.306263
0.306789
0.308018
0.310048
0.312917
0.31684
0.322131
0.329036
0.337656
0.346451
0.353536
0.358785
0.362613
0.365395
0.367374
0.368669
0.369298
0.369458
0.369387
0.295736
0.295788
0.296451
0.29799
0.300533
0.304129
0.309065
0.315693
0.324318
0.335024
0.34589
0.354609
0.361067
0.365816
0.369274
0.371754
0.373339
0.374095
0.37429
0.374208
0.282895
0.282949
0.283783
0.285765
0.289044
0.29366
0.299962
0.308368
0.319194
0.332484
0.34584
0.356518
0.364427
0.370212
0.374487
0.37747
0.379383
0.380287
0.380527
0.38043
0.267053
0.267108
0.26818
0.270773
0.275071
0.281095
0.289249
0.299994
0.313615
0.330074
0.346405
0.35937
0.368962
0.376002
0.381157
0.384776
0.387055
0.388151
0.388441
0.388326
0.247211
0.247288
0.248727
0.25218
0.257907
0.265908
0.276592
0.290426
0.307598
0.327908
0.347728
0.363337
0.374876
0.383357
0.389546
0.393894
0.396619
0.397935
0.398271
0.398129
0.221631
0.221759
0.223821
0.228688
0.236576
0.247445
0.261694
0.279632
0.301258
0.326166
0.349996
0.368582
0.382301
0.392407
0.399793
0.404993
0.408268
0.409831
0.410206
0.410029
0.187336
0.18762
0.190974
0.198434
0.209936
0.225183
0.244445
0.267755
0.29485
0.325108
0.35342
0.375262
0.391353
0.403245
0.411993
0.418204
0.422127
0.423956
0.424354
0.424129
0.138575
0.139793
0.146571
0.159382
0.177136
0.19906
0.225188
0.255262
0.288809
0.325056
0.358195
0.383465
0.402041
0.415834
0.42609
0.433487
0.438171
0.440289
0.440684
0.440397
0.0663665
0.0742452
0.0898295
0.112427
0.139573
0.170404
0.20491
0.242779
0.283518
0.326361
0.364816
0.393927
0.415369
0.431446
0.443628
0.452628
0.458456
0.461176
0.461744
0.461543
-0.0108205
0.00674911
0.0319225
0.064873
0.101705
0.14162
0.184621
0.230529
0.278934
0.329198
0.374091
0.408176
0.433489
0.452698
0.467551
0.478904
0.486322
0.489849
0.490869
0.490862
-0.0747982
-0.0542021
-0.0211159
0.0203694
0.0657938
0.114205
0.165394
0.219128
0.274989
0.332344
0.383248
0.421829
0.450553
0.472485
0.489466
0.502375
0.511205
0.51554
0.516338
0.516435
-0.126885
-0.104264
-0.0661009
-0.0185597
0.0335779
0.0890669
0.147436
0.208277
0.271055
0.335032
0.391422
0.433937
0.465473
0.489452
0.508009
0.522102
0.532002
0.536664
0.537629
0.537827
-0.16997
-0.146273
-0.104569
-0.052257
0.00522407
0.0664953
0.130946
0.198032
0.267024
0.337013
0.398329
0.444227
0.478039
0.503618
0.523326
0.538293
0.548718
0.553854
0.555159
0.555386
-0.2068
-0.182472
-0.138062
-0.0820277
-0.020076
0.0460886
0.115777
0.188337
0.262889
0.338305
0.404035
0.452876
0.488568
0.515359
0.535845
0.551367
0.561965
0.567463
0.569001
0.569235
-0.239308
-0.21457
-0.168069
-0.108916
-0.0432081
0.0271924
0.101508
0.178964
0.258556
0.338953
0.408738
0.460231
0.497528
0.525247
0.546212
0.561968
0.572701
0.578335
0.57997
0.580149
-0.268913
-0.243811
-0.195597
-0.133765
-0.0648311
0.00927862
0.0877171
0.169617
0.253863
0.338945
0.412589
0.466588
0.505365
0.533875
0.555205
0.571057
0.581826
0.587501
0.589237
0.589395
-0.296488
-0.271058
-0.221331
-0.157242
-0.0854578
-0.00805488
0.0740835
0.160047
0.248644
0.338202
0.41563
0.472137
0.512383
0.541696
0.563421
0.579417
0.590192
0.595838
0.597643
0.597803
-0.322738
-0.296933
-0.245803
-0.179762
-0.105433
-0.025097
0.0603786
0.150072
0.242748
0.33663
0.417845
0.476947
0.5188
0.549045
0.571242
0.58743
0.598243
0.603791
0.605575
0.605758
-0.347963
-0.321744
-0.269527
-0.201601
-0.124987
-0.0420305
0.0464587
0.139573
0.236077
0.334162
0.419232
0.481141
0.524815
0.556146
0.578948
0.595422
0.606314
0.611804
0.61347
0.613591
-0.372507
-0.345739
-0.292569
-0.222924
-0.144292
-0.0589845
0.0322373
0.128486
0.228576
0.330754
0.419807
0.484755
0.53047
0.563098
0.586666
0.60354
0.61455
0.619978
0.621491
0.621528
-0.396434
-0.369269
-0.315034
-0.24386
-0.163426
-0.0760066
0.0176756
0.116788
0.220224
0.326376
0.419477
0.487699
0.535766
0.569932
0.594434
0.6118
0.622935
0.628266
0.629645
0.62957
-0.419844
-0.392158
-0.337016
-0.264457
-0.182404
-0.0931018
0.00277833
0.104479
0.211007
0.320941
0.418116
0.489897
0.540656
0.576644
0.602254
0.620186
0.631425
0.636593
0.637796
0.637627
-0.442806
-0.414548
-0.358513
-0.284712
-0.201226
-0.110248
-0.0124163
0.091593
0.200923
0.314408
0.415653
0.491225
0.545042
0.583203
0.610131
0.628677
0.639968
0.644866
0.645852
0.645609
-0.46532
-0.436439
-0.37953
-0.304599
-0.219836
-0.127395
-0.0278496
0.078185
0.190015
0.306779
0.411999
0.491513
0.548774
0.589557
0.6181
0.637285
0.648465
0.652965
0.653697
0.653389
-0.487219
-0.45776
-0.400021
-0.32408
-0.238185
-0.144465
-0.0434487
0.0643473
0.178367
0.298088
0.407063
0.490599
0.551639
0.595598
0.626241
0.646148
0.656919
0.660741
0.66115
0.660793
-0.508461
-0.478456
-0.41995
-0.343094
-0.256211
-0.161391
-0.059111
0.0501721
0.166071
0.288367
0.400808
0.488315
0.553381
0.601108
0.634632
0.655642
0.665603
0.668135
0.668033
0.667669
-0.529107
-0.498482
-0.439278
-0.361598
-0.273844
-0.178084
-0.0747425
0.0357698
0.153226
0.277703
0.393212
0.484524
0.553692
0.605686
0.643159
0.666368
0.675506
0.67565
0.674263
0.673994
-0.548986
-0.517827
-0.457944
-0.379523
-0.291021
-0.194459
-0.0902464
0.0212544
0.13996
0.266219
0.384301
0.479117
0.552269
0.608712
0.651223
0.678623
0.688594
0.685932
0.681233
0.679881
-0.568179
-0.536483
-0.475964
-0.396896
-0.307775
-0.210563
-0.10568
0.00656519
0.126205
0.253842
0.373947
0.471841
0.548801
0.609387
0.657525
0.691485
0.706148
0.704846
0.693818
0.680663
-0.586617
-0.554443
-0.493471
-0.413906
-0.324397
-0.226731
-0.12146
-0.00878959
0.111401
0.239901
0.361451
0.461811
0.542595
0.606472
0.659261
0.700601
0.720947
0.715038
0.699382
0.685224
-0.604137
-0.571734
-0.510296
-0.430326
-0.340621
-0.242636
-0.137362
-0.0244741
0.0958784
0.224705
0.347011
0.448713
0.533221
0.599153
0.651324
0.693498
0.715952
0.698681
0.629225
0.595763
-0.620297
-0.589531
-0.526048
-0.445573
-0.355735
-0.257777
-0.153101
-0.0402427
0.0798876
0.208425
0.330682
0.432379
0.519801
0.587859
0.630014
0.662519
0.668202
0.619619
0.546738
0.502177
-0.669932
-0.605916
-0.540457
-0.460657
-0.370908
-0.273364
-0.168658
-0.056304
0.0631403
0.190695
0.312013
0.412577
0.499269
0.574238
0.582876
0.594288
0.562426
0.499207
0.421096
0.377449
-0.636672
-0.620036
-0.561543
-0.482525
-0.393265
-0.296122
-0.192389
-0.0810366
0.0369104
0.162203
0.280434
0.377839
0.455463
0.530458
0.530847
0.424218
0.320846
0.249119
0.175211
0.213583
-0.66759
-0.637845
-0.578244
-0.499565
-0.410472
-0.313722
-0.20996
-0.0994358
0.0171851
0.140279
0.255168
0.348414
0.418102
0.457998
0.413757
0.267364
0.138009
0.0462698
-0.0539852
0.00376558
-0.690985
-0.658767
-0.59758
-0.518623
-0.42959
-0.33301
-0.229496
-0.11998
-0.00499981
0.115356
0.226121
0.313645
0.373332
0.381171
0.275755
0.0969989
-0.0607539
-0.183211
-0.316594
-0.272507
-0.713734
-0.680174
-0.617789
-0.538097
-0.448939
-0.352532
-0.249625
-0.141242
-0.028085
0.0891972
0.19509
0.27614
0.321189
0.294591
0.132435
-0.0739616
-0.272811
-0.453681
-0.650868
-0.644674
-0.735793
-0.70196
-0.638735
-0.558396
-0.469067
-0.37289
-0.270703
-0.16356
-0.0524578
0.0614261
0.161908
0.235796
0.263032
0.20075
-0.00485196
-0.231102
-0.460952
-0.661634
-0.935813
-1.2244
-0.758061
-0.724324
-0.660668
-0.579888
-0.490384
-0.394389
-0.29285
-0.18696
-0.0779893
0.0323309
0.127216
0.193027
0.202283
0.0882344
-0.125386
-0.356075
-0.58359
-0.767208
-0.853799
-0.999359
-0.781363
-0.747695
-0.68387
-0.60289
-0.51334
-0.417614
-0.316812
-0.212334
-0.1058
0.000509415
0.0893356
0.145543
0.129448
-0.0260222
-0.233133
-0.448349
-0.636495
-0.741598
-0.766102
-0.786091
-0.805993
-0.772399
-0.708476
-0.627457
-0.53803
-0.442725
-0.342881
-0.240103
-0.136417
-0.0347278
0.0475593
0.0918908
0.052014
-0.132308
-0.330848
-0.520251
-0.665995
-0.712081
-0.726723
-0.728703
-0.832145
-0.79851
-0.734516
-0.653544
-0.564359
-0.469676
-0.371017
-0.270249
-0.169841
-0.0733866
0.00182877
0.0321571
-0.0273598
-0.232245
-0.421532
-0.590173
-0.689425
-0.70423
-0.706191
-0.706219
-0.859786
-0.82609
-0.76198
-0.681097
-0.592286
-0.49839
-0.401149
-0.302707
-0.205991
-0.115336
-0.0480031
-0.0312995
-0.122337
-0.324013
-0.505823
-0.645792
-0.689842
-0.695102
-0.695484
-0.694823
-0.888596
-0.854725
-0.79075
-0.709974
-0.621658
-0.528734
-0.433152
-0.337343
-0.244738
-0.160358
-0.101481
-0.0992764
-0.223028
-0.410298
-0.576471
-0.67744
-0.684931
-0.687275
-0.688215
-0.68783
-0.91798
-0.884094
-0.820453
-0.739903
-0.652219
-0.560453
-0.466755
-0.373891
-0.285754
-0.208165
-0.157423
-0.175603
-0.317167
-0.488653
-0.637401
-0.679015
-0.689876
-0.686372
-0.682967
-0.681956
-0.947575
-0.913861
-0.85047
-0.770438
-0.683544
-0.593122
-0.501535
-0.411904
-0.328517
-0.258111
-0.215361
-0.251245
-0.413336
-0.560136
-0.675799
-0.722172
-0.701557
-0.687467
-0.681827
-0.67949
-0.976341
-0.943218
-0.880221
-0.800898
-0.715016
-0.626142
-0.536872
-0.450686
-0.372314
-0.30907
-0.27622
-0.326096
-0.512155
-0.638012
-0.680312
-0.690503
-0.69916
-0.696553
-0.6927
-0.691224
-1.00311
-0.970658
-0.908888
-0.830446
-0.745777
-0.658675
-0.571915
-0.489239
-0.416142
-0.35998
-0.336834
-0.398923
-0.607037
-0.777509
-0.720833
-0.738773
-0.775773
-0.790028
-0.786688
-0.781197
-1.02645
-0.995132
-0.935114
-0.857952
-0.774803
-0.689653
-0.605551
-0.526335
-0.458409
-0.409851
-0.392226
-0.477545
-0.694177
-0.994633
-1.27519
-1.10456
-0.995356
-0.981258
-0.969537
-0.958957
-1.04463
-1.01515
-0.95726
-0.882068
-0.800829
-0.717809
-0.636344
-0.560561
-0.496979
-0.456352
-0.442508
-0.550459
-0.75784
-0.97225
-1.18487
-1.11245
-1.10792
-1.09585
-1.09169
-1.09092
-1.056
-1.02904
-0.974027
-0.901246
-0.822303
-0.741656
-0.66269
-0.59009
-0.529795
-0.495237
-0.491545
-0.601043
-0.728703
-0.524875
-0.207915
-0.660574
-1.06981
-1.15286
-1.14907
-1.14665
-1.05849
-1.03508
-0.983828
-0.914067
-0.837735
-0.759633
-0.682974
-0.612336
-0.554858
-0.523203
-0.533498
-0.660365
-0.844882
-0.855197
-0.954365
-1.29787
-1.37064
-1.2807
-1.18672
-1.20584
-1.05107
-1.03168
-0.985145
-0.919316
-0.845934
-0.770293
-0.695445
-0.625471
-0.568468
-0.537576
-0.559889
-0.766574
-1.31371
-2.20526
-2.88018
-3.24838
-3.06437
-2.59244
-2.17478
-2.02802
-1.03202
-1.01668
-0.976889
-0.916225
-0.846192
-0.772765
-0.698782
-0.628147
-0.566791
-0.529317
-0.541739
-0.775705
-1.40798
-2.27833
-2.9068
-3.18377
-3.0979
-2.8235
-2.49681
-2.32739
-1.00279
-0.991999
-0.959428
-0.905095
-0.838624
-0.767059
-0.692787
-0.618914
-0.550024
-0.492008
-0.474813
-0.538342
-0.804145
-1.04811
-1.22845
-1.13462
-0.878423
-0.608899
-0.400066
-0.294664
-0.96681
-0.960224
-0.935567
-0.887857
-0.824911
-0.754423
-0.678933
-0.599308
-0.518685
-0.434502
-0.347985
-0.211343
-0.0247632
0.355843
0.830524
1.30523
1.69012
1.93147
2.04719
2.08276
-0.928815
-0.92514
-0.908981
-0.867948
-0.808002
-0.737957
-0.660002
-0.575399
-0.480112
-0.374527
-0.240559
-0.0949831
0.227666
0.811976
1.4895
2.09354
2.53129
2.78299
2.89283
2.9235
-0.8936
-0.891414
-0.88216
-0.8491
-0.792329
-0.721314
-0.641327
-0.552211
-0.453935
-0.339495
-0.213831
-0.0775115
0.105221
0.575092
1.14013
1.6247
1.97308
2.17198
2.26063
2.28645
-0.860081
-0.858933
-0.855867
-0.83255
-0.778982
-0.706531
-0.625291
-0.536792
-0.441411
-0.332043
-0.22207
-0.11094
0.00404673
0.292142
0.706806
1.04851
1.29879
1.44899
1.52292
1.54632
-0.838892
-0.8391
-0.839029
-0.819192
-0.76396
-0.68952
-0.608594
-0.524048
-0.434165
-0.336045
-0.242654
-0.160255
-0.0887955
0.0772966
0.352269
0.592223
0.772292
0.878831
0.926184
0.938497
-0.808665
-0.811815
-0.813426
-0.793273
-0.735871
-0.661923
-0.585099
-0.507879
-0.427624
-0.343139
-0.267208
-0.209366
-0.158803
-0.059067
0.12384
0.282591
0.397537
0.464001
0.493737
0.50096
-0.72944
-0.733425
-0.734705
-0.717533
-0.672076
-0.612234
-0.549213
-0.485192
-0.418204
-0.347627
-0.286152
-0.245847
-0.214349
-0.145846
-0.0207821
0.0806618
0.15114
0.19019
0.206272
0.208065
-0.608535
-0.610451
-0.610816
-0.601744
-0.577796
-0.5436
-0.502564
-0.456707
-0.405186
-0.348574
-0.298957
-0.27025
-0.252292
-0.205968
-0.121461
-0.0524521
-0.00775544
0.0160332
0.0256622
0.0257786
-0.497796
-0.498222
-0.498755
-0.497389
-0.491021
-0.477918
-0.456972
-0.427867
-0.390564
-0.345894
-0.304641
-0.277335
-0.260484
-0.22563
-0.174511
-0.131497
-0.102506
-0.0866548
-0.0803901
-0.0807923
-0.427588
-0.427684
-0.42882
-0.431267
-0.432819
-0.430276
-0.421054
-0.403525
-0.376989
-0.341518
-0.305031
-0.274857
-0.250182
-0.220128
-0.18706
-0.163607
-0.147909
-0.13887
-0.135245
-0.136155
-0.393599
-0.393778
-0.395028
-0.39795
-0.400952
-0.401637
-0.39761
-0.386514
-0.366374
-0.336925
-0.303339
-0.270496
-0.239588
-0.216985
-0.199285
-0.183118
-0.170543
-0.162749
-0.159497
-0.16077
-0.382075
-0.382171
-0.383002
-0.385231
-0.387629
-0.38847
-0.385852
-0.37712
-0.360608
-0.334999
-0.305024
-0.274807
-0.244856
-0.227428
-0.217277
-0.203164
-0.18902
-0.178157
-0.173736
-0.17551
-0.385343
-0.385144
-0.385245
-0.3863
-0.387475
-0.387337
-0.38414
-0.375736
-0.35999
-0.335979
-0.309877
-0.288192
-0.272989
-0.261066
-0.247208
-0.227719
-0.21042
-0.199044
-0.194417
-0.195953
-0.401737
-0.401222
-0.400645
-0.400517
-0.400185
-0.39819
-0.393445
-0.38384
-0.366368
-0.340764
-0.315968
-0.302682
-0.306799
-0.307343
-0.281933
-0.254059
-0.233107
-0.221732
-0.217714
-0.219315
-0.431682
-0.430806
-0.42969
-0.428614
-0.42684
-0.423206
-0.416589
-0.405026
-0.38455
-0.354058
-0.323993
-0.307158
-0.318177
-0.319382
-0.295201
-0.268713
-0.250504
-0.240356
-0.238375
-0.239074
-0.47501
-0.474059
-0.472754
-0.471152
-0.46869
-0.464551
-0.45771
-0.445833
-0.42424
-0.388329
-0.344247
-0.308227
-0.307771
-0.309954
-0.288164
-0.261998
-0.243
-0.234619
-0.232245
-0.232631
-0.532147
-0.531148
-0.529913
-0.528505
-0.526803
-0.524708
-0.521814
-0.515822
-0.50176
-0.467727
-0.404384
-0.337947
-0.316509
-0.312295
-0.284708
-0.249267
-0.219887
-0.204185
-0.204185
-0.205576
-0.600974
-0.600236
-0.599743
-0.599779
-0.601205
-0.605399
-0.613803
-0.626785
-0.639949
-0.627205
-0.540998
-0.431514
-0.383189
-0.360508
-0.310498
-0.249653
-0.203912
-0.184913
-0.186802
-0.186766
-0.675757
-0.675745
-0.676856
-0.679986
-0.687631
-0.703644
-0.733684
-0.784936
-0.855896
-0.891733
-0.777925
-0.605995
-0.513897
-0.457465
-0.363328
-0.2653
-0.189099
-0.165601
-0.172568
-0.175567
-0.744763
-0.745918
-0.74939
-0.757113
-0.773768
-0.806636
-0.868125
-0.976849
-1.13787
-1.24727
-1.10658
-0.851645
-0.702157
-0.603122
-0.469894
-0.338329
-0.260635
-0.242793
-0.247388
-0.252589
-0.790958
-0.793445
-0.799437
-0.812138
-0.838454
-0.889413
-0.985085
-1.1565
-1.41203
-1.60116
-1.4401
-1.11678
-0.920591
-0.782703
-0.632656
-0.510875
-0.449004
-0.441718
-0.442853
-0.446712
-0.796627
-0.800229
-0.808143
-0.823507
-0.857199
-0.921281
-1.04129
-1.25637
-1.57065
-1.81376
-1.65831
-1.31974
-1.10514
-0.969754
-0.835249
-0.748943
-0.712258
-0.701488
-0.698111
-0.699737
-0.750181
-0.753919
-0.762051
-0.779214
-0.814216
-0.881114
-1.00631
-1.23013
-1.55307
-1.78857
-1.66712
-1.37926
-1.21453
-1.11723
-1.06589
-1.00739
-0.971853
-0.95407
-0.944967
-0.943722
-0.653353
-0.656536
-0.663518
-0.678509
-0.709473
-0.768881
-0.880367
-1.0803
-1.36147
-1.54991
-1.46283
-1.27556
-1.19984
-1.19469
-1.24536
-1.22176
-1.16392
-1.13164
-1.11476
-1.10957
-0.51995
-0.522318
-0.52717
-0.538006
-0.561093
-0.60604
-0.691111
-0.845941
-1.06779
-1.21162
-1.15894
-1.07904
-1.04647
-1.13678
-1.27553
-1.25859
-1.19037
-1.14897
-1.12735
-1.11957
-0.373012
-0.373983
-0.376313
-0.382424
-0.396541
-0.424968
-0.479843
-0.582981
-0.744322
-0.869809
-0.859908
-0.814623
-0.786064
-0.873387
-1.02536
-1.03114
-0.985996
-0.956505
-0.940921
-0.934068
-0.232637
-0.232626
-0.233139
-0.23552
-0.242138
-0.256247
-0.284318
-0.339236
-0.436039
-0.531233
-0.534927
-0.482898
-0.447774
-0.515107
-0.628348
-0.652707
-0.641926
-0.633575
-0.629374
-0.626898
-0.113153
-0.112679
-0.11255
-0.113153
-0.115154
-0.119697
-0.129133
-0.14792
-0.182616
-0.232988
-0.227655
-0.185378
-0.174797
-0.228892
-0.288392
-0.3068
-0.309344
-0.310715
-0.312428
-0.312658
-0.0187717
-0.0185649
-0.0175425
-0.0164163
-0.015805
-0.0158594
-0.0162698
-0.0170007
-0.0181556
-0.0185192
-0.0307054
-0.0390834
-0.0346255
-0.0335931
-0.0440748
-0.0468214
-0.0474557
-0.0503075
-0.0520303
-0.0532308
-0.438706
-0.229125
-0.00386807
0.181337
0.330481
0.449798
0.550105
0.633954
0.668201
0.65245
-0.073635
0.0636864
0.206001
0.329021
0.433117
0.519948
0.589988
0.63922
0.665137
0.677615
0.170311
0.262552
0.358403
0.444038
0.517756
0.57943
0.628265
0.664191
0.690147
0.707654
0.344482
0.40851
0.47608
0.53804
0.591789
0.637254
0.674488
0.704356
0.728151
0.74618
0.478554
0.524614
0.574872
0.621372
0.662714
0.698667
0.729335
0.754969
0.775588
0.793381
0.587879
0.622943
0.663791
0.701211
0.735449
0.766119
0.792861
0.815411
0.832993
0.850517
0.683889
0.713983
0.749569
0.783028
0.814028
0.842133
0.866707
0.887099
0.902085
0.919514
0.774652
0.804816
0.839715
0.87265
0.902942
0.930136
0.953535
0.972333
0.985241
1.00271
0.871333
0.905278
0.942274
0.976502
1.00698
1.0335
1.05571
1.07302
1.08464
1.10246
0.987123
1.02578
1.06435
1.09892
1.12844
1.15333
1.1738
1.18964
1.20109
1.21945
1.13246
1.17214
1.2077
1.23824
1.26395
1.28613
1.30524
1.32085
1.33357
1.35172
1.30717
1.33949
1.36542
1.3878
1.40792
1.42673
1.44442
1.46102
1.4768
1.49501
1.49493
1.51259
1.52825
1.54491
1.56111
1.5757
1.58876
1.60277
1.61988
1.63957
1.67684
1.68771
1.69988
1.7107
1.71998
1.72957
1.7405
1.75212
1.76209
1.77727
1.88776
1.88981
1.87468
1.85947
1.85311
1.85881
1.87742
1.90785
1.94001
1.97076
2.19369
2.05665
1.98037
1.93834
1.92092
1.92496
1.95234
2.00849
2.11195
2.32724
0.475393
0.472016
0.466086
0.456275
0.443326
0.430894
0.420567
0.412594
0.406893
0.40354
0.403064
0.405683
0.4107
0.417871
0.427249
0.438892
0.451989
0.463957
0.471404
0.476117
0.393414
0.399298
0.406204
0.41144
0.41428
0.413942
0.411022
0.407074
0.40346
0.401088
0.400812
0.402887
0.406464
0.410728
0.414606
0.416555
0.415402
0.41128
0.40536
0.398306
0.385782
0.388129
0.391478
0.394383
0.396596
0.398387
0.399328
0.39904
0.397953
0.396967
0.397003
0.398284
0.399974
0.401148
0.401108
0.399869
0.398008
0.395623
0.392439
0.389464
0.380668
0.381754
0.383623
0.386009
0.387971
0.389358
0.390437
0.391258
0.391665
0.391807
0.392147
0.392767
0.393158
0.392998
0.392369
0.391409
0.389932
0.387813
0.385658
0.384231
0.375618
0.376271
0.377386
0.379118
0.380932
0.38255
0.383802
0.384787
0.385631
0.386336
0.386895
0.387211
0.387175
0.386818
0.386123
0.384977
0.383438
0.381782
0.380402
0.379604
0.370756
0.371207
0.372002
0.373324
0.374844
0.376394
0.377862
0.379117
0.380178
0.381108
0.381815
0.382118
0.382017
0.381535
0.380653
0.379484
0.3782
0.376943
0.375957
0.375423
0.366064
0.366398
0.367022
0.368129
0.369465
0.370881
0.372352
0.373793
0.375092
0.376209
0.377061
0.377453
0.377333
0.376766
0.375894
0.374883
0.373835
0.37281
0.372045
0.371651
0.361509
0.361763
0.362272
0.363239
0.364474
0.365824
0.367252
0.368743
0.370229
0.371585
0.372632
0.373116
0.373018
0.37252
0.371794
0.370945
0.370043
0.369192
0.368585
0.368285
0.357052
0.357245
0.35767
0.358544
0.359727
0.361044
0.362449
0.363946
0.36551
0.367053
0.368327
0.368994
0.36908
0.368782
0.368238
0.367545
0.366772
0.366054
0.365568
0.365337
0.352653
0.352798
0.353159
0.353969
0.35512
0.356429
0.357864
0.359422
0.361095
0.362827
0.364362
0.365303
0.365641
0.365558
0.365184
0.364634
0.363999
0.363397
0.363011
0.362835
0.348284
0.348388
0.348702
0.349481
0.350642
0.351992
0.353514
0.355222
0.357079
0.359035
0.36089
0.362205
0.36284
0.362954
0.362732
0.362312
0.361786
0.361279
0.360972
0.360841
0.343912
0.343977
0.344249
0.345003
0.346172
0.347553
0.349105
0.350895
0.352973
0.355294
0.357578
0.359269
0.360219
0.360663
0.360736
0.360527
0.360149
0.359749
0.359524
0.359437
0.339572
0.339603
0.339835
0.340546
0.341706
0.343122
0.344771
0.346719
0.349003
0.35164
0.354429
0.356711
0.358182
0.359006
0.359372
0.359402
0.359225
0.358983
0.358854
0.358807
0.335204
0.335207
0.335405
0.336066
0.337202
0.338657
0.340417
0.342598
0.345275
0.348475
0.351921
0.354799
0.356763
0.358006
0.358686
0.359043
0.359147
0.359111
0.359088
0.359067
0.330479
0.33048
0.330651
0.331253
0.332336
0.333808
0.335685
0.338095
0.34115
0.344932
0.349172
0.3529
0.355572
0.357402
0.358594
0.359351
0.359809
0.360033
0.360127
0.360124
0.325022
0.325007
0.325191
0.325794
0.326921
0.328519
0.330656
0.333487
0.337159
0.341773
0.347023
0.351702
0.355131
0.35757
0.359286
0.360466
0.361225
0.361673
0.361857
0.361862
0.318545
0.318521
0.318734
0.319391
0.320634
0.322453
0.324944
0.328297
0.332721
0.338364
0.344868
0.350742
0.355131
0.358315
0.360593
0.362218
0.363337
0.36401
0.364274
0.364285
0.310732
0.3107
0.31096
0.311757
0.313212
0.315373
0.318387
0.322489
0.327935
0.334908
0.342966
0.350282
0.355773
0.3598
0.362706
0.364817
0.366291
0.367165
0.367494
0.367512
0.301225
0.301179
0.301506
0.302493
0.304296
0.306976
0.310728
0.315849
0.322638
0.331312
0.341296
0.350331
0.357131
0.362106
0.365739
0.368386
0.370249
0.371321
0.37172
0.371747
0.289614
0.289551
0.289969
0.291233
0.293521
0.296922
0.30169
0.308164
0.3167
0.327512
0.339863
0.350982
0.359307
0.36543
0.369921
0.373204
0.375446
0.376728
0.377212
0.377251
0.275326
0.275239
0.275787
0.277424
0.280402
0.284815
0.290974
0.299255
0.310056
0.323561
0.338785
0.352364
0.362511
0.369974
0.375435
0.379414
0.382126
0.383652
0.384241
0.38429
0.25759
0.257484
0.258237
0.260389
0.264295
0.27012
0.278182
0.288892
0.302626
0.319476
0.338144
0.354611
0.366876
0.375905
0.382519
0.387294
0.390542
0.392381
0.393088
0.393141
0.235036
0.234924
0.236033
0.239002
0.244242
0.252122
0.262862
0.276873
0.2944
0.315376
0.338116
0.357903
0.372572
0.38338
0.391303
0.397021
0.400902
0.403111
0.403944
0.403995
0.205406
0.205336
0.207111
0.211473
0.218937
0.229954
0.244595
0.263102
0.285495
0.311467
0.33891
0.362416
0.379745
0.392524
0.401923
0.408732
0.41338
0.416013
0.416973
0.417011
0.16461
0.164732
0.167979
0.175247
0.18679
0.20291
0.223276
0.247812
0.276256
0.308081
0.340783
0.36832
0.388493
0.403388
0.414408
0.422471
0.428026
0.431126
0.432188
0.4322
0.104929
0.106258
0.114139
0.127832
0.146962
0.171156
0.1995
0.231672
0.267261
0.30563
0.343964
0.375694
0.398791
0.415865
0.428601
0.43804
0.444626
0.448229
0.449366
0.44934
0.0332418
0.0356646
0.0507557
0.074506
0.104102
0.13775
0.174843
0.215208
0.258533
0.304238
0.349272
0.386399
0.413557
0.433838
0.449166
0.460674
0.468857
0.473385
0.474668
0.474735
-0.0402511
-0.0330965
-0.0107416
0.0229095
0.0622848
0.105145
0.150943
0.199533
0.250648
0.303784
0.35566
0.398324
0.429622
0.453206
0.471327
0.485261
0.495193
0.500001
0.501812
0.502225
-0.0990025
-0.0901175
-0.0631167
-0.0226874
0.0242509
0.0748953
0.128487
0.184715
0.243198
0.303376
0.361662
0.409347
0.444251
0.470543
0.490744
0.506213
0.517231
0.523193
0.52585
0.526409
-0.146883
-0.13743
-0.10697
-0.0616657
-0.00899225
0.0478567
0.107957
0.170844
0.235974
0.30262
0.366757
0.418892
0.456831
0.485254
0.507019
0.523739
0.535786
0.542597
0.545599
0.546228
-0.186963
-0.177322
-0.144599
-0.0954967
-0.0381858
0.0237696
0.0893385
0.15798
0.228982
0.301452
0.370869
0.426916
0.467395
0.497519
0.520448
0.538007
0.550733
0.558183
0.5614
0.562059
-0.221819
-0.212108
-0.177701
-0.125558
-0.0644038
0.00188964
0.0721974
0.145891
0.222139
0.299872
0.374092
0.433649
0.476315
0.507792
0.531539
0.549577
0.562623
0.570417
0.573762
0.574454
-0.253008
-0.243276
-0.207583
-0.152852
-0.0884917
-0.0184855
0.0560026
0.134219
0.215235
0.297822
0.376524
0.439359
0.484007
0.516628
0.54098
0.559268
0.572434
0.580371
0.58369
0.584437
-0.281719
-0.27194
-0.235176
-0.178249
-0.111129
-0.0378531
0.0403379
0.122639
0.208041
0.295194
0.378189
0.444203
0.49079
0.524487
0.549386
0.567921
0.581134
0.589167
0.592496
0.593135
-0.308725
-0.298884
-0.261158
-0.202358
-0.132782
-0.0566074
0.024893
0.110904
0.20037
0.291851
0.379045
0.448254
0.496816
0.531674
0.55719
0.576021
0.589348
0.597354
0.600699
0.601216
-0.334513
-0.324593
-0.285975
-0.225582
-0.153762
-0.0749988
0.00946796
0.0988521
0.192084
0.287687
0.379027
0.451538
0.502259
0.538448
0.56471
0.583912
0.597392
0.605384
0.608682
0.609182
-0.359493
-0.349407
-0.309973
-0.248098
-0.174281
-0.0932138
-0.00607136
0.0863816
0.183104
0.282634
0.378111
0.454128
0.507247
0.544952
0.572123
0.59183
0.605542
0.613553
0.616732
0.617215
-0.383838
-0.373519
-0.333378
-0.270057
-0.194475
-0.111355
-0.0217995
0.0734442
0.173387
0.276663
0.376279
0.455973
0.511739
0.551221
0.579499
0.599845
0.613855
0.62188
0.624926
0.625347
-0.4076
-0.397074
-0.356217
-0.291578
-0.214412
-0.129444
-0.0377337
0.0600261
0.162927
0.269734
0.37342
0.45696
0.515694
0.557254
0.586854
0.607962
0.622302
0.630306
0.633187
0.63351
-0.430907
-0.420089
-0.378507
-0.312686
-0.2341
-0.14749
-0.0538611
0.0461499
0.151731
0.261813
0.369444
0.456995
0.519025
0.563009
0.594184
0.616175
0.630851
0.638791
0.641445
0.641638
-0.453678
-0.442584
-0.400286
-0.333373
-0.253517
-0.165453
-0.0701291
0.0318651
0.139831
0.252899
0.364318
0.455953
0.521578
0.568401
0.601486
0.624497
0.639453
0.64718
0.649538
0.649606
-0.475944
-0.464549
-0.421528
-0.353614
-0.272621
-0.18328
-0.0864788
0.0172461
0.127302
0.243045
0.358006
0.453697
0.523169
0.57329
0.608759
0.633005
0.648118
0.655395
0.657332
0.657266
-0.497528
-0.485904
-0.442179
-0.373359
-0.291351
-0.200889
-0.102832
0.00238126
0.114238
0.232324
0.350484
0.450114
0.523587
0.577459
0.615966
0.641904
0.657044
0.66341
0.66466
0.664444
-0.518537
-0.506593
-0.462204
-0.392569
-0.309666
-0.218234
-0.119087
-0.0126355
0.100737
0.220825
0.341783
0.445111
0.522608
0.580581
0.62292
0.65147
0.666847
0.671578
0.671454
0.670979
-0.538823
-0.526578
-0.481576
-0.411185
-0.327479
-0.235222
-0.135158
-0.0276804
0.0869174
0.208635
0.331973
0.438624
0.520028
0.582228
0.629137
0.661754
0.678652
0.681475
0.678383
0.676698
-0.558422
-0.545907
-0.500236
-0.429155
-0.344749
-0.251785
-0.150959
-0.0426688
0.0728984
0.19591
0.32116
0.430615
0.515701
0.581921
0.633709
0.671974
0.693134
0.69655
0.689694
0.678817
-0.577256
-0.564544
-0.518277
-0.446631
-0.361687
-0.268209
-0.166833
-0.0580165
0.0582088
0.182106
0.308759
0.420418
0.509003
0.578992
0.63524
0.680244
0.70879
0.716645
0.709557
0.700938
-0.595281
-0.582453
-0.535712
-0.463561
-0.378274
-0.284482
-0.182749
-0.0737317
0.0428262
0.167133
0.294634
0.407723
0.499321
0.572803
0.63115
0.680776
0.713201
0.725503
0.691387
0.641035
-0.612241
-0.598972
-0.552511
-0.479859
-0.394572
-0.300694
-0.198725
-0.0896869
0.0268251
0.151074
0.278767
0.392434
0.485781
0.563178
0.619855
0.662437
0.695268
0.688107
0.630493
0.564204
-0.629899
-0.614181
-0.568342
-0.495023
-0.410357
-0.316473
-0.215027
-0.105824
0.0103361
0.134096
0.261184
0.374489
0.467292
0.551225
0.601368
0.649663
0.631927
0.595186
0.525843
0.454884
-0.616856
-0.596662
-0.547811
-0.470815
-0.381403
-0.283881
-0.177336
-0.0652959
0.0536919
0.180587
0.301171
0.401072
0.485723
0.572797
0.620144
0.546789
0.505147
0.444511
0.370846
0.321388
-0.636454
-0.623014
-0.586705
-0.519008
-0.434703
-0.341353
-0.239879
-0.131376
-0.0162442
0.105905
0.230551
0.3414
0.429632
0.509674
0.578238
0.575603
0.463249
0.380747
0.318035
0.233516
-0.65727
-0.642885
-0.601475
-0.532443
-0.447817
-0.354955
-0.25471
-0.147246
-0.0332653
0.0871876
0.209634
0.317897
0.402741
0.469336
0.497327
0.426829
0.284146
0.187083
0.110978
0.020278
-0.678228
-0.665857
-0.620279
-0.549959
-0.46527
-0.372311
-0.272178
-0.165153
-0.0522451
0.0664458
0.185712
0.289181
0.36718
0.416779
0.394614
0.264057
0.107153
-0.0135586
-0.113524
-0.250748
-0.701116
-0.688445
-0.640918
-0.56947
-0.48456
-0.391618
-0.291673
-0.185361
-0.0737441
0.0428032
0.158365
0.256315
0.326177
0.355942
0.29464
0.106036
-0.0823906
-0.242185
-0.38948
-0.583205
-0.723188
-0.710735
-0.662111
-0.589589
-0.504244
-0.411361
-0.31185
-0.206497
-0.096416
0.0176295
0.129083
0.22098
0.28188
0.283345
0.167818
-0.044896
-0.267335
-0.48315
-0.668688
-1.08823
-0.745123
-0.733123
-0.684
-0.610716
-0.525008
-0.43213
-0.333064
-0.228685
-0.12025
-0.00892575
0.0980935
0.18332
0.233914
0.199341
0.0396427
-0.180441
-0.416015
-0.637345
-0.829093
-1.18649
-0.767878
-0.756046
-0.70679
-0.633065
-0.547112
-0.454239
-0.355583
-0.252155
-0.145424
-0.0369858
0.0653753
0.143467
0.181068
0.122433
-0.0777611
-0.29204
-0.515237
-0.703407
-0.780165
-0.818291
-0.791852
-0.780259
-0.73083
-0.656903
-0.570907
-0.478196
-0.380102
-0.27785
-0.173148
-0.0680927
0.0290283
0.09913
0.121722
0.0325364
-0.184167
-0.387509
-0.574257
-0.698928
-0.73592
-0.748106
-0.817215
-0.805802
-0.756251
-0.682222
-0.596306
-0.503918
-0.40659
-0.305763
-0.203456
-0.102312
-0.0110538
0.0505638
0.0526287
-0.0750089
-0.281152
-0.469639
-0.62909
-0.696419
-0.711963
-0.715677
-0.844078
-0.832862
-0.783082
-0.709002
-0.623256
-0.531355
-0.434991
-0.335866
-0.236314
-0.139556
-0.0548842
-0.00196976
-0.0276782
-0.178373
-0.372439
-0.54885
-0.666484
-0.706686
-0.701053
-0.700758
-0.87232
-0.861071
-0.811268
-0.737163
-0.651666
-0.5604
-0.465213
-0.368059
-0.271616
-0.179737
-0.102191
-0.0591377
-0.106828
-0.277247
-0.456434
-0.616061
-0.674357
-0.687931
-0.691247
-0.691406
-0.901554
-0.890287
-0.840778
-0.766479
-0.681347
-0.590868
-0.497067
-0.402153
-0.30917
-0.222632
-0.152505
-0.121156
-0.182131
-0.366221
-0.532455
-0.654506
-0.698169
-0.688832
-0.686253
-0.685574
-0.931281
-0.920102
-0.870484
-0.796589
-0.711946
-0.622425
-0.530207
-0.437797
-0.348597
-0.267768
-0.205539
-0.183862
-0.267419
-0.451116
-0.597244
-0.693882
-0.699275
-0.690123
-0.683779
-0.68064
-0.960647
-0.94979
-0.90029
-0.826934
-0.742932
-0.654556
-0.564141
-0.474454
-0.389332
-0.314376
-0.260598
-0.246658
-0.363801
-0.538547
-0.64539
-0.685036
-0.702607
-0.694566
-0.685243
-0.682442
-0.988773
-0.978253
-0.929463
-0.856599
-0.773558
-0.686534
-0.598145
-0.511336
-0.430504
-0.361601
-0.316132
-0.316569
-0.454704
-0.643246
-0.694432
-0.66926
-0.706772
-0.7249
-0.728004
-0.724932
-1.01429
-1.00425
-0.95649
-0.884783
-0.802894
-0.717411
-0.631251
-0.547445
-0.470855
-0.408357
-0.370207
-0.386208
-0.538755
-0.768001
-0.937323
-0.900289
-0.886063
-0.878699
-0.876016
-0.865563
-1.03578
-1.02642
-0.980058
-0.90993
-0.82974
-0.746082
-0.662205
-0.581513
-0.508812
-0.452628
-0.422063
-0.447347
-0.62398
-0.859494
-1.26988
-1.34422
-1.1097
-1.06408
-1.05475
-1.04256
-1.05137
-1.04283
-0.998679
-0.930633
-0.852627
-0.771139
-0.689648
-0.611843
-0.54274
-0.491461
-0.470676
-0.491908
-0.689613
-0.769152
-0.678616
-0.741894
-0.986782
-1.12895
-1.12176
-1.11926
-1.05951
-1.05176
-1.01063
-0.945471
-0.870016
-0.791012
-0.711993
-0.636612
-0.570563
-0.522308
-0.51057
-0.530706
-0.715849
-0.666228
-0.317451
-0.449022
-0.888768
-1.14237
-1.15424
-1.15932
-1.05731
-1.05081
-1.01476
-0.952946
-0.880559
-0.804265
-0.727597
-0.653938
-0.589346
-0.543122
-0.535092
-0.600675
-0.885243
-1.28253
-1.74874
-2.24097
-2.39764
-2.1213
-1.67173
-1.46917
-1.04375
-1.03922
-1.00935
-0.952142
-0.883194
-0.80983
-0.735053
-0.662283
-0.596489
-0.548397
-0.538588
-0.619458
-1.07767
-1.96532
-2.90042
-3.31607
-3.40978
-3.17173
-2.79707
-2.53253
-1.01911
-1.01573
-0.993037
-0.942742
-0.877825
-0.807301
-0.733782
-0.660223
-0.591156
-0.533325
-0.50999
-0.53429
-0.916599
-1.43835
-2.05384
-2.43613
-2.42446
-2.15585
-1.83591
-1.58677
-0.985868
-0.98367
-0.96811
-0.92584
-0.865515
-0.797345
-0.72434
-0.64824
-0.572402
-0.500229
-0.436209
-0.39623
-0.373722
-0.356222
-0.177919
0.0851391
0.420813
0.731581
0.946456
1.06194
-0.948095
-0.946851
-0.936983
-0.904163
-0.848897
-0.782276
-0.708662
-0.629385
-0.543621
-0.453186
-0.343146
-0.220405
0.00117419
0.431189
1.03077
1.64844
2.1514
2.48653
2.67473
2.75464
-0.910782
-0.910096
-0.90498
-0.880329
-0.831024
-0.765263
-0.690965
-0.607471
-0.516094
-0.409626
-0.292007
-0.148516
0.0167685
0.42595
1.05743
1.68031
2.17736
2.49587
2.65932
2.72107
-0.876406
-0.875305
-0.873222
-0.858878
-0.815931
-0.751055
-0.674387
-0.589389
-0.496112
-0.391733
-0.276028
-0.154564
-0.0289049
0.202724
0.672568
1.12198
1.46977
1.69797
1.81835
1.8715
-0.848875
-0.847699
-0.847393
-0.839846
-0.80228
-0.736897
-0.658719
-0.574505
-0.484465
-0.387095
-0.282135
-0.182721
-0.0856682
0.0391906
0.34644
0.667924
0.919579
1.09172
1.18349
1.21828
-0.828085
-0.828266
-0.830763
-0.824906
-0.785714
-0.716411
-0.637878
-0.557449
-0.474269
-0.386282
-0.295582
-0.220587
-0.153054
-0.0821213
0.112364
0.328477
0.501158
0.616694
0.675314
0.69756
-0.775716
-0.777635
-0.782576
-0.776837
-0.738939
-0.675329
-0.604447
-0.533236
-0.460699
-0.384986
-0.309773
-0.25151
-0.205542
-0.163364
-0.0292927
0.111878
0.219898
0.291127
0.326371
0.337852
-0.670212
-0.672589
-0.675553
-0.670919
-0.646454
-0.603722
-0.553089
-0.499302
-0.442071
-0.380603
-0.319404
-0.274541
-0.246204
-0.224239
-0.125073
-0.0303527
0.0381604
0.0806815
0.100284
0.105969
-0.54827
-0.549522
-0.550434
-0.548909
-0.539501
-0.521109
-0.494858
-0.461208
-0.420811
-0.373447
-0.32362
-0.285305
-0.266028
-0.248631
-0.188265
-0.124886
-0.0785489
-0.0508474
-0.0378432
-0.0342413
-0.456881
-0.457441
-0.457786
-0.459057
-0.459382
-0.455778
-0.445676
-0.427438
-0.400535
-0.364562
-0.323438
-0.288323
-0.265552
-0.243306
-0.201319
-0.165414
-0.139528
-0.123022
-0.114941
-0.113002
-0.406671
-0.407051
-0.40751
-0.409718
-0.412843
-0.414553
-0.411672
-0.401945
-0.38392
-0.35685
-0.321075
-0.286798
-0.257408
-0.230996
-0.204413
-0.182165
-0.165955
-0.155254
-0.149823
-0.148847
-0.385452
-0.385779
-0.386211
-0.388168
-0.391143
-0.393347
-0.39253
-0.386524
-0.373133
-0.350549
-0.320086
-0.286158
-0.255
-0.227005
-0.212663
-0.200414
-0.186874
-0.17589
-0.169392
-0.168154
-0.381896
-0.382053
-0.382109
-0.383211
-0.385173
-0.386492
-0.385568
-0.380472
-0.368478
-0.348205
-0.320795
-0.293523
-0.268575
-0.247061
-0.236103
-0.222261
-0.206135
-0.19236
-0.184201
-0.183416
-0.391856
-0.391765
-0.391324
-0.391418
-0.39201
-0.391885
-0.389659
-0.38368
-0.371132
-0.350729
-0.324068
-0.303529
-0.292765
-0.29181
-0.277694
-0.253213
-0.229768
-0.213505
-0.204667
-0.204222
-0.415024
-0.414664
-0.413829
-0.413098
-0.412358
-0.410506
-0.406409
-0.39842
-0.383607
-0.360971
-0.330866
-0.310652
-0.307561
-0.323742
-0.306937
-0.277939
-0.254898
-0.240892
-0.235147
-0.234052
-0.451758
-0.451239
-0.450165
-0.44882
-0.447102
-0.444036
-0.438639
-0.429344
-0.412796
-0.386535
-0.348548
-0.316494
-0.306176
-0.319397
-0.305602
-0.278587
-0.255413
-0.241995
-0.236379
-0.236596
-0.502279
-0.5015
-0.500304
-0.498842
-0.496938
-0.49409
-0.489711
-0.482378
-0.468364
-0.442196
-0.395093
-0.338436
-0.305633
-0.309721
-0.297469
-0.269723
-0.243213
-0.224782
-0.219457
-0.220277
-0.565764
-0.564884
-0.563929
-0.562988
-0.562243
-0.562139
-0.563168
-0.565067
-0.565061
-0.553948
-0.504104
-0.414151
-0.350958
-0.337707
-0.314473
-0.269307
-0.227633
-0.200018
-0.192931
-0.195476
-0.638649
-0.637905
-0.637769
-0.638418
-0.640897
-0.647295
-0.660433
-0.68378
-0.718805
-0.751606
-0.709572
-0.572842
-0.463827
-0.425757
-0.37038
-0.292781
-0.219377
-0.178578
-0.174432
-0.177015
-0.71228
-0.712015
-0.713344
-0.716776
-0.724783
-0.741885
-0.774886
-0.834712
-0.93191
-1.04184
-1.02471
-0.822697
-0.647859
-0.567116
-0.46972
-0.347145
-0.245902
-0.189434
-0.190128
-0.196365
-0.771935
-0.772451
-0.775638
-0.782608
-0.79763
-0.828002
-0.885856
-0.992485
-1.17114
-1.3855
-1.39829
-1.12262
-0.886289
-0.753675
-0.617594
-0.473474
-0.36595
-0.331041
-0.330224
-0.335254
-0.799498
-0.800869
-0.805809
-0.815877
-0.83711
-0.87949
-0.959776
-1.10861
-1.35923
-1.65017
-1.70305
-1.38536
-1.10749
-0.953556
-0.797076
-0.672527
-0.591917
-0.572972
-0.568262
-0.568888
-0.779577
-0.781558
-0.787145
-0.798851
-0.823482
-0.872004
-0.963435
-1.13239
-1.41613
-1.73884
-1.81615
-1.52159
-1.25378
-1.11319
-0.995338
-0.909407
-0.858526
-0.837255
-0.82862
-0.825806
-0.706581
-0.708775
-0.714075
-0.72538
-0.749099
-0.795761
-0.883832
-1.04697
-1.31772
-1.61358
-1.68236
-1.45528
-1.27437
-1.17974
-1.16644
-1.15538
-1.10348
-1.06805
-1.04973
-1.04172
-0.589772
-0.591292
-0.595179
-0.603944
-0.623046
-0.66116
-0.733573
-0.868399
-1.09337
-1.33037
-1.37461
-1.24298
-1.1487
-1.14129
-1.2459
-1.29507
-1.23268
-1.182
-1.15377
-1.14037
-0.446244
-0.447522
-0.449855
-0.455244
-0.467996
-0.494212
-0.544868
-0.640726
-0.80717
-0.993325
-1.03933
-0.974805
-0.945322
-0.969733
-1.10658
-1.21344
-1.1387
-1.09175
-1.06453
-1.05112
-0.300442
-0.301025
-0.301701
-0.303923
-0.310525
-0.325093
-0.35418
-0.410828
-0.51629
-0.656151
-0.7124
-0.683982
-0.624681
-0.642713
-0.755888
-0.856091
-0.835217
-0.810505
-0.796799
-0.789808
-0.169517
-0.169616
-0.169278
-0.169668
-0.172003
-0.177881
-0.190216
-0.215108
-0.265537
-0.341032
-0.385782
-0.35245
-0.298012
-0.315211
-0.40899
-0.464801
-0.469895
-0.466654
-0.465526
-0.465239
-0.0187826
-0.0181358
-0.0169936
-0.0159796
-0.0157689
-0.0160277
-0.0165939
-0.0175057
-0.0188124
-0.021796
-0.0385928
-0.0366998
-0.0311321
-0.0386765
-0.0493976
-0.0459511
-0.0490339
-0.0512397
-0.0527576
-0.175015
-1.42787
-0.736316
-0.286413
-0.0143101
0.187956
0.344736
0.469167
0.573975
0.681557
0.759616
-0.393042
-0.16964
0.0231149
0.187709
0.324837
0.437851
0.530899
0.606468
0.652601
0.660526
-0.0181811
0.110442
0.230569
0.34055
0.435324
0.515584
0.581304
0.630898
0.663715
0.683424
0.212427
0.298552
0.380703
0.457725
0.525392
0.583058
0.630378
0.667496
0.696169
0.716024
0.377766
0.436319
0.49833
0.554559
0.604678
0.648089
0.684802
0.715252
0.74027
0.757662
0.506992
0.550128
0.598483
0.641138
0.680432
0.715551
0.746197
0.772411
0.79419
0.808686
0.613974
0.650174
0.688289
0.724358
0.757917
0.788669
0.815996
0.839493
0.858649
0.870609
0.709818
0.742323
0.776548
0.810301
0.841916
0.870996
0.896783
0.918636
0.935691
0.945657
0.80258
0.836194
0.871315
0.906059
0.937956
0.96669
0.991644
1.01223
1.02756
1.03656
0.905614
0.943844
0.981861
1.01852
1.05095
1.07902
1.10264
1.12168
1.13566
1.14518
1.03317
1.07613
1.11521
1.15092
1.1814
1.20712
1.22876
1.24638
1.25989
1.27119
1.19481
1.23657
1.27042
1.29939
1.32388
1.34547
1.36511
1.38255
1.39757
1.41133
1.38535
1.41486
1.43672
1.45595
1.47425
1.49165
1.50783
1.52356
1.54029
1.55756
1.58218
1.59285
1.60518
1.61976
1.63433
1.64727
1.6586
1.66946
1.68221
1.69779
1.76925
1.77884
1.7885
1.79053
1.79109
1.79531
1.80618
1.82255
1.83991
1.84462
2.07389
2.01505
1.96337
1.92335
1.90099
1.89695
1.91049
1.94421
2.00021
2.07955
0.610132
0.553024
0.510629
0.47709
0.452755
0.43533
0.422816
0.413824
0.40763
0.404049
0.403533
0.406276
0.411628
0.419504
0.430369
0.445303
0.466045
0.494764
0.533189
0.581267
0.414513
0.423539
0.429679
0.430285
0.426298
0.419891
0.413285
0.407709
0.403766
0.40199
0.403029
0.406513
0.411728
0.418211
0.425146
0.430821
0.432839
0.429491
0.421105
0.413918
0.390067
0.392165
0.396761
0.400511
0.403512
0.405251
0.405008
0.40319
0.400898
0.39921
0.399082
0.40077
0.403388
0.405953
0.407358
0.406768
0.404412
0.401153
0.397021
0.392575
0.383898
0.384798
0.387303
0.389941
0.391876
0.393324
0.394464
0.394993
0.394823
0.394464
0.394659
0.395575
0.3965
0.396775
0.396209
0.395122
0.393643
0.391451
0.388808
0.386771
0.37847
0.378935
0.380348
0.382404
0.384341
0.385858
0.38697
0.387874
0.388577
0.38907
0.389532
0.389949
0.390042
0.389734
0.389109
0.388082
0.386523
0.384604
0.382888
0.381849
0.373414
0.373703
0.374626
0.376115
0.377774
0.379393
0.380785
0.3819
0.382848
0.383679
0.384314
0.384604
0.384524
0.384113
0.383309
0.382108
0.380679
0.37925
0.378102
0.377461
0.368574
0.368776
0.369475
0.370675
0.372086
0.37356
0.375044
0.376414
0.377596
0.378617
0.379392
0.379731
0.379618
0.379078
0.378178
0.377083
0.37593
0.374801
0.373937
0.373483
0.363908
0.364059
0.364621
0.365654
0.366935
0.368314
0.369766
0.371248
0.372655
0.373887
0.374828
0.375264
0.375142
0.374588
0.373779
0.372847
0.37187
0.370933
0.370252
0.36991
0.359376
0.359492
0.359955
0.360869
0.362073
0.363402
0.364816
0.36631
0.367836
0.369292
0.370449
0.371008
0.370986
0.370584
0.36995
0.369178
0.368337
0.367556
0.367015
0.366752
0.354922
0.355011
0.355402
0.356243
0.35741
0.358717
0.360128
0.361649
0.363266
0.364906
0.366307
0.367093
0.36729
0.367097
0.366648
0.36603
0.365318
0.364653
0.364218
0.364016
0.350524
0.350591
0.350927
0.351717
0.352866
0.354186
0.355669
0.357297
0.359036
0.360854
0.362537
0.363669
0.364168
0.364188
0.363885
0.363398
0.362814
0.362259
0.361915
0.361762
0.346136
0.346184
0.346476
0.347245
0.348416
0.349785
0.351331
0.353094
0.355083
0.357229
0.35929
0.360772
0.361527
0.361775
0.361685
0.361361
0.360889
0.360422
0.360152
0.360043
0.341756
0.341784
0.342033
0.342764
0.343925
0.345316
0.346908
0.348747
0.350891
0.353349
0.355871
0.357847
0.359067
0.359721
0.359945
0.359867
0.359577
0.359244
0.359065
0.359
0.337399
0.337415
0.33763
0.338319
0.339475
0.340925
0.342648
0.344723
0.347207
0.35011
0.353208
0.355774
0.357458
0.358457
0.358985
0.359166
0.359083
0.35892
0.358839
0.358808
0.332907
0.332918
0.333097
0.333717
0.334817
0.336275
0.338088
0.340362
0.343207
0.346684
0.350505
0.353777
0.356085
0.357621
0.358564
0.359117
0.359372
0.359457
0.359495
0.359485
0.327831
0.327841
0.328024
0.328603
0.329703
0.331233
0.333234
0.335837
0.339173
0.343336
0.348053
0.352244
0.355271
0.357391
0.358856
0.359839
0.360418
0.360744
0.360884
0.360886
0.321902
0.32191
0.322107
0.322704
0.323888
0.325602
0.327909
0.330978
0.335001
0.340106
0.345949
0.351188
0.355077
0.357875
0.359862
0.36125
0.362169
0.362719
0.362943
0.362953
0.314792
0.3148
0.315027
0.315722
0.317062
0.319058
0.321793
0.325481
0.330373
0.336633
0.34387
0.350437
0.355356
0.358952
0.361546
0.363404
0.364679
0.365443
0.365738
0.365753
0.30617
0.306177
0.306452
0.307303
0.308934
0.31137
0.314728
0.3193
0.325373
0.333146
0.342116
0.350247
0.356367
0.360854
0.364113
0.366473
0.368109
0.369056
0.369417
0.369442
0.295675
0.295682
0.296024
0.297097
0.299137
0.302187
0.306408
0.31215
0.31975
0.32943
0.340538
0.35057
0.358087
0.363625
0.367686
0.370629
0.372654
0.373806
0.374239
0.374272
0.282814
0.282818
0.283244
0.284611
0.287246
0.291171
0.296576
0.30388
0.313476
0.325559
0.339278
0.351575
0.360778
0.36755
0.372505
0.376128
0.378562
0.379938
0.380463
0.380506
0.266943
0.266944
0.267483
0.269259
0.272718
0.277847
0.284882
0.29428
0.306447
0.321531
0.338401
0.353368
0.364537
0.372759
0.37879
0.383135
0.386078
0.387727
0.388365
0.388416
0.247064
0.247067
0.247792
0.25017
0.254768
0.261603
0.270884
0.283108
0.298612
0.31742
0.338044
0.356118
0.369551
0.379449
0.386705
0.391934
0.395446
0.397428
0.398186
0.398238
0.221426
0.221438
0.222486
0.22587
0.232264
0.241624
0.254127
0.270209
0.290023
0.313382
0.338396
0.359996
0.375967
0.387745
0.396401
0.402646
0.406857
0.409235
0.410116
0.410159
0.187033
0.187074
0.188829
0.194178
0.203709
0.217086
0.234319
0.255629
0.280895
0.309687
0.339697
0.365187
0.383922
0.397752
0.407967
0.415395
0.42044
0.423268
0.424269
0.424286
0.138122
0.138422
0.142418
0.152287
0.167719
0.187591
0.21164
0.239797
0.271693
0.30672
0.342203
0.371826
0.393459
0.409451
0.421352
0.43013
0.436163
0.439508
0.440617
0.440587
0.0670149
0.0695361
0.0810141
0.100436
0.125579
0.154561
0.187273
0.223517
0.262909
0.304829
0.346316
0.380519
0.405446
0.423975
0.437967
0.448516
0.455937
0.460162
0.461626
0.461688
-0.00865274
-0.00220616
0.0181722
0.0477681
0.0829769
0.121338
0.16282
0.207319
0.25455
0.303995
0.352497
0.392452
0.421743
0.44374
0.460597
0.473676
0.483136
0.488501
0.490575
0.490899
-0.0727142
-0.0660425
-0.0389575
-0.000978723
0.0427792
0.0897288
0.139563
0.192072
0.246945
0.303652
0.358787
0.40403
0.437209
0.462239
0.48153
0.496419
0.50729
0.513976
0.516137
0.516402
-0.124802
-0.117617
-0.0868337
-0.0430098
0.007142
0.0610431
0.118029
0.177702
0.2396
0.303091
0.364369
0.414343
0.450835
0.478261
0.499325
0.515604
0.527592
0.535012
0.537315
0.537771
-0.167924
-0.160459
-0.127232
-0.0791354
-0.0239482
0.0355488
0.0984809
0.16434
0.23249
0.30212
0.368965
0.423115
0.462368
0.491695
0.514112
0.531402
0.544084
0.551949
0.554741
0.555321
-0.204778
-0.197158
-0.162279
-0.110925
-0.0515403
0.0126582
0.0806636
0.1519
0.225589
0.300746
0.372612
0.430455
0.47206
0.502894
0.526285
0.544204
0.557264
0.565362
0.568519
0.56918
-0.237326
-0.229614
-0.193519
-0.139477
-0.0766113
-0.00840651
0.0640485
0.140061
0.218739
0.29894
0.375425
0.436642
0.48032
0.512383
0.536458
0.554704
0.567952
0.576147
0.579483
0.580119
-0.26696
-0.259152
-0.222077
-0.165718
-0.0999073
-0.0282258
0.0481605
0.128465
0.211715
0.296613
0.377479
0.441901
0.487519
0.520682
0.545311
0.56375
0.577085
0.58527
0.588714
0.589389
-0.294547
-0.286653
-0.248697
-0.190402
-0.122014
-0.0472551
0.0326323
0.116829
0.204298
0.293641
0.378741
0.446349
0.493905
0.528166
0.553366
0.572074
0.585453
0.593611
0.597084
0.597819
-0.320756
-0.312749
-0.274
-0.214037
-0.143305
-0.0658054
0.0172121
0.104947
0.196331
0.289895
0.379167
0.450006
0.499618
0.535117
0.560994
0.580017
0.593504
0.601613
0.604996
0.605788
-0.345971
-0.337819
-0.298285
-0.236894
-0.164038
-0.0840938
0.00174032
0.0926948
0.187702
0.28529
0.378697
0.452932
0.504828
0.541748
0.568444
0.587898
0.601553
0.609669
0.612945
0.613644
-0.370475
-0.362168
-0.321937
-0.259113
-0.184388
-0.10227
-0.0138906
0.0799909
0.178354
0.27978
0.37733
0.455168
0.509571
0.54813
0.575832
0.595855
0.609758
0.617889
0.621051
0.621603
-0.394369
-0.385803
-0.345031
-0.280847
-0.204453
-0.120385
-0.0297256
0.06681
0.168264
0.273334
0.374997
0.456593
0.513803
0.554282
0.583196
0.603916
0.618122
0.626236
0.629269
0.629686
-0.417718
-0.409029
-0.367551
-0.302167
-0.224267
-0.138459
-0.0457631
0.0531566
0.157436
0.26591
0.371586
0.457114
0.517459
0.560184
0.590538
0.612079
0.626611
0.634656
0.637495
0.637783
-0.440599
-0.431723
-0.389553
-0.323071
-0.243827
-0.15647
-0.0619678
0.0390699
0.145874
0.257483
0.367036
0.456626
0.520422
0.565769
0.597851
0.62034
0.635186
0.643076
0.645637
0.645792
-0.462986
-0.453913
-0.41105
-0.343543
-0.2631
-0.174372
-0.0782911
0.0246023
0.133645
0.248095
0.361321
0.454992
0.522517
0.570931
0.605139
0.628738
0.643805
0.651375
0.653576
0.653591
-0.484796
-0.47554
-0.431984
-0.363546
-0.282026
-0.192108
-0.0946502
0.00984274
0.120838
0.237798
0.354402
0.452086
0.523549
0.575492
0.612387
0.637408
0.652552
0.659472
0.661137
0.661006
-0.505976
-0.496531
-0.452311
-0.383034
-0.300554
-0.209598
-0.110967
-0.00510928
0.107541
0.226674
0.346282
0.447802
0.523297
0.579184
0.619503
0.646608
0.661802
0.667461
0.668173
0.667858
-0.526506
-0.516866
-0.472006
-0.401955
-0.318631
-0.226765
-0.127145
-0.0201516
0.0938633
0.21481
0.337019
0.442062
0.521538
0.581627
0.62617
0.656559
0.672451
0.676166
0.674825
0.674018
-0.546318
-0.536488
-0.491026
-0.420258
-0.336184
-0.243551
-0.143099
-0.0351893
0.0799232
0.202332
0.326684
0.434817
0.518098
0.582353
0.631701
0.666983
0.685621
0.688199
0.683267
0.680117
-0.565435
-0.555433
-0.509354
-0.437947
-0.353239
-0.259978
-0.158854
-0.0502564
0.0656896
0.189202
0.315216
0.425855
0.512719
0.580854
0.634998
0.676589
0.701188
0.707059
0.699866
0.682221
-0.583869
-0.573716
-0.5271
-0.455189
-0.370031
-0.27636
-0.174791
-0.0658248
0.0506034
0.174762
0.301915
0.414395
0.504587
0.576344
0.634045
0.681811
0.713765
0.72002
0.715216
0.67582
-0.601871
-0.591055
-0.544239
-0.471821
-0.386426
-0.292571
-0.190708
-0.0816625
0.0349169
0.159254
0.286933
0.400419
0.493116
0.56843
0.626417
0.67442
0.707532
0.716346
0.66533
0.603129
-0.620686
-0.606295
-0.560632
-0.487755
-0.402686
-0.308785
-0.20685
-0.0977571
0.0186171
0.142667
0.270161
0.383778
0.477186
0.557361
0.611554
0.643572
0.66939
0.648776
0.583206
0.514986
-0.640255
-0.640031
-0.579931
-0.500721
-0.416199
-0.322408
-0.222733
-0.113465
0.00241642
0.125782
0.252232
0.364932
0.456614
0.545593
0.576732
0.574238
0.583551
0.532867
0.461165
0.387568
-0.616168
-0.612982
-0.556136
-0.477929
-0.388685
-0.291327
-0.186956
-0.0752247
0.0432629
0.169401
0.288986
0.38789
0.469156
0.555436
0.583505
0.491919
0.413762
0.350871
0.278525
0.128713
-0.655206
-0.628408
-0.569338
-0.490458
-0.401263
-0.30433
-0.200616
-0.0896541
0.0276878
0.151963
0.268606
0.364118
0.43788
0.495399
0.473196
0.349359
0.230556
0.149354
0.0644878
-0.104366
-0.67954
-0.648292
-0.587776
-0.509044
-0.419997
-0.323362
-0.219662
-0.109626
0.00620001
0.127959
0.24089
0.331407
0.396236
0.4206
0.347917
0.182589
0.0415586
-0.0626527
-0.177912
-0.417434
-0.702812
-0.669567
-0.607646
-0.528313
-0.439227
-0.342724
-0.239473
-0.13051
-0.0164218
0.102433
0.210836
0.295164
0.347979
0.338802
0.203482
0.0106892
-0.166478
-0.314047
-0.477867
-0.865701
-0.725109
-0.691135
-0.628184
-0.54811
-0.458868
-0.362566
-0.260022
-0.152248
-0.04009
0.0755266
0.178766
0.256304
0.29268
0.249572
0.0626486
-0.155292
-0.376806
-0.57222
-0.833086
-1.45175
-0.74711
-0.713219
-0.649617
-0.569001
-0.479576
-0.383498
-0.281649
-0.175142
-0.0651001
0.0469997
0.144684
0.214519
0.233286
0.145986
-0.0676033
-0.298365
-0.530262
-0.736485
-0.939438
-1.64317
-0.769907
-0.736032
-0.672153
-0.591204
-0.501646
-0.405764
-0.304579
-0.199356
-0.0915559
0.0168287
0.108736
0.169741
0.167355
0.0298104
-0.180591
-0.406039
-0.617695
-0.758249
-0.791458
-0.843084
-0.793875
-0.760082
-0.69606
-0.615
-0.525476
-0.429942
-0.329588
-0.225921
-0.120765
-0.0166932
0.0688971
0.119227
0.0910805
-0.0798886
-0.283151
-0.48495
-0.650084
-0.721638
-0.742714
-0.749528
-0.819344
-0.785507
-0.7214
-0.640341
-0.551
-0.45598
-0.356699
-0.254892
-0.152787
-0.0536518
0.0251479
0.0622917
0.0130212
-0.183188
-0.377021
-0.554158
-0.680398
-0.712392
-0.714846
-0.715386
-0.846341
-0.812362
-0.748182
-0.667168
-0.578137
-0.483826
-0.38585
-0.286206
-0.18759
-0.0939759
-0.0226682
0.000796845
-0.0725999
-0.27922
-0.464253
-0.619941
-0.684943
-0.698762
-0.700668
-0.70045
-0.874718
-0.840703
-0.776351
-0.695417
-0.60681
-0.51338
-0.41694
-0.319773
-0.225069
-0.137493
-0.0744989
-0.0640433
-0.173643
-0.367923
-0.542132
-0.664605
-0.694811
-0.691299
-0.691473
-0.691127
-0.903964
-0.869701
-0.805629
-0.724868
-0.636819
-0.544453
-0.449787
-0.355413
-0.265005
-0.183958
-0.129391
-0.137204
-0.270771
-0.450529
-0.606839
-0.675087
-0.686368
-0.687051
-0.685813
-0.685399
-0.933738
-0.899418
-0.835673
-0.755169
-0.66783
-0.576712
-0.484047
-0.392765
-0.306974
-0.232973
-0.18631
-0.213752
-0.365246
-0.523835
-0.66073
-0.700272
-0.694768
-0.68653
-0.681815
-0.679832
-0.963059
-0.929257
-0.865617
-0.785768
-0.699318
-0.609647
-0.519199
-0.431272
-0.350358
-0.283597
-0.245652
-0.28883
-0.463254
-0.594724
-0.682107
-0.721005
-0.702391
-0.688755
-0.683428
-0.68147
-0.991164
-0.958031
-0.894995
-0.815918
-0.730566
-0.642546
-0.554512
-0.470082
-0.394321
-0.334639
-0.307248
-0.361921
-0.560725
-0.692321
-0.671622
-0.681418
-0.717819
-0.728717
-0.726346
-0.723299
-1.01663
-0.984481
-0.922621
-0.844641
-0.760579
-0.674452
-0.589013
-0.508078
-0.437611
-0.385179
-0.365658
-0.437877
-0.651585
-0.881484
-0.911533
-0.890234
-0.878789
-0.878689
-0.870933
-0.86117
-1.03794
-1.00737
-0.946925
-0.870649
-0.788298
-0.704182
-0.621435
-0.543933
-0.478325
-0.433744
-0.418064
-0.517005
-0.730317
-1.0436
-1.4798
-1.19888
-1.07325
-1.05945
-1.04778
-1.04059
-1.05335
-1.02489
-0.966546
-0.892471
-0.81224
-0.730388
-0.650198
-0.576084
-0.514258
-0.476993
-0.467161
-0.578868
-0.758138
-0.745515
-0.61217
-0.862423
-1.09052
-1.12302
-1.12014
-1.1193
-1.06112
-1.0352
-0.979988
-0.908617
-0.830856
-0.751497
-0.673738
-0.602269
-0.543515
-0.51079
-0.516997
-0.624331
-0.722225
-0.513254
-0.303119
-0.675328
-1.06783
-1.15194
-1.15716
-1.15881
-1.05952
-1.03692
-0.985852
-0.917671
-0.842793
-0.765973
-0.690309
-0.620164
-0.563434
-0.532414
-0.551471
-0.719523
-1.0703
-1.52393
-2.00384
-2.36627
-2.31849
-1.88675
-1.52746
-1.48049
-1.04563
-1.02821
-0.983095
-0.918637
-0.847018
-0.772599
-0.698339
-0.628252
-0.5696
-0.537044
-0.556714
-0.793236
-1.46829
-2.50239
-3.1418
-3.4187
-3.32186
-2.98815
-2.63845
-2.4793
-1.02066
-1.00788
-0.97061
-0.91143
-0.84322
-0.77091
-0.696925
-0.625062
-0.560295
-0.514163
-0.514898
-0.689449
-1.16432
-1.74423
-2.28856
-2.48509
-2.30671
-1.99553
-1.69755
-1.53728
-0.987117
-0.978575
-0.950124
-0.897159
-0.832154
-0.76148
-0.686729
-0.610089
-0.536069
-0.46465
-0.420221
-0.362684
-0.386128
-0.284162
-0.0590246
0.248178
0.586093
0.852386
1.01571
1.08931
-0.949105
-0.944011
-0.923836
-0.878571
-0.816567
-0.746449
-0.669788
-0.587596
-0.499091
-0.40307
-0.28118
-0.131112
0.187435
0.717724
1.34587
1.91916
2.34028
2.59671
2.7265
2.76692
-0.911492
-0.90889
-0.895812
-0.858229
-0.799718
-0.729389
-0.650407
-0.563196
-0.464794
-0.352918
-0.221441
-0.0752102
0.174912
0.731219
1.37646
1.95018
2.35912
2.59417
2.70005
2.73082
-0.875861
-0.87468
-0.868944
-0.840809
-0.785648
-0.713788
-0.633117
-0.543663
-0.44668
-0.33348
-0.215599
-0.092887
0.0503983
0.421666
0.90888
1.30914
1.60004
1.76928
1.85129
1.88219
-0.848223
-0.847418
-0.846027
-0.825401
-0.771921
-0.698883
-0.617354
-0.530543
-0.437409
-0.333366
-0.23132
-0.133654
-0.0442205
0.174593
0.514516
0.802599
1.01677
1.14653
1.20666
1.22189
-0.827751
-0.829542
-0.830409
-0.810353
-0.753191
-0.6777
-0.598081
-0.516648
-0.431076
-0.339529
-0.2553
-0.186591
-0.126475
0.000472834
0.223942
0.42115
0.567146
0.651885
0.690122
0.699257
-0.776199
-0.780702
-0.782252
-0.763387
-0.708982
-0.640293
-0.568927
-0.497426
-0.423391
-0.345927
-0.277345
-0.228726
-0.18797
-0.106198
0.0442782
0.170493
0.260687
0.31232
0.334635
0.338059
-0.67122
-0.67422
-0.675017
-0.661478
-0.626581
-0.579128
-0.526633
-0.471409
-0.412079
-0.348521
-0.293599
-0.26019
-0.236586
-0.179686
-0.0756001
0.00760606
0.0627773
0.0929427
0.104385
0.105206
-0.548999
-0.550013
-0.550287
-0.545385
-0.531342
-0.50898
-0.478975
-0.441956
-0.397893
-0.347576
-0.302406
-0.275366
-0.260238
-0.221385
-0.155446
-0.099142
-0.062438
-0.0429018
-0.0350531
-0.0351596
-0.457337
-0.457494
-0.458368
-0.45951
-0.458245
-0.451617
-0.437537
-0.414912
-0.383481
-0.343915
-0.305724
-0.276702
-0.256447
-0.223637
-0.182147
-0.151136
-0.130073
-0.118068
-0.113305
-0.113952
-0.406987
-0.407123
-0.408387
-0.411302
-0.414041
-0.413737
-0.407745
-0.394031
-0.371323
-0.33877
-0.30389
-0.272278
-0.24383
-0.217746
-0.19289
-0.173258
-0.159888
-0.15194
-0.148766
-0.150015
-0.385698
-0.385871
-0.386972
-0.389636
-0.392445
-0.393422
-0.390474
-0.380856
-0.362782
-0.335794
-0.304168
-0.271106
-0.239278
-0.219643
-0.206901
-0.193427
-0.180916
-0.172036
-0.168102
-0.169338
-0.382051
-0.382014
-0.382493
-0.384165
-0.386011
-0.386444
-0.383751
-0.375364
-0.359605
-0.335062
-0.307024
-0.280902
-0.256546
-0.241067
-0.230406
-0.214266
-0.198641
-0.187439
-0.18288
-0.184721
-0.391896
-0.391532
-0.391269
-0.391712
-0.392126
-0.391119
-0.387255
-0.378465
-0.362058
-0.33777
-0.312887
-0.296302
-0.290235
-0.285988
-0.265674
-0.240979
-0.220699
-0.208044
-0.203493
-0.205451
-0.414938
-0.414259
-0.413429
-0.412783
-0.411653
-0.408817
-0.403055
-0.392452
-0.37355
-0.345779
-0.319361
-0.306334
-0.31741
-0.318404
-0.29265
-0.265055
-0.246811
-0.237198
-0.234107
-0.234501
-0.451578
-0.450769
-0.449498
-0.44806
-0.445802
-0.441676
-0.434629
-0.422435
-0.400842
-0.367423
-0.331426
-0.306642
-0.312956
-0.315005
-0.292141
-0.266369
-0.247133
-0.23837
-0.236097
-0.23709
-0.501942
-0.500944
-0.499604
-0.497976
-0.495663
-0.492131
-0.486528
-0.476468
-0.456955
-0.420274
-0.366771
-0.316841
-0.306931
-0.306789
-0.284391
-0.255187
-0.233364
-0.220394
-0.219538
-0.220386
-0.565332
-0.564412
-0.56345
-0.562576
-0.562085
-0.562491
-0.564124
-0.565525
-0.561758
-0.535334
-0.461455
-0.375385
-0.342099
-0.330676
-0.293826
-0.247556
-0.209775
-0.194762
-0.194979
-0.195516
-0.638201
-0.637763
-0.637963
-0.639333
-0.643462
-0.65285
-0.67068
-0.700152
-0.738142
-0.746065
-0.646125
-0.507943
-0.44057
-0.402398
-0.332264
-0.254634
-0.194932
-0.170689
-0.176275
-0.177081
-0.711954
-0.712482
-0.714707
-0.719993
-0.731882
-0.755837
-0.800653
-0.878696
-0.990825
-1.06031
-0.934161
-0.722849
-0.602376
-0.524824
-0.409542
-0.290345
-0.210121
-0.187601
-0.193531
-0.197767
-0.771877
-0.773704
-0.77848
-0.788756
-0.810363
-0.852501
-0.931445
-1.07235
-1.28271
-1.43521
-1.28071
-0.985422
-0.810031
-0.691244
-0.54248
-0.414373
-0.33707
-0.329147
-0.332682
-0.337621
-0.799778
-0.802879
-0.809936
-0.824588
-0.854947
-0.913462
-1.02341
-1.22011
-1.51181
-1.7304
-1.57696
-1.2307
-1.0221
-0.8775
-0.732473
-0.621947
-0.579456
-0.569604
-0.568011
-0.570667
-0.780178
-0.783826
-0.791969
-0.809002
-0.843934
-0.910771
-1.03573
-1.25857
-1.58594
-1.83023
-1.69184
-1.37179
-1.17142
-1.04787
-0.951423
-0.880121
-0.845548
-0.832263
-0.82641
-0.826747
-0.707401
-0.71095
-0.718709
-0.735141
-0.768763
-0.83306
-0.953521
-1.16909
-1.47545
-1.69082
-1.58729
-1.34347
-1.22453
-1.16545
-1.16729
-1.12775
-1.08202
-1.05738
-1.04446
-1.04135
-0.590337
-0.592846
-0.598717
-0.611752
-0.639066
-0.691786
-0.791058
-0.970046
-1.22214
-1.38477
-1.31318
-1.18606
-1.13618
-1.18694
-1.29063
-1.27059
-1.20427
-1.16559
-1.14541
-1.13839
-0.446857
-0.448445
-0.451965
-0.460411
-0.478947
-0.515554
-0.585502
-0.714796
-0.906998
-1.03961
-1.00897
-0.95349
-0.935973
-1.02991
-1.18671
-1.16693
-1.11282
-1.07593
-1.05644
-1.04865
-0.300824
-0.301221
-0.302488
-0.306522
-0.316533
-0.337261
-0.377954
-0.456373
-0.587164
-0.700543
-0.703784
-0.65605
-0.615672
-0.689475
-0.836296
-0.8494
-0.821453
-0.802509
-0.792667
-0.788003
-0.169711
-0.169383
-0.169359
-0.170516
-0.174376
-0.182988
-0.200545
-0.23604
-0.303062
-0.372896
-0.371226
-0.326042
-0.289744
-0.35655
-0.445658
-0.469865
-0.468098
-0.465834
-0.46544
-0.46468
-0.0630933
-0.0630431
-0.0624763
-0.0621926
-0.0623889
-0.0635025
-0.0662218
-0.0719799
-0.084005
-0.107811
-0.11833
-0.0897548
-0.0686797
-0.102327
-0.14185
-0.164721
-0.171193
-0.172164
-0.173508
-0.175021
-1.02316
-0.472805
-0.140063
0.0914023
0.270439
0.409336
0.524066
0.624837
0.733526
0.721936
-0.24357
-0.0697391
0.10925
0.259642
0.384213
0.486529
0.571166
0.634415
0.660779
0.666911
0.0595817
0.170984
0.287505
0.389809
0.477241
0.550315
0.608267
0.649133
0.67539
0.692098
0.264302
0.340117
0.420305
0.492808
0.555498
0.608025
0.650148
0.682732
0.707795
0.726104
0.415528
0.470378
0.527109
0.580463
0.627228
0.667262
0.700763
0.728402
0.750606
0.768814
0.535602
0.575367
0.620209
0.661274
0.698545
0.731425
0.759859
0.783872
0.802886
0.820754
0.637177
0.66922
0.706657
0.74146
0.773684
0.80279
0.828254
0.849663
0.86588
0.883523
0.729379
0.759069
0.79368
0.82639
0.856818
0.884338
0.908248
0.927834
0.941711
0.959253
0.821482
0.853349
0.889003
0.922374
0.952755
0.979672
1.00253
1.02061
1.0328
1.0505
0.926109
0.962638
1.00066
1.03528
1.06553
1.0914
1.11275
1.1293
1.14071
1.15893
1.0558
1.0959
1.13369
1.1668
1.1948
1.21843
1.23809
1.25357
1.26549
1.28394
1.21686
1.25414
1.28556
1.31209
1.33496
1.35553
1.37415
1.3903
1.40444
1.42245
1.40096
1.42645
1.4465
1.4652
1.48309
1.49991
1.51567
1.53174
1.54899
1.5681
1.58698
1.59876
1.61229
1.62721
1.64103
1.65312
1.66397
1.67545
1.68979
1.70839
1.77033
1.78491
1.79009
1.79065
1.79248
1.79986
1.81379
1.83179
1.84442
1.85793
2.04283
1.98851
1.94133
1.90985
1.89679
1.9014
1.92466
1.96939
2.03675
2.13226
0.473916
0.469231
0.461832
0.449937
0.436949
0.425468
0.416325
0.409486
0.404925
0.40291
0.404015
0.407896
0.413988
0.422242
0.432763
0.445329
0.458367
0.468238
0.474205
0.477598
0.395933
0.403017
0.408997
0.413208
0.414484
0.412712
0.409086
0.405176
0.402083
0.400644
0.401593
0.404524
0.408554
0.412802
0.415932
0.416418
0.413682
0.408521
0.401659
0.395788
0.386789
0.389794
0.393049
0.39554
0.397549
0.398993
0.399321
0.398545
0.397394
0.396814
0.397527
0.399133
0.400684
0.40131
0.400613
0.398996
0.396908
0.394092
0.390796
0.388455
0.381123
0.382578
0.384818
0.387064
0.388717
0.38992
0.390886
0.391511
0.391742
0.39193
0.392452
0.393022
0.393155
0.39273
0.391939
0.390758
0.388947
0.386667
0.384856
0.383772
0.375912
0.376735
0.378212
0.380024
0.381777
0.383217
0.384313
0.385222
0.385999
0.38664
0.387097
0.387239
0.387036
0.386523
0.385615
0.384247
0.382616
0.381013
0.37996
0.379304
0.370968
0.371527
0.372625
0.374069
0.375617
0.377144
0.378515
0.379663
0.380657
0.381508
0.382025
0.382116
0.38183
0.381145
0.380096
0.378852
0.377557
0.376387
0.375659
0.375203
0.366223
0.366643
0.367535
0.368788
0.370161
0.37161
0.37308
0.374462
0.375671
0.376686
0.377327
0.377456
0.377102
0.37636
0.375401
0.374361
0.373302
0.372375
0.371823
0.371482
0.361631
0.361958
0.36271
0.363838
0.365136
0.366526
0.367989
0.36949
0.370927
0.372171
0.37296
0.373132
0.37281
0.37218
0.371383
0.370496
0.369597
0.368845
0.368416
0.368153
0.357144
0.357403
0.358057
0.359111
0.360372
0.361732
0.363184
0.36472
0.366289
0.367758
0.36875
0.369099
0.368971
0.368535
0.367908
0.367165
0.366393
0.365774
0.365437
0.365231
0.352721
0.352928
0.353509
0.354516
0.355756
0.357129
0.358625
0.360243
0.361955
0.363661
0.364924
0.365537
0.365646
0.365402
0.364926
0.364328
0.363679
0.363171
0.362911
0.362751
0.348331
0.348496
0.349031
0.350029
0.351293
0.352728
0.354344
0.356131
0.358048
0.360013
0.361645
0.362599
0.362953
0.362878
0.362542
0.362061
0.361516
0.361096
0.360898
0.360775
0.343939
0.344065
0.34456
0.345553
0.346838
0.348302
0.349964
0.351894
0.354106
0.356493
0.358533
0.359823
0.360494
0.36074
0.360662
0.360354
0.359936
0.359611
0.359475
0.359386
0.339582
0.339674
0.340122
0.341087
0.342386
0.34391
0.345703
0.347816
0.350272
0.353075
0.355678
0.357539
0.358668
0.359238
0.359423
0.359332
0.359099
0.358901
0.35883
0.358769
0.335202
0.335263
0.335667
0.336589
0.337895
0.33949
0.341447
0.343868
0.346809
0.350237
0.353492
0.355887
0.357457
0.358412
0.358894
0.359122
0.359135
0.359095
0.359082
0.359036
0.330464
0.33053
0.330885
0.331744
0.33303
0.334686
0.336816
0.339532
0.342945
0.34708
0.351178
0.35435
0.356582
0.35807
0.359005
0.359616
0.359942
0.360095
0.360137
0.360092
0.324999
0.325067
0.325425
0.326297
0.327661
0.32951
0.331973
0.335207
0.339343
0.344423
0.349527
0.35356
0.356456
0.358502
0.359937
0.360886
0.361487
0.361795
0.361876
0.361825
0.318514
0.318586
0.318995
0.319939
0.32147
0.323602
0.326499
0.33036
0.33538
0.341638
0.348001
0.353105
0.356855
0.359549
0.361474
0.362833
0.363731
0.364187
0.364301
0.364242
0.310692
0.310782
0.31128
0.3124
0.314198
0.316759
0.320284
0.325028
0.33122
0.338959
0.346865
0.353234
0.357944
0.36137
0.363848
0.365626
0.366806
0.367386
0.367529
0.367462
0.301171
0.30128
0.301904
0.30329
0.305519
0.3087
0.313095
0.319013
0.326729
0.336335
0.346116
0.353981
0.359818
0.364063
0.367167
0.369415
0.370884
0.37159
0.371765
0.371688
0.289543
0.289681
0.29048
0.292245
0.295072
0.299112
0.304689
0.312149
0.321809
0.333739
0.345793
0.355452
0.362609
0.367842
0.371698
0.374444
0.37621
0.37705
0.377269
0.377182
0.27523
0.275409
0.27645
0.278738
0.282418
0.287652
0.294817
0.304316
0.316459
0.331257
0.346039
0.357817
0.36653
0.372913
0.377608
0.380915
0.383032
0.384043
0.384312
0.38421
0.257464
0.257723
0.259116
0.262107
0.266955
0.273847
0.283169
0.295356
0.310654
0.328949
0.346958
0.361202
0.371736
0.379465
0.385108
0.389103
0.39163
0.392852
0.393169
0.393044
0.234872
0.235291
0.23726
0.241315
0.247842
0.257106
0.269428
0.285174
0.304454
0.326968
0.348729
0.365788
0.378387
0.387649
0.394407
0.399182
0.402209
0.403671
0.404032
0.40388
0.205198
0.205951
0.208939
0.214785
0.223999
0.236793
0.253343
0.273798
0.298034
0.32553
0.351549
0.371733
0.386616
0.397585
0.405614
0.411318
0.414944
0.416666
0.417063
0.416874
0.164371
0.165909
0.1711
0.180453
0.194306
0.212545
0.235005
0.261533
0.291744
0.324932
0.355628
0.379171
0.396494
0.409311
0.418767
0.425559
0.429882
0.431863
0.432271
0.432042
0.104761
0.109435
0.120327
0.136679
0.158498
0.184791
0.215084
0.249016
0.286083
0.325495
0.361116
0.388124
0.407951
0.422692
0.433685
0.441699
0.446807
0.449042
0.44943
0.449173
0.033193
0.0418095
0.0617943
0.0886516
0.120433
0.155814
0.194556
0.236448
0.281039
0.327622
0.369343
0.40099
0.424409
0.442027
0.455353
0.465173
0.471624
0.474342
0.474742
0.474696
-0.0384934
-0.0238722
0.00515164
0.0420048
0.0832592
0.127602
0.174806
0.224698
0.276893
0.330759
0.37872
0.415117
0.442202
0.462842
0.478763
0.490845
0.498182
0.501148
0.502136
0.502274
-0.0968742
-0.0787562
-0.0440621
0.00014784
0.0490825
0.101241
0.156178
0.213583
0.272987
0.333733
0.387458
0.428079
0.458276
0.481284
0.49902
0.512365
0.520787
0.52488
0.526272
0.526479
-0.144723
-0.124579
-0.0856463
-0.0360343
0.0188837
0.0774134
0.138954
0.203032
0.269013
0.336075
0.395002
0.439282
0.472011
0.496829
0.515953
0.530366
0.539861
0.54447
0.546099
0.546306
-0.18484
-0.163644
-0.12151
-0.0676212
-0.00781446
0.0560087
0.123175
0.193086
0.264938
0.337711
0.40129
0.448708
0.483508
0.50973
0.529825
0.544983
0.555149
0.560224
0.561918
0.562121
-0.219753
-0.197841
-0.153203
-0.095839
-0.0319243
0.0364428
0.108518
0.183594
0.260725
0.338682
0.406475
0.456665
0.493189
0.520467
0.541187
0.556746
0.567196
0.572546
0.574318
0.574492
-0.25099
-0.228579
-0.181898
-0.121601
-0.0542221
0.0180995
0.0945402
0.174273
0.256238
0.339009
0.410746
0.463498
0.501536
0.52966
0.550787
0.566501
0.577078
0.582502
0.584269
0.584444
-0.279698
-0.2569
-0.208487
-0.145692
-0.0752855
0.000526931
0.0808657
0.164847
0.251305
0.33865
0.414187
0.469443
0.508945
0.537842
0.559348
0.575189
0.585809
0.591332
0.593008
0.593112
-0.306738
-0.283496
-0.233587
-0.168641
-0.0955479
-0.0166294
0.0672228
0.155095
0.245766
0.337506
0.416825
0.474607
0.515635
0.545392
0.56733
0.583362
0.594009
0.599545
0.601161
0.601143
-0.332561
-0.308841
-0.257711
-0.190791
-0.115279
-0.0335934
0.0534277
0.144872
0.239495
0.335493
0.418623
0.479096
0.521832
0.552599
0.575071
0.591348
0.602071
0.607538
0.609137
0.609091
-0.357512
-0.333299
-0.2811
-0.212345
-0.134691
-0.0505244
0.0393704
0.134088
0.232414
0.332562
0.419607
0.483011
0.527672
0.559621
0.582779
0.599412
0.610257
0.615646
0.617177
0.617096
-0.381796
-0.357144
-0.30386
-0.233459
-0.153901
-0.0675037
0.024982
0.122699
0.224492
0.328679
0.419752
0.486301
0.533151
0.566514
0.590523
0.607613
0.618612
0.623916
0.625319
0.625216
-0.405536
-0.380408
-0.326087
-0.25422
-0.172953
-0.084563
0.0102506
0.110695
0.215715
0.323783
0.418918
0.488886
0.538252
0.573291
0.59832
0.615946
0.627086
0.632262
0.633514
0.633358
-0.428772
-0.403114
-0.347827
-0.274644
-0.191853
-0.101686
-0.00479729
0.0980954
0.206063
0.317799
0.417017
0.490666
0.542907
0.579932
0.606168
0.624391
0.635642
0.640634
0.641689
0.641462
-0.451462
-0.425319
-0.369086
-0.294718
-0.210573
-0.118838
-0.0201194
0.0849411
0.195555
0.31072
0.413968
0.491496
0.54699
0.586399
0.614084
0.632936
0.644176
0.648862
0.649697
0.649412
-0.473617
-0.446986
-0.389847
-0.314404
-0.229058
-0.135957
-0.0356455
0.0713043
0.18427
0.30256
0.409685
0.491207
0.550318
0.592618
0.62213
0.641644
0.65265
0.656832
0.657397
0.657059
-0.495145
-0.468039
-0.410059
-0.333659
-0.247255
-0.152962
-0.0512862
0.0572843
0.17229
0.293343
0.404096
0.489629
0.552659
0.598431
0.630393
0.650757
0.661157
0.664422
0.664605
0.664241
-0.516051
-0.488422
-0.429693
-0.352421
-0.26509
-0.169778
-0.0669422
0.0429915
0.159701
0.283139
0.397171
0.486609
0.553725
0.603541
0.638892
0.660788
0.670265
0.671748
0.671169
0.670839
-0.536228
-0.508134
-0.448694
-0.370637
-0.282504
-0.186323
-0.0825306
0.0285107
0.146627
0.272052
0.388911
0.482021
0.553204
0.607437
0.647314
0.672294
0.681478
0.680077
0.677259
0.676592
-0.55575
-0.527153
-0.467011
-0.388249
-0.29942
-0.202508
-0.0979288
0.0139815
0.133205
0.260203
0.379369
0.475772
0.550822
0.6094
0.654694
0.684996
0.696761
0.693925
0.685124
0.66758
-0.574541
-0.545482
-0.484785
-0.405458
-0.316133
-0.218672
-0.11356
-0.00107158
0.118893
0.247022
0.367931
0.467168
0.546042
0.608451
0.659304
0.69699
0.715293
0.714838
0.699545
0.711201
-0.592702
-0.563063
-0.50198
-0.422207
-0.332597
-0.234758
-0.129412
-0.0166148
0.103696
0.232432
0.354458
0.455655
0.53831
0.603362
0.656893
0.699544
0.722429
0.719609
0.661314
0.643634
-0.610857
-0.580322
-0.518334
-0.438126
-0.348379
-0.250349
-0.145292
-0.0323786
0.0879177
0.216671
0.339064
0.440924
0.527081
0.593908
0.642183
0.683304
0.697681
0.664885
0.594159
0.55105
-0.630297
-0.598591
-0.533361
-0.452769
-0.362933
-0.265186
-0.16081
-0.0481466
0.0717014
0.199826
0.321741
0.423002
0.51078
0.581289
0.623611
0.633345
0.619061
0.561882
0.487755
0.442536
-0.229451
-0.120365
-0.00477875
0.1181
0.243549
0.355033
0.444543
0.304621
-0.647757
-0.631871
-0.593608
-0.525525
-0.441066
-0.348089
-0.24737
-0.139506
-0.0249655
0.0963448
0.220029
0.329958
0.416983
0.491286
0.542955
0.508702
0.370328
0.283126
0.214182
-0.667046
-0.654298
-0.610416
-0.540704
-0.456034
-0.363121
-0.262993
-0.155761
-0.042299
0.0773018
0.198244
0.304284
0.386011
0.444471
0.446036
0.344601
0.197265
0.0894966
-0.000802523
-0.689533
-0.677116
-0.630456
-0.559623
-0.474862
-0.381909
-0.281822
-0.175097
-0.0628003
0.0548723
0.172338
0.273117
0.347242
0.387246
0.345829
0.184723
0.0135034
-0.124888
-0.245438
-0.712085
-0.699523
-0.651382
-0.579422
-0.494305
-0.401398
-0.301654
-0.195803
-0.0849397
0.030394
0.143961
0.238982
0.304625
0.321714
0.234053
0.0293599
-0.17672
-0.364874
-0.545274
-0.733902
-0.721778
-0.672878
-0.599987
-0.514471
-0.421588
-0.322316
-0.217461
-0.108196
0.00449743
0.113751
0.202375
0.258546
0.240883
0.102182
-0.115741
-0.348648
-0.565438
-0.769021
-0.756046
-0.744289
-0.695154
-0.621681
-0.535841
-0.442944
-0.344075
-0.240154
-0.13253
-0.0225855
0.0821923
0.163991
0.208616
0.160289
-0.020058
-0.238123
-0.471501
-0.686803
-0.817294
-0.90164
-0.779376
-0.767825
-0.718522
-0.644771
-0.558801
-0.465984
-0.36759
-0.264716
-0.158958
-0.0521432
0.0476895
0.121947
0.152004
0.0810846
-0.132494
-0.34207
-0.547192
-0.704434
-0.751839
-0.779883
-0.803921
-0.792636
-0.743225
-0.669347
-0.583401
-0.490841
-0.393093
-0.291522
-0.187975
-0.0848071
0.00948584
0.0755119
0.0889243
-0.0207585
-0.233461
-0.429729
-0.602282
-0.700699
-0.723842
-0.728504
-0.829987
-0.818858
-0.769333
-0.695392
-0.60958
-0.517425
-0.420547
-0.320543
-0.219565
-0.12055
-0.0324766
0.0250903
0.0126624
-0.127347
-0.327553
-0.510833
-0.652021
-0.700913
-0.704872
-0.706643
-0.857492
-0.846403
-0.796854
-0.722865
-0.637279
-0.545676
-0.449878
-0.351701
-0.253658
-0.159274
-0.0780974
-0.0296496
-0.0677488
-0.228397
-0.415674
-0.586569
-0.676416
-0.696063
-0.69539
-0.695238
-0.88622
-0.875005
-0.825734
-0.751626
-0.66635
-0.575466
-0.480943
-0.384871
-0.290122
-0.200854
-0.126968
-0.089405
-0.144723
-0.322774
-0.495993
-0.638913
-0.681023
-0.68555
-0.688048
-0.688074
-0.915609
-0.90438
-0.855347
-0.781393
-0.696542
-0.606533
-0.513491
-0.419795
-0.32866
-0.24494
-0.178662
-0.152457
-0.22252
-0.408379
-0.56847
-0.676324
-0.70371
-0.690803
-0.68415
-0.682358
-0.945082
-0.933929
-0.88515
-0.811676
-0.727413
-0.638449
-0.547102
-0.456028
-0.368828
-0.290914
-0.232819
-0.21458
-0.315049
-0.493579
-0.624911
-0.700666
-0.702853
-0.692608
-0.684034
-0.680506
-0.973425
-0.962909
-0.914727
-0.841739
-0.758327
-0.67061
-0.581172
-0.492906
-0.409914
-0.337939
-0.288357
-0.28061
-0.410443
-0.587765
-0.66678
-0.667431
-0.696671
-0.69848
-0.694123
-0.692196
-1.00009
-0.989814
-0.943079
-0.87078
-0.788437
-0.702165
-0.614863
-0.529537
-0.450858
-0.385108
-0.343296
-0.351701
-0.497213
-0.705267
-0.778274
-0.723217
-0.765856
-0.784774
-0.789518
-0.783741
-1.02346
-1.01365
-0.9684
-0.897693
-0.816669
-0.732097
-0.647061
-0.564803
-0.490213
-0.430947
-0.396302
-0.417998
-0.581413
-0.826772
-1.16983
-1.20832
-1.03393
-0.984344
-0.976734
-0.961111
-1.04164
-1.03254
-0.989536
-0.920786
-0.841737
-0.759146
-0.676444
-0.597234
-0.526361
-0.472861
-0.446892
-0.471895
-0.662157
-0.852439
-1.08543
-1.16795
-1.10623
-1.10327
-1.09425
-1.09057
-1.05314
-1.04505
-1.00488
-0.938804
-0.86206
-0.781816
-0.701526
-0.624992
-0.557549
-0.507959
-0.492236
-0.507434
-0.699602
-0.667692
-0.326123
-0.415044
-0.895706
-1.14539
-1.14919
-1.14807
-1.05592
-1.04927
-1.01285
-0.950221
-0.8762
-0.79854
-0.720711
-0.646278
-0.581255
-0.534169
-0.5245
-0.561733
-0.773746
-0.867921
-0.834463
-1.15518
-1.36061
-1.33851
-1.22052
-1.18674
-1.04938
-1.04384
-1.01192
-0.953685
-0.882962
-0.808054
-0.732371
-0.659308
-0.594395
-0.548215
-0.53996
-0.616873
-1.00243
-1.73003
-2.5827
-3.12685
-3.2147
-2.83573
-2.36395
-2.05308
-1.03052
-1.0264
-1.00032
-0.948275
-0.881713
-0.809568
-0.735478
-0.66256
-0.59546
-0.543102
-0.529569
-0.586939
-1.06051
-1.82501
-2.66607
-3.07325
-3.18368
-2.97035
-2.65701
-2.38669
-1.00153
-0.998864
-0.979093
-0.934341
-0.872704
-0.803169
-0.729975
-0.655295
-0.583437
-0.518948
-0.477546
-0.473266
-0.666872
-0.929524
-1.16232
-1.20892
-1.01309
-0.742616
-0.492403
-0.338564
-0.965701
-0.964117
-0.951312
-0.914088
-0.857694
-0.790316
-0.717027
-0.639493
-0.558553
-0.478114
-0.388576
-0.302494
-0.131557
0.145354
0.587058
1.07553
1.51359
1.82852
2.00192
2.07034
-0.927909
-0.926994
-0.919978
-0.891552
-0.839736
-0.773753
-0.699839
-0.618357
-0.529283
-0.428713
-0.311142
-0.170996
0.0351793
0.49511
1.15277
1.80769
2.33646
2.67793
2.85123
2.91396
-0.892931
-0.892266
-0.888848
-0.869344
-0.823012
-0.757866
-0.682327
-0.59764
-0.504672
-0.397803
-0.28017
-0.145244
-0.00777055
0.308854
0.863968
1.39693
1.81815
2.08918
2.22659
2.27864
-0.860656
-0.859495
-0.858279
-0.848267
-0.808983
-0.744265
-0.666761
-0.581893
-0.489688
-0.388599
-0.277497
-0.167196
-0.05324
0.117197
0.504126
0.889204
1.18589
1.38516
1.49342
1.53948
-0.839507
-0.838723
-0.839744
-0.833421
-0.795448
-0.727951
-0.649414
-0.566582
-0.479566
-0.386477
-0.288267
-0.201312
-0.120763
-0.0276527
0.215251
0.479463
0.690524
0.834482
0.907972
0.935645
-0.808488
-0.809801
-0.813638
-0.807879
-0.768335
-0.699709
-0.623283
-0.546508
-0.468099
-0.385983
-0.30316
-0.237399
-0.180847
-0.126482
0.0331549
0.208378
0.345691
0.436455
0.482179
0.49966
-0.72854
-0.731184
-0.735263
-0.729568
-0.698004
-0.642799
-0.580709
-0.517361
-0.451963
-0.383149
-0.315144
-0.264087
-0.227662
-0.195782
-0.0809303
0.0339627
0.119325
0.174254
0.200347
0.208637
-0.607626
-0.609472
-0.611224
-0.608108
-0.591455
-0.561655
-0.523807
-0.480136
-0.431474
-0.37735
-0.322242
-0.281556
-0.259773
-0.242114
-0.16216
-0.0837421
-0.027495
0.00647666
0.0221934
0.0266682
-0.497221
-0.498043
-0.498514
-0.498567
-0.494981
-0.485364
-0.468489
-0.443484
-0.410429
-0.369087
-0.323927
-0.28723
-0.267662
-0.247582
-0.199804
-0.151373
-0.115325
-0.0931442
-0.0825658
-0.0798492
-0.42722
-0.427644
-0.428028
-0.429978
-0.432335
-0.43233
-0.42672
-0.413468
-0.391543
-0.360458
-0.322322
-0.28816
-0.261648
-0.237119
-0.20175
-0.17417
-0.15499
-0.142618
-0.136489
-0.135149
-0.393319
-0.393679
-0.394167
-0.396351
-0.399572
-0.401826
-0.400377
-0.393031
-0.377781
-0.353276
-0.32041
-0.285853
-0.254613
-0.226896
-0.207835
-0.190961
-0.176239
-0.166066
-0.160598
-0.159571
-0.38187
-0.382128
-0.382407
-0.383987
-0.386525
-0.38837
-0.387681
-0.382383
-0.37
-0.348843
-0.320116
-0.289249
-0.259702
-0.233583
-0.221929
-0.210355
-0.195939
-0.182969
-0.175026
-0.174116
-0.385245
-0.38528
-0.385084
-0.385673
-0.386969
-0.387633
-0.386159
-0.38082
-0.368807
-0.348746
-0.322159
-0.298888
-0.280527
-0.267029
-0.255678
-0.237389
-0.218439
-0.203937
-0.195766
-0.194902
-0.401757
-0.401539
-0.400889
-0.400539
-0.400452
-0.399353
-0.396287
-0.389377
-0.375789
-0.35456
-0.326754
-0.307534
-0.302096
-0.312081
-0.296322
-0.267291
-0.242544
-0.226491
-0.218816
-0.218256
-0.431808
-0.43135
-0.430219
-0.429174
-0.427891
-0.425319
-0.420379
-0.411533
-0.395587
-0.371106
-0.337494
-0.313256
-0.309407
-0.324846
-0.308914
-0.281519
-0.258312
-0.244187
-0.238817
-0.238622
-0.475291
-0.474595
-0.473439
-0.472012
-0.470081
-0.466887
-0.461616
-0.452631
-0.436512
-0.409315
-0.366467
-0.3234
-0.302581
-0.313106
-0.300891
-0.274158
-0.252061
-0.237228
-0.232708
-0.232508
-0.532534
-0.531687
-0.53055
-0.529235
-0.527693
-0.525819
-0.523418
-0.519532
-0.510478
-0.489005
-0.439419
-0.367233
-0.320624
-0.315814
-0.30054
-0.266668
-0.232569
-0.211044
-0.20308
-0.205259
-0.601428
-0.600578
-0.59995
-0.599652
-0.600225
-0.602844
-0.608989
-0.619775
-0.63409
-0.640844
-0.593252
-0.481958
-0.398819
-0.374683
-0.338442
-0.279085
-0.224419
-0.189175
-0.184814
-0.186942
-0.676165
-0.675615
-0.676136
-0.678036
-0.683009
-0.694277
-0.716423
-0.756195
-0.818909
-0.886036
-0.854065
-0.687296
-0.547151
-0.490061
-0.413388
-0.312311
-0.22306
-0.172919
-0.169889
-0.174761
-0.74497
-0.745068
-0.747305
-0.752464
-0.763903
-0.787513
-0.832684
-0.915359
-1.05254
-1.21602
-1.20908
-0.97145
-0.763311
-0.656424
-0.537164
-0.401345
-0.289238
-0.243299
-0.244171
-0.250296
-0.790853
-0.791805
-0.795889
-0.804564
-0.822993
-0.859812
-0.929773
-1.05936
-1.27686
-1.53525
-1.56854
-1.26619
-1.00601
-0.853345
-0.70717
-0.564139
-0.474767
-0.44512
-0.441792
-0.444599
-0.796167
-0.797957
-0.803491
-0.814611
-0.837533
-0.884099
-0.971809
-1.13429
-1.40788
-1.71501
-1.7909
-1.47954
-1.19089
-1.04379
-0.894622
-0.789381
-0.719868
-0.704694
-0.699213
-0.698314
-0.749517
-0.75161
-0.757215
-0.769002
-0.793744
-0.842311
-0.933903
-1.10334
-1.38588
-1.70215
-1.7792
-1.51108
-1.28317
-1.16192
-1.08419
-1.03548
-0.989913
-0.961713
-0.948604
-0.943382
-0.652584
-0.654602
-0.659331
-0.669588
-0.691346
-0.734401
-0.815852
-0.966972
-1.21756
-1.48456
-1.54028
-1.36285
-1.22388
-1.17558
-1.22774
-1.24494
-1.18873
-1.14545
-1.12171
-1.11078
-0.519088
-0.520952
-0.524273
-0.531477
-0.547515
-0.579895
-0.641796
-0.757708
-0.953998
-1.16367
-1.20488
-1.11094
-1.05949
-1.07514
-1.20746
-1.28796
-1.22051
-1.16628
-1.13634
-1.1221
-0.372515
-0.373439
-0.374896
-0.378618
-0.388144
-0.40835
-0.447899
-0.523546
-0.658873
-0.822278
-0.877093
-0.836689
-0.79573
-0.821127
-0.948901
-1.0491
-1.00757
-0.969015
-0.947482
-0.936514
-0.232351
-0.23268
-0.232772
-0.233919
-0.238125
-0.247934
-0.26788
-0.307183
-0.382369
-0.490216
-0.543781
-0.514987
-0.451582
-0.468849
-0.577788
-0.650464
-0.647841
-0.637066
-0.631136
-0.628034
-0.113032
-0.112989
-0.112504
-0.112708
-0.11393
-0.116984
-0.123573
-0.136935
-0.16255
-0.211686
-0.243688
-0.202683
-0.173166
-0.196253
-0.264675
-0.300597
-0.30854
-0.309953
-0.311613
-0.312849
-0.0631948
-0.0627525
-0.062342
-0.0621903
-0.0628009
-0.0646062
-0.0685885
-0.0769413
-0.0944615
-0.114911
-0.111965
-0.0722809
-0.0820856
-0.123931
-0.155029
-0.170163
-0.171799
-0.17267
-0.17441
-0.0532176
-0.72308
-0.362401
-0.113434
0.0926859
0.259237
0.393115
0.501793
0.59484
0.659526
0.656734
-0.184537
-0.0126958
0.13716
0.269984
0.38336
0.478562
0.557187
0.617589
0.65486
0.670445
0.106478
0.212218
0.311391
0.402731
0.482384
0.550122
0.605514
0.6477
0.678299
0.698452
0.300367
0.371591
0.442433
0.50809
0.565947
0.615554
0.656876
0.69022
0.717166
0.735674
0.446109
0.494748
0.550163
0.598722
0.642716
0.681358
0.714648
0.742738
0.766114
0.781894
0.562719
0.601441
0.643841
0.682896
0.718746
0.751256
0.779991
0.804667
0.825066
0.838099
0.662829
0.696593
0.731956
0.76661
0.798851
0.828481
0.854903
0.877464
0.895524
0.906267
0.755861
0.788185
0.822347
0.85652
0.888147
0.916968
0.942352
0.963568
0.979713
0.988906
0.851881
0.887417
0.923884
0.95987
0.992214
1.02075
1.04517
1.06503
1.07963
1.08853
0.965458
1.00631
1.04531
1.08229
1.11428
1.14144
1.16412
1.18233
1.19589
1.20607
1.10961
1.15299
1.19041
1.22364
1.25161
1.27542
1.2961
1.3135
1.3275
1.33976
1.28753
1.32457
1.35293
1.37697
1.39806
1.41746
1.43572
1.45284
1.46904
1.48441
1.48499
1.50443
1.52027
1.53652
1.55317
1.56864
1.58229
1.59544
1.61097
1.62887
1.67429
1.68199
1.69384
1.70554
1.71543
1.72463
1.73492
1.74628
1.75763
1.76494
1.89307
1.89135
1.88328
1.8663
1.85492
1.85436
1.86653
1.89138
1.92508
1.95268
2.30162
2.1148
2.01324
1.95587
1.92689
1.92024
1.93553
1.97617
2.05194
2.19823
-0.617855
-0.619181
-0.579566
-0.509439
-0.424984
-0.331258
0.529104
0.596242
0.595088
0.525983
0.459493
0.388111
0.143612
-0.0946395
-0.381258
-0.764279
-1.18917
)
;

boundaryField
{
    wall-4
    {
        type            zeroGradient;
    }
    pressure-outlet-7
    {
        type            fixedValue;
        value           uniform 0;
    }
    velocity-inlet-6
    {
        type            zeroGradient;
    }
    velocity-inlet-5
    {
        type            zeroGradient;
    }
    frontAndBackPlanes
    {
        type            empty;
    }
}


// ************************************************************************* //
