/*--------------------------------*- C++ -*----------------------------------*\
| =========                 |                                                 |
| \\      /  F ield         | OpenFOAM: The Open Source CFD Toolbox           |
|  \\    /   O peration     | Version:  v2012                                 |
|   \\  /    A nd           | Website:  www.openfoam.com                      |
|    \\/     M anipulation  |                                                 |
\*---------------------------------------------------------------------------*/
FoamFile
{
    version     2.0;
    format      ascii;
    class       volScalarField;
    location    "41";
    object      p;
}
// * * * * * * * * * * * * * * * * * * * * * * * * * * * * * * * * * * * * * //

dimensions      [0 2 -2 0 0 0 0];


internalField   nonuniform List<scalar> 
8800
(
0.854619
0.806566
0.768186
0.739538
0.718903
0.704133
0.693508
0.685978
0.681103
0.678991
0.680216
0.684387
0.69103
0.700348
0.71309
0.730668
0.755107
0.788715
0.831158
0.888283
0.687157
0.694361
0.702795
0.706205
0.704281
0.698746
0.692016
0.685829
0.681036
0.678134
0.677804
0.680276
0.684756
0.690731
0.697625
0.704234
0.708358
0.70784
0.701773
0.692792
0.66388
0.670055
0.674247
0.6776
0.680088
0.680869
0.679737
0.677559
0.675479
0.674515
0.675427
0.677781
0.680583
0.682778
0.683294
0.681751
0.678894
0.67525
0.670713
0.666927
0.658769
0.661467
0.664181
0.666482
0.668115
0.669422
0.670303
0.67047
0.670157
0.670057
0.67075
0.671858
0.67261
0.672519
0.671702
0.670491
0.66873
0.66622
0.66379
0.662259
0.653608
0.655029
0.656821
0.658865
0.660602
0.661886
0.662881
0.663711
0.664333
0.664859
0.665433
0.665828
0.665811
0.665423
0.664699
0.663473
0.661758
0.659865
0.658536
0.657713
0.648642
0.649555
0.650783
0.652353
0.653988
0.655489
0.656727
0.657756
0.658688
0.659526
0.660126
0.660354
0.660232
0.659749
0.65884
0.657593
0.656217
0.654932
0.654102
0.653558
0.643827
0.644491
0.645442
0.646729
0.648126
0.649573
0.650984
0.652253
0.653384
0.654406
0.655125
0.655396
0.655236
0.654659
0.653785
0.652779
0.651729
0.650779
0.650184
0.649785
0.639141
0.639652
0.640426
0.64154
0.642798
0.644149
0.645565
0.646988
0.648339
0.649567
0.65045
0.650802
0.650669
0.650185
0.6495
0.648711
0.647887
0.647169
0.646724
0.646414
0.634522
0.634929
0.635576
0.636567
0.637752
0.639049
0.640454
0.641954
0.643491
0.644962
0.646053
0.646554
0.646576
0.646283
0.645799
0.645202
0.644564
0.644026
0.643689
0.643439
0.629894
0.630225
0.630784
0.631697
0.632832
0.634111
0.635541
0.637122
0.638824
0.640556
0.64192
0.64267
0.64293
0.642858
0.642574
0.642171
0.641704
0.641313
0.641059
0.640851
0.625177
0.62545
0.625948
0.626815
0.62793
0.629229
0.630721
0.63242
0.634317
0.636339
0.638056
0.639141
0.639692
0.639868
0.639798
0.639584
0.639282
0.639017
0.638829
0.638652
0.620291
0.62052
0.620979
0.62183
0.622967
0.624329
0.625927
0.627801
0.629962
0.632351
0.634501
0.635981
0.636864
0.637317
0.637476
0.637451
0.63731
0.637156
0.637021
0.636867
0.615159
0.615351
0.61579
0.616656
0.617856
0.619326
0.621088
0.623207
0.625714
0.628571
0.631247
0.633195
0.634456
0.635217
0.635629
0.6358
0.63582
0.635769
0.635679
0.635542
0.609694
0.609856
0.610292
0.611201
0.612506
0.614132
0.616118
0.618558
0.621509
0.624963
0.628278
0.630777
0.632483
0.633601
0.6343
0.634697
0.634876
0.63492
0.63487
0.634746
0.603797
0.603932
0.604379
0.605359
0.606809
0.608645
0.610921
0.613758
0.61725
0.621421
0.625526
0.628715
0.630974
0.632516
0.633547
0.634195
0.634552
0.634696
0.634683
0.634568
0.597348
0.597456
0.597926
0.599005
0.600648
0.602763
0.605423
0.608779
0.612963
0.618029
0.623096
0.627105
0.630013
0.63205
0.633455
0.634388
0.63495
0.635199
0.635224
0.635115
0.590194
0.590288
0.590787
0.591995
0.593889
0.596357
0.599504
0.603523
0.608584
0.614762
0.620999
0.625995
0.62966
0.632293
0.634156
0.635417
0.636203
0.636566
0.636627
0.636522
0.582119
0.582202
0.582761
0.584115
0.586315
0.589233
0.592998
0.597837
0.60398
0.611532
0.619188
0.625371
0.629968
0.633317
0.635739
0.637403
0.638455
0.638944
0.639043
0.638937
0.572835
0.572892
0.573523
0.575088
0.577689
0.581185
0.585726
0.591604
0.599088
0.608309
0.617711
0.625342
0.631041
0.635245
0.638349
0.640497
0.641865
0.642499
0.642637
0.642528
0.561993
0.562031
0.562761
0.564612
0.567726
0.571967
0.57752
0.584748
0.593965
0.605287
0.616755
0.626056
0.633054
0.638265
0.642141
0.644881
0.646622
0.647419
0.647594
0.647476
0.549042
0.549067
0.549928
0.552155
0.555939
0.561151
0.568008
0.576939
0.588283
0.602142
0.616134
0.627468
0.636014
0.642429
0.647249
0.650698
0.652881
0.653859
0.654066
0.653933
0.533173
0.533193
0.53426
0.537029
0.541749
0.548301
0.556938
0.568149
0.582254
0.599251
0.61619
0.629813
0.64011
0.647897
0.653809
0.658066
0.660743
0.66191
0.662141
0.661985
0.513199
0.513224
0.51463
0.518241
0.524345
0.532814
0.543913
0.558137
0.575713
0.596494
0.616878
0.633142
0.645419
0.654758
0.661873
0.667046
0.670244
0.67159
0.671831
0.671645
0.487311
0.487368
0.489368
0.494377
0.50267
0.514006
0.528609
0.546871
0.568822
0.59411
0.618414
0.637588
0.652029
0.663058
0.671486
0.677642
0.681355
0.682847
0.683079
0.68286
0.452479
0.452659
0.45589
0.463508
0.475554
0.491318
0.510947
0.534538
0.561872
0.592385
0.621022
0.643311
0.660042
0.672858
0.682686
0.689824
0.693983
0.695558
0.695753
0.695498
0.402967
0.403998
0.41051
0.423493
0.442068
0.464674
0.491237
0.521561
0.555247
0.591591
0.624858
0.650391
0.669467
0.6841
0.695384
0.703447
0.707942
0.709505
0.709632
0.709341
0.330005
0.337393
0.352474
0.375409
0.403684
0.435443
0.470486
0.508597
0.549377
0.592127
0.630456
0.659569
0.681307
0.698046
0.710994
0.720056
0.724937
0.726552
0.726669
0.72642
0.251684
0.268532
0.292959
0.326546
0.365012
0.406089
0.449729
0.495879
0.544235
0.594199
0.638677
0.67245
0.697736
0.717283
0.732471
0.742928
0.748219
0.749818
0.749978
0.749881
0.18594
0.205941
0.238245
0.280796
0.328222
0.3781
0.430082
0.484115
0.539896
0.596865
0.64722
0.685346
0.713916
0.736035
0.753136
0.76443
0.769927
0.771815
0.772025
0.772017
0.132103
0.154002
0.191722
0.240689
0.29513
0.352378
0.411731
0.472999
0.535761
0.599384
0.655275
0.697432
0.728942
0.753251
0.771825
0.78418
0.790576
0.792373
0.792621
0.792655
0.0872946
0.110392
0.151822
0.205847
0.265954
0.329259
0.394903
0.46257
0.531686
0.601479
0.662521
0.708365
0.742512
0.768766
0.7887
0.801968
0.808892
0.810894
0.811266
0.811322
0.0489923
0.0727873
0.117045
0.175053
0.239898
0.308351
0.379447
0.45277
0.527625
0.603079
0.668864
0.718078
0.754563
0.7824
0.803279
0.817233
0.824623
0.827038
0.827504
0.827573
0.0152041
0.0394599
0.085959
0.147252
0.216103
0.289029
0.364956
0.443364
0.523449
0.604131
0.674327
0.726621
0.765138
0.79417
0.815725
0.830123
0.837884
0.840674
0.841269
0.841347
-0.0155113
0.0091419
0.0574725
0.121615
0.193905
0.27076
0.351011
0.434049
0.518981
0.604582
0.67895
0.734105
0.774395
0.804429
0.8265
0.84128
0.849335
0.852363
0.853018
0.853078
-0.0440487
-0.0190262
0.0308619
0.0974292
0.172794
0.253149
0.337288
0.424578
0.514055
0.604353
0.682748
0.740632
0.782547
0.813459
0.835925
0.850977
0.859212
0.862377
0.863038
0.863064
-0.0711289
-0.0457178
0.00569712
0.0742898
0.152418
0.2359
0.323566
0.414777
0.508535
0.603367
0.685723
0.746296
0.78979
0.82154
0.844433
0.859651
0.867985
0.871226
0.87192
0.871914
-0.097063
-0.0712396
-0.0186708
0.0519633
0.132528
0.218816
0.309688
0.404522
0.502324
0.601557
0.687861
0.751168
0.796305
0.828944
0.852286
0.867705
0.87607
0.879266
0.879971
0.879957
-0.122215
-0.0958377
-0.0422851
0.0301987
0.112952
0.201765
0.295556
0.393736
0.495347
0.598849
0.689136
0.755302
0.802217
0.835857
0.859698
0.875297
0.883678
0.886821
0.887431
0.88737
-0.146671
-0.119901
-0.0652364
0.0088821
0.0935884
0.184675
0.281117
0.382376
0.487557
0.595192
0.689517
0.758729
0.80762
0.842398
0.866802
0.882575
0.890897
0.893929
0.894444
0.894315
-0.170551
-0.143265
-0.0875986
-0.0120433
0.0744042
0.167526
0.266356
0.370424
0.47893
0.590536
0.688941
0.761437
0.812567
0.848669
0.873694
0.889592
0.897754
0.900586
0.900977
0.900797
-0.193946
-0.166069
-0.109459
-0.0326011
0.055392
0.150329
0.251295
0.357906
0.469469
0.584842
0.687336
0.763365
0.817081
0.854761
0.880472
0.896412
0.904292
0.906823
0.907083
0.906867
-0.216874
-0.188336
-0.13083
-0.0527818
0.0365894
0.133118
0.235987
0.344866
0.459198
0.578083
0.684623
0.764419
0.821128
0.860758
0.887282
0.903111
0.910488
0.912614
0.91273
0.912489
-0.239176
-0.210016
-0.151645
-0.0725529
0.0180307
0.115961
0.220491
0.331377
0.448174
0.570278
0.680732
0.764481
0.824613
0.866718
0.894347
0.909905
0.91641
0.917924
0.917874
0.917628
-0.260828
-0.231073
-0.171894
-0.0918631
-0.000225059
0.0989181
0.204899
0.317516
0.436475
0.561456
0.675613
0.763409
0.827369
0.872606
0.901956
0.917273
0.922354
0.922787
0.922479
0.922274
-0.281902
-0.251474
-0.191554
-0.11068
-0.0181143
0.082074
0.189298
0.303387
0.424194
0.551686
0.669226
0.761056
0.829151
0.878197
0.910286
0.926039
0.929306
0.927657
0.92658
0.926596
-0.302225
-0.271209
-0.210567
-0.128942
-0.0355786
0.0655122
0.173783
0.289098
0.411449
0.541068
0.661568
0.757273
0.829662
0.883016
0.91906
0.937
0.939422
0.934878
0.931306
0.930498
-0.321894
-0.290275
-0.228952
-0.146683
-0.0526547
0.0491864
0.158296
0.274589
0.398165
0.529531
0.6525
0.751795
0.828578
0.886407
0.927316
0.949977
0.954761
0.949501
0.939285
0.928861
-0.340837
-0.308666
-0.246842
-0.164104
-0.0696401
0.0327538
0.14241
0.259362
0.383791
0.516419
0.641352
0.743793
0.825265
0.887402
0.932805
0.961676
0.97005
0.960042
0.940291
0.931762
-0.358878
-0.32639
-0.264061
-0.181002
-0.0862337
0.0165456
0.12635
0.24375
0.368641
0.502009
0.628255
0.73283
0.819112
0.884882
0.930765
0.959401
0.971537
0.949003
0.882054
0.8521
-0.37555
-0.344673
-0.280233
-0.196835
-0.10166
0.00107931
0.110415
0.228005
0.352969
0.48646
0.613229
0.71862
0.809075
0.87841
0.916975
0.938316
0.934211
0.882638
0.813808
0.771921
-0.42591
-0.361763
-0.295021
-0.21248
-0.117207
-0.0149142
0.0946311
0.211907
0.336466
0.469369
0.595761
0.70079
0.791576
0.867509
0.880412
0.883847
0.842906
0.777121
0.701714
0.659937
-0.393266
-0.376434
-0.317066
-0.234227
-0.140405
-0.0383248
0.0703739
0.18694
0.310405
0.441616
0.565707
0.668505
0.75019
0.829633
0.823683
0.717473
0.617776
0.547579
0.476237
0.510067
-0.425063
-0.394876
-0.334256
-0.25223
-0.158349
-0.0564988
0.0523715
0.168301
0.290706
0.420077
0.541258
0.640148
0.713391
0.755804
0.711591
0.569551
0.447758
0.359896
0.263749
0.316155
-0.449284
-0.416686
-0.354335
-0.272174
-0.178279
-0.0765296
0.0322372
0.147348
0.268361
0.395312
0.512707
0.605847
0.669685
0.678255
0.576824
0.41059
0.264416
0.149799
0.0229599
0.0596232
-0.47306
-0.439062
-0.375414
-0.292468
-0.198483
-0.0968786
0.0113998
0.125557
0.244986
0.369168
0.481937
0.568493
0.616941
0.594708
0.440983
0.250795
0.0687217
-0.0936113
-0.277915
-0.285396
-0.496366
-0.461896
-0.397356
-0.313735
-0.219584
-0.118179
-0.0105122
0.102576
0.220179
0.341251
0.448787
0.528235
0.55827
0.500894
0.311864
0.105205
-0.103497
-0.280763
-0.528082
-0.796484
-0.520034
-0.485507
-0.420455
-0.336384
-0.242042
-0.140776
-0.0336472
0.0783547
0.194046
0.311813
0.413904
0.484972
0.495814
0.388252
0.199004
-0.00997348
-0.212254
-0.375001
-0.450035
-0.562522
-0.545025
-0.510374
-0.445047
-0.360751
-0.266358
-0.165322
-0.0588225
0.0519318
0.165408
0.279394
0.375642
0.436313
0.422965
0.28107
0.0981408
-0.0941429
-0.25984
-0.349849
-0.372364
-0.388976
-0.571614
-0.536813
-0.471301
-0.386931
-0.292671
-0.192032
-0.0863964
0.0228156
0.133669
0.243244
0.333214
0.380548
0.348874
0.181019
0.00660263
-0.160643
-0.287221
-0.325021
-0.337354
-0.33851
-0.600014
-0.564991
-0.499279
-0.414927
-0.320932
-0.220906
-0.116386
-0.00904448
0.0987617
0.203332
0.286282
0.319176
0.268869
0.0883712
-0.0767683
-0.224675
-0.300974
-0.317676
-0.318776
-0.318583
-0.630285
-0.594963
-0.528999
-0.44473
-0.351151
-0.251931
-0.148794
-0.0436654
0.0606915
0.159725
0.234722
0.255874
0.170744
0.00341953
-0.153676
-0.273151
-0.308913
-0.308063
-0.308007
-0.307484
-0.662139
-0.62658
-0.56036
-0.476251
-0.383234
-0.285046
-0.183583
-0.0810216
0.0194828
0.11253
0.179239
0.184528
0.0791321
-0.0762944
-0.214912
-0.288883
-0.298833
-0.301043
-0.301201
-0.300967
-0.695024
-0.65933
-0.593116
-0.50926
-0.416989
-0.320083
-0.220591
-0.120981
-0.0246995
0.0620581
0.120411
0.111029
-0.00408866
-0.146075
-0.259775
-0.293863
-0.299302
-0.298274
-0.297369
-0.296795
-0.728473
-0.692663
-0.62681
-0.543351
-0.452057
-0.356708
-0.259524
-0.163254
-0.0715957
0.00898231
0.0572704
0.0398497
-0.0807658
-0.206576
-0.293526
-0.305241
-0.29835
-0.2975
-0.29662
-0.295719
-0.761629
-0.725932
-0.660535
-0.577916
-0.487879
-0.394426
-0.299907
-0.207343
-0.120769
-0.0460808
-0.00780873
-0.0266047
-0.147344
-0.255656
-0.312699
-0.313583
-0.304638
-0.297051
-0.294135
-0.293311
-0.79291
-0.75801
-0.693366
-0.611999
-0.523659
-0.4325
-0.341047
-0.252522
-0.171436
-0.102737
-0.0686768
-0.10101
-0.198388
-0.29814
-0.327542
-0.327294
-0.306538
-0.290538
-0.28616
-0.284808
-0.820754
-0.786879
-0.724252
-0.644426
-0.558323
-0.469937
-0.382015
-0.297863
-0.222399
-0.160386
-0.12665
-0.17781
-0.241058
-0.285557
-0.339166
-0.330207
-0.323889
-0.316845
-0.311677
-0.308749
-0.843092
-0.81094
-0.750862
-0.673816
-0.590528
-0.505504
-0.421603
-0.342207
-0.272393
-0.217999
-0.186019
-0.252138
-0.297295
-0.238318
-0.279718
-0.357841
-0.426775
-0.444569
-0.434034
-0.426482
-0.857761
-0.828262
-0.771624
-0.698159
-0.618669
-0.537738
-0.458413
-0.384105
-0.320126
-0.274002
-0.244457
-0.335444
-0.424304
-0.383028
-0.391999
-0.49343
-0.554247
-0.568993
-0.562698
-0.560556
-0.862111
-0.836555
-0.784505
-0.715661
-0.640953
-0.564996
-0.490758
-0.421885
-0.363882
-0.326114
-0.298329
-0.431204
-0.664293
-0.985728
-0.963688
-0.732922
-0.634556
-0.612658
-0.60951
-0.60927
-0.854292
-0.833457
-0.787375
-0.724664
-0.655778
-0.585524
-0.516814
-0.453499
-0.401351
-0.370732
-0.35449
-0.50097
-0.680569
-0.896552
-0.87482
-0.716694
-0.671415
-0.650182
-0.646139
-0.644666
-0.831879
-0.81592
-0.778467
-0.723886
-0.66197
-0.597992
-0.534822
-0.476555
-0.429278
-0.403183
-0.40521
-0.456758
-0.359265
-0.107702
-0.0248822
-0.317406
-0.557776
-0.616575
-0.626152
-0.623487
-0.796966
-0.786429
-0.758192
-0.713356
-0.659294
-0.601773
-0.543641
-0.488843
-0.444167
-0.418882
-0.423328
-0.447221
-0.456397
-0.445981
-0.717671
-1.05915
-1.05321
-0.873303
-0.759484
-0.761322
-0.755294
-0.749274
-0.730794
-0.695479
-0.649348
-0.597345
-0.543017
-0.489615
-0.443323
-0.416485
-0.434472
-0.572925
-0.981516
-1.63147
-2.05392
-2.28251
-2.1938
-1.91967
-1.64391
-1.50067
-0.715201
-0.711777
-0.701764
-0.675235
-0.635084
-0.586792
-0.533895
-0.478803
-0.426162
-0.388273
-0.388446
-0.504028
-0.769225
-1.10289
-1.38295
-1.49222
-1.37321
-1.16662
-0.978782
-0.867455
-0.68342
-0.681339
-0.676296
-0.657288
-0.621424
-0.573683
-0.518733
-0.457594
-0.393134
-0.32318
-0.260979
-0.185569
-0.0922047
0.137243
0.41747
0.737669
1.03372
1.23298
1.34227
1.3863
-0.656798
-0.655944
-0.654654
-0.643599
-0.611526
-0.562292
-0.502085
-0.431858
-0.351814
-0.256803
-0.141888
0.0282344
0.338035
0.766278
1.26315
1.70839
2.05083
2.27908
2.39954
2.43529
-0.639572
-0.639061
-0.638889
-0.633375
-0.605624
-0.553964
-0.487057
-0.408072
-0.315193
-0.206488
-0.0743915
0.0597274
0.351512
0.803581
1.33845
1.83069
2.20773
2.43463
2.53789
2.56713
-0.627152
-0.626686
-0.626436
-0.625192
-0.602749
-0.549119
-0.475451
-0.390012
-0.291543
-0.179365
-0.0565817
0.0761926
0.254571
0.676553
1.15501
1.5818
1.90082
2.0845
2.16573
2.1879
-0.619995
-0.618403
-0.616982
-0.618333
-0.602356
-0.546594
-0.466276
-0.375276
-0.276508
-0.165621
-0.0512018
0.0715216
0.205246
0.495548
0.877708
1.19243
1.43063
1.56676
1.62632
1.64152
-0.625645
-0.624482
-0.62608
-0.629118
-0.609845
-0.543303
-0.454327
-0.358731
-0.260774
-0.15515
-0.0520261
0.0464805
0.137925
0.325285
0.588031
0.813412
0.983706
1.0798
1.12088
1.13041
-0.632239
-0.636152
-0.644163
-0.644067
-0.611674
-0.529493
-0.431613
-0.335307
-0.242501
-0.147724
-0.0631362
0.010672
0.0738005
0.200972
0.380629
0.529648
0.640017
0.701755
0.72719
0.732591
-0.587584
-0.594817
-0.605564
-0.602568
-0.562687
-0.479718
-0.387803
-0.300951
-0.220995
-0.142413
-0.0738901
-0.019289
0.0279369
0.107234
0.227976
0.325993
0.39482
0.431748
0.447005
0.448608
-0.447758
-0.455074
-0.463237
-0.460173
-0.430627
-0.376127
-0.314544
-0.25193
-0.191051
-0.130276
-0.0776262
-0.0407146
-0.00880645
0.0439159
0.119399
0.182302
0.224445
0.246963
0.255015
0.25524
-0.261175
-0.26533
-0.271311
-0.274702
-0.267851
-0.249636
-0.223655
-0.191705
-0.15515
-0.114537
-0.0799947
-0.056126
-0.0359965
0.00141792
0.0489557
0.0873649
0.112796
0.125669
0.130293
0.129836
-0.10407
-0.106106
-0.111539
-0.121661
-0.13336
-0.141772
-0.142621
-0.135184
-0.119346
-0.0965913
-0.0751453
-0.0592842
-0.0468871
-0.0220458
0.00783979
0.0316602
0.0458709
0.05226
0.0540818
0.0531996
-0.0118112
-0.0130195
-0.0181777
-0.0308771
-0.0503662
-0.0698825
-0.0840421
-0.0903579
-0.0880344
-0.0778816
-0.0659208
-0.0568877
-0.0498639
-0.0324174
-0.0127349
0.000449147
0.00757583
0.0103621
0.0108086
0.00984518
0.0270172
0.0261089
0.0217315
0.0103212
-0.00805369
-0.0283067
-0.0460757
-0.0584331
-0.0637031
-0.0617134
-0.0559618
-0.0506408
-0.0463404
-0.0348536
-0.0225208
-0.0147111
-0.0110776
-0.0100606
-0.0102039
-0.0111893
0.0358795
0.0352168
0.0319868
0.0233689
0.00891932
-0.00812868
-0.0244934
-0.0377204
-0.0459763
-0.048143
-0.0455493
-0.0408791
-0.0361029
-0.0282446
-0.0220576
-0.0189812
-0.0175091
-0.0172163
-0.0175813
-0.0185631
0.0311437
0.0306818
0.0284885
0.0225861
0.0123483
-0.000468285
-0.013787
-0.0256101
-0.0343
-0.038097
-0.036408
-0.0306155
-0.0241407
-0.0198308
-0.0186866
-0.0178743
-0.0172501
-0.0170999
-0.017443
-0.0184416
0.021662
0.0213365
0.0199085
0.0161036
0.00927473
0.000224533
-0.00982549
-0.0194886
-0.0274159
-0.0317736
-0.0304968
-0.0237596
-0.0157096
-0.0139827
-0.0156905
-0.0159867
-0.0154768
-0.0148313
-0.0149688
-0.0160053
0.0117374
0.0114901
0.0105696
0.00821998
0.00385979
-0.00227967
-0.00960161
-0.0172542
-0.0243059
-0.0291938
-0.0292438
-0.0237239
-0.0166262
-0.0173842
-0.0196742
-0.0188988
-0.016896
-0.0152599
-0.015127
-0.0162273
0.00333074
0.00312579
0.00251421
0.00107565
-0.00165652
-0.00577804
-0.0111342
-0.017277
-0.0237595
-0.0296666
-0.0329542
-0.0322724
-0.0303782
-0.0327182
-0.0326441
-0.0293905
-0.0252172
-0.0226626
-0.0222418
-0.0232957
-0.00283678
-0.00302281
-0.00347601
-0.00440917
-0.00616613
-0.00900489
-0.0130395
-0.0182207
-0.024478
-0.0319609
-0.0399459
-0.0470738
-0.0531305
-0.0558271
-0.0512196
-0.044463
-0.0390019
-0.0363733
-0.0360087
-0.0368868
-0.00669082
-0.00686457
-0.00723833
-0.00793137
-0.00913868
-0.0112396
-0.014399
-0.0188922
-0.0250824
-0.0342149
-0.0470364
-0.0626925
-0.0765676
-0.0777751
-0.0686492
-0.0597549
-0.0543018
-0.0518388
-0.0515725
-0.052193
-0.00852031
-0.00867358
-0.00899251
-0.00956786
-0.0105438
-0.0121889
-0.0148044
-0.0187469
-0.0246932
-0.0345831
-0.0500281
-0.0714018
-0.0900732
-0.0887373
-0.0769856
-0.0680031
-0.0634676
-0.0620686
-0.0619126
-0.0622702
-0.0088061
-0.00894672
-0.00923424
-0.00975547
-0.0105449
-0.011877
-0.0140976
-0.0174693
-0.0228449
-0.031836
-0.0467309
-0.0677647
-0.0848208
-0.0809887
-0.070825
-0.0645261
-0.0620756
-0.0615777
-0.0615474
-0.0618088
-0.00797118
-0.00809705
-0.00832225
-0.00875513
-0.00947446
-0.010464
-0.0122274
-0.0149224
-0.019061
-0.0259026
-0.0365128
-0.0509739
-0.0608669
-0.057043
-0.0521023
-0.0507006
-0.0506525
-0.0508048
-0.0509679
-0.0512327
-0.00636886
-0.00646997
-0.00662307
-0.00698107
-0.00754074
-0.00840773
-0.0096049
-0.0115262
-0.0142757
-0.0180525
-0.0226184
-0.0271939
-0.0290119
-0.0264979
-0.0276886
-0.0309389
-0.0325989
-0.0331494
-0.0335794
-0.033898
-0.00432072
-0.00438963
-0.00447746
-0.00469945
-0.00508971
-0.00581663
-0.00658362
-0.0076672
-0.00908495
-0.0103284
-0.00958085
-0.00463014
0.000889064
-6.11937e-05
-0.0061973
-0.0111775
-0.0130614
-0.0136876
-0.0144767
-0.0149351
-0.00231186
-0.00238669
-0.00242622
-0.00251503
-0.00280554
-0.00313387
-0.00373621
-0.00431943
-0.00464113
-0.00400536
-0.000934331
0.00943762
0.0215836
0.0165001
0.00587341
0.000945226
0.00080936
0.00103546
-0.000256674
-0.000894981
-0.000247998
-0.00031297
-0.000379542
-0.000418099
-0.000500621
-0.000733026
-0.000999461
-0.000955785
-0.000758418
-0.000419713
0.000544335
0.00357569
0.0105151
0.00989523
0.00531584
0.00337513
0.000864486
-0.000494567
-0.000326399
-3.22747e-05
-0.0870939
0.103251
0.307323
0.478132
0.614955
0.723395
0.813826
0.889547
0.920233
0.904008
0.24371
0.368909
0.49982
0.612994
0.708516
0.787833
0.851651
0.896294
0.919473
0.932251
0.466783
0.551593
0.640537
0.719772
0.787842
0.844703
0.889704
0.922813
0.947075
0.964906
0.628536
0.688632
0.751203
0.808991
0.859063
0.901472
0.936295
0.964405
0.987182
1.00542
0.755127
0.798267
0.845812
0.889523
0.928499
0.962515
0.991654
1.01619
1.03615
1.05408
0.859762
0.893149
0.931987
0.967711
1.00045
1.02989
1.05568
1.07753
1.09467
1.11226
0.952835
0.981907
1.01617
1.04856
1.07864
1.10597
1.12992
1.14986
1.16454
1.18199
1.04173
1.07127
1.10538
1.13764
1.16735
1.19405
1.21704
1.23554
1.24824
1.2657
1.13725
1.1709
1.20739
1.24117
1.27127
1.29747
1.31941
1.33653
1.348
1.36581
1.25224
1.29085
1.32912
1.36336
1.39264
1.41733
1.43764
1.45336
1.4647
1.48305
1.39701
1.43652
1.4721
1.50252
1.5281
1.55016
1.56918
1.58471
1.59737
1.6155
1.57179
1.60384
1.62964
1.65199
1.67205
1.6908
1.70843
1.72498
1.74073
1.75893
1.75941
1.77697
1.7925
1.8091
1.82526
1.83981
1.85283
1.86681
1.8839
1.90358
1.941
1.95198
1.96413
1.97492
1.98418
1.99374
2.00462
2.01621
2.02616
2.04134
2.15204
2.15406
2.1389
2.12367
2.11728
2.12295
2.14156
2.17198
2.20411
2.23486
2.45794
2.32089
2.24461
2.20252
2.18508
2.18911
2.21647
2.27261
2.37607
2.59135
0.75091
0.747533
0.741603
0.731792
0.718844
0.706413
0.696091
0.688127
0.682447
0.679131
0.678717
0.681415
0.686501
0.693727
0.703148
0.714825
0.727948
0.739933
0.747386
0.752104
0.66893
0.674815
0.681718
0.686952
0.689791
0.689452
0.686535
0.682593
0.679
0.676672
0.676465
0.678617
0.682267
0.686595
0.690522
0.692508
0.691385
0.687285
0.681386
0.67434
0.661293
0.66364
0.666985
0.669885
0.672093
0.673882
0.674824
0.674545
0.673483
0.672541
0.67265
0.674019
0.67579
0.677034
0.677052
0.675861
0.674038
0.671684
0.66852
0.665553
0.656172
0.657259
0.65912
0.661493
0.663442
0.664819
0.665894
0.666724
0.667153
0.667346
0.667769
0.668488
0.668978
0.668902
0.668345
0.667446
0.666022
0.663949
0.661827
0.660409
0.651106
0.651761
0.652865
0.654577
0.656369
0.657968
0.659209
0.660202
0.661076
0.661835
0.662487
0.662927
0.663005
0.662747
0.662144
0.661079
0.659614
0.658019
0.656682
0.655895
0.646219
0.646675
0.647454
0.64874
0.65022
0.651733
0.653171
0.654418
0.655496
0.656483
0.6573
0.657751
0.657799
0.657456
0.656704
0.655651
0.654472
0.653305
0.652376
0.651851
0.641474
0.641815
0.64242
0.643477
0.64475
0.646105
0.647522
0.648926
0.65023
0.651414
0.6524
0.652962
0.653028
0.652656
0.651968
0.651117
0.650211
0.649308
0.648615
0.64823
0.636831
0.637096
0.637584
0.638482
0.639632
0.640903
0.642265
0.643708
0.645177
0.646588
0.647787
0.648494
0.648648
0.648396
0.647894
0.647247
0.64653
0.645838
0.64532
0.645025
0.632219
0.632429
0.632834
0.633622
0.634693
0.635913
0.637257
0.638735
0.640322
0.64195
0.643404
0.64433
0.644681
0.644638
0.64434
0.643888
0.643354
0.642839
0.642454
0.642222
0.627556
0.627725
0.628071
0.628787
0.629811
0.631007
0.632373
0.633919
0.63564
0.637493
0.639248
0.640481
0.641113
0.64132
0.64124
0.640984
0.640633
0.640271
0.639995
0.639811
0.622764
0.6229
0.623204
0.623876
0.624884
0.626102
0.627527
0.629183
0.631086
0.633208
0.63533
0.636956
0.637928
0.638421
0.638584
0.638532
0.638356
0.638138
0.637952
0.637804
0.617765
0.617873
0.61815
0.618803
0.61983
0.621114
0.622644
0.62447
0.626628
0.629106
0.631687
0.63378
0.635142
0.635954
0.636381
0.636545
0.636544
0.636462
0.636353
0.636235
0.612477
0.612562
0.612821
0.613481
0.614564
0.615956
0.617644
0.619705
0.6222
0.625139
0.628292
0.630942
0.632758
0.633938
0.63466
0.635064
0.635247
0.635294
0.635254
0.635159
0.606809
0.606872
0.607122
0.60781
0.608983
0.610529
0.612433
0.614797
0.617708
0.621217
0.625072
0.628403
0.630775
0.632397
0.633465
0.634142
0.634527
0.634708
0.634733
0.634659
0.600652
0.600693
0.600942
0.601677
0.602978
0.604728
0.606916
0.609668
0.613108
0.617321
0.622036
0.626202
0.629248
0.631397
0.632864
0.633843
0.634469
0.634795
0.634884
0.634828
0.59388
0.593895
0.594143
0.594948
0.596416
0.598431
0.600989
0.604251
0.60837
0.613465
0.619235
0.624413
0.628258
0.631024
0.632955
0.634288
0.635187
0.635673
0.635829
0.635789
0.586287
0.586295
0.586554
0.587445
0.589132
0.591476
0.594505
0.598405
0.603383
0.609597
0.616671
0.623049
0.627839
0.631342
0.633848
0.63562
0.636824
0.637484
0.63771
0.637685
0.577627
0.577599
0.577906
0.578926
0.580875
0.583639
0.587262
0.591957
0.597979
0.605532
0.61419
0.622065
0.628028
0.632425
0.635619
0.637932
0.639511
0.640379
0.640684
0.640672
0.567605
0.567553
0.567902
0.569096
0.571385
0.574695
0.57908
0.584809
0.592197
0.601468
0.612069
0.621699
0.629009
0.63445
0.638465
0.641411
0.643431
0.64454
0.64493
0.644928
0.555762
0.555683
0.556104
0.55753
0.560262
0.564278
0.56965
0.576699
0.585793
0.597177
0.610138
0.621882
0.630818
0.637515
0.642506
0.646201
0.648753
0.650145
0.650623
0.650627
0.541431
0.541327
0.541866
0.543611
0.54693
0.551891
0.558578
0.567365
0.578657
0.592674
0.60849
0.622727
0.63355
0.641698
0.647841
0.652431
0.655612
0.657323
0.657891
0.657891
0.523621
0.523495
0.524231
0.526462
0.530642
0.536955
0.545479
0.556627
0.570796
0.588118
0.607332
0.624431
0.637378
0.647176
0.654631
0.660212
0.664087
0.666131
0.666779
0.666767
0.500861
0.500724
0.501796
0.504804
0.510316
0.518647
0.529797
0.544163
0.562045
0.583405
0.606621
0.626999
0.642346
0.653963
0.662863
0.669571
0.67419
0.676562
0.67727
0.677235
0.47081
0.470704
0.472394
0.476776
0.484566
0.496092
0.511141
0.529975
0.552657
0.578922
0.606723
0.630693
0.648619
0.662193
0.672623
0.680531
0.685879
0.688526
0.689261
0.689194
0.429357
0.429426
0.43249
0.439749
0.451769
0.468538
0.489381
0.514237
0.542899
0.574898
0.607795
0.635623
0.656252
0.671859
0.683911
0.693048
0.699041
0.701851
0.702557
0.702451
0.368817
0.370029
0.377545
0.391261
0.411025
0.436117
0.465107
0.49763
0.533384
0.571797
0.610131
0.641928
0.665294
0.682935
0.696581
0.706857
0.713376
0.716183
0.716751
0.716606
0.296266
0.29841
0.312876
0.336591
0.367149
0.402051
0.439943
0.480701
0.524127
0.569719
0.614488
0.651362
0.678473
0.699025
0.714831
0.7266
0.733877
0.736851
0.737502
0.73748
0.221583
0.228094
0.249574
0.283407
0.32427
0.368752
0.415554
0.464608
0.515808
0.568713
0.620131
0.662312
0.693325
0.716954
0.735314
0.748849
0.756747
0.75946
0.75995
0.760024
0.160827
0.16938
0.195476
0.23637
0.285182
0.337786
0.392615
0.449439
0.508061
0.568009
0.625791
0.672945
0.707557
0.733915
0.754303
0.769096
0.777322
0.780408
0.781368
0.781517
0.111223
0.120378
0.149997
0.196047
0.250926
0.310051
0.371622
0.435284
0.500667
0.567177
0.630932
0.682716
0.720581
0.749347
0.771511
0.787439
0.796559
0.800311
0.801471
0.801645
0.069531
0.0789444
0.110967
0.160974
0.220795
0.285319
0.35259
0.422194
0.493616
0.566121
0.635398
0.691438
0.732259
0.763141
0.786798
0.803707
0.813615
0.817839
0.819177
0.81935
0.0333071
0.042829
0.0766538
0.129823
0.193731
0.262858
0.335093
0.409944
0.486795
0.564772
0.639142
0.699099
0.742579
0.775217
0.799923
0.817477
0.828085
0.832735
0.834192
0.83439
0.000926797
0.0104919
0.0456882
0.101568
0.168908
0.241983
0.318613
0.39818
0.479983
0.563024
0.642165
0.705779
0.751639
0.785735
0.811228
0.829316
0.840337
0.845345
0.846921
0.84714
-0.0288196
-0.0191992
0.0171177
0.0753378
0.14563
0.222196
0.302731
0.386571
0.472948
0.560759
0.644448
0.711539
0.759589
0.794958
0.821121
0.83961
0.850894
0.85619
0.857823
0.858032
-0.0567232
-0.0470462
-0.00968926
0.0504798
0.123421
0.203109
0.28714
0.374878
0.465511
0.557855
0.645956
0.716436
0.766584
0.803125
0.829887
0.848665
0.860118
0.865541
0.86719
0.867415
-0.0832823
-0.0735269
-0.0352414
0.0266298
0.101982
0.184442
0.271633
0.362938
0.457538
0.554216
0.646643
0.720504
0.772758
0.810483
0.837862
0.856953
0.868544
0.873996
0.87564
0.875762
-0.108915
-0.0989972
-0.0598825
0.00357524
0.0810741
0.166016
0.256066
0.350636
0.448944
0.549762
0.646458
0.723764
0.778222
0.817227
0.845285
0.864696
0.876402
0.881814
0.8834
0.883513
-0.133826
-0.123679
-0.08385
-0.0188665
0.0605464
0.147712
0.240348
0.337911
0.439663
0.544434
0.645351
0.726219
0.783054
0.823489
0.852321
0.872074
0.883865
0.889213
0.890697
0.89078
-0.158084
-0.147734
-0.10714
-0.0407857
0.0403209
0.129481
0.224447
0.324731
0.429668
0.538179
0.643267
0.727851
0.787297
0.829364
0.859077
0.879186
0.89099
0.89619
0.897541
0.897561
-0.181823
-0.171187
-0.129843
-0.0622385
0.0203717
0.111308
0.208358
0.3111
0.418959
0.53098
0.640144
0.728599
0.790954
0.834925
0.865658
0.886106
0.897833
0.902797
0.90395
0.903898
-0.205004
-0.194082
-0.152018
-0.0832595
0.000706603
0.0932176
0.192121
0.297061
0.407561
0.522825
0.635927
0.728374
0.793974
0.840217
0.872174
0.892936
0.904407
0.908977
0.909899
0.909786
-0.227678
-0.216437
-0.17361
-0.103819
-0.0186468
0.075246
0.175783
0.282675
0.395528
0.513735
0.630572
0.727079
0.796259
0.845242
0.878771
0.899846
0.910796
0.914739
0.915364
0.915194
-0.249661
-0.238177
-0.194597
-0.123872
-0.0376375
0.0574676
0.159415
0.268015
0.382934
0.503768
0.624061
0.724617
0.797668
0.849926
0.885598
0.907168
0.917255
0.920128
0.920304
0.920084
-0.27109
-0.259256
-0.214968
-0.143396
-0.0562301
0.0399252
0.14311
0.253164
0.369868
0.493008
0.616406
0.720884
0.798014
0.854072
0.892697
0.915405
0.924453
0.925504
0.924745
0.924443
-0.291809
-0.279652
-0.234697
-0.162345
-0.0743453
0.0227055
0.126951
0.238242
0.35644
0.481525
0.607653
0.715793
0.797087
0.857351
0.899823
0.924982
0.933713
0.932311
0.929308
0.928137
-0.311872
-0.299408
-0.253731
-0.180668
-0.091947
0.00587815
0.111025
0.223332
0.342762
0.469461
0.597885
0.709265
0.794686
0.85932
0.906265
0.935588
0.946365
0.943966
0.936994
0.9273
-0.331203
-0.318497
-0.272158
-0.198529
-0.109257
-0.0108459
0.0949815
0.208014
0.32837
0.456291
0.586549
0.700685
0.790259
0.859456
0.911014
0.945929
0.962188
0.961697
0.951359
0.945462
-0.349754
-0.336911
-0.289979
-0.215884
-0.126262
-0.0274506
0.0788474
0.192275
0.313228
0.441905
0.573479
0.689687
0.783126
0.856979
0.911796
0.950716
0.969982
0.974336
0.937171
0.889155
-0.367226
-0.353985
-0.30714
-0.232639
-0.143016
-0.0440375
0.0625957
0.176237
0.2974
0.426363
0.558615
0.676083
0.772272
0.851391
0.9066
0.939476
0.959376
0.945019
0.888238
0.826314
-0.385442
-0.369545
-0.32338
-0.248168
-0.159192
-0.0602421
0.0459489
0.159956
0.281011
0.409822
0.541952
0.659734
0.756379
0.843669
0.89346
0.938438
0.909831
0.866646
0.797636
0.730531
-0.372977
-0.35268
-0.302315
-0.222626
-0.128101
-0.0258037
0.0857529
0.202809
0.327043
0.459475
0.585397
0.690088
0.77911
0.870246
0.909331
0.838157
0.791329
0.728476
0.656775
0.609301
-0.39283
-0.379705
-0.342559
-0.272547
-0.184045
-0.0859563
0.0204788
0.134013
0.254398
0.382084
0.512451
0.628682
0.721829
0.804713
0.874486
0.867706
0.754269
0.672113
0.609957
0.52937
-0.41431
-0.399918
-0.357926
-0.28671
-0.197737
-0.100014
0.00527686
0.117891
0.237346
0.363645
0.492255
0.606435
0.696468
0.76655
0.794078
0.719745
0.584643
0.491715
0.417812
0.331963
-0.436049
-0.42351
-0.377435
-0.305017
-0.216034
-0.118014
-0.0127411
0.0996062
0.21821
0.343049
0.468838
0.578555
0.660829
0.714779
0.693465
0.566567
0.42006
0.306715
0.211184
0.0795606
-0.459803
-0.44713
-0.398929
-0.32532
-0.236172
-0.138128
-0.0329645
0.0788375
0.196364
0.319344
0.441731
0.546144
0.620288
0.653055
0.595611
0.418161
0.244087
0.0974034
-0.0390558
-0.226113
-0.482946
-0.470473
-0.421084
-0.346334
-0.256754
-0.158774
-0.0539764
0.0570118
0.173206
0.29395
0.412503
0.510984
0.576557
0.57809
0.470822
0.276922
0.0717528
-0.118308
-0.289478
-0.673916
-0.506272
-0.494033
-0.444075
-0.368529
-0.278583
-0.180584
-0.076161
0.0339917
0.148737
0.267005
0.381388
0.473209
0.527497
0.497227
0.3487
0.150632
-0.0626944
-0.261577
-0.429574
-0.730349
-0.530552
-0.518445
-0.468173
-0.392136
-0.301941
-0.203919
-0.0998306
0.00950815
0.122747
0.238359
0.348348
0.432923
0.473261
0.424915
0.238425
0.046308
-0.152106
-0.317383
-0.38422
-0.421395
-0.556329
-0.544342
-0.493772
-0.417464
-0.327224
-0.229355
-0.12576
-0.0174672
0.093938
0.206398
0.311382
0.387868
0.41287
0.330289
0.139465
-0.0415095
-0.20755
-0.31275
-0.347393
-0.35628
-0.583843
-0.571824
-0.521035
-0.444541
-0.354387
-0.256848
-0.153967
-0.0469864
0.0622146
0.171007
0.27028
0.338446
0.338843
0.225968
0.0491116
-0.117671
-0.256537
-0.311547
-0.323025
-0.327027
-0.613213
-0.601117
-0.550032
-0.473389
-0.383428
-0.286401
-0.184455
-0.0790932
0.0275355
0.132207
0.225035
0.284372
0.260273
0.127866
-0.0350468
-0.190557
-0.288255
-0.314908
-0.312757
-0.312992
-0.644187
-0.632321
-0.58073
-0.503971
-0.414305
-0.317964
-0.21721
-0.113773
-0.0100911
0.0900102
0.175906
0.224474
0.18936
0.0365599
-0.111704
-0.247763
-0.289224
-0.299718
-0.303669
-0.304032
-0.676624
-0.664719
-0.612913
-0.536121
-0.446882
-0.351427
-0.252129
-0.150947
-0.0506108
0.0445694
0.123109
0.160834
0.118794
-0.0428453
-0.179698
-0.273155
-0.312614
-0.30167
-0.29925
-0.298926
-0.710002
-0.698046
-0.646305
-0.569514
-0.480861
-0.386529
-0.28897
-0.190394
-0.0938182
-0.00380482
0.0669733
0.0959873
0.034437
-0.113829
-0.236515
-0.285067
-0.29735
-0.298394
-0.297341
-0.296526
-0.743585
-0.731665
-0.679929
-0.603588
-0.515771
-0.422837
-0.327355
-0.231739
-0.139345
-0.0547648
0.00873979
0.0238881
-0.046553
-0.175489
-0.278182
-0.298225
-0.298438
-0.299488
-0.297592
-0.296256
-0.776126
-0.764587
-0.713036
-0.637576
-0.550892
-0.459713
-0.366683
-0.274391
-0.186544
-0.107896
-0.049648
-0.0485331
-0.116655
-0.227643
-0.311975
-0.352883
-0.320282
-0.299045
-0.291007
-0.289648
-0.806165
-0.795114
-0.744594
-0.670157
-0.585244
-0.496264
-0.406132
-0.317554
-0.234513
-0.162273
-0.107942
-0.11512
-0.184679
-0.254343
-0.338418
-0.330461
-0.31686
-0.300866
-0.291695
-0.289202
-0.832062
-0.821691
-0.772605
-0.700186
-0.617577
-0.531318
-0.444607
-0.36019
-0.282154
-0.216467
-0.167484
-0.178401
-0.254308
-0.258383
-0.264827
-0.320482
-0.350311
-0.367758
-0.364112
-0.357848
-0.851488
-0.842029
-0.795187
-0.725673
-0.646301
-0.563519
-0.48077
-0.400998
-0.328211
-0.269056
-0.227412
-0.241698
-0.335716
-0.307662
-0.175246
-0.339541
-0.462153
-0.522482
-0.519205
-0.505761
-0.86239
-0.853798
-0.810327
-0.744697
-0.66955
-0.591196
-0.513124
-0.438354
-0.371151
-0.31853
-0.286204
-0.307201
-0.467337
-0.630875
-0.678167
-0.632391
-0.597502
-0.585774
-0.585278
-0.584817
-0.860951
-0.853752
-0.816207
-0.7554
-0.685578
-0.612626
-0.539886
-0.470535
-0.409064
-0.362774
-0.344953
-0.376105
-0.578534
-0.925012
-1.26082
-0.89203
-0.714652
-0.654058
-0.639744
-0.634627
-0.845343
-0.840456
-0.81041
-0.756348
-0.692932
-0.626304
-0.559377
-0.495482
-0.439433
-0.399035
-0.390799
-0.430484
-0.519913
-0.494787
-0.418004
-0.44784
-0.596333
-0.645165
-0.639606
-0.636823
-0.815966
-0.812383
-0.791157
-0.746626
-0.691057
-0.631349
-0.570369
-0.511258
-0.459349
-0.422473
-0.414363
-0.429664
-0.395575
-0.189716
0.0761739
-0.175482
-0.468016
-0.609668
-0.616212
-0.622995
-0.776708
-0.774444
-0.761521
-0.727907
-0.680788
-0.627989
-0.572403
-0.516865
-0.46638
-0.429714
-0.420647
-0.457973
-0.602467
-0.928563
-1.39963
-1.84149
-1.9023
-1.70383
-1.38998
-1.17757
-0.734578
-0.733328
-0.726461
-0.704131
-0.66545
-0.617836
-0.566229
-0.512228
-0.459992
-0.417657
-0.406552
-0.467208
-0.764488
-1.27579
-1.75047
-1.99196
-2.05089
-1.92676
-1.69561
-1.56054
-0.697994
-0.697299
-0.694164
-0.679595
-0.64834
-0.604792
-0.554221
-0.498294
-0.440069
-0.383595
-0.344543
-0.316586
-0.404654
-0.457768
-0.526113
-0.474622
-0.279238
-0.0540311
0.134983
0.260805
-0.669488
-0.668612
-0.66711
-0.660323
-0.635147
-0.593251
-0.540025
-0.478428
-0.409264
-0.333169
-0.241404
-0.144191
0.0528814
0.349118
0.768786
1.1972
1.56186
1.8217
1.98266
2.06298
-0.647442
-0.646922
-0.646274
-0.644052
-0.626229
-0.585022
-0.527021
-0.458276
-0.377203
-0.283798
-0.167188
-0.032959
0.197345
0.597015
1.09787
1.60822
2.03889
2.34246
2.51081
2.57511
-0.633143
-0.632823
-0.632528
-0.632093
-0.620784
-0.580282
-0.517535
-0.441089
-0.351812
-0.247925
-0.130341
0.00683047
0.158116
0.504636
1.00396
1.50857
1.93204
2.21252
2.35686
2.41012
-0.622489
-0.621943
-0.620787
-0.621077
-0.616088
-0.578754
-0.511099
-0.427731
-0.334575
-0.229262
-0.114722
0.0123016
0.136796
0.3863
0.816258
1.2204
1.54721
1.76411
1.87343
1.9135
-0.621878
-0.62046
-0.618698
-0.620099
-0.617743
-0.579959
-0.504866
-0.414909
-0.318967
-0.216196
-0.105478
0.00524833
0.11584
0.265659
0.56773
0.867055
1.10546
1.26508
1.34315
1.37036
-0.631897
-0.630566
-0.633668
-0.638156
-0.632287
-0.581189
-0.492597
-0.396198
-0.300116
-0.202151
-0.10248
-0.0129168
0.0687589
0.166357
0.368945
0.572672
0.734949
0.844287
0.897535
0.916179
-0.620791
-0.623388
-0.632934
-0.639139
-0.622945
-0.557905
-0.461623
-0.365334
-0.275462
-0.189066
-0.105687
-0.0368391
0.0245357
0.0858654
0.22696
0.364058
0.467274
0.53522
0.566929
0.576084
-0.527108
-0.53078
-0.541744
-0.546909
-0.529206
-0.472053
-0.394129
-0.315893
-0.242151
-0.172243
-0.104986
-0.0520031
-0.00760261
0.0305512
0.121458
0.211079
0.276884
0.318781
0.337465
0.343079
-0.353461
-0.357339
-0.364169
-0.369148
-0.360938
-0.331956
-0.291652
-0.24604
-0.198013
-0.148109
-0.0998454
-0.0624505
-0.0350904
-0.0112067
0.0515687
0.10696
0.14762
0.172222
0.183223
0.186105
-0.174116
-0.176388
-0.180621
-0.18759
-0.193465
-0.193912
-0.187293
-0.172359
-0.150454
-0.121972
-0.0914273
-0.0654771
-0.0492456
-0.0327742
0.0064634
0.0417371
0.0664345
0.0805298
0.0863246
0.0873615
-0.0490105
-0.0503481
-0.0532068
-0.0616868
-0.0769756
-0.0943472
-0.106919
-0.111999
-0.108046
-0.0958879
-0.0784101
-0.0637238
-0.0538516
-0.0403869
-0.0156627
0.0059188
0.0196074
0.026609
0.0288413
0.0287668
0.0132593
0.0124103
0.0100597
0.00174894
-0.0147311
-0.0357582
-0.055081
-0.0688584
-0.0749541
-0.0732088
-0.0651744
-0.0571162
-0.0515312
-0.0436315
-0.0264272
-0.0130879
-0.00571776
-0.00248902
-0.00173019
-0.00217082
0.034285
0.0337332
0.0319039
0.0252611
0.0115896
-0.00673699
-0.0252814
-0.0409214
-0.0512816
-0.0552539
-0.052837
-0.0480317
-0.0436271
-0.0380527
-0.0273844
-0.0200043
-0.016435
-0.0150523
-0.0149478
-0.0155579
0.0346883
0.0343598
0.0330615
0.0283731
0.018462
0.00448979
-0.0108113
-0.0249052
-0.0357074
-0.0418771
-0.0420986
-0.0380616
-0.0324574
-0.0274187
-0.0218623
-0.0194829
-0.0182311
-0.0177223
-0.0178666
-0.0185369
0.0267383
0.0265471
0.0256637
0.0225817
0.015926
0.00609583
-0.00536529
-0.0168153
-0.0265202
-0.0330967
-0.0342673
-0.0300652
-0.0225713
-0.0168945
-0.0164307
-0.0169192
-0.0165325
-0.0160371
-0.0159072
-0.0165886
0.0166387
0.0165142
0.0159105
0.0139639
0.00971679
0.00313465
-0.00504399
-0.0137834
-0.0219335
-0.0282942
-0.030367
-0.0264559
-0.0181641
-0.0131121
-0.0153745
-0.0163426
-0.016154
-0.014954
-0.0142655
-0.0148942
0.00730746
0.00720701
0.00677639
0.00556317
0.00295001
-0.00131635
-0.00700935
-0.0136058
-0.0204864
-0.0267942
-0.0304426
-0.0291958
-0.024172
-0.0218874
-0.0249474
-0.0247543
-0.0217463
-0.0188343
-0.0175712
-0.0181366
-2.37822e-05
-0.000123784
-0.000459375
-0.00124505
-0.00286519
-0.00565348
-0.0096609
-0.0147524
-0.0207629
-0.0273807
-0.0336507
-0.0378516
-0.0400136
-0.0427434
-0.0433111
-0.0390796
-0.0338299
-0.0300182
-0.0284756
-0.0289518
-0.00500983
-0.0051169
-0.00539743
-0.005967
-0.00703713
-0.00895721
-0.011912
-0.0160351
-0.0215208
-0.0287817
-0.0382068
-0.049164
-0.0605031
-0.0679917
-0.0646721
-0.0564868
-0.0493136
-0.0453367
-0.0438869
-0.0442202
-0.00778984
-0.00789651
-0.00814001
-0.00860524
-0.00940088
-0.0108243
-0.0131697
-0.0166898
-0.0218442
-0.0293159
-0.0410641
-0.0584814
-0.0781562
-0.0877259
-0.080066
-0.0692182
-0.0621198
-0.0588908
-0.0580867
-0.0581549
-0.00879569
-0.00890077
-0.00911079
-0.00951552
-0.0101967
-0.0113388
-0.013254
-0.016208
-0.0207472
-0.0281434
-0.0402852
-0.059823
-0.0825383
-0.0914304
-0.0814113
-0.0709065
-0.065328
-0.0634152
-0.063206
-0.063229
-0.00845499
-0.00855523
-0.0087263
-0.00908592
-0.00969804
-0.0106291
-0.0121798
-0.0146427
-0.0185067
-0.0245907
-0.0349058
-0.0512323
-0.0693678
-0.0742556
-0.0662986
-0.0599142
-0.0578392
-0.0574529
-0.0574956
-0.0575497
-0.00716454
-0.0072614
-0.00740633
-0.00771474
-0.00823846
-0.00906001
-0.0101687
-0.0120089
-0.014812
-0.0191371
-0.0257172
-0.0345794
-0.0434581
-0.043961
-0.0412703
-0.0403683
-0.0414758
-0.0423603
-0.0428192
-0.0430802
-0.00532495
-0.00542739
-0.00554808
-0.00574293
-0.00612812
-0.00666132
-0.0076091
-0.00877779
-0.0105485
-0.0128554
-0.0151674
-0.0156429
-0.0148154
-0.0116778
-0.0143278
-0.0187078
-0.021591
-0.0227737
-0.0234136
-0.0239905
-0.00326936
-0.0033632
-0.0034153
-0.00346015
-0.00367975
-0.00411061
-0.00478187
-0.00547888
-0.00629755
-0.00683728
-0.0057595
-0.000640591
0.00895471
0.0126881
0.00495966
-0.00205726
-0.00474312
-0.00493158
-0.00549966
-0.0064597
-0.000284634
-0.000342969
-0.000397859
-0.00046085
-0.000600875
-0.000879188
-0.00104039
-0.000851523
-0.00057131
-7.20145e-05
0.00172189
0.00657455
0.0115113
0.00699438
0.00434593
0.00196239
6.62971e-05
-0.000657044
7.21431e-06
0.00280127
-1.00518
-0.381295
0.0442292
0.298436
0.48526
0.62882
0.741391
0.834697
0.932899
1.00951
-0.0463369
0.156225
0.332278
0.483259
0.609294
0.712558
0.79702
0.865487
0.906859
0.912711
0.293441
0.411324
0.522278
0.623732
0.711052
0.784782
0.845019
0.890377
0.920273
0.938671
0.505195
0.58481
0.661663
0.733268
0.79605
0.849507
0.893394
0.927873
0.954726
0.973808
0.659727
0.714009
0.773108
0.825574
0.872504
0.913223
0.947763
0.976548
1.00044
1.01732
0.78237
0.823485
0.869001
0.909436
0.946665
0.980073
1.00934
1.0345
1.05557
1.06971
0.884991
0.919997
0.956353
0.990965
1.02326
1.05293
1.07939
1.10222
1.12091
1.1326
0.978293
1.00988
1.0431
1.07594
1.10676
1.13517
1.1604
1.18181
1.19855
1.20833
1.06935
1.1024
1.13695
1.17114
1.20253
1.23083
1.25542
1.27572
1.29083
1.2997
1.17129
1.20928
1.247
1.28326
1.31534
1.34313
1.36652
1.38537
1.39922
1.40865
1.29809
1.34088
1.37988
1.41538
1.44565
1.47121
1.49271
1.51022
1.52364
1.53488
1.45948
1.50105
1.53462
1.56365
1.58807
1.60956
1.62912
1.64649
1.66146
1.67519
1.64997
1.6794
1.70101
1.72015
1.73841
1.75576
1.77189
1.78758
1.80428
1.82153
1.84655
1.85718
1.86945
1.88398
1.89852
1.91143
1.92272
1.93355
1.94627
1.96183
2.03353
2.04312
2.05273
2.05476
2.05531
2.05951
2.07034
2.08667
2.10401
2.10871
2.33817
2.27931
2.22759
2.18755
2.16517
2.16109
2.17464
2.20835
2.26433
2.34366
0.885648
0.828539
0.786144
0.752606
0.728272
0.71085
0.698343
0.689364
0.683192
0.679644
0.67919
0.682006
0.687426
0.695358
0.706267
0.721229
0.741991
0.770725
0.809164
0.857249
0.690028
0.699054
0.705194
0.7058
0.701814
0.69541
0.688808
0.683246
0.679333
0.67761
0.678725
0.682284
0.687562
0.694098
0.701073
0.706777
0.708813
0.705476
0.697111
0.689924
0.66558
0.667677
0.67227
0.676016
0.679014
0.680753
0.680512
0.678703
0.676432
0.674787
0.67473
0.676498
0.679194
0.681825
0.683284
0.682736
0.680413
0.677182
0.673067
0.668628
0.659404
0.660304
0.662803
0.665433
0.667362
0.668805
0.669946
0.670483
0.670336
0.670028
0.6703
0.671306
0.672317
0.672671
0.67217
0.671137
0.669701
0.667543
0.664927
0.662899
0.653966
0.654431
0.655835
0.657873
0.659795
0.661299
0.662408
0.663322
0.664051
0.664592
0.665142
0.665673
0.665871
0.665654
0.665108
0.664152
0.662653
0.660786
0.659107
0.658078
0.648892
0.649181
0.650091
0.651552
0.65318
0.654771
0.656146
0.657261
0.658234
0.659124
0.659862
0.660285
0.660332
0.660038
0.659343
0.658242
0.656902
0.655546
0.654448
0.653818
0.644015
0.644219
0.6449
0.646058
0.647421
0.64885
0.650295
0.651642
0.652835
0.653914
0.654812
0.655314
0.655367
0.654992
0.654245
0.653288
0.652258
0.651229
0.650429
0.649983
0.639285
0.63944
0.639981
0.640951
0.642156
0.643466
0.644854
0.646284
0.647679
0.648975
0.650062
0.65069
0.650787
0.650458
0.649858
0.649112
0.648302
0.647506
0.646907
0.646572
0.634636
0.634758
0.6352
0.636036
0.637143
0.63839
0.639741
0.641198
0.642726
0.644247
0.645568
0.646372
0.646612
0.646457
0.646057
0.64551
0.644881
0.644276
0.643829
0.643569
0.629984
0.630082
0.630455
0.631202
0.632247
0.633455
0.634809
0.636316
0.637964
0.639702
0.641299
0.642367
0.642849
0.642926
0.642735
0.642382
0.641936
0.641494
0.641166
0.640961
0.625248
0.625328
0.625652
0.62634
0.627352
0.628559
0.629952
0.631546
0.633348
0.635326
0.637253
0.638675
0.639471
0.639817
0.639856
0.6397
0.639435
0.639141
0.638911
0.638747
0.620347
0.620413
0.620701
0.621359
0.622371
0.623623
0.625098
0.62683
0.62885
0.631139
0.633478
0.635326
0.636484
0.637133
0.637425
0.637478
0.637389
0.637231
0.637084
0.636952
0.615201
0.615256
0.615521
0.616171
0.61722
0.618561
0.620168
0.622102
0.624417
0.627108
0.629958
0.632319
0.633898
0.634887
0.635458
0.635738
0.635824
0.6358
0.635726
0.63562
0.609724
0.609768
0.61002
0.610686
0.611809
0.613282
0.615076
0.617279
0.619971
0.623183
0.626669
0.629639
0.631716
0.633103
0.633994
0.634534
0.634808
0.63491
0.634902
0.634818
0.603814
0.603849
0.604097
0.604799
0.606031
0.607681
0.609722
0.612265
0.615421
0.619259
0.623521
0.627252
0.629947
0.631821
0.633085
0.633923
0.634403
0.634646
0.634702
0.634638
0.59735
0.597374
0.597625
0.598384
0.599762
0.601649
0.604018
0.607008
0.610765
0.615394
0.620608
0.625255
0.628682
0.631125
0.632819
0.633978
0.634711
0.635107
0.63523
0.635184
0.590186
0.590208
0.590466
0.591293
0.592863
0.595052
0.597835
0.601396
0.60592
0.611542
0.61793
0.623683
0.627976
0.631089
0.633307
0.634853
0.635867
0.636429
0.636622
0.636591
0.582091
0.582108
0.582399
0.583321
0.585125
0.587682
0.590999
0.59527
0.600739
0.607591
0.615417
0.622499
0.627848
0.631778
0.634628
0.636653
0.638004
0.638759
0.639026
0.639009
0.572791
0.572798
0.573112
0.574166
0.576276
0.579324
0.58331
0.588483
0.595138
0.603491
0.613071
0.621797
0.628408
0.633304
0.636916
0.639526
0.641279
0.642259
0.642609
0.642604
0.561928
0.561928
0.562281
0.56352
0.566025
0.569705
0.574561
0.580907
0.589101
0.599381
0.611104
0.621731
0.629812
0.635853
0.640354
0.643637
0.645877
0.647119
0.647556
0.64756
0.548953
0.548947
0.54936
0.550838
0.553863
0.558368
0.56435
0.572195
0.582305
0.59492
0.609242
0.622196
0.632049
0.639453
0.645025
0.649128
0.65195
0.653494
0.654022
0.654027
0.533053
0.533043
0.533555
0.535393
0.539151
0.5448
0.55233
0.562204
0.574842
0.590428
0.60787
0.62348
0.635329
0.644272
0.651081
0.656127
0.659608
0.66148
0.662095
0.662092
0.513038
0.513026
0.513701
0.516114
0.520983
0.528293
0.538005
0.550624
0.566522
0.585757
0.606895
0.62559
0.639713
0.650404
0.658587
0.664689
0.668898
0.671103
0.67179
0.671769
0.487092
0.487082
0.488052
0.491448
0.498116
0.507978
0.520875
0.537289
0.557422
0.581124
0.606561
0.628696
0.645317
0.657905
0.667586
0.674848
0.679807
0.682318
0.68305
0.683001
0.452161
0.452171
0.453792
0.459114
0.469029
0.482989
0.500652
0.522281
0.547799
0.576831
0.607122
0.632995
0.652265
0.666865
0.678127
0.686604
0.692272
0.695016
0.695744
0.695657
0.402496
0.402737
0.406478
0.416233
0.432207
0.452904
0.477502
0.50599
0.538072
0.573205
0.608792
0.6386
0.660602
0.67725
0.690144
0.699843
0.706125
0.708991
0.709654
0.709515
0.330588
0.332939
0.343899
0.363091
0.389103
0.419195
0.452627
0.489246
0.528771
0.570654
0.612015
0.646133
0.671195
0.690201
0.704985
0.716031
0.722991
0.726031
0.726695
0.726566
0.253893
0.260091
0.279486
0.308842
0.345486
0.385305
0.427672
0.47259
0.519912
0.569175
0.617294
0.656858
0.685962
0.708117
0.72541
0.738361
0.746152
0.749326
0.749971
0.749941
0.188044
0.194541
0.220592
0.258612
0.304238
0.352984
0.403935
0.456964
0.511936
0.568402
0.623042
0.667749
0.700602
0.725665
0.745205
0.75958
0.767781
0.771185
0.772002
0.772023
0.134156
0.141108
0.17106
0.215238
0.267569
0.323585
0.38192
0.442276
0.504364
0.567657
0.628474
0.677987
0.714266
0.741873
0.763248
0.778837
0.788034
0.791881
0.792564
0.792641
0.0893304
0.0966065
0.129079
0.177825
0.2355
0.29742
0.361935
0.42866
0.497142
0.566714
0.633286
0.687241
0.72662
0.756492
0.77951
0.796157
0.806143
0.810325
0.811155
0.811298
0.0510043
0.0584554
0.0926831
0.144921
0.207013
0.273911
0.343729
0.416025
0.490224
0.565521
0.637388
0.695424
0.737609
0.769419
0.793692
0.811105
0.821664
0.826276
0.827363
0.827547
0.0171833
0.0247417
0.0602422
0.115373
0.18115
0.252307
0.326795
0.40406
0.483434
0.563983
0.640769
0.70258
0.747282
0.780679
0.805821
0.823786
0.834752
0.839728
0.841096
0.841321
-0.0135599
-0.0058981
0.0306222
0.0882681
0.157168
0.232026
0.310654
0.392404
0.476534
0.561989
0.643423
0.708792
0.755763
0.790516
0.816371
0.834764
0.846072
0.851311
0.852832
0.853064
-0.0421096
-0.0343595
0.00310557
0.0628022
0.134458
0.212622
0.294945
0.380773
0.469314
0.559415
0.645321
0.714112
0.763217
0.799179
0.825654
0.844344
0.855859
0.86126
0.862868
0.863071
-0.0691528
-0.0612916
-0.0229674
0.038461
0.112661
0.193769
0.279412
0.36897
0.46162
0.556152
0.646424
0.718591
0.769783
0.80691
0.833984
0.852954
0.86459
0.870081
0.871743
0.871946
-0.0950804
-0.0870764
-0.0479105
0.0150399
0.0915077
0.175236
0.263887
0.356859
0.453342
0.552112
0.646679
0.722249
0.775589
0.81394
0.841653
0.860931
0.872669
0.878139
0.879772
0.880013
-0.120198
-0.112038
-0.0721568
-0.00769463
0.0707965
0.156877
0.248249
0.344348
0.444408
0.547226
0.646038
0.725108
0.780728
0.820429
0.848865
0.868462
0.880282
0.885722
0.887281
0.887442
-0.144629
-0.136208
-0.0957705
-0.0298683
0.0504219
0.138611
0.232438
0.331395
0.43477
0.541437
0.644448
0.727155
0.785262
0.826484
0.855746
0.875691
0.887543
0.892886
0.894342
0.894409
-0.168449
-0.159912
-0.118701
-0.0515515
0.0303338
0.120403
0.216438
0.317984
0.424418
0.53471
0.641852
0.728352
0.789213
0.832195
0.8624
0.882692
0.894496
0.899639
0.900922
0.900913
-0.191752
-0.183016
-0.141097
-0.0727928
0.0105209
0.102267
0.200269
0.304144
0.413352
0.527027
0.638184
0.728623
0.79256
0.837617
0.86893
0.889549
0.901194
0.906009
0.907073
0.906996
-0.21454
-0.205604
-0.162964
-0.0935921
-0.00899922
0.0842303
0.183968
0.289918
0.401625
0.518405
0.633401
0.727874
0.795226
0.842778
0.875466
0.896387
0.907652
0.911968
0.912767
0.912624
-0.236755
-0.227618
-0.184237
-0.113906
-0.0281806
0.0663383
0.167609
0.275379
0.389303
0.508867
0.627469
0.72601
0.797095
0.847648
0.882162
0.903447
0.914021
0.917519
0.917958
0.917758
-0.258337
-0.248996
-0.204902
-0.133704
-0.0469775
0.0486653
0.15126
0.260613
0.37646
0.498491
0.62038
0.722923
0.797998
0.852095
0.889132
0.911157
0.920724
0.922807
0.922624
0.92237
-0.279288
-0.269729
-0.224946
-0.152948
-0.065344
0.0312847
0.135014
0.245716
0.363196
0.487352
0.612172
0.718521
0.797732
0.855857
0.8963
0.920035
0.928752
0.928601
0.926942
0.926507
-0.29954
-0.289771
-0.244332
-0.171595
-0.0832141
0.0142507
0.118953
0.230778
0.349623
0.475559
0.602891
0.712719
0.796092
0.85854
0.903206
0.93024
0.939616
0.937325
0.932751
0.93056
-0.319121
-0.309152
-0.26304
-0.18965
-0.100619
-0.00245764
0.103052
0.215767
0.335709
0.463075
0.592471
0.705296
0.792794
0.859683
0.908981
0.940979
0.954108
0.952842
0.944672
0.928054
-0.33805
-0.32791
-0.281172
-0.207297
-0.117806
-0.019157
0.0869214
0.200202
0.320893
0.449248
0.580237
0.695508
0.787094
0.858604
0.912069
0.949358
0.968204
0.966748
0.957822
0.919695
-0.356573
-0.345787
-0.298686
-0.224378
-0.134643
-0.0357149
0.0707593
0.184312
0.305415
0.434294
0.566289
0.683234
0.778265
0.8546
0.910068
0.947281
0.967108
0.968029
0.916495
0.85785
-0.37599
-0.361545
-0.315421
-0.240751
-0.151354
-0.0523358
0.0543075
0.168103
0.289251
0.418184
0.550481
0.668244
0.76501
0.847651
0.900935
0.924565
0.939952
0.912592
0.848334
0.78381
-0.396303
-0.395381
-0.336306
-0.254029
-0.165064
-0.0663117
0.038072
0.15224
0.273135
0.401716
0.533436
0.650927
0.746904
0.840227
0.865055
0.874178
0.866939
0.811259
0.739951
0.67005
-0.372437
-0.36922
-0.311422
-0.229586
-0.135656
-0.0334576
0.0758622
0.192716
0.316585
0.44845
0.573642
0.677672
0.763522
0.85376
0.873706
0.783777
0.705591
0.642153
0.572051
0.431719
-0.412277
-0.385064
-0.325072
-0.242607
-0.148746
-0.0467807
0.0619641
0.178236
0.301231
0.43161
0.554339
0.655435
0.732545
0.793689
0.768578
0.646409
0.533467
0.455075
0.373529
0.215838
-0.437419
-0.405742
-0.34414
-0.262181
-0.168277
-0.0664996
0.0423844
0.157921
0.279657
0.407856
0.527259
0.623415
0.692346
0.718232
0.64591
0.490471
0.358722
0.260139
0.149
-0.0746791
-0.461607
-0.427959
-0.364825
-0.282266
-0.188334
-0.0866453
0.02192
0.136569
0.25681
0.382413
0.497581
0.587443
0.644214
0.636809
0.508448
0.329766
0.167128
0.0310438
-0.123003
-0.486007
-0.485036
-0.450526
-0.38629
-0.302942
-0.208879
-0.107367
0.000604028
0.114238
0.232784
0.355447
0.465658
0.548723
0.588062
0.551497
0.375251
0.175126
-0.027621
-0.197683
-0.44327
-0.973212
-0.508344
-0.473741
-0.408799
-0.324897
-0.23064
-0.129315
-0.0219312
0.0906049
0.207257
0.326678
0.431487
0.506816
0.528036
0.444663
0.253105
0.04323
-0.165769
-0.349524
-0.523821
-1.10413
-0.532683
-0.497932
-0.432608
-0.348356
-0.253953
-0.15278
-0.0459503
0.0654678
0.180097
0.296049
0.395255
0.461254
0.460018
0.333423
0.147332
-0.0552276
-0.242273
-0.365231
-0.396207
-0.441279
-0.558468
-0.523592
-0.458032
-0.373635
-0.27927
-0.178412
-0.0723105
0.0377133
0.149921
0.261775
0.354929
0.409108
0.385811
0.230211
0.0513403
-0.127764
-0.27264
-0.331257
-0.352325
-0.357473
-0.586019
-0.550908
-0.485162
-0.400731
-0.306566
-0.206204
-0.101093
0.00721984
0.116605
0.223735
0.31029
0.350049
0.311679
0.13363
-0.0358995
-0.192344
-0.299657
-0.324164
-0.32624
-0.326738
-0.615469
-0.580013
-0.514041
-0.429632
-0.335807
-0.236159
-0.132299
-0.0260201
0.0801109
0.181965
0.26097
0.288069
0.220501
0.0450298
-0.11574
-0.251487
-0.29944
-0.312192
-0.313026
-0.312646
-0.646694
-0.610845
-0.544631
-0.460321
-0.366974
-0.268245
-0.165908
-0.0620144
0.0404581
0.136543
0.20726
0.221296
0.123109
-0.0375073
-0.184699
-0.288944
-0.301417
-0.302701
-0.304057
-0.303799
-0.67923
-0.643249
-0.576753
-0.492629
-0.399927
-0.302351
-0.201837
-0.100703
-0.00226268
0.0876522
0.150059
0.147605
0.0368176
-0.111959
-0.23877
-0.280734
-0.298184
-0.299527
-0.299071
-0.298769
-0.712729
-0.676397
-0.610055
-0.526247
-0.434399
-0.338236
-0.239859
-0.141869
-0.0478448
0.0357834
0.089152
0.0749601
-0.0439254
-0.176603
-0.276279
-0.310614
-0.301217
-0.297831
-0.296886
-0.296192
-0.746259
-0.709919
-0.643995
-0.560669
-0.469929
-0.375485
-0.279592
-0.185132
-0.09596
-0.018348
0.0241587
0.0070472
-0.116108
-0.230312
-0.303193
-0.297655
-0.299053
-0.298623
-0.296803
-0.295903
-0.778787
-0.743005
-0.677357
-0.595145
-0.505846
-0.413492
-0.320455
-0.22987
-0.14601
-0.0742825
-0.0393231
-0.062453
-0.174693
-0.278717
-0.317655
-0.325237
-0.306841
-0.29372
-0.289999
-0.28934
-0.808776
-0.773987
-0.709427
-0.628582
-0.541217
-0.451391
-0.361647
-0.275264
-0.196989
-0.131532
-0.0979974
-0.139429
-0.219034
-0.301626
-0.336579
-0.325902
-0.308012
-0.295269
-0.289839
-0.288166
-0.834531
-0.801211
-0.73837
-0.65974
-0.574839
-0.488061
-0.402096
-0.32027
-0.247621
-0.189346
-0.156438
-0.214964
-0.263811
-0.256141
-0.323384
-0.337524
-0.361911
-0.367444
-0.360522
-0.355652
-0.853782
-0.822655
-0.762247
-0.686849
-0.60524
-0.522161
-0.440472
-0.363593
-0.296662
-0.246405
-0.216003
-0.291754
-0.343145
-0.249176
-0.258901
-0.405655
-0.503459
-0.52528
-0.510611
-0.504172
-0.864283
-0.835921
-0.779272
-0.707962
-0.630666
-0.552134
-0.475295
-0.403657
-0.342662
-0.300816
-0.272757
-0.382578
-0.548948
-0.668309
-0.651874
-0.611411
-0.588981
-0.586148
-0.584855
-0.585519
-0.863453
-0.838942
-0.787514
-0.721297
-0.649398
-0.576223
-0.504728
-0.438656
-0.383592
-0.349474
-0.324127
-0.475496
-0.701838
-1.08328
-1.07912
-0.781205
-0.674649
-0.644907
-0.636371
-0.634079
-0.847471
-0.829129
-0.785332
-0.725408
-0.659969
-0.592853
-0.526954
-0.466291
-0.416812
-0.388876
-0.389972
-0.492288
-0.516002
-0.46167
-0.414357
-0.519072
-0.639461
-0.641604
-0.638159
-0.635614
-0.817744
-0.804869
-0.771031
-0.719738
-0.661588
-0.600999
-0.540454
-0.484173
-0.438579
-0.413587
-0.415651
-0.430737
-0.319819
-0.0385644
-0.0306203
-0.331982
-0.565085
-0.617967
-0.617184
-0.623879
-0.778198
-0.770017
-0.747151
-0.705421
-0.654861
-0.600514
-0.544529
-0.490673
-0.445932
-0.419746
-0.431701
-0.51305
-0.734822
-1.16185
-1.61878
-1.93176
-1.82152
-1.55315
-1.25216
-1.17278
-0.735749
-0.73126
-0.717538
-0.686329
-0.642448
-0.592631
-0.539431
-0.485734
-0.436638
-0.407112
-0.421948
-0.584269
-1.00198
-1.54943
-1.88279
-2.0553
-2.00483
-1.82288
-1.60311
-1.54704
-0.698744
-0.696473
-0.688856
-0.665818
-0.627862
-0.580276
-0.526862
-0.469282
-0.411869
-0.35965
-0.332175
-0.353289
-0.437192
-0.491716
-0.521282
-0.391872
-0.162861
0.0457276
0.207557
0.296524
-0.669068
-0.668021
-0.665294
-0.650153
-0.615929
-0.567689
-0.510397
-0.44486
-0.372374
-0.287832
-0.196268
-0.0498298
0.180402
0.54791
0.988064
1.38979
1.70586
1.91339
2.03205
2.07875
-0.647242
-0.646544
-0.645934
-0.637948
-0.608126
-0.557728
-0.494207
-0.419323
-0.332248
-0.228944
-0.0995791
0.0502118
0.384724
0.835438
1.35828
1.83736
2.20803
2.44287
2.55337
2.58522
-0.633015
-0.632634
-0.63258
-0.62934
-0.604004
-0.551124
-0.480761
-0.398376
-0.301655
-0.190355
-0.0622147
0.0711706
0.294392
0.74562
1.26001
1.73518
2.09158
2.29944
2.39229
2.41793
-0.622324
-0.621395
-0.620595
-0.621015
-0.602113
-0.547632
-0.470821
-0.382506
-0.283676
-0.171668
-0.0534234
0.0761262
0.230297
0.591084
1.02717
1.39441
1.67162
1.83002
1.90015
1.91915
-0.621272
-0.619491
-0.618905
-0.621015
-0.604713
-0.545304
-0.461082
-0.367579
-0.268985
-0.16023
-0.0504002
0.0613652
0.173081
0.404048
0.724667
0.993642
1.19724
1.31257
1.36158
1.37331
-0.630934
-0.631295
-0.636254
-0.638359
-0.613846
-0.538944
-0.444884
-0.34815
-0.251927
-0.150776
-0.0565425
0.0289309
0.104387
0.258947
0.474948
0.659164
0.797914
0.876576
0.910356
0.91688
-0.620833
-0.62774
-0.637399
-0.635719
-0.596965
-0.511032
-0.413032
-0.319704
-0.232404
-0.145495
-0.069583
-0.0059288
0.0484365
0.150054
0.299033
0.419854
0.506668
0.55463
0.573681
0.576229
-0.527921
-0.536179
-0.545859
-0.542033
-0.505494
-0.433832
-0.354903
-0.27844
-0.207297
-0.137224
-0.0760599
-0.0304749
0.00930365
0.0723842
0.167962
0.247187
0.301518
0.33021
0.341567
0.3424
-0.35503
-0.360562
-0.367446
-0.367409
-0.348655
-0.312637
-0.269425
-0.222296
-0.173383
-0.122576
-0.0792538
-0.0497497
-0.0245775
0.0201402
0.0802698
0.12935
0.162123
0.17906
0.18547
0.185324
-0.175256
-0.178048
-0.1839
-0.190969
-0.194432
-0.191662
-0.180714
-0.162262
-0.136943
-0.105901
-0.0790565
-0.0588158
-0.0434395
-0.0130315
0.0249419
0.055561
0.074839
0.0841583
0.0873336
0.0865972
-0.0498023
-0.0512929
-0.0565875
-0.0686331
-0.0858295
-0.101429
-0.110434
-0.111123
-0.102894
-0.0870348
-0.0706302
-0.0584891
-0.0490522
-0.0280428
-0.00402323
0.0137067
0.023926
0.0281413
0.0290268
0.0280769
0.0127471
0.0117085
0.00685098
-0.00554343
-0.0250852
-0.0458504
-0.0627555
-0.0728727
-0.0749923
-0.0694587
-0.0610181
-0.0543278
-0.0489544
-0.0348451
-0.0189632
-0.00881364
-0.00363117
-0.00190912
-0.00181444
-0.00279947
0.0339759
0.0331886
0.0293664
0.0192787
0.00271476
-0.0161642
-0.0335578
-0.0468283
-0.0540614
-0.0545555
-0.0507282
-0.0459811
-0.0416915
-0.0322673
-0.0233404
-0.0178709
-0.0155052
-0.0148911
-0.0151581
-0.0161407
0.0345245
0.0339672
0.0312807
0.0240793
0.0118122
-0.00313101
-0.0180864
-0.0307712
-0.0394632
-0.0426478
-0.0406932
-0.0355444
-0.0300219
-0.0242086
-0.0204675
-0.0187735
-0.0178571
-0.0177415
-0.0181102
-0.0190972
0.0266587
0.0262715
0.0244944
0.0197271
0.0113152
0.000478041
-0.0111608
-0.0219355
-0.0303167
-0.0344501
-0.0329855
-0.0265484
-0.0191934
-0.01607
-0.0168159
-0.0168612
-0.0162461
-0.0158966
-0.0161275
-0.017148
0.0165977
0.0163153
0.0151666
0.01216
0.00667594
-0.000809602
-0.00939153
-0.0179807
-0.025444
-0.0300427
-0.0291997
-0.0226907
-0.0145827
-0.0141497
-0.0162625
-0.0161526
-0.0156285
-0.0144573
-0.0144114
-0.0154685
0.00727899
0.00705399
0.006303
0.00446258
0.00101207
-0.00400932
-0.0102279
-0.0170464
-0.0237832
-0.0291088
-0.0305574
-0.0270067
-0.021997
-0.0236461
-0.0253183
-0.0236422
-0.0200534
-0.0179885
-0.0176353
-0.0187304
-5.36225e-05
-0.000252328
-0.000777853
-0.00192407
-0.00410623
-0.0075097
-0.0120832
-0.0176496
-0.0240093
-0.0306891
-0.0361588
-0.039068
-0.0410911
-0.0439269
-0.0415356
-0.0364405
-0.0316073
-0.0289824
-0.028528
-0.0294945
-0.00504872
-0.00522962
-0.00563793
-0.00641491
-0.00787983
-0.0102935
-0.0138212
-0.018626
-0.0248883
-0.0332575
-0.0437131
-0.0551071
-0.0655066
-0.0676418
-0.0606658
-0.0526006
-0.046944
-0.044285
-0.0439212
-0.0446711
-0.00783133
-0.00799603
-0.00834022
-0.00895268
-0.0100198
-0.0118562
-0.0147845
-0.0190308
-0.0251534
-0.0346332
-0.0492555
-0.068429
-0.0852767
-0.0853093
-0.0743765
-0.0650667
-0.0601136
-0.0582832
-0.0580354
-0.0584581
-0.00884004
-0.00898722
-0.00928498
-0.00981706
-0.0106672
-0.0121917
-0.014575
-0.0182213
-0.0239506
-0.033581
-0.0492557
-0.0714831
-0.0900812
-0.0873178
-0.0756435
-0.0675649
-0.0640276
-0.0632673
-0.0631609
-0.0634426
-0.00850063
-0.0086265
-0.00887423
-0.00935831
-0.010155
-0.0113044
-0.0132693
-0.0163566
-0.0211495
-0.029117
-0.0424791
-0.0607058
-0.0746296
-0.0703556
-0.0626461
-0.0585757
-0.0574962
-0.0574903
-0.0574805
-0.0577043
-0.00721155
-0.00732243
-0.00752806
-0.0079629
-0.00856332
-0.00954771
-0.0109901
-0.0132565
-0.0167342
-0.0222366
-0.0298739
-0.0395486
-0.0451162
-0.0420983
-0.0402821
-0.0409775
-0.0419205
-0.042646
-0.0429422
-0.0432159
-0.00537618
-0.00548274
-0.00562976
-0.00591785
-0.00634256
-0.00713634
-0.00809165
-0.00957743
-0.011685
-0.0141086
-0.0157522
-0.0153408
-0.0130356
-0.0120173
-0.0164216
-0.020541
-0.0223022
-0.0230737
-0.0237488
-0.0241502
-0.00332009
-0.00339433
-0.00343144
-0.0035168
-0.00393539
-0.00437714
-0.00516631
-0.00589632
-0.00666518
-0.00663855
-0.00394641
0.00446189
0.0133716
0.00923052
0.00111551
-0.00393201
-0.00489279
-0.00507384
-0.00605846
-0.0066753
-0.00131225
-0.0013944
-0.00142769
-0.00145353
-0.00145853
-0.00181579
-0.00225536
-0.00255957
-0.00269882
-0.00260306
-0.000893608
0.00515474
0.0181513
0.0211415
0.0092642
0.00439408
0.00289205
0.0036103
0.00347055
0.00253984
-0.647267
-0.131651
0.181793
0.396241
0.561026
0.68745
0.790449
0.880392
0.983569
0.974512
0.0898996
0.247515
0.411158
0.549429
0.663645
0.756792
0.833506
0.890687
0.913798
0.920005
0.365085
0.467267
0.57481
0.669143
0.749586
0.816628
0.869701
0.906993
0.931058
0.948116
0.553819
0.623937
0.698506
0.765829
0.823959
0.872657
0.911751
0.942081
0.965844
0.984418
0.695234
0.746741
0.799855
0.849841
0.893641
0.931246
0.962831
0.989059
1.01047
1.02884
0.809548
0.847025
0.88962
0.928496
0.963879
0.995219
1.02244
1.04556
1.06405
1.08202
0.90743
0.938112
0.973966
1.00741
1.03846
1.06659
1.09129
1.11212
1.12799
1.14566
0.997293
1.02612
1.05976
1.09162
1.12131
1.14822
1.17163
1.19084
1.20446
1.22201
1.08793
1.11928
1.15436
1.18719
1.2171
1.24362
1.26615
1.28399
1.296
1.31368
1.19163
1.22795
1.26559
1.29983
1.32978
1.35539
1.37654
1.39292
1.40422
1.42241
1.32062
1.36061
1.39826
1.43115
1.45896
1.48244
1.50198
1.51736
1.5292
1.54764
1.48152
1.51833
1.54981
1.57632
1.59909
1.61958
1.63813
1.65422
1.66831
1.68631
1.66556
1.69085
1.71073
1.72938
1.74722
1.764
1.77971
1.79575
1.81297
1.83207
1.85135
1.86305
1.87653
1.89142
1.9052
1.91726
1.92807
1.93952
1.95385
1.97243
2.03464
2.04916
2.05432
2.05487
2.05669
2.06403
2.07793
2.0959
2.10851
2.12202
2.3071
2.25274
2.20554
2.17404
2.16095
2.16553
2.1888
2.23351
2.30087
2.39637
0.749433
0.744748
0.737349
0.725454
0.712467
0.700989
0.691852
0.685028
0.680495
0.678531
0.679708
0.683664
0.689819
0.698121
0.708681
0.721276
0.734335
0.744219
0.750189
0.753587
0.67145
0.678532
0.684509
0.688719
0.689994
0.688223
0.684601
0.680703
0.677641
0.676261
0.677284
0.680291
0.68439
0.688694
0.691868
0.692387
0.689676
0.684537
0.67769
0.671821
0.6623
0.665303
0.668554
0.67104
0.673045
0.674488
0.67482
0.67406
0.672943
0.672422
0.673218
0.674909
0.676536
0.677227
0.676582
0.675007
0.672954
0.670165
0.666883
0.664543
0.656628
0.65808
0.660308
0.662541
0.664182
0.665378
0.666346
0.666986
0.667251
0.667508
0.668124
0.668794
0.669019
0.668672
0.667947
0.666823
0.665061
0.662821
0.661032
0.659948
0.651402
0.652221
0.653682
0.655472
0.657203
0.658627
0.659722
0.66065
0.661467
0.66218
0.662751
0.663014
0.662917
0.662499
0.661677
0.660387
0.658825
0.657275
0.656249
0.655591
0.646435
0.64699
0.64806
0.649465
0.650974
0.652466
0.653817
0.654969
0.655998
0.656931
0.657583
0.657824
0.657682
0.657132
0.656206
0.655073
0.653877
0.652783
0.652088
0.651626
0.641638
0.642055
0.64291
0.644104
0.645415
0.646807
0.648229
0.64959
0.650833
0.651952
0.652749
0.653057
0.652894
0.652344
0.651557
0.650667
0.649744
0.648918
0.648404
0.648054
0.63696
0.637287
0.637992
0.639039
0.640254
0.64157
0.642976
0.644441
0.645892
0.64724
0.64822
0.648634
0.648565
0.648171
0.647586
0.646892
0.64617
0.645548
0.645161
0.644883
0.63232
0.632585
0.633185
0.634133
0.635287
0.636566
0.637977
0.639515
0.641134
0.642733
0.643952
0.644567
0.644701
0.644516
0.64413
0.643627
0.643086
0.642625
0.642331
0.642103
0.627636
0.627856
0.628383
0.62927
0.630387
0.631666
0.633121
0.634757
0.636551
0.638423
0.639954
0.640861
0.641262
0.64131
0.64113
0.640821
0.640445
0.64012
0.6399
0.639709
0.622827
0.623013
0.623491
0.624348
0.625466
0.626785
0.628323
0.630102
0.632121
0.634314
0.636237
0.637514
0.638225
0.638537
0.63858
0.638457
0.638245
0.63804
0.637879
0.637715
0.617813
0.617974
0.618423
0.619281
0.620441
0.621843
0.623515
0.625504
0.627827
0.630437
0.632837
0.634542
0.635606
0.636208
0.636492
0.636558
0.636508
0.636411
0.636299
0.636154
0.612512
0.612653
0.613093
0.613981
0.615223
0.616757
0.618621
0.620894
0.623612
0.626753
0.629733
0.631943
0.633416
0.634347
0.634896
0.635174
0.635284
0.635284
0.635215
0.635085
0.606832
0.606957
0.6074
0.608347
0.609713
0.611429
0.613549
0.616177
0.619384
0.623179
0.626869
0.629696
0.631667
0.632989
0.633844
0.63436
0.634641
0.634739
0.634707
0.634588
0.600662
0.600775
0.601235
0.602268
0.603801
0.605758
0.608211
0.611292
0.615112
0.619707
0.62427
0.627851
0.630421
0.632203
0.633404
0.634193
0.634668
0.634866
0.634871
0.63476
0.593881
0.593968
0.59446
0.595612
0.597362
0.599631
0.602519
0.606191
0.610787
0.616377
0.622001
0.626487
0.629759
0.632079
0.633681
0.634789
0.63548
0.635786
0.635828
0.635721
0.586269
0.586375
0.586901
0.588204
0.590226
0.592892
0.596331
0.600743
0.606325
0.613162
0.620071
0.625624
0.62973
0.632704
0.634809
0.636291
0.63722
0.637642
0.63772
0.637615
0.57759
0.577692
0.578305
0.579792
0.582158
0.585329
0.589457
0.594783
0.60155
0.609888
0.618379
0.625265
0.630396
0.634152
0.636871
0.638813
0.640031
0.64059
0.640706
0.640599
0.567549
0.567654
0.568369
0.570107
0.572914
0.576737
0.581754
0.588273
0.596582
0.606804
0.61719
0.625615
0.63193
0.63661
0.64006
0.642537
0.644096
0.644808
0.644962
0.644849
0.555684
0.555806
0.556665
0.558732
0.56211
0.566775
0.572937
0.580964
0.591182
0.603709
0.616383
0.626663
0.634407
0.640191
0.644499
0.647622
0.649591
0.650474
0.650663
0.65054
0.541327
0.541487
0.54256
0.545067
0.549205
0.554996
0.562676
0.572669
0.58531
0.60066
0.616071
0.628514
0.63791
0.644981
0.650311
0.654206
0.656647
0.657718
0.657934
0.657792
0.523485
0.523722
0.52513
0.528295
0.53353
0.540914
0.550689
0.563306
0.579051
0.597857
0.616454
0.631353
0.642611
0.651148
0.657631
0.662379
0.665332
0.666588
0.666821
0.666653
0.500685
0.50107
0.503027
0.507224
0.514129
0.523842
0.536542
0.552641
0.572282
0.595226
0.617516
0.635209
0.648543
0.658706
0.666461
0.672167
0.675646
0.67707
0.677304
0.677104
0.47059
0.471279
0.474206
0.480221
0.489872
0.503148
0.520056
0.540817
0.565338
0.593155
0.61958
0.640287
0.655854
0.667751
0.676865
0.683557
0.687519
0.689066
0.68928
0.689048
0.429104
0.430522
0.435553
0.445149
0.45961
0.478432
0.501286
0.528074
0.558475
0.591841
0.62277
0.646673
0.664566
0.678272
0.688825
0.696476
0.700805
0.702386
0.702553
0.702294
0.368623
0.373036
0.38365
0.400377
0.423009
0.450115
0.480894
0.515074
0.552239
0.591662
0.627298
0.654458
0.674693
0.690182
0.702143
0.71063
0.71519
0.716642
0.716716
0.716453
0.29604
0.304289
0.323778
0.351077
0.384146
0.420567
0.459894
0.50202
0.546598
0.592981
0.634417
0.665892
0.689419
0.70745
0.721201
0.730873
0.735809
0.737348
0.73752
0.737418
0.223146
0.236888
0.265418
0.303099
0.346114
0.391783
0.4397
0.489856
0.541971
0.595475
0.642935
0.678926
0.705882
0.726713
0.742722
0.753572
0.758627
0.759802
0.760014
0.760018
0.16291
0.180273
0.214592
0.260006
0.311056
0.364841
0.420664
0.478425
0.537775
0.598132
0.651303
0.691489
0.721569
0.744775
0.762441
0.774113
0.779243
0.781093
0.781476
0.781549
0.113339
0.132775
0.171496
0.222649
0.280006
0.340442
0.403074
0.467651
0.533679
0.600454
0.658978
0.703019
0.735881
0.761173
0.780309
0.792902
0.798883
0.801134
0.801596
0.801698
0.071621
0.0922482
0.134279
0.189971
0.252519
0.318513
0.38698
0.457563
0.529624
0.602314
0.665777
0.713348
0.748701
0.775786
0.796134
0.809568
0.816244
0.81878
0.819296
0.819403
0.0353533
0.0567638
0.101429
0.160777
0.227699
0.29848
0.372067
0.448001
0.525531
0.603648
0.671677
0.722463
0.760004
0.788463
0.809627
0.823667
0.830991
0.833743
0.834337
0.834434
0.00292906
0.0248914
0.0716929
0.134164
0.204785
0.279748
0.357902
0.438681
0.521235
0.604411
0.676718
0.730468
0.769895
0.799438
0.821209
0.835687
0.843452
0.846433
0.84709
0.84717
-0.0268135
-0.00443056
0.0441513
0.10933
0.183191
0.261858
0.344105
0.429318
0.51656
0.604535
0.680931
0.737461
0.778576
0.809058
0.8313
0.846129
0.854199
0.857318
0.857996
0.85804
-0.0547514
-0.0319301
0.0182854
0.0857053
0.162492
0.244462
0.330409
0.419703
0.511354
0.60394
0.684321
0.743549
0.786251
0.817575
0.840233
0.855275
0.86348
0.86668
0.867382
0.867399
-0.0813437
-0.0580586
-0.00650216
0.0630097
0.142391
0.227319
0.316629
0.409691
0.505502
0.60255
0.686882
0.748811
0.793112
0.825292
0.848391
0.863652
0.871918
0.875151
0.875776
0.875716
-0.106956
-0.0831494
-0.0305063
0.0409935
0.122678
0.210267
0.302639
0.399181
0.498917
0.600304
0.688592
0.753308
0.799314
0.832435
0.856009
0.871476
0.879772
0.882929
0.883539
0.883442
-0.131812
-0.107553
-0.0538055
0.019466
0.103222
0.193208
0.288359
0.388114
0.491539
0.597129
0.689428
0.757091
0.804962
0.839151
0.863257
0.878921
0.887212
0.890277
0.890816
0.890688
-0.156051
-0.131298
-0.0764725
-0.00164563
0.0839536
0.176089
0.273759
0.37646
0.483338
0.592979
0.689341
0.760164
0.810133
0.845546
0.870248
0.886073
0.894273
0.897178
0.897618
0.897452
-0.179733
-0.15443
-0.0985879
-0.0223815
0.0648567
0.158916
0.258847
0.364223
0.474293
0.587808
0.688261
0.76249
0.814865
0.851717
0.877071
0.89299
0.901009
0.903671
0.903977
0.903776
-0.202824
-0.177031
-0.120213
-0.0427526
0.0459484
0.141709
0.243656
0.351439
0.464419
0.581587
0.686109
0.763995
0.819155
0.857752
0.883844
0.899737
0.90738
0.909705
0.909884
0.909657
-0.225383
-0.199063
-0.141311
-0.0627288
0.0272632
0.124515
0.228245
0.338163
0.453767
0.574305
0.682819
0.764572
0.822938
0.863729
0.89075
0.906448
0.913432
0.915272
0.915305
0.915063
-0.247313
-0.220474
-0.161842
-0.0822755
0.00884763
0.107409
0.212692
0.324476
0.442399
0.565982
0.678322
0.764087
0.826085
0.869667
0.898052
0.913447
0.919305
0.920353
0.920197
0.919966
-0.268627
-0.241224
-0.181803
-0.10134
-0.00923015
0.0904584
0.197087
0.310477
0.430392
0.556676
0.672572
0.762395
0.828388
0.87545
0.906019
0.921394
0.925564
0.925109
0.924533
0.924387
-0.289236
-0.261319
-0.201144
-0.119879
-0.0269155
0.0737451
0.181508
0.296246
0.417861
0.546472
0.665547
0.759343
0.829574
0.880733
0.914655
0.93119
0.93376
0.93061
0.928503
0.928166
-0.309206
-0.280738
-0.219818
-0.137841
-0.0441347
0.0573553
0.166078
0.28192
0.404934
0.535471
0.657267
0.754793
0.829337
0.88491
0.923298
0.943204
0.946291
0.940788
0.933025
0.916275
-0.328476
-0.299487
-0.237969
-0.155434
-0.0611925
0.0409481
0.150368
0.267022
0.391075
0.523129
0.647155
0.748114
0.827219
0.887279
0.930684
0.956388
0.963581
0.957923
0.943379
0.956939
-0.347144
-0.317502
-0.255556
-0.17262
-0.0780308
0.0245766
0.134383
0.251579
0.376279
0.509348
0.635033
0.738694
0.82256
0.886608
0.933019
0.962741
0.97475
0.966218
0.907583
0.89374
-0.36585
-0.335198
-0.272316
-0.189064
-0.0941595
0.00866726
0.118322
0.235861
0.360846
0.494348
0.620966
0.726109
0.814665
0.882141
0.925125
0.95329
0.957048
0.921258
0.853901
0.813705
-0.385935
-0.354068
-0.287791
-0.204316
-0.109015
-0.00651021
0.102597
0.220092
0.344917
0.478195
0.604904
0.710254
0.801674
0.873496
0.920842
0.914837
0.893091
0.832596
0.761485
0.718708
0.0312277
0.145287
0.266009
0.394268
0.525209
0.641783
0.735981
0.594733
-0.404438
-0.388772
-0.349755
-0.279395
-0.190662
-0.0929218
0.0128021
0.125749
0.245654
0.372657
0.502293
0.617902
0.710037
0.787459
0.839278
0.799937
0.665719
0.58089
0.513643
-0.424451
-0.411581
-0.367195
-0.295369
-0.206362
-0.108471
-0.00325034
0.109215
0.228262
0.353862
0.481156
0.593304
0.67985
0.742587
0.742487
0.642501
0.503594
0.401555
0.31472
-0.447761
-0.435275
-0.38802
-0.315069
-0.226053
-0.128004
-0.0227344
0.0893996
0.2075
0.331467
0.45561
0.56276
0.640951
0.684729
0.647107
0.492024
0.333119
0.204783
0.0903968
-0.471302
-0.458717
-0.409857
-0.335698
-0.246349
-0.148346
-0.0433494
0.0680675
0.184942
0.306845
0.427376
0.528933
0.59926
0.617941
0.534377
0.346311
0.1564
-0.014357
-0.177423
-0.494324
-0.482054
-0.432377
-0.357241
-0.267489
-0.169502
-0.0649093
0.0456506
0.161129
0.280648
0.397132
0.492356
0.552831
0.536357
0.40833
0.210763
-0.00177261
-0.196121
-0.377277
-0.517936
-0.505908
-0.455849
-0.380095
-0.290016
-0.191982
-0.087719
0.0220449
0.136078
0.253084
0.365354
0.45372
0.501202
0.461356
0.292362
0.0967425
-0.112757
-0.303875
-0.418601
-0.487268
-0.542921
-0.53103
-0.480648
-0.404553
-0.314343
-0.21637
-0.112508
-0.0036563
0.108708
0.222813
0.330393
0.411079
0.443994
0.380904
0.187571
-0.000318543
-0.182279
-0.317443
-0.35977
-0.383763
-0.569451
-0.557654
-0.507043
-0.430748
-0.340562
-0.242846
-0.139568
-0.0318976
0.0784496
0.189144
0.291374
0.36391
0.377937
0.277307
0.0935786
-0.0802756
-0.232929
-0.313805
-0.333514
-0.338636
-0.597804
-0.585989
-0.535145
-0.4587
-0.368663
-0.271366
-0.168916
-0.0627141
0.0452512
0.152049
0.248186
0.312357
0.298726
0.176429
0.00634375
-0.155955
-0.27466
-0.317967
-0.317942
-0.318971
-0.627896
-0.616184
-0.564981
-0.48841
-0.398634
-0.301925
-0.200548
-0.0961044
0.0090989
0.111547
0.200965
0.255508
0.223531
0.0807236
-0.0746887
-0.224665
-0.289534
-0.306599
-0.307972
-0.307845
-0.659585
-0.647878
-0.596441
-0.519794
-0.43038
-0.334463
-0.234398
-0.132043
-0.0299905
0.0676905
0.149978
0.193118
0.155729
-0.0038803
-0.148475
-0.26169
-0.307541
-0.30114
-0.301141
-0.301147
-0.692388
-0.680575
-0.629279
-0.552599
-0.463702
-0.368789
-0.270316
-0.170389
-0.0718777
0.0207407
0.0954529
0.129116
0.0776568
-0.0794812
-0.210262
-0.286073
-0.302147
-0.298803
-0.297784
-0.297078
-0.725797
-0.713895
-0.662849
-0.586405
-0.498217
-0.404554
-0.307987
-0.210845
-0.116305
-0.0289626
0.0380764
0.0610444
-0.00744666
-0.145817
-0.262282
-0.281171
-0.293508
-0.297579
-0.297143
-0.296123
-0.758749
-0.746925
-0.696293
-0.620528
-0.533337
-0.44124
-0.346928
-0.252927
-0.162764
-0.0810723
-0.0203871
-0.0127404
-0.0823642
-0.203861
-0.293562
-0.330421
-0.311214
-0.30043
-0.295139
-0.293619
-0.789609
-0.778501
-0.728748
-0.65393
-0.568209
-0.478081
-0.386433
-0.295944
-0.210475
-0.134977
-0.0785559
-0.0827297
-0.150279
-0.246232
-0.333141
-0.345973
-0.31806
-0.297009
-0.287213
-0.285564
-0.81744
-0.806657
-0.758852
-0.685363
-0.601715
-0.514042
-0.425544
-0.338986
-0.258423
-0.189447
-0.137373
-0.147113
-0.219295
-0.256229
-0.321299
-0.325473
-0.327488
-0.32043
-0.313757
-0.31026
-0.839744
-0.829645
-0.78415
-0.713476
-0.632456
-0.547861
-0.463036
-0.380884
-0.305443
-0.243005
-0.197302
-0.210131
-0.292473
-0.274311
-0.178593
-0.314696
-0.396804
-0.441115
-0.440481
-0.428766
-0.854537
-0.845478
-0.803124
-0.735996
-0.658682
-0.578008
-0.497508
-0.420172
-0.350146
-0.29426
-0.25659
-0.274435
-0.394488
-0.415478
-0.365999
-0.446921
-0.530103
-0.566477
-0.566318
-0.560573
-0.859239
-0.85176
-0.813633
-0.751204
-0.678541
-0.602777
-0.527279
-0.455181
-0.390844
-0.341445
-0.314859
-0.342784
-0.530118
-0.852463
-1.07636
-0.829887
-0.668624
-0.61899
-0.610657
-0.609009
-0.85232
-0.846223
-0.813526
-0.757197
-0.690452
-0.620489
-0.550597
-0.484005
-0.425338
-0.382104
-0.37009
-0.405592
-0.581976
-0.81605
-0.931913
-0.770526
-0.690788
-0.658057
-0.64768
-0.645199
-0.830115
-0.825714
-0.800162
-0.752545
-0.69329
-0.629913
-0.56595
-0.504571
-0.450849
-0.412562
-0.403823
-0.429629
-0.434678
-0.248727
0.0390971
-0.156699
-0.460679
-0.601956
-0.622162
-0.626129
-0.795461
-0.792718
-0.774998
-0.737313
-0.686988
-0.630667
-0.572464
-0.5153
-0.46454
-0.42823
-0.419465
-0.43391
-0.456713
-0.440094
-0.555631
-0.922613
-1.09311
-0.965899
-0.804084
-0.746669
-0.753927
-0.752277
-0.742617
-0.714776
-0.673502
-0.623662
-0.570195
-0.515789
-0.464726
-0.42642
-0.417337
-0.475251
-0.736304
-1.30247
-1.87669
-2.20714
-2.26581
-2.07201
-1.77107
-1.54295
-0.714195
-0.713159
-0.708624
-0.690662
-0.656563
-0.611415
-0.560728
-0.506256
-0.451804
-0.402984
-0.38383
-0.409795
-0.634173
-0.921628
-1.26512
-1.46324
-1.45283
-1.27348
-1.06716
-0.908122
-0.682739
-0.68212
-0.679688
-0.669283
-0.641098
-0.598652
-0.547108
-0.48865
-0.425306
-0.359293
-0.291061
-0.220333
-0.149776
0.0136768
0.272076
0.575411
0.895571
1.14599
1.29711
1.37033
-0.657074
-0.656416
-0.655497
-0.651574
-0.630201
-0.588674
-0.533163
-0.468141
-0.39298
-0.30774
-0.200516
-0.0800006
0.167513
0.538796
1.01457
1.49696
1.89427
2.17861
2.3518
2.4243
-0.639734
-0.63932
-0.638901
-0.637746
-0.623238
-0.582105
-0.521861
-0.449201
-0.363262
-0.263434
-0.14426
-0.00670524
0.183823
0.564019
1.07156
1.59557
2.03733
2.33912
2.49827
2.55802
-0.627263
-0.626944
-0.626463
-0.626523
-0.618302
-0.579177
-0.514071
-0.434022
-0.342548
-0.237034
-0.121404
0.0121644
0.140454
0.44534
0.920672
1.37831
1.75781
2.00805
2.13475
2.18125
-0.620344
-0.619344
-0.617356
-0.617645
-0.614977
-0.579067
-0.508278
-0.42162
-0.326966
-0.222749
-0.109429
0.01
0.131252
0.32473
0.692423
1.04409
1.32362
1.51026
1.60371
1.63735
-0.626489
-0.624917
-0.624737
-0.627727
-0.625224
-0.581502
-0.500076
-0.406689
-0.310116
-0.209227
-0.103056
-0.00243615
0.0933373
0.213453
0.458638
0.70728
0.906796
1.04032
1.10536
1.12848
-0.633
-0.633126
-0.64061
-0.646262
-0.634167
-0.575
-0.480634
-0.382699
-0.288619
-0.195478
-0.103769
-0.0252128
0.0450207
0.123081
0.293322
0.460163
0.589861
0.676698
0.717586
0.731779
-0.586677
-0.590162
-0.600883
-0.60711
-0.589024
-0.52446
-0.433238
-0.343264
-0.260253
-0.181732
-0.10633
-0.0456323
0.00776379
0.0556809
0.169397
0.281093
0.363582
0.417055
0.44127
0.449106
-0.446246
-0.450726
-0.459832
-0.464217
-0.449543
-0.40505
-0.345569
-0.282966
-0.221164
-0.160688
-0.102581
-0.0576428
-0.0226413
0.00871307
0.0827781
0.153645
0.205626
0.237845
0.252324
0.256001
-0.25979
-0.262895
-0.268207
-0.273873
-0.272996
-0.259814
-0.237587
-0.208212
-0.174031
-0.135147
-0.0963746
-0.0650287
-0.0440116
-0.025837
0.0263108
0.0698055
0.1016
0.120568
0.128682
0.130601
-0.103124
-0.104866
-0.108232
-0.116094
-0.127664
-0.138359
-0.143254
-0.140042
-0.128241
-0.108739
-0.0852242
-0.0653446
-0.052847
-0.0365985
-0.00698005
0.0210544
0.0397988
0.0498313
0.0535752
0.0539295
-0.0111527
-0.0122252
-0.0148056
-0.0234474
-0.0401249
-0.060644
-0.0778854
-0.0883625
-0.0902441
-0.0839404
-0.0716467
-0.0608057
-0.0532345
-0.0431243
-0.0219771
-0.00520069
0.0045848
0.00937623
0.0107736
0.0104976
0.027421
0.026731
0.0246347
0.0170657
0.00173469
-0.0183087
-0.0377696
-0.0531463
-0.0620042
-0.0636876
-0.0589189
-0.0527887
-0.0483185
-0.04206
-0.0282154
-0.0179319
-0.0125149
-0.010355
-0.0100408
-0.0105883
0.0361067
0.03568
0.0341318
0.0284963
0.0167101
0.000480047
-0.016625
-0.0316995
-0.0425509
-0.0479621
-0.0471495
-0.0430722
-0.0381922
-0.0329234
-0.0247046
-0.0201679
-0.0181022
-0.0172466
-0.0173452
-0.0179928
0.0312579
0.0310098
0.0299387
0.0261151
0.0179251
0.00612492
-0.00722608
-0.0200683
-0.0304304
-0.0369819
-0.0378359
-0.0334981
-0.0271618
-0.0216704
-0.0190525
-0.0182764
-0.0175241
-0.0171271
-0.0172
-0.017885
0.0217171
0.0215682
0.0208421
0.018386
0.0130368
0.00495652
-0.00477659
-0.0148375
-0.0237638
-0.0302193
-0.031792
-0.0275832
-0.0193018
-0.0137698
-0.0149254
-0.0159125
-0.0158694
-0.0151004
-0.0147678
-0.0154424
0.0117698
0.011662
0.0111586
0.00962982
0.00629272
0.000985863
-0.00585565
-0.0134506
-0.0209347
-0.0272006
-0.0299253
-0.0269908
-0.019759
-0.0157798
-0.0188038
-0.0196346
-0.0179158
-0.015942
-0.0150017
-0.0156351
0.00335788
0.00326218
0.00289304
0.0019344
-0.000110816
-0.00354909
-0.00833105
-0.0141309
-0.0205179
-0.026904
-0.0317515
-0.0329209
-0.0310966
-0.0311537
-0.0332656
-0.0311805
-0.0272442
-0.0236553
-0.0221818
-0.0227187
-0.00280578
-0.00290492
-0.00320508
-0.0038601
-0.00516301
-0.00743515
-0.0108837
-0.0154818
-0.0212048
-0.0281132
-0.0359333
-0.0435019
-0.0502191
-0.0552941
-0.054191
-0.047813
-0.0414638
-0.03737
-0.0359476
-0.0363819
-0.00665068
-0.00675822
-0.00702005
-0.00753522
-0.00845551
-0.0100592
-0.0126706
-0.0164406
-0.0217501
-0.0290886
-0.0400779
-0.0545483
-0.0702589
-0.0792904
-0.0734672
-0.063915
-0.0565375
-0.0527341
-0.0515575
-0.0517981
-0.00847831
-0.00858197
-0.00880631
-0.00924251
-0.0099796
-0.0112716
-0.0133466
-0.016582
-0.0213896
-0.0289923
-0.0413142
-0.0602672
-0.0822772
-0.0920594
-0.0828098
-0.0719315
-0.0652864
-0.0624639
-0.0619532
-0.0620075
-0.00876071
-0.00886486
-0.00906412
-0.00946526
-0.0101296
-0.0110818
-0.0128704
-0.0155898
-0.0198729
-0.0267383
-0.0382386
-0.0567124
-0.0781348
-0.085319
-0.0758417
-0.0670016
-0.0629877
-0.0616582
-0.0615627
-0.0616204
-0.0079227
-0.00802714
-0.0081896
-0.0085146
-0.00904539
-0.00991716
-0.0112645
-0.0134432
-0.0167585
-0.0220357
-0.0305007
-0.0434916
-0.0573881
-0.0598589
-0.0544159
-0.0509312
-0.0506329
-0.0507169
-0.0508965
-0.0510826
-0.00631987
-0.00641799
-0.00653295
-0.00676568
-0.00725982
-0.0079803
-0.00887431
-0.0104955
-0.0127913
-0.0159538
-0.020227
-0.0249819
-0.0287742
-0.0277292
-0.026839
-0.0294036
-0.0319357
-0.0329509
-0.0333571
-0.0337663
-0.00427583
-0.00435786
-0.00442546
-0.00455738
-0.00483234
-0.00540147
-0.0062658
-0.00705417
-0.00833953
-0.00978652
-0.010521
-0.00740721
-0.00229753
0.00149705
-0.00304121
-0.00915021
-0.0123614
-0.0134022
-0.0140716
-0.0147696
-0.00226394
-0.00235448
-0.0024097
-0.0024511
-0.00266743
-0.00293881
-0.00337082
-0.00405079
-0.00449754
-0.00457275
-0.00293853
0.00328946
0.0159376
0.0207075
0.0107987
0.00271297
0.000561719
0.00103229
0.000403608
-0.000655119
-0.00136042
-0.00141499
-0.00144859
-0.00142683
-0.00159404
-0.0020504
-0.00242911
-0.00267384
-0.00261682
-0.00180114
0.00107647
0.010698
0.0225702
0.0148959
0.00608045
0.00318322
0.00301105
0.00373775
0.00312557
8.52667e-05
-0.350615
-0.0169656
0.20653
0.396451
0.549692
0.672032
0.770329
0.854171
0.912634
0.907883
0.142605
0.298724
0.436424
0.558702
0.662908
0.750069
0.821772
0.876744
0.910301
0.924191
0.407687
0.504945
0.596897
0.681578
0.755195
0.817688
0.868742
0.907608
0.935911
0.955062
0.58718
0.652566
0.719566
0.781098
0.834983
0.88122
0.91981
0.951065
0.976608
0.994469
0.723883
0.770659
0.822543
0.868213
0.909629
0.946124
0.977678
1.00446
1.02693
1.04229
0.835269
0.872992
0.912978
0.950222
0.984467
1.01561
1.04326
1.0671
1.08693
1.09965
0.932429
0.96524
0.999185
1.03266
1.0639
1.09268
1.11841
1.14044
1.15812
1.16863
1.0233
1.05503
1.08839
1.12183
1.15284
1.18112
1.20605
1.22692
1.24281
1.25183
1.11798
1.15322
1.18926
1.22475
1.25669
1.28487
1.309
1.32863
1.34306
1.35185
1.23066
1.27142
1.31026
1.34688
1.37859
1.40554
1.42803
1.4461
1.45956
1.46966
1.37429
1.41735
1.45483
1.48799
1.51582
1.5395
1.56008
1.5774
1.59133
1.60354
1.55213
1.58914
1.61719
1.64119
1.66223
1.68156
1.69976
1.71683
1.73299
1.74833
1.74949
1.76888
1.78458
1.80074
1.81734
1.83277
1.84638
1.8595
1.875
1.89288
1.93849
1.94623
1.95811
1.96978
1.97965
1.98881
1.99906
2.01038
2.02172
2.02901
2.15735
2.15561
2.14751
2.13051
2.11911
2.11851
2.13068
2.15552
2.1892
2.21679
2.56586
2.37903
2.27748
2.22008
2.19105
2.18439
2.19966
2.24029
2.31606
2.46235
-0.374001
-0.375295
-0.335171
-0.262886
-0.173979
-0.0754687
0.824818
0.889731
0.887663
0.81448
0.745044
0.674215
0.44619
0.224923
-0.0393759
-0.389085
-0.748705
)
;

boundaryField
{
    wall-4
    {
        type            zeroGradient;
    }
    pressure-outlet-7
    {
        type            fixedValue;
        value           uniform 0;
    }
    velocity-inlet-6
    {
        type            zeroGradient;
    }
    velocity-inlet-5
    {
        type            zeroGradient;
    }
    frontAndBackPlanes
    {
        type            empty;
    }
}


// ************************************************************************* //
