0.490941 	1.13012
0.561075 	1.13012
0.63121 	1.13012
0.701344 	1.13012
0.771478 	1.13012
0.841613 	1.13012
0.911747 	1.13012
0.981881 	1.13012
1.05202 	1.13012
1.12215 	1.13012
1.19228 	1.13012
1.26242 	1.10397
1.33255 	1.10397
1.40269 	1.10397
1.47282 	1.10397
1.54296 	1.10397
1.61309 	1.10397
1.68323 	1.10397
1.75336 	1.10397
1.82349 	1.05411
1.89363 	1.05411
1.96376 	1.05411
2.0339 	1.05411
2.10403 	1.05411
2.17417 	1.05411
2.2443 	1.05411
2.31443 	1.05411
2.38457 	1.05411
2.4547 	1.05411
2.52484 	1.05411
2.59497 	1.01956
2.66511 	1.01956
2.73524 	1.01956
2.80538 	1.01956
2.87551 	1.01956
2.94564 	1.01956
3.01578 	1.01956
3.08591 	1.01956
3.15605 	1.01956
3.22618 	1.01956
3.29632 	0.987207
3.36645 	0.987207
3.43659 	0.987207
3.50672 	0.987207
3.57685 	0.987207
3.64699 	0.987207
3.71712 	0.987207
3.78726 	0.987207
3.85739 	0.987207
3.92753 	0.987207
3.99766 	0.987207
4.06779 	0.968945
4.13793 	0.968945
4.20806 	0.968945
4.2782 	0.968945
4.34833 	0.968945
4.41847 	0.968945
4.4886 	0.943975
4.55874 	0.943975
4.62887 	0.943975
4.699 	0.943975
4.76914 	0.943975
4.83927 	0.943975
4.90941 	0.943975
4.97954 	0.943975
5.04968 	0.943975
5.11981 	0.943975
5.18994 	0.921591
5.26008 	0.921591
5.33021 	0.921591
5.40035 	0.921591
5.47048 	0.921591
5.54062 	0.921591
5.61075 	0.921591
5.68089 	0.892896
5.75102 	0.892896
5.82115 	0.892896
5.89129 	0.892896
5.96142 	0.892896
6.03156 	0.892896
6.10169 	0.892896
6.17183 	0.892896
6.24196 	0.892896
6.3121 	0.863593
6.38223 	0.863593
6.45236 	0.863593
6.5225 	0.863593
6.59263 	0.863593
6.66277 	0.863593
6.7329 	0.863593
6.80304 	0.863593
6.87317 	0.837694
6.9433 	0.837694
7.01344 	0.837694
7.08357 	0.837694
7.15371 	0.837694
7.22384 	0.837694
7.29398 	0.837694
7.36411 	0.837694
7.43425 	0.837694
7.50438 	0.807052
7.57451 	0.807052
7.64465 	0.807052
7.71478 	0.807052
7.78492 	0.807052
7.85505 	0.807052
7.92519 	0.807052
7.99532 	0.807052
8.06545 	0.785052
8.13559 	0.785052
8.20572 	0.785052
8.27586 	0.785052
8.34599 	0.785052
8.41613 	0.785052
8.48626 	0.785052
8.5564 	0.785052
8.62653 	0.785052
8.69666 	0.754687
8.7668 	0.754687
8.83693 	0.754687
8.90707 	0.754687
8.9772 	0.754687
9.04734 	0.754687
9.11747 	0.754687
9.18761 	0.754687
9.25774 	0.725268
9.32787 	0.725268
9.39801 	0.725268
9.46814 	0.725268
9.53828 	0.725268
9.60841 	0.725268
9.67855 	0.725268
9.74868 	0.725268
9.81881 	0.707917
9.88895 	0.707917
9.95908 	0.707917
10.0292 	0.707917
10.0994 	0.707917
10.1695 	0.707917
10.2396 	0.707917
10.3098 	0.707917
10.3799 	0.707917
10.45 	0.707917
10.5202 	0.707917
10.5903 	0.707917
10.6604 	0.72897
10.7306 	0.677863
10.8007 	0.677863
10.8708 	0.677863
10.941 	0.677863
11.0111 	0.677863
11.0812 	0.677863
11.1514 	0.677863
11.2215 	0.677863
11.2916 	0.677863
11.3618 	0.677863
11.4319 	0.677863
11.502 	0.677863
11.5722 	0.677863
11.6423 	0.677863
11.7124 	0.685978
11.7826 	0.62657
11.8527 	0.62657
11.9228 	0.62657
11.993 	0.62657
12.0631 	0.62657
12.1332 	0.62657
12.2034 	0.53193
12.2735 	0.53193
12.3437 	0.53193
12.4138 	0.53193
12.4839 	0.53193
12.5541 	0.53193
12.6242 	0.53193
12.6943 	0.53193
12.7645 	0.53193
12.8346 	0.419721
12.9047 	0.407006
12.9749 	0.407006
13.045 	0.407006
13.1151 	0.407006
13.1853 	0.407006
13.2554 	0.407006
13.3255 	0.407006
13.3957 	0.632303
13.4658 	0.632303
13.5359 	0.632303
13.6061 	0.632303
13.6762 	0.632303
13.7463 	0.632303
13.8165 	0.712335
13.8866 	0.925839
13.9567 	0.925839
14.0269 	0.342586
14.097 	0.342586
14.1671 	0.342586
14.2373 	0.342586
14.3074 	0.342586
14.3776 	0.342586
14.4477 	0.342586
14.5178 	0.342586
14.588 	0.342586
14.6581 	0.342586
14.7282 	0.342586
14.7984 	0.342586
14.8685 	0.342586
14.9386 	0.167444
15.0088 	0.167444
15.0789 	0.167444
15.149 	0.167444
15.2192 	0.167444
15.2893 	-0.339845
15.3594 	-0.339845
15.4296 	-0.339845
15.4997 	-0.339845
15.5698 	-0.339845
15.64 	-0.339845
15.7101 	-0.831088
15.7802 	-0.831088
15.8504 	-0.722909
15.9205 	-0.722909
15.9906 	-0.722909
16.0608 	-0.722909
16.1309 	-0.722909
16.201 	-0.722909
16.2712 	-0.722909
16.3413 	-0.722909
16.4114 	-0.722909
16.4816 	-0.722909
16.5517 	-0.722909
16.6219 	-0.722909
16.692 	-0.722909
16.7621 	-0.722909
16.8323 	-0.269674
16.9024 	-0.269674
16.9725 	-0.269674
17.0427 	-0.269674
17.1128 	-0.269674
17.1829 	-0.269674
17.2531 	-0.269674
17.3232 	-0.269674
17.3933 	-0.269674
17.4635 	-0.269674
17.5336 	-0.174144
17.6037 	-0.174144
17.6739 	-0.174144
17.744 	-0.265317
17.8141 	-0.265317
17.8843 	-0.265317
17.9544 	-0.265317
18.0245 	-0.265317
18.0947 	-0.265317
18.1648 	-0.265317
18.2349 	-0.265317
18.3051 	-0.265317
18.3752 	0.0228532
18.4453 	0.0228532
18.5155 	0.0228532
18.5856 	0.0228532
18.6557 	0.0228532
18.7259 	0.0228532
18.796 	0.0228532
18.8662 	0.084043
18.9363 	0.084043
19.0064 	0.084043
19.0766 	0.084043
19.1467 	0.084043
19.2168 	0.084043
19.287 	0.084043
19.3571 	0.084043
19.4272 	0.084043
19.4974 	0.084043
19.5675 	0.084043
19.6376 	0.084043
19.7078 	0.084043
19.7779 	0.230233
19.848 	0.230233
19.9182 	0.230233
19.9883 	0.230233
20.0584 	0.230233
20.1286 	0.230233
20.1987 	0.230233
20.2688 	0.224285
20.339 	0.224285
20.4091 	0.224285
20.4792 	0.224285
20.5494 	0.224285
20.6195 	0.224285
20.6896 	0.224285
20.7598 	0.224285
20.8299 	0.224285
20.9 	0.224285
20.9702 	0.224285
21.0403 	0.224285
21.1105 	0.224285
21.1806 	0.224285
21.2507 	0.224285
21.3209 	0.224285
21.391 	0.224285
21.4611 	0.239268
21.5313 	0.239268
21.6014 	0.239268
21.6715 	0.13413
21.7417 	0.13413
21.8118 	0.13413
21.8819 	0.13413
21.9521 	0.13413
22.0222 	-0.000162454
22.0923 	-0.000162454
22.1625 	-0.000162454
22.2326 	-0.000162454
22.3027 	-0.000162454
22.3729 	-0.000162454
22.443 	-0.000162454
22.5131 	-0.000162454
22.5833 	-0.000162454
22.6534 	-0.000162454
22.7235 	-0.000162454
22.7937 	-0.000162454
22.8638 	-0.000162454
22.9339 	-0.000162454
23.0041 	-0.000162454
23.0742 	-0.000162454
23.1443 	-0.000162454
23.2145 	-0.000162454
23.2846 	-0.000162454
23.3548 	-0.000162454
23.4249 	-0.000162454
23.495 	0.189574
23.5652 	0.189574
23.6353 	0.189574
23.7054 	0.189574
23.7756 	0.189574
23.8457 	0.189574
23.9158 	0.189574
23.986 	0.318743
24.0561 	0.318743
24.1262 	0.318743
24.1964 	0.318743
24.2665 	0.318743
24.3366 	0.318743
24.4068 	0.318743
24.4769 	0.318743
24.547 	0.318743
24.6172 	0.318743
24.6873 	0.318743
24.7574 	0.318743
24.8276 	0.318743
24.8977 	0.318743
24.9678 	0.318743
25.038 	0.318743
25.1081 	0.318743
25.1782 	0.265728
25.2484 	0.265728
25.3185 	0.265728
25.3886 	0.265728
25.4588 	0.265728
25.5289 	0.265728
25.5991 	0.265728
25.6692 	0.265728
25.7393 	0.265728
25.8095 	0.265728
25.8796 	0.265728
25.9497 	0.265728
26.0199 	0.265728
26.09 	0.265728
26.1601 	0.265728
26.2303 	0.170504
26.3004 	0.170504
26.3705 	0.170504
26.4407 	0.170504
26.5108 	0.170504
26.5809 	0.170504
26.6511 	0.170504
26.7212 	0.170504
26.7913 	0.170504
26.8615 	0.170504
26.9316 	0.170504
27.0017 	0.170504
27.0719 	0.170504
27.142 	0.170504
27.2121 	0.170504
27.2823 	0.170504
27.3524 	0.109436
27.4225 	0.109436
27.4927 	0.109436
27.5628 	0.109436
27.6329 	0.109436
27.7031 	0.109436
27.7732 	0.109436
27.8434 	0.109436
27.9135 	0.109436
27.9836 	0.109436
28.0538 	0.109436
28.1239 	0.109436
28.194 	0.109436
28.2642 	0.109436
28.3343 	0.109436
28.4044 	0.109436
28.4746 	0.109436
28.5447 	0.109436
28.6148 	0.109436
28.685 	0.109436
28.7551 	0.109436
28.8252 	0.109436
28.8954 	0.109436
28.9655 	0.0592341
29.0356 	0.0592341
29.1058 	0.0592341
29.1759 	0.0592341
29.246 	0.0592341
29.3162 	0.0592341
29.3863 	0.0592341
29.4564 	0.0592341
29.5266 	0.0592341
29.5967 	0.0592341
29.6668 	0.0592341
29.737 	0.0592341
29.8071 	0.0592341
29.8773 	0.0592341
29.9474 	0.0592341
30.0175 	0.0592341
30.0877 	0.0592341
30.1578 	0.0592341
30.2279 	0.0592341
30.2981 	0.0592341
30.3682 	0.0592341
30.4383 	0.0592341
30.5085 	0.0592341
30.5786 	0.0592341
30.6487 	0.0592341
30.7189 	0.0592341
30.789 	0.0518596
30.8591 	0.0518596
30.9293 	0.0518596
30.9994 	0.0518596
31.0695 	0.0518596
31.1397 	0.0518596
31.2098 	0.0518596
31.2799 	0.0518596
31.3501 	0.0518596
31.4202 	0.0518596
31.4903 	0.0518596
31.5605 	0.0518596
31.6306 	0.0518596
31.7007 	0.0518596
31.7709 	0.0518596
31.841 	0.0518596
31.9111 	0.0518596
31.9813 	0.0518596
32.0514 	0.0518596
32.1216 	0.0518596
32.1917 	0.0518596
32.2618 	0.0518596
32.332 	0.0518596
32.4021 	0.0518596
32.4722 	0.0518596
32.5424 	0.0518596
32.6125 	0.0518596
32.6826 	0.0518596
32.7528 	0.0518596
32.8229 	0.0518596
32.893 	0.0518596
32.9632 	0.0518596
33.0333 	0.0518596
33.1034 	0.0518596
33.1736 	0.0518596
33.2437 	0.0518596
33.3138 	0.0518596
33.384 	0.0518596
33.4541 	0.0518596
33.5242 	0.0518596
33.5944 	0.0518596
33.6645 	0.0518596
33.7346 	0.0129463
33.8048 	0.0129463
33.8749 	0.0129463
33.945 	0.0129463
34.0152 	0.0129463
34.0853 	0.0129463
34.1554 	0.0111101
34.2256 	0.0111101
34.2957 	0.0111101
34.3659 	0.0111101
34.436 	0.0111101
34.5061 	0.0111101
34.5763 	0.0111101
34.6464 	0.0111101
34.7165 	0.207769
34.7867 	0.207769
34.8568 	0.207769
34.9269 	0.207769
34.9971 	0.207769
35.0672 	0.207769
35.1373 	0.207769
35.2075 	0.207769
35.2776 	0.207769
35.3477 	0.207769
35.4179 	0.207769
35.488 	0.207769
35.5581 	0.207769
35.6283 	0.207769
35.6984 	0.207769
35.7685 	0.207769
35.8387 	0.207769
35.9088 	0.207769
35.9789 	0.207769
36.0491 	0.181762
36.1192 	0.181762
36.1893 	0.181762
36.2595 	0.181762
36.3296 	0.181762
36.3997 	0.181762
36.4699 	0.181762
36.54 	0.181762
36.6102 	0.181762
36.6803 	0.181762
36.7504 	0.181762
36.8206 	0.181762
36.8907 	0.0549461
36.9608 	0.0549461
37.031 	0.0549461
37.1011 	0.0549461
37.1712 	0.0549461
37.2414 	0.0549461
37.3115 	0.0549461
37.3816 	0.0549461
37.4518 	0.0549461
37.5219 	0.0549461
37.592 	0.0549461
37.6622 	0.0549461
37.7323 	0.0549461
37.8024 	0.0549461
37.8726 	0.0549461
37.9427 	0.0549461
38.0128 	0.0549461
38.083 	0.0549461
38.1531 	0.0549461
38.2232 	0.0779557
38.2934 	0.0779557
38.3635 	0.0779557
38.4336 	0.0779557
38.5038 	0.0779557
38.5739 	0.0779557
38.644 	0.0779557
38.7142 	0.0779557
38.7843 	0.0779557
38.8545 	0.0779557
38.9246 	0.0779557
38.9947 	0.0779557
39.0649 	0.0779557
39.135 	0.0779557
39.2051 	0.0395393
39.2753 	0.0395393
39.3454 	0.0395393
39.4155 	0.0395393
39.4857 	0.0395393
39.5558 	0.0395393
39.6259 	0.0395393
39.6961 	0.0395393
39.7662 	0.0395393
39.8363 	0.0395393
39.9065 	0.0395393
39.9766 	0.0395393
40.0467 	0.0395393
40.1169 	0.0395393
40.187 	0.0395393
40.2571 	0.0395393
40.3273 	0.0395393
40.3974 	0.0395393
40.4675 	0.0395393
40.5377 	0.0395393
40.6078 	0.0395393
40.6779 	0.02489
40.7481 	0.02489
40.8182 	0.02489
40.8883 	0.02489
40.9585 	0.02489
41.0286 	0.02489
41.0988 	0.02489
41.1689 	0.02489
41.239 	0.0260414
41.3092 	0.0260414
41.3793 	0.0260414
41.4494 	0.0260414
41.5196 	0.0260414
41.5897 	0.0260414
41.6598 	0.0260414
41.73 	0.0260414
41.8001 	0.0260414
41.8702 	0.0260414
41.9404 	0.0260414
42.0105 	0.0260414
42.0806 	0.0260414
42.1508 	0.0260414
42.2209 	0.0260414
42.291 	0.0260414
42.3612 	0.0260414
42.4313 	0.0260414
42.5014 	0.0260414
42.5716 	0.0260414
42.6417 	0.0260414
42.7118 	0.0144869
42.782 	0.0144869
42.8521 	0.0144869
42.9222 	0.0144869
42.9924 	0.0326936
43.0625 	0.0326936
43.1327 	0.0326936
43.2028 	0.0326936
43.2729 	0.0326936
43.3431 	0.0326936
43.4132 	0.0326936
43.4833 	0.0326936
43.5535 	0.0326936
43.6236 	0.0326936
43.6937 	0.0326936
43.7639 	0.0326936
43.834 	0.0326936
43.9041 	0.0326936
43.9743 	0.0326936
44.0444 	0.0326936
44.1145 	0.0326936
44.1847 	0.0326936
44.2548 	0.0326936
44.3249 	0.0326936
44.3951 	0.0326936
44.4652 	0.0326936
44.5353 	0.0326936
44.6055 	0.0326936
44.6756 	0.0326936
44.7457 	0.0326936
44.8159 	0.0186742
44.886 	0.0186742
44.9561 	0.0186742
45.0263 	0.0186742
45.0964 	0.0186742
45.1665 	0.0186742
45.2367 	0.0186742
45.3068 	0.0186742
45.377 	0.0186742
45.4471 	0.0186742
45.5172 	0.0186742
45.5874 	0.0186742
45.6575 	0.0186742
45.7276 	0.0186742
45.7978 	0.0186742
45.8679 	0.0186742
45.938 	0.0186742
46.0082 	0.0186742
46.0783 	0.0186742
46.1484 	0.0186742
46.2186 	0.0186742
46.2887 	0.0186742
46.3588 	0.0186742
46.429 	0.0186742
46.4991 	0.0186742
46.5692 	0.0186742
46.6394 	-0.0147254
46.7095 	-0.0147254
46.7796 	-0.0147254
46.8498 	-0.0147254
46.9199 	-0.0147254
46.99 	-0.0147254
47.0602 	-0.0147254
47.1303 	-0.0147254
47.2004 	-0.0147254
47.2706 	-0.0147254
47.3407 	-0.0147254
47.4108 	-0.0147254
47.481 	-0.0153184
47.5511 	-0.0153184
47.6213 	-0.0153184
47.6914 	-0.0153184
47.7615 	-0.0153184
47.8317 	-0.0153184
47.9018 	-0.0153184
47.9719 	-0.0153184
48.0421 	-0.0153184
48.1122 	-0.0153184
48.1823 	-0.0153184
48.2525 	-0.0153184
48.3226 	-0.0153184
48.3927 	-0.0153184
48.4629 	-0.0153184
48.533 	-0.0153184
48.6031 	-0.0153184
48.6733 	-0.0153184
48.7434 	-0.02118
48.8135 	-0.02118
48.8837 	-0.02118
48.9538 	-0.02118
49.0239 	-0.02118
49.0941 	-0.02118
49.1642 	-0.02118
49.2343 	-0.02118
49.3045 	-0.02118
49.3746 	-0.02118
49.4447 	-0.02118
49.5149 	-0.02118
49.585 	-0.02118
49.6551 	-0.02118
49.7253 	-0.02118
49.7954 	-0.02118
49.8656 	-0.02118
49.9357 	-0.02118
50.0058 	-0.02118
50.076 	-0.02118
50.1461 	-0.02118
50.2162 	-0.02118
50.2864 	-0.02118
50.3565 	-0.02118
50.4266 	-0.02118
50.4968 	0.0109809
50.5669 	0.0109809
50.637 	0.0109809
50.7072 	0.0109809
50.7773 	0.0109809
50.8474 	0.0109809
50.9176 	0.0109809
50.9877 	0.00311382
51.0578 	0.00311382
51.128 	-6.70992e-05
51.1981 	-6.70992e-05
51.2682 	-6.70992e-05
51.3384 	-6.70992e-05
51.4085 	-6.70992e-05
51.4786 	-6.70992e-05
51.5488 	-6.70992e-05
51.6189 	-6.70992e-05
51.689 	-6.70992e-05
51.7592 	-6.70992e-05
51.8293 	-6.70992e-05
51.8994 	-6.70992e-05
51.9696 	-6.70992e-05
52.0397 	-6.70992e-05
52.1099 	-6.70992e-05
52.18 	-6.70992e-05
52.2501 	-6.70992e-05
52.3203 	-6.70992e-05
52.3904 	-6.70992e-05
52.4605 	-6.70992e-05
52.5307 	-6.70992e-05
52.6008 	-6.70992e-05
52.6709 	-6.70992e-05
52.7411 	-6.70992e-05
52.8112 	-6.70992e-05
52.8813 	-6.70992e-05
52.9515 	-6.70992e-05
53.0216 	-6.70992e-05
53.0917 	-6.70992e-05
53.1619 	-6.70992e-05
53.232 	-6.70992e-05
53.3021 	-6.70992e-05
53.3723 	-6.70992e-05
53.4424 	0.0059511
53.5125 	0.0059511
53.5827 	0.0059511
53.6528 	0.0059511
53.7229 	0.0059511
53.7931 	0.0059511
53.8632 	0.0059511
53.9333 	0.0059511
54.0035 	0.0059511
54.0736 	0.0059511
54.1437 	0.0059511
54.2139 	0.0059511
54.284 	0.0059511
54.3542 	0.00911084
54.4243 	0.00911084
54.4944 	0.00911084
54.5646 	0.00911084
54.6347 	0.00911084
54.7048 	0.00911084
54.775 	0.00911084
54.8451 	0.00911084
54.9152 	0.00911084
54.9854 	0.00911084
55.0555 	0.00911084
55.1256 	0.00377633
55.1958 	0.00377633
55.2659 	0.00377633
55.336 	0.00377633
55.4062 	0.00377633
55.4763 	0.00377633
55.5464 	0.00377633
55.6166 	0.00377633
55.6867 	0.00377633
55.7568 	0.00377633
55.827 	0.00377633
55.8971 	0.00377633
55.9672 	0.00377633
56.0374 	0.00377633
56.1075 	0.00377633
56.1776 	0.00377633
56.2478 	0.00377633
56.3179 	0.00377633
56.3881 	0.00329866
56.4582 	0.00329866
56.5283 	0.00329866
56.5985 	0.00329866
56.6686 	0.00329866
56.7387 	0.00329866
56.8089 	0.00329866
56.879 	0.00329866
56.9491 	-0.000361341
57.0193 	-0.000361341
57.0894 	-0.000361341
57.1595 	-0.000361341
57.2297 	-0.000361341
57.2998 	-0.000361341
57.3699 	-0.000361341
57.4401 	-0.000361341
57.5102 	-0.000361341
57.5803 	-0.000361341
57.6505 	-0.000361341
57.7206 	-0.000361341
57.7907 	-0.000361341
57.8609 	-0.000361341
57.931 	-0.000361341
58.0011 	-0.000361341
58.0713 	-0.000361341
58.1414 	-0.000361341
58.2115 	-0.000361341
58.2817 	-0.000361341
58.3518 	-0.000361341
58.4219 	-0.000361341
58.4921 	-0.000361341
58.5622 	8.41925e-05
58.6324 	8.41925e-05
58.7025 	8.41925e-05
58.7726 	8.41925e-05
58.8428 	8.41925e-05
58.9129 	-0.0269072
58.983 	-0.0269072
59.0532 	-0.0269072
59.1233 	-0.0269072
59.1934 	-0.0269072
59.2636 	-0.0269072
59.3337 	-0.0269072
59.4038 	-0.0269072
59.474 	-0.0269072
59.5441 	-0.0269072
59.6142 	-0.0269072
59.6844 	-0.0269072
59.7545 	-0.0269072
59.8246 	-0.0269072
59.8948 	-0.0269072
59.9649 	-0.0269072
60.035 	-0.0269072
60.1052 	-0.0269072
60.1753 	-0.0269072
60.2454 	-0.0269072
60.3156 	-0.0269072
60.3857 	-0.0269072
60.4558 	-0.0269072
60.526 	-0.0269072
60.5961 	-0.0269072
60.6662 	-0.0232986
60.7364 	-0.0232986
60.8065 	-0.0232986
60.8767 	-0.0232986
60.9468 	-0.0232986
61.0169 	-0.0232986
61.0871 	-0.0232986
61.1572 	-0.0232986
61.2273 	-0.0232986
61.2975 	-0.0232986
61.3676 	-0.0232986
61.4377 	-0.0232986
61.5079 	-0.0232986
61.578 	-0.0232986
61.6481 	-0.0156688
61.7183 	-0.0156688
61.7884 	-0.0242355
61.8585 	-0.0242355
61.9287 	-0.0242355
61.9988 	-0.0242355
62.0689 	-0.0242355
62.1391 	-0.0242355
62.2092 	-0.00250477
62.2793 	-0.00250477
62.3495 	-0.00250477
62.4196 	-0.00250477
62.4897 	-0.00250477
62.5599 	-0.00250477
62.63 	-0.00250477
62.7001 	-0.00250477
62.7703 	-0.00250477
62.8404 	-0.00250477
62.9105 	-0.00250477
62.9807 	-0.00250477
63.0508 	-0.00250477
63.121 	-0.00250477
63.1911 	-0.00250477
63.2612 	-0.00250477
63.3314 	-0.00250477
63.4015 	-0.00250477
63.4716 	-0.00250477
63.5418 	-0.00250477
63.6119 	-0.00250477
63.682 	-0.00250477
63.7522 	-0.00250477
63.8223 	-0.00250477
63.8924 	-0.00250477
63.9626 	-0.00250477
64.0327 	-0.00250477
64.1028 	-0.00250477
64.173 	0.00512634
64.2431 	0.00512634
64.3132 	0.00512634
64.3834 	0.00512634
64.4535 	0.00512634
64.5236 	0.00512634
64.5938 	0.00512634
64.6639 	0.00512634
64.734 	0.00512634
64.8042 	0.00512634
64.8743 	0.0100634
64.9444 	0.0100634
65.0146 	0.0100634
65.0847 	0.0100634
65.1548 	0.0100634
65.225 	0.0100634
65.2951 	0.0100634
65.3653 	0.0100634
65.4354 	0.0100634
65.5055 	0.0100634
65.5757 	0.0100634
65.6458 	0.0100634
65.7159 	0.0100634
65.7861 	0.0100634
65.8562 	0.0100634
65.9263 	0.0100634
65.9965 	0.0100634
66.0666 	0.0100634
66.1367 	0.0100634
66.2069 	0.0100634
66.277 	0.0100634
66.3471 	0.0100634
66.4173 	0.0100634
66.4874 	0.0100634
66.5575 	0.0100634
66.6277 	0.0100634
66.6978 	0.0100634
66.7679 	0.0100634
66.8381 	0.0100634
66.9082 	0.0100634
66.9783 	0.00601384
67.0485 	0.00601384
67.1186 	0.00601384
67.1887 	0.00601384
67.2589 	0.00601384
67.329 	0.00601384
67.3991 	-0.00814816
67.4693 	-0.00814816
67.5394 	-0.0103518
67.6096 	-0.0103518
67.6797 	-0.0103518
67.7498 	-0.0103518
67.82 	-0.0103518
67.8901 	-0.0103518
67.9602 	-0.0103518
68.0304 	-0.0103518
68.1005 	-0.0103518
68.1706 	-0.0103518
68.2408 	-0.0103518
68.3109 	-0.0103518
68.381 	-0.0103518
68.4512 	-0.0103518
68.5213 	-0.0103518
68.5914 	-0.0103518
68.6616 	-0.0103518
68.7317 	-0.0103518
68.8018 	-0.0103518
68.872 	-0.0103518
68.9421 	-0.0103518
69.0122 	-0.0103518
