0.490941 	0.00553191 	3.00062 	-5.39171e-20
0.561075 	0.00553191 	3.00062 	-5.39171e-20
0.63121 	0.00553191 	3.00062 	-5.39171e-20
0.701344 	0.00553191 	3.00062 	-5.39171e-20
0.771478 	0.00553191 	3.00062 	-5.39171e-20
0.841613 	0.00553191 	3.00062 	-5.39171e-20
0.911747 	0.00553191 	3.00062 	-5.39171e-20
0.981881 	0.00553191 	3.00062 	-5.39171e-20
1.05202 	0.00553191 	3.00062 	-5.39171e-20
1.12215 	0.00553191 	3.00062 	-5.39171e-20
1.19228 	0.00553191 	3.00062 	-5.39171e-20
1.26242 	0.00553191 	3.00062 	-5.39171e-20
1.33255 	0.0143619 	3.01433 	-5.52344e-20
1.40269 	0.0143619 	3.01433 	-5.52344e-20
1.47282 	0.0143619 	3.01433 	-5.52344e-20
1.54296 	0.0143619 	3.01433 	-5.52344e-20
1.61309 	0.0143619 	3.01433 	-5.52344e-20
1.68323 	0.0143619 	3.01433 	-5.52344e-20
1.75336 	0.0143619 	3.01433 	-5.52344e-20
1.82349 	0.0143619 	3.01433 	-5.52344e-20
1.89363 	0.0143619 	3.01433 	-5.52344e-20
1.96376 	0.0143619 	3.01433 	-5.52344e-20
2.0339 	0.0143619 	3.01433 	-5.52344e-20
2.10403 	0.0143619 	3.01433 	-5.52344e-20
2.17417 	0.0139162 	3.03194 	1.15099e-19
2.2443 	0.0139162 	3.03194 	1.15099e-19
2.31443 	0.0139162 	3.03194 	1.15099e-19
2.38457 	0.0139162 	3.03194 	1.15099e-19
2.4547 	0.0139162 	3.03194 	1.15099e-19
2.52484 	0.0139162 	3.03194 	1.15099e-19
2.59497 	0.0139162 	3.03194 	1.15099e-19
2.66511 	0.0139162 	3.03194 	1.15099e-19
2.73524 	0.0139162 	3.03194 	1.15099e-19
2.80538 	0.0139162 	3.03194 	1.15099e-19
2.87551 	0.0139162 	3.03194 	1.15099e-19
2.94564 	0.0139162 	3.03194 	1.15099e-19
3.01578 	0.0167004 	3.0588 	-1.33836e-20
3.08591 	0.0167004 	3.0588 	-1.33836e-20
3.15605 	0.0167004 	3.0588 	-1.33836e-20
3.22618 	0.0167004 	3.0588 	-1.33836e-20
3.29632 	0.0167004 	3.0588 	-1.33836e-20
3.36645 	0.0167004 	3.0588 	-1.33836e-20
3.43659 	0.0167004 	3.0588 	-1.33836e-20
3.50672 	0.0167004 	3.0588 	-1.33836e-20
3.57685 	0.0167004 	3.0588 	-1.33836e-20
3.64699 	0.0167004 	3.0588 	-1.33836e-20
3.71712 	0.0167004 	3.0588 	-1.33836e-20
3.78726 	0.00715641 	3.05551 	2.62177e-20
3.85739 	-0.000782927 	3.08418 	-1.93384e-19
3.92753 	-0.000782927 	3.08418 	-1.93384e-19
3.99766 	-0.000782927 	3.08418 	-1.93384e-19
4.06779 	-0.000782927 	3.08418 	-1.93384e-19
4.13793 	-0.000782927 	3.08418 	-1.93384e-19
4.20806 	-0.000782927 	3.08418 	-1.93384e-19
4.2782 	-0.000782927 	3.08418 	-1.93384e-19
4.34833 	-0.000782927 	3.08418 	-1.93384e-19
4.41847 	-0.000782927 	3.08418 	-1.93384e-19
4.4886 	-0.000782927 	3.08418 	-1.93384e-19
4.55874 	-0.000782927 	3.08418 	-1.93384e-19
4.62887 	-0.000782927 	3.08418 	-1.93384e-19
4.699 	-0.000782927 	3.08418 	-1.93384e-19
4.76914 	0.00555787 	3.10659 	3.76417e-19
4.83927 	0.00555787 	3.10659 	3.76417e-19
4.90941 	0.00555787 	3.10659 	3.76417e-19
4.97954 	0.00555787 	3.10659 	3.76417e-19
5.04968 	0.00555787 	3.10659 	3.76417e-19
5.11981 	0.00555787 	3.10659 	3.76417e-19
5.18994 	0.00555787 	3.10659 	3.76417e-19
5.26008 	0.00555787 	3.10659 	3.76417e-19
5.33021 	0.00555787 	3.10659 	3.76417e-19
5.40035 	0.00555787 	3.10659 	3.76417e-19
5.47048 	0.00555787 	3.10659 	3.76417e-19
5.54062 	0.00555787 	3.10659 	3.76417e-19
5.61075 	-0.00215637 	3.13356 	-1.82806e-19
5.68089 	-0.00215637 	3.13356 	-1.82806e-19
5.75102 	-0.00215637 	3.13356 	-1.82806e-19
5.82115 	-0.00215637 	3.13356 	-1.82806e-19
5.89129 	-0.00215637 	3.13356 	-1.82806e-19
5.96142 	-0.00215637 	3.13356 	-1.82806e-19
6.03156 	-0.00215637 	3.13356 	-1.82806e-19
6.10169 	-0.00215637 	3.13356 	-1.82806e-19
6.17183 	-0.00215637 	3.13356 	-1.82806e-19
6.24196 	-0.00215637 	3.13356 	-1.82806e-19
6.3121 	-0.00215637 	3.13356 	-1.82806e-19
6.38223 	-0.00215637 	3.13356 	-1.82806e-19
6.45236 	0.00528293 	3.15322 	0
6.5225 	0.00528293 	3.15322 	0
6.59263 	0.00528293 	3.15322 	0
6.66277 	0.00528293 	3.15322 	0
6.7329 	0.00528293 	3.15322 	0
6.80304 	0.00528293 	3.15322 	0
6.87317 	0.00528293 	3.15322 	0
6.9433 	0.00528293 	3.15322 	0
7.01344 	0.00528293 	3.15322 	0
7.08357 	0.00528293 	3.15322 	0
7.15371 	0.00528293 	3.15322 	0
7.22384 	0.00528293 	3.15322 	0
7.29398 	-0.00133978 	3.17788 	0
7.36411 	-0.00133978 	3.17788 	0
7.43425 	-0.00133978 	3.17788 	0
7.50438 	-0.00133978 	3.17788 	0
7.57451 	-0.00133978 	3.17788 	0
7.64465 	-0.00133978 	3.17788 	0
7.71478 	-0.00133978 	3.17788 	0
7.78492 	-0.00133978 	3.17788 	0
7.85505 	-0.00133978 	3.17788 	0
7.92519 	-0.00133978 	3.17788 	0
7.99532 	-0.00133978 	3.17788 	0
8.06545 	-0.00133978 	3.17788 	0
8.13559 	-0.00133978 	3.17788 	0
8.20572 	0.0076424 	3.19593 	3.67895e-22
8.27586 	0.0076424 	3.19593 	3.67895e-22
8.34599 	0.0076424 	3.19593 	3.67895e-22
8.41613 	0.0076424 	3.19593 	3.67895e-22
8.48626 	0.0076424 	3.19593 	3.67895e-22
8.5564 	0.0076424 	3.19593 	3.67895e-22
8.62653 	0.0076424 	3.19593 	3.67895e-22
8.69666 	0.0076424 	3.19593 	3.67895e-22
8.7668 	0.0076424 	3.19593 	3.67895e-22
8.83693 	0.0076424 	3.19593 	3.67895e-22
8.90707 	0.0076424 	3.19593 	3.67895e-22
8.9772 	0.0076424 	3.19593 	3.67895e-22
9.04734 	0.00337843 	3.21986 	2.73789e-19
9.11747 	0.00337843 	3.21986 	2.73789e-19
9.18761 	0.00337843 	3.21986 	2.73789e-19
9.25774 	0.00337843 	3.21986 	2.73789e-19
9.32787 	0.00337843 	3.21986 	2.73789e-19
9.39801 	0.00337843 	3.21986 	2.73789e-19
9.46814 	0.00337843 	3.21986 	2.73789e-19
9.53828 	0.00337843 	3.21986 	2.73789e-19
9.60841 	0.00337843 	3.21986 	2.73789e-19
9.67855 	0.00337843 	3.21986 	2.73789e-19
9.74868 	0.00337843 	3.21986 	2.73789e-19
9.81881 	0.00337843 	3.21986 	2.73789e-19
9.88895 	0.00337843 	3.21986 	2.73789e-19
9.95908 	0.0171865 	3.23766 	-1.83666e-21
10.0292 	0.0171865 	3.23766 	-1.83666e-21
10.0994 	0.0171865 	3.23766 	-1.83666e-21
10.1695 	0.0171865 	3.23766 	-1.83666e-21
10.2396 	0.0171865 	3.23766 	-1.83666e-21
10.3098 	0.0171865 	3.23766 	-1.83666e-21
10.3799 	0.0171865 	3.23766 	-1.83666e-21
10.45 	0.0171865 	3.23766 	-1.83666e-21
10.5202 	0.0171865 	3.23766 	-1.83666e-21
10.5903 	0.0171865 	3.23766 	-1.83666e-21
10.6604 	0.0171865 	3.23766 	-1.83666e-21
10.7306 	0.0171865 	3.23766 	-1.83666e-21
10.8007 	0.0227416 	3.26168 	-2.69716e-19
10.8708 	0.0227416 	3.26168 	-2.69716e-19
10.941 	0.0227416 	3.26168 	-2.69716e-19
11.0111 	0.0227416 	3.26168 	-2.69716e-19
11.0812 	0.0227416 	3.26168 	-2.69716e-19
11.1514 	0.0227416 	3.26168 	-2.69716e-19
11.2215 	0.0227416 	3.26168 	-2.69716e-19
11.2916 	0.0227416 	3.26168 	-2.69716e-19
11.3618 	0.0227416 	3.26168 	-2.69716e-19
11.4319 	0.0227416 	3.26168 	-2.69716e-19
11.502 	0.0227416 	3.26168 	-2.69716e-19
11.5722 	0.0227416 	3.26168 	-2.69716e-19
11.6423 	0.0227416 	3.26168 	-2.69716e-19
11.7124 	0.0534402 	3.28161 	-4.17044e-19
11.7826 	0.0534402 	3.28161 	-4.17044e-19
11.8527 	0.0534402 	3.28161 	-4.17044e-19
11.9228 	0.0534402 	3.28161 	-4.17044e-19
11.993 	0.0534402 	3.28161 	-4.17044e-19
12.0631 	0.0534402 	3.28161 	-4.17044e-19
12.1332 	0.0534402 	3.28161 	-4.17044e-19
12.2034 	0.0534402 	3.28161 	-4.17044e-19
12.2735 	0.0534402 	3.28161 	-4.17044e-19
12.3437 	0.0534402 	3.28161 	-4.17044e-19
12.4138 	0.0534402 	3.28161 	-4.17044e-19
12.4839 	0.0534402 	3.28161 	-4.17044e-19
12.5541 	0.0534402 	3.28161 	-4.17044e-19
12.6242 	0.0789331 	3.30808 	8.02029e-19
12.6943 	0.0789331 	3.30808 	8.02029e-19
12.7645 	0.0789331 	3.30808 	8.02029e-19
12.8346 	0.0789331 	3.30808 	8.02029e-19
12.9047 	0.0789331 	3.30808 	8.02029e-19
12.9749 	0.0789331 	3.30808 	8.02029e-19
13.045 	0.0789331 	3.30808 	8.02029e-19
13.1151 	0.0789331 	3.30808 	8.02029e-19
13.1853 	0.0789331 	3.30808 	8.02029e-19
13.2554 	0.0789331 	3.30808 	8.02029e-19
13.3255 	0.0789331 	3.30808 	8.02029e-19
13.3957 	0.0789331 	3.30808 	8.02029e-19
13.4658 	0.0789331 	3.30808 	8.02029e-19
13.5359 	0.153694 	3.34281 	-3.86617e-19
13.6061 	0.153694 	3.34281 	-3.86617e-19
13.6762 	0.153694 	3.34281 	-3.86617e-19
13.7463 	0.153694 	3.34281 	-3.86617e-19
13.8165 	0.153694 	3.34281 	-3.86617e-19
13.8866 	0.153694 	3.34281 	-3.86617e-19
13.9567 	0.153694 	3.34281 	-3.86617e-19
14.0269 	0.153694 	3.34281 	-3.86617e-19
14.097 	0.153694 	3.34281 	-3.86617e-19
14.1671 	0.153694 	3.34281 	-3.86617e-19
14.2373 	0.153694 	3.34281 	-3.86617e-19
14.3074 	0.153694 	3.34281 	-3.86617e-19
14.3776 	0.178017 	3.36314 	0
14.4477 	0.1763 	3.42169 	3.59344e-19
14.5178 	0.1763 	3.42169 	3.59344e-19
14.588 	0.1763 	3.42169 	3.59344e-19
14.6581 	0.1763 	3.42169 	3.59344e-19
14.7282 	0.1763 	3.42169 	3.59344e-19
14.7984 	0.1763 	3.42169 	3.59344e-19
14.8685 	0.201258 	3.41234 	-7.23247e-19
14.9386 	0.201258 	3.41234 	-7.23247e-19
15.0088 	0.201258 	3.41234 	-7.23247e-19
15.0789 	0.201258 	3.41234 	-7.23247e-19
15.149 	0.201258 	3.41234 	-7.23247e-19
15.2192 	0.265756 	3.47922 	3.50557e-19
15.2893 	0.265756 	3.47922 	3.50557e-19
15.3594 	0.265756 	3.47922 	3.50557e-19
15.4296 	0.335956 	3.43468 	4.81678e-20
15.4997 	0.335956 	3.43468 	4.81678e-20
15.5698 	0.335956 	3.43468 	4.81678e-20
15.64 	0.335956 	3.43468 	4.81678e-20
15.7101 	0.335956 	3.43468 	4.81678e-20
15.7802 	0.335956 	3.43468 	4.81678e-20
15.8504 	0.335956 	3.43468 	4.81678e-20
15.9205 	0.339026 	3.53429 	9.26568e-20
15.9906 	0.339026 	3.53429 	9.26568e-20
16.0608 	0.339026 	3.53429 	9.26568e-20
16.1309 	0.424873 	3.44621 	2.06077e-19
16.201 	0.424873 	3.44621 	2.06077e-19
16.2712 	0.424873 	3.44621 	2.06077e-19
16.3413 	0.424873 	3.44621 	2.06077e-19
16.4114 	0.424873 	3.44621 	2.06077e-19
16.4816 	0.424873 	3.44621 	2.06077e-19
16.5517 	0.424873 	3.44621 	2.06077e-19
16.6219 	0.524468 	3.52312 	0
16.692 	0.524468 	3.52312 	0
16.7621 	0.524468 	3.52312 	0
16.8323 	0.524468 	3.52312 	0
16.9024 	0.524468 	3.52312 	0
16.9725 	0.531743 	3.42608 	1.92463e-19
17.0427 	0.531743 	3.42608 	1.92463e-19
17.1128 	0.531743 	3.42608 	1.92463e-19
17.1829 	0.531743 	3.42608 	1.92463e-19
17.2531 	0.616307 	3.47852 	1.37573e-19
17.3232 	0.616307 	3.47852 	1.37573e-19
17.3933 	0.616307 	3.47852 	1.37573e-19
17.4635 	0.616307 	3.47852 	1.37573e-19
17.5336 	0.616307 	3.47852 	1.37573e-19
17.6037 	0.616307 	3.47852 	1.37573e-19
17.6739 	0.616307 	3.47852 	1.37573e-19
17.744 	0.616307 	3.47852 	1.37573e-19
17.8141 	0.616307 	3.47852 	1.37573e-19
17.8843 	0.616307 	3.47852 	1.37573e-19
17.9544 	0.632531 	3.3973 	0
18.0245 	0.632531 	3.3973 	0
18.0947 	0.632531 	3.3973 	0
18.1648 	0.632531 	3.3973 	0
18.2349 	0.632531 	3.3973 	0
18.3051 	0.632531 	3.3973 	0
18.3752 	0.632531 	3.3973 	0
18.4453 	0.632531 	3.3973 	0
18.5155 	0.632531 	3.3973 	0
18.5856 	0.723069 	3.44101 	0
18.6557 	0.723069 	3.44101 	0
18.7259 	0.723069 	3.44101 	0
18.796 	0.723069 	3.44101 	0
18.8662 	0.723069 	3.44101 	0
18.9363 	0.723069 	3.44101 	0
19.0064 	0.723069 	3.44101 	0
19.0766 	0.723069 	3.44101 	0
19.1467 	0.723069 	3.44101 	0
19.2168 	0.770897 	3.42188 	3.11372e-20
19.287 	0.69762 	3.21601 	-5.47211e-20
19.3571 	0.69762 	3.21601 	-5.47211e-20
19.4272 	0.69762 	3.21601 	-5.47211e-20
19.4974 	0.69762 	3.21601 	-5.47211e-20
19.5675 	0.69762 	3.21601 	-5.47211e-20
19.6376 	0.69762 	3.21601 	-5.47211e-20
19.7078 	0.69762 	3.21601 	-5.47211e-20
19.7779 	0.69762 	3.21601 	-5.47211e-20
19.848 	0.69762 	3.21601 	-5.47211e-20
19.9182 	0.757644 	3.29072 	-2.13168e-19
19.9883 	0.757644 	3.29072 	-2.13168e-19
20.0584 	0.757644 	3.29072 	-2.13168e-19
20.1286 	0.757644 	3.29072 	-2.13168e-19
20.1987 	0.757644 	3.29072 	-2.13168e-19
20.2688 	0.757644 	3.29072 	-2.13168e-19
20.339 	0.757644 	3.29072 	-2.13168e-19
20.4091 	0.757644 	3.29072 	-2.13168e-19
20.4792 	0.757644 	3.29072 	-2.13168e-19
20.5494 	0.757644 	3.29072 	-2.13168e-19
20.6195 	0.811737 	3.32215 	1.44727e-20
20.6896 	0.811737 	3.32215 	1.44727e-20
20.7598 	0.811737 	3.32215 	1.44727e-20
20.8299 	0.811737 	3.32215 	1.44727e-20
20.9 	0.703227 	2.75641 	-2.9733e-19
20.9702 	0.703227 	2.75641 	-2.9733e-19
21.0403 	0.703227 	2.75641 	-2.9733e-19
21.1105 	0.703227 	2.75641 	-2.9733e-19
21.1806 	0.703227 	2.75641 	-2.9733e-19
21.2507 	0.703227 	2.75641 	-2.9733e-19
21.3209 	0.755687 	2.9451 	0
21.391 	0.755687 	2.9451 	0
21.4611 	0.755687 	2.9451 	0
21.5313 	0.755687 	2.9451 	0
21.6014 	0.755687 	2.9451 	0
21.6715 	0.755687 	2.9451 	0
21.7417 	0.755687 	2.9451 	0
21.8118 	0.755687 	2.9451 	0
21.8819 	0.755687 	2.9451 	0
21.9521 	0.755687 	2.9451 	0
22.0222 	0.755687 	2.9451 	0
22.0923 	0.806288 	3.06889 	-1.13047e-19
22.1625 	0.806288 	3.06889 	-1.13047e-19
22.2326 	0.806288 	3.06889 	-1.13047e-19
22.3027 	0.806288 	3.06889 	-1.13047e-19
22.3729 	0.806288 	3.06889 	-1.13047e-19
22.443 	0.806288 	3.06889 	-1.13047e-19
22.5131 	0.806288 	3.06889 	-1.13047e-19
22.5833 	0.806288 	3.06889 	-1.13047e-19
22.6534 	0.806288 	3.06889 	-1.13047e-19
22.7235 	0.806288 	3.06889 	-1.13047e-19
22.7937 	0.806288 	3.06889 	-1.13047e-19
22.8638 	0.848064 	3.14024 	1.7797e-19
22.9339 	0.848064 	3.14024 	1.7797e-19
23.0041 	0.848064 	3.14024 	1.7797e-19
23.0742 	0.688266 	2.25223 	7.40691e-20
23.1443 	0.688266 	2.25223 	7.40691e-20
23.2145 	0.688266 	2.25223 	7.40691e-20
23.2846 	0.688266 	2.25223 	7.40691e-20
23.3548 	0.688266 	2.25223 	7.40691e-20
23.4249 	0.688266 	2.25223 	7.40691e-20
23.495 	0.688266 	2.25223 	7.40691e-20
23.5652 	0.688266 	2.25223 	7.40691e-20
23.6353 	0.688266 	2.25223 	7.40691e-20
23.7054 	0.732974 	2.42273 	-4.29146e-21
23.7756 	0.732974 	2.42273 	-4.29146e-21
23.8457 	0.732974 	2.42273 	-4.29146e-21
23.9158 	0.732974 	2.42273 	-4.29146e-21
23.986 	0.732974 	2.42273 	-4.29146e-21
24.0561 	0.732974 	2.42273 	-4.29146e-21
24.1262 	0.732974 	2.42273 	-4.29146e-21
24.1964 	0.732974 	2.42273 	-4.29146e-21
24.2665 	0.732974 	2.42273 	-4.29146e-21
24.3366 	0.732974 	2.42273 	-4.29146e-21
24.4068 	0.732974 	2.42273 	-4.29146e-21
24.4769 	0.732974 	2.42273 	-4.29146e-21
24.547 	0.732974 	2.42273 	-4.29146e-21
24.6172 	0.772586 	2.58355 	5.3365e-20
24.6873 	0.772586 	2.58355 	5.3365e-20
24.7574 	0.772586 	2.58355 	5.3365e-20
24.8276 	0.772586 	2.58355 	5.3365e-20
24.8977 	0.772586 	2.58355 	5.3365e-20
24.9678 	0.772586 	2.58355 	5.3365e-20
25.038 	0.772586 	2.58355 	5.3365e-20
25.1081 	0.772586 	2.58355 	5.3365e-20
25.1782 	0.772586 	2.58355 	5.3365e-20
25.2484 	0.772586 	2.58355 	5.3365e-20
25.3185 	0.772586 	2.58355 	5.3365e-20
25.3886 	0.772586 	2.58355 	5.3365e-20
25.4588 	0.814541 	2.69671 	-8.89533e-21
25.5289 	0.814541 	2.69671 	-8.89533e-21
25.5991 	0.814541 	2.69671 	-8.89533e-21
25.6692 	0.814541 	2.69671 	-8.89533e-21
25.7393 	0.814541 	2.69671 	-8.89533e-21
25.8095 	0.814541 	2.69671 	-8.89533e-21
25.8796 	0.814541 	2.69671 	-8.89533e-21
25.9497 	0.814541 	2.69671 	-8.89533e-21
26.0199 	0.814541 	2.69671 	-8.89533e-21
26.09 	0.61224 	1.75085 	-1.47584e-20
26.1601 	0.61224 	1.75085 	-1.47584e-20
26.2303 	0.61224 	1.75085 	-1.47584e-20
26.3004 	0.61224 	1.75085 	-1.47584e-20
26.3705 	0.61224 	1.75085 	-1.47584e-20
26.4407 	0.62884 	1.82842 	-1.7616e-20
26.5108 	0.62884 	1.82842 	-1.7616e-20
26.5809 	0.62884 	1.82842 	-1.7616e-20
26.6511 	0.62884 	1.82842 	-1.7616e-20
26.7212 	0.62884 	1.82842 	-1.7616e-20
26.7913 	0.62884 	1.82842 	-1.7616e-20
26.8615 	0.62884 	1.82842 	-1.7616e-20
26.9316 	0.62884 	1.82842 	-1.7616e-20
27.0017 	0.62884 	1.82842 	-1.7616e-20
27.0719 	0.62884 	1.82842 	-1.7616e-20
27.142 	0.62884 	1.82842 	-1.7616e-20
27.2121 	0.62884 	1.82842 	-1.7616e-20
27.2823 	0.62884 	1.82842 	-1.7616e-20
27.3524 	0.638174 	1.89033 	0
27.4225 	0.638174 	1.89033 	0
27.4927 	0.638174 	1.89033 	0
27.5628 	0.638174 	1.89033 	0
27.6329 	0.638174 	1.89033 	0
27.7031 	0.638174 	1.89033 	0
27.7732 	0.638174 	1.89033 	0
27.8434 	0.638174 	1.89033 	0
27.9135 	0.638174 	1.89033 	0
27.9836 	0.638174 	1.89033 	0
28.0538 	0.638174 	1.89033 	0
28.1239 	0.638174 	1.89033 	0
28.194 	0.638174 	1.89033 	0
28.2642 	0.638174 	1.89033 	0
28.3343 	0.638174 	1.89033 	0
28.4044 	0.6475 	1.93838 	0
28.4746 	0.6475 	1.93838 	0
28.5447 	0.6475 	1.93838 	0
28.6148 	0.6475 	1.93838 	0
28.685 	0.6475 	1.93838 	0
28.7551 	0.6475 	1.93838 	0
28.8252 	0.6475 	1.93838 	0
28.8954 	0.6475 	1.93838 	0
28.9655 	0.6475 	1.93838 	0
29.0356 	0.6475 	1.93838 	0
29.1058 	0.6475 	1.93838 	0
29.1759 	0.6475 	1.93838 	0
29.246 	0.6475 	1.93838 	0
29.3162 	0.6475 	1.93838 	0
29.3863 	0.6475 	1.93838 	0
29.4564 	0.646457 	1.95444 	-6.91514e-20
29.5266 	0.646457 	1.95444 	-6.91514e-20
29.5967 	0.646457 	1.95444 	-6.91514e-20
29.6668 	0.646457 	1.95444 	-6.91514e-20
29.737 	0.646457 	1.95444 	-6.91514e-20
29.8071 	0.646457 	1.95444 	-6.91514e-20
29.8773 	0.646457 	1.95444 	-6.91514e-20
29.9474 	0.646457 	1.95444 	-6.91514e-20
30.0175 	0.646457 	1.95444 	-6.91514e-20
30.0877 	0.646457 	1.95444 	-6.91514e-20
30.1578 	0.646457 	1.95444 	-6.91514e-20
30.2279 	0.646457 	1.95444 	-6.91514e-20
30.2981 	0.646457 	1.95444 	-6.91514e-20
30.3682 	0.646457 	1.95444 	-6.91514e-20
30.4383 	0.646457 	1.95444 	-6.91514e-20
30.5085 	0.646457 	1.95444 	-6.91514e-20
30.5786 	0.638865 	1.94439 	-3.35173e-21
30.6487 	0.638865 	1.94439 	-3.35173e-21
30.7189 	0.638865 	1.94439 	-3.35173e-21
30.789 	0.638865 	1.94439 	-3.35173e-21
30.8591 	0.638865 	1.94439 	-3.35173e-21
30.9293 	0.638865 	1.94439 	-3.35173e-21
30.9994 	0.638865 	1.94439 	-3.35173e-21
31.0695 	0.638865 	1.94439 	-3.35173e-21
31.1397 	0.638865 	1.94439 	-3.35173e-21
31.2098 	0.638865 	1.94439 	-3.35173e-21
31.2799 	0.638865 	1.94439 	-3.35173e-21
31.3501 	0.638865 	1.94439 	-3.35173e-21
31.4202 	0.638865 	1.94439 	-3.35173e-21
31.4903 	0.638865 	1.94439 	-3.35173e-21
31.5605 	0.519489 	1.6267 	-1.35725e-19
31.6306 	0.519489 	1.6267 	-1.35725e-19
31.7007 	0.504319 	1.62799 	8.50019e-20
31.7709 	0.504319 	1.62799 	8.50019e-20
31.841 	0.504319 	1.62799 	8.50019e-20
31.9111 	0.504319 	1.62799 	8.50019e-20
31.9813 	0.504319 	1.62799 	8.50019e-20
32.0514 	0.504319 	1.62799 	8.50019e-20
32.1216 	0.504319 	1.62799 	8.50019e-20
32.1917 	0.504319 	1.62799 	8.50019e-20
32.2618 	0.504319 	1.62799 	8.50019e-20
32.332 	0.504319 	1.62799 	8.50019e-20
32.4021 	0.504319 	1.62799 	8.50019e-20
32.4722 	0.504319 	1.62799 	8.50019e-20
32.5424 	0.504319 	1.62799 	8.50019e-20
32.6125 	0.504319 	1.62799 	8.50019e-20
32.6826 	0.504319 	1.62799 	8.50019e-20
32.7528 	0.504319 	1.62799 	8.50019e-20
32.8229 	0.504319 	1.62799 	8.50019e-20
32.893 	0.504319 	1.62799 	8.50019e-20
32.9632 	0.479265 	1.61553 	2.27089e-20
33.0333 	0.479265 	1.61553 	2.27089e-20
33.1034 	0.479265 	1.61553 	2.27089e-20
33.1736 	0.479265 	1.61553 	2.27089e-20
33.2437 	0.479265 	1.61553 	2.27089e-20
33.3138 	0.479265 	1.61553 	2.27089e-20
33.384 	0.479265 	1.61553 	2.27089e-20
33.4541 	0.479265 	1.61553 	2.27089e-20
33.5242 	0.479265 	1.61553 	2.27089e-20
33.5944 	0.479265 	1.61553 	2.27089e-20
33.6645 	0.479265 	1.61553 	2.27089e-20
33.7346 	0.479265 	1.61553 	2.27089e-20
33.8048 	0.479265 	1.61553 	2.27089e-20
33.8749 	0.479265 	1.61553 	2.27089e-20
33.945 	0.479265 	1.61553 	2.27089e-20
34.0152 	0.479265 	1.61553 	2.27089e-20
34.0853 	0.479265 	1.61553 	2.27089e-20
34.1554 	0.479265 	1.61553 	2.27089e-20
34.2256 	0.45136 	1.59237 	-1.23088e-20
34.2957 	0.45136 	1.59237 	-1.23088e-20
34.3659 	0.45136 	1.59237 	-1.23088e-20
34.436 	0.45136 	1.59237 	-1.23088e-20
34.5061 	0.45136 	1.59237 	-1.23088e-20
34.5763 	0.45136 	1.59237 	-1.23088e-20
34.6464 	0.45136 	1.59237 	-1.23088e-20
34.7165 	0.45136 	1.59237 	-1.23088e-20
34.7867 	0.45136 	1.59237 	-1.23088e-20
34.8568 	0.45136 	1.59237 	-1.23088e-20
34.9269 	0.45136 	1.59237 	-1.23088e-20
34.9971 	0.45136 	1.59237 	-1.23088e-20
35.0672 	0.45136 	1.59237 	-1.23088e-20
35.1373 	0.45136 	1.59237 	-1.23088e-20
35.2075 	0.45136 	1.59237 	-1.23088e-20
35.2776 	0.45136 	1.59237 	-1.23088e-20
35.3477 	0.45136 	1.59237 	-1.23088e-20
35.4179 	0.45136 	1.59237 	-1.23088e-20
35.488 	0.45136 	1.59237 	-1.23088e-20
35.5581 	0.45136 	1.59237 	-1.23088e-20
35.6283 	0.396864 	1.55816 	-3.54889e-21
35.6984 	0.396864 	1.55816 	-3.54889e-21
35.7685 	0.396864 	1.55816 	-3.54889e-21
35.8387 	0.396864 	1.55816 	-3.54889e-21
35.9088 	0.396864 	1.55816 	-3.54889e-21
35.9789 	0.396864 	1.55816 	-3.54889e-21
36.0491 	0.396864 	1.55816 	-3.54889e-21
36.1192 	0.396864 	1.55816 	-3.54889e-21
36.1893 	0.396864 	1.55816 	-3.54889e-21
36.2595 	0.396864 	1.55816 	-3.54889e-21
36.3296 	0.396864 	1.55816 	-3.54889e-21
36.3997 	0.396864 	1.55816 	-3.54889e-21
36.4699 	0.396864 	1.55816 	-3.54889e-21
36.54 	0.396864 	1.55816 	-3.54889e-21
36.6102 	0.396864 	1.55816 	-3.54889e-21
36.6803 	0.396864 	1.55816 	-3.54889e-21
36.7504 	0.396864 	1.55816 	-3.54889e-21
36.8206 	0.396864 	1.55816 	-3.54889e-21
36.8907 	0.396864 	1.55816 	-3.54889e-21
36.9608 	0.396864 	1.55816 	-3.54889e-21
37.031 	0.396864 	1.55816 	-3.54889e-21
37.1011 	0.330236 	1.53197 	0
37.1712 	0.330236 	1.53197 	0
37.2414 	0.330236 	1.53197 	0
37.3115 	0.330236 	1.53197 	0
37.3816 	0.330236 	1.53197 	0
37.4518 	0.330236 	1.53197 	0
37.5219 	0.330236 	1.53197 	0
37.592 	0.330236 	1.53197 	0
37.6622 	0.330236 	1.53197 	0
37.7323 	0.330236 	1.53197 	0
37.8024 	0.330236 	1.53197 	0
37.8726 	0.330236 	1.53197 	0
37.9427 	0.330236 	1.53197 	0
38.0128 	0.330236 	1.53197 	0
38.083 	0.330236 	1.53197 	0
38.1531 	0.330236 	1.53197 	0
38.2232 	0.330236 	1.53197 	0
38.2934 	0.264463 	1.51864 	0
38.3635 	0.264463 	1.51864 	0
38.4336 	0.264463 	1.51864 	0
38.5038 	0.264463 	1.51864 	0
38.5739 	0.264463 	1.51864 	0
38.644 	0.264463 	1.51864 	0
38.7142 	0.264463 	1.51864 	0
38.7843 	0.264463 	1.51864 	0
38.8545 	0.264463 	1.51864 	0
38.9246 	0.264463 	1.51864 	0
38.9947 	0.264463 	1.51864 	0
39.0649 	0.264463 	1.51864 	0
39.135 	0.264463 	1.51864 	0
39.2051 	0.264463 	1.51864 	0
39.2753 	0.264463 	1.51864 	0
39.3454 	0.264463 	1.51864 	0
39.4155 	0.264463 	1.51864 	0
39.4857 	0.264463 	1.51864 	0
39.5558 	0.204184 	1.51753 	0
39.6259 	0.204184 	1.51753 	0
39.6961 	0.204184 	1.51753 	0
39.7662 	0.204184 	1.51753 	0
39.8363 	0.204184 	1.51753 	0
39.9065 	0.204184 	1.51753 	0
39.9766 	0.204184 	1.51753 	0
40.0467 	0.204184 	1.51753 	0
40.1169 	0.204184 	1.51753 	0
40.187 	0.204184 	1.51753 	0
40.2571 	0.204184 	1.51753 	0
40.3273 	0.204184 	1.51753 	0
40.3974 	0.204184 	1.51753 	0
40.4675 	0.204184 	1.51753 	0
40.5377 	0.204184 	1.51753 	0
40.6078 	0.204184 	1.51753 	0
40.6779 	0.204184 	1.51753 	0
40.7481 	0.14994 	1.52298 	0
40.8182 	0.14994 	1.52298 	0
40.8883 	0.14994 	1.52298 	0
40.9585 	0.14994 	1.52298 	0
41.0286 	0.14994 	1.52298 	0
41.0988 	0.14994 	1.52298 	0
41.1689 	0.14994 	1.52298 	0
41.239 	0.14994 	1.52298 	0
41.3092 	0.14994 	1.52298 	0
41.3793 	0.14994 	1.52298 	0
41.4494 	0.14994 	1.52298 	0
41.5196 	0.14994 	1.52298 	0
41.5897 	0.14994 	1.52298 	0
41.6598 	0.14994 	1.52298 	0
41.73 	0.14994 	1.52298 	0
41.8001 	0.14994 	1.52298 	0
41.8702 	0.14994 	1.52298 	0
41.9404 	0.14994 	1.52298 	0
42.0105 	0.100264 	1.52775 	0
42.0806 	0.100264 	1.52775 	0
42.1508 	0.100264 	1.52775 	0
42.2209 	0.100264 	1.52775 	0
42.291 	0.100264 	1.52775 	0
42.3612 	0.100264 	1.52775 	0
42.4313 	0.100264 	1.52775 	0
42.5014 	0.100264 	1.52775 	0
42.5716 	0.100264 	1.52775 	0
42.6417 	0.100264 	1.52775 	0
42.7118 	0.100264 	1.52775 	0
42.782 	0.100264 	1.52775 	0
42.8521 	0.100264 	1.52775 	0
42.9222 	0.100264 	1.52775 	0
42.9924 	0.100264 	1.52775 	0
43.0625 	0.100264 	1.52775 	0
43.1327 	0.100264 	1.52775 	0
43.2028 	0.0570396 	1.52569 	0
43.2729 	0.0570396 	1.52569 	0
43.3431 	0.0570396 	1.52569 	0
43.4132 	0.0570396 	1.52569 	0
43.4833 	0.0570396 	1.52569 	0
43.5535 	0.0570396 	1.52569 	0
43.6236 	0.0570396 	1.52569 	0
43.6937 	0.0570396 	1.52569 	0
43.7639 	0.0570396 	1.52569 	0
43.834 	0.0570396 	1.52569 	0
43.9041 	0.0570396 	1.52569 	0
43.9743 	0.0570396 	1.52569 	0
44.0444 	0.0570396 	1.52569 	0
44.1145 	0.0570396 	1.52569 	0
44.1847 	0.0570396 	1.52569 	0
44.2548 	0.0570396 	1.52569 	0
44.3249 	0.0570396 	1.52569 	0
44.3951 	0.0570396 	1.52569 	0
44.4652 	0.022147 	1.51617 	0
44.5353 	0.022147 	1.51617 	0
44.6055 	0.022147 	1.51617 	0
44.6756 	0.022147 	1.51617 	0
44.7457 	0.022147 	1.51617 	0
44.8159 	0.022147 	1.51617 	0
44.886 	0.022147 	1.51617 	0
44.9561 	0.022147 	1.51617 	0
45.0263 	0.022147 	1.51617 	0
45.0964 	0.022147 	1.51617 	0
45.1665 	0.022147 	1.51617 	0
45.2367 	0.022147 	1.51617 	0
45.3068 	0.022147 	1.51617 	0
45.377 	0.022147 	1.51617 	0
45.4471 	0.022147 	1.51617 	0
45.5172 	0.022147 	1.51617 	0
45.5874 	0.022147 	1.51617 	0
45.6575 	-0.00480687 	1.50222 	0
45.7276 	-0.00480687 	1.50222 	0
45.7978 	-0.00480687 	1.50222 	0
45.8679 	-0.00480687 	1.50222 	0
45.938 	-0.00480687 	1.50222 	0
46.0082 	-0.00480687 	1.50222 	0
46.0783 	-0.00480687 	1.50222 	0
46.1484 	-0.00480687 	1.50222 	0
46.2186 	-0.00480687 	1.50222 	0
46.2887 	-0.00480687 	1.50222 	0
46.3588 	-0.00480687 	1.50222 	0
46.429 	-0.00480687 	1.50222 	0
46.4991 	-0.00480687 	1.50222 	0
46.5692 	-0.00480687 	1.50222 	0
46.6394 	-0.00480687 	1.50222 	0
46.7095 	-0.00480687 	1.50222 	0
46.7796 	0.0328388 	1.54721 	0
46.8498 	0.0328388 	1.54721 	0
46.9199 	0.0133474 	1.54319 	0
46.99 	0.0133474 	1.54319 	0
47.0602 	0.0133474 	1.54319 	0
47.1303 	0.0133474 	1.54319 	0
47.2004 	0.0133474 	1.54319 	0
47.2706 	0.0133474 	1.54319 	0
47.3407 	0.0133474 	1.54319 	0
47.4108 	0.0133474 	1.54319 	0
47.481 	0.0133474 	1.54319 	0
47.5511 	0.0133474 	1.54319 	0
47.6213 	0.0133474 	1.54319 	0
47.6914 	0.0133474 	1.54319 	0
47.7615 	0.0133474 	1.54319 	0
47.8317 	0.0133474 	1.54319 	0
47.9018 	0.0133474 	1.54319 	0
47.9719 	0.0133474 	1.54319 	0
48.0421 	0.0133474 	1.54319 	0
48.1122 	0.0133474 	1.54319 	0
48.1823 	-2.1026e-07 	1.53646 	0
48.2525 	-2.1026e-07 	1.53646 	0
48.3226 	-2.1026e-07 	1.53646 	0
48.3927 	-2.1026e-07 	1.53646 	0
48.4629 	-2.1026e-07 	1.53646 	0
48.533 	-2.1026e-07 	1.53646 	0
48.6031 	-2.1026e-07 	1.53646 	0
48.6733 	-2.1026e-07 	1.53646 	0
48.7434 	-2.1026e-07 	1.53646 	0
48.8135 	-2.1026e-07 	1.53646 	0
48.8837 	-2.1026e-07 	1.53646 	0
48.9538 	-2.1026e-07 	1.53646 	0
49.0239 	-2.1026e-07 	1.53646 	0
49.0941 	-2.1026e-07 	1.53646 	0
49.1642 	-2.1026e-07 	1.53646 	0
49.2343 	-2.1026e-07 	1.53646 	0
49.3045 	-2.1026e-07 	1.53646 	0
49.3746 	-0.00816448 	1.52998 	0
49.4447 	-0.00816448 	1.52998 	0
49.5149 	-0.00816448 	1.52998 	0
49.585 	-0.00816448 	1.52998 	0
49.6551 	-0.00816448 	1.52998 	0
49.7253 	-0.00816448 	1.52998 	0
49.7954 	-0.00816448 	1.52998 	0
49.8656 	-0.00816448 	1.52998 	0
49.9357 	-0.00816448 	1.52998 	0
50.0058 	-0.00816448 	1.52998 	0
50.076 	-0.00816448 	1.52998 	0
50.1461 	-0.00816448 	1.52998 	0
50.2162 	-0.00816448 	1.52998 	0
50.2864 	-0.00816448 	1.52998 	0
50.3565 	-0.00816448 	1.52998 	0
50.4266 	-0.00816448 	1.52998 	0
50.4968 	-0.00816448 	1.52998 	0
50.5669 	-0.00816448 	1.52998 	0
50.637 	-0.0129351 	1.52655 	0
50.7072 	-0.0129351 	1.52655 	0
50.7773 	-0.0129351 	1.52655 	0
50.8474 	-0.0129351 	1.52655 	0
50.9176 	-0.0129351 	1.52655 	0
50.9877 	-0.0129351 	1.52655 	0
51.0578 	-0.0129351 	1.52655 	0
51.128 	-0.0129351 	1.52655 	0
51.1981 	-0.0129351 	1.52655 	0
51.2682 	-0.0129351 	1.52655 	0
51.3384 	-0.0129351 	1.52655 	0
51.4085 	-0.0129351 	1.52655 	0
51.4786 	-0.0129351 	1.52655 	0
51.5488 	-0.0129351 	1.52655 	0
51.6189 	-0.0129351 	1.52655 	0
51.689 	-0.0129351 	1.52655 	0
51.7592 	-0.0129351 	1.52655 	0
51.8293 	-0.0159384 	1.52384 	0
51.8994 	-0.0159384 	1.52384 	0
51.9696 	-0.0159384 	1.52384 	0
52.0397 	-0.0159384 	1.52384 	0
52.1099 	-0.0159384 	1.52384 	0
52.18 	-0.0159384 	1.52384 	0
52.2501 	-0.0159384 	1.52384 	0
52.3203 	-0.0159384 	1.52384 	0
52.3904 	-0.0159384 	1.52384 	0
52.4605 	-0.0159384 	1.52384 	0
52.5307 	-0.0159384 	1.52384 	0
52.6008 	-0.0159384 	1.52384 	0
52.6709 	-0.0159384 	1.52384 	0
52.7411 	-0.0159384 	1.52384 	0
52.8112 	-0.0159384 	1.52384 	0
52.8813 	-0.0159384 	1.52384 	0
52.9515 	-0.0159384 	1.52384 	0
53.0216 	-0.0159384 	1.52384 	0
53.0917 	-0.0185993 	1.52218 	0
53.1619 	-0.0185993 	1.52218 	0
53.232 	-0.0185993 	1.52218 	0
53.3021 	-0.0185993 	1.52218 	0
53.3723 	-0.0185993 	1.52218 	0
53.4424 	-0.0185993 	1.52218 	0
53.5125 	-0.0185993 	1.52218 	0
53.5827 	-0.0185993 	1.52218 	0
53.6528 	-0.0185993 	1.52218 	0
53.7229 	-0.0185993 	1.52218 	0
53.7931 	-0.0185993 	1.52218 	0
53.8632 	-0.0185993 	1.52218 	0
53.9333 	-0.0185993 	1.52218 	0
54.0035 	-0.0185993 	1.52218 	0
54.0736 	-0.0185993 	1.52218 	0
54.1437 	-0.0185993 	1.52218 	0
54.2139 	-0.0185993 	1.52218 	0
54.284 	-0.0201559 	1.52161 	0
54.3542 	-0.0201559 	1.52161 	0
54.4243 	-0.0201559 	1.52161 	0
54.4944 	-0.0201559 	1.52161 	0
54.5646 	-0.0201559 	1.52161 	0
54.6347 	-0.0201559 	1.52161 	0
54.7048 	-0.0201559 	1.52161 	0
54.775 	-0.0201559 	1.52161 	0
54.8451 	-0.0201559 	1.52161 	0
54.9152 	-0.0201559 	1.52161 	0
54.9854 	-0.0201559 	1.52161 	0
55.0555 	-0.0201559 	1.52161 	0
55.1256 	-0.0201559 	1.52161 	0
55.1958 	-0.0201559 	1.52161 	0
55.2659 	-0.0201559 	1.52161 	0
55.336 	-0.0201559 	1.52161 	0
55.4062 	-0.0201559 	1.52161 	0
55.4763 	-0.0201559 	1.52161 	0
55.5464 	-0.0204498 	1.52177 	0
55.6166 	-0.0204498 	1.52177 	0
55.6867 	-0.0204498 	1.52177 	0
55.7568 	-0.0204498 	1.52177 	0
55.827 	-0.0204498 	1.52177 	0
55.8971 	-0.0204498 	1.52177 	0
55.9672 	-0.0204498 	1.52177 	0
56.0374 	-0.0204498 	1.52177 	0
56.1075 	-0.0204498 	1.52177 	0
56.1776 	-0.0204498 	1.52177 	0
56.2478 	-0.0204498 	1.52177 	0
56.3179 	-0.0204498 	1.52177 	0
56.3881 	-0.0204498 	1.52177 	0
56.4582 	-0.0204498 	1.52177 	0
56.5283 	-0.0204498 	1.52177 	0
56.5985 	-0.0204498 	1.52177 	0
56.6686 	-0.0204498 	1.52177 	0
56.7387 	-0.0204498 	1.52177 	0
56.8089 	-0.0201853 	1.52199 	0
56.879 	-0.0201853 	1.52199 	0
56.9491 	-0.0201853 	1.52199 	0
57.0193 	-0.0201853 	1.52199 	0
57.0894 	-0.0201853 	1.52199 	0
57.1595 	-0.0201853 	1.52199 	0
57.2297 	-0.0201853 	1.52199 	0
57.2998 	-0.0201853 	1.52199 	0
57.3699 	-0.0201853 	1.52199 	0
57.4401 	-0.0201853 	1.52199 	0
57.5102 	-0.0201853 	1.52199 	0
57.5803 	-0.0201853 	1.52199 	0
57.6505 	-0.0201853 	1.52199 	0
57.7206 	-0.0201853 	1.52199 	0
57.7907 	-0.0201853 	1.52199 	0
57.8609 	-0.0201853 	1.52199 	0
57.931 	-0.0201853 	1.52199 	0
58.0011 	-0.0191311 	1.52297 	0
58.0713 	-0.0191311 	1.52297 	0
58.1414 	-0.0191311 	1.52297 	0
58.2115 	-0.0191311 	1.52297 	0
58.2817 	-0.0191311 	1.52297 	0
58.3518 	-0.0191311 	1.52297 	0
58.4219 	-0.0191311 	1.52297 	0
58.4921 	-0.0191311 	1.52297 	0
58.5622 	-0.0191311 	1.52297 	0
58.6324 	-0.0191311 	1.52297 	0
58.7025 	-0.0191311 	1.52297 	0
58.7726 	-0.0191311 	1.52297 	0
58.8428 	-0.0191311 	1.52297 	0
58.9129 	-0.0191311 	1.52297 	0
58.983 	-0.0191311 	1.52297 	0
59.0532 	-0.0191311 	1.52297 	0
59.1233 	-0.0191311 	1.52297 	0
59.1934 	-0.0191311 	1.52297 	0
59.2636 	-0.0183377 	1.52446 	0
59.3337 	-0.0183377 	1.52446 	0
59.4038 	-0.0183377 	1.52446 	0
59.474 	-0.0183377 	1.52446 	0
59.5441 	-0.0183377 	1.52446 	0
59.6142 	-0.0183377 	1.52446 	0
59.6844 	-0.0183377 	1.52446 	0
59.7545 	-0.0183377 	1.52446 	0
59.8246 	-0.0183377 	1.52446 	0
59.8948 	-0.0183377 	1.52446 	0
59.9649 	-0.0183377 	1.52446 	0
60.035 	-0.0183377 	1.52446 	0
60.1052 	-0.0183377 	1.52446 	0
60.1753 	-0.0183377 	1.52446 	0
60.2454 	-0.0183377 	1.52446 	0
60.3156 	-0.0183377 	1.52446 	0
60.3857 	-0.0183377 	1.52446 	0
60.4558 	-0.0184236 	1.52606 	0
60.526 	-0.0184236 	1.52606 	0
60.5961 	-0.0184236 	1.52606 	0
60.6662 	-0.0184236 	1.52606 	0
60.7364 	-0.0184236 	1.52606 	0
60.8065 	-0.0184236 	1.52606 	0
60.8767 	-0.0184236 	1.52606 	0
60.9468 	-0.0184236 	1.52606 	0
61.0169 	-0.0184236 	1.52606 	0
61.0871 	-0.0184236 	1.52606 	0
61.1572 	-0.0184236 	1.52606 	0
61.2273 	-0.0184236 	1.52606 	0
61.2975 	-0.0184236 	1.52606 	0
61.3676 	-0.0184236 	1.52606 	0
61.4377 	-0.0184236 	1.52606 	0
61.5079 	-0.0184236 	1.52606 	0
61.578 	-0.0184236 	1.52606 	0
61.6481 	-0.0184236 	1.52606 	0
61.7183 	-0.0187391 	1.52805 	0
61.7884 	-0.0187391 	1.52805 	0
61.8585 	-0.0187391 	1.52805 	0
61.9287 	-0.0187391 	1.52805 	0
61.9988 	-0.0187391 	1.52805 	0
62.0689 	-0.0187391 	1.52805 	0
62.1391 	-0.0187391 	1.52805 	0
62.2092 	-0.0187391 	1.52805 	0
62.2793 	-0.0187391 	1.52805 	0
62.3495 	-0.0187391 	1.52805 	0
62.4196 	-0.0187391 	1.52805 	0
62.4897 	-0.0187391 	1.52805 	0
62.5599 	-0.0187391 	1.52805 	0
62.63 	-0.0187391 	1.52805 	0
62.7001 	-0.0187391 	1.52805 	0
62.7703 	-0.0187391 	1.52805 	0
62.8404 	-0.0187391 	1.52805 	0
62.9105 	-0.0198701 	1.53091 	0
62.9807 	-0.0198701 	1.53091 	0
63.0508 	-0.0198701 	1.53091 	0
63.121 	-0.0198701 	1.53091 	0
63.1911 	-0.0198701 	1.53091 	0
63.2612 	-0.0198701 	1.53091 	0
63.3314 	-0.0198701 	1.53091 	0
63.4015 	-0.0198701 	1.53091 	0
63.4716 	-0.0198701 	1.53091 	0
63.5418 	-0.0198701 	1.53091 	0
63.6119 	-0.0198701 	1.53091 	0
63.682 	-0.0198701 	1.53091 	0
63.7522 	-0.0198701 	1.53091 	0
63.8223 	-0.0198701 	1.53091 	0
63.8924 	-0.0198701 	1.53091 	0
63.9626 	-0.0198701 	1.53091 	0
64.0327 	-0.0198701 	1.53091 	0
64.1028 	-0.0198701 	1.53091 	0
64.173 	-0.0211206 	1.53341 	0
64.2431 	-0.0211206 	1.53341 	0
64.3132 	-0.0211206 	1.53341 	0
64.3834 	-0.0211206 	1.53341 	0
64.4535 	-0.0211206 	1.53341 	0
64.5236 	-0.0211206 	1.53341 	0
64.5938 	-0.0211206 	1.53341 	0
64.6639 	-0.0211206 	1.53341 	0
64.734 	-0.0211206 	1.53341 	0
64.8042 	-0.0211206 	1.53341 	0
64.8743 	-0.0211206 	1.53341 	0
64.9444 	-0.0211206 	1.53341 	0
65.0146 	-0.0211206 	1.53341 	0
65.0847 	-0.0211206 	1.53341 	0
65.1548 	-0.0211206 	1.53341 	0
65.225 	-0.0211206 	1.53341 	0
65.2951 	-0.0211206 	1.53341 	0
65.3653 	-0.0211206 	1.53341 	0
65.4354 	-0.0248207 	1.536 	0
65.5055 	-0.0248207 	1.536 	0
65.5757 	-0.0248207 	1.536 	0
65.6458 	-0.0248207 	1.536 	0
65.7159 	-0.0248207 	1.536 	0
65.7861 	-0.0248207 	1.536 	0
65.8562 	-0.0248207 	1.536 	0
65.9263 	-0.0248207 	1.536 	0
65.9965 	-0.0248207 	1.536 	0
66.0666 	-0.0248207 	1.536 	0
66.1367 	-0.0248207 	1.536 	0
66.2069 	-0.0248207 	1.536 	0
66.277 	-0.0248207 	1.536 	0
66.3471 	-0.0248207 	1.536 	0
66.4173 	-0.0248207 	1.536 	0
66.4874 	-0.0248207 	1.536 	0
66.5575 	-0.0248207 	1.536 	0
66.6277 	-0.0283807 	1.53594 	0
66.6978 	-0.0283807 	1.53594 	0
66.7679 	-0.0283807 	1.53594 	0
66.8381 	-0.0283807 	1.53594 	0
66.9082 	-0.0283807 	1.53594 	0
66.9783 	-0.0283807 	1.53594 	0
67.0485 	-0.0283807 	1.53594 	0
67.1186 	-0.0283807 	1.53594 	0
67.1887 	-0.0283807 	1.53594 	0
67.2589 	-0.0283807 	1.53594 	0
67.329 	-0.0283807 	1.53594 	0
67.3991 	-0.0283807 	1.53594 	0
67.4693 	-0.0283807 	1.53594 	0
67.5394 	-0.0283807 	1.53594 	0
67.6096 	-0.0283807 	1.53594 	0
67.6797 	-0.0283807 	1.53594 	0
67.7498 	-0.0283807 	1.53594 	0
67.82 	-0.0283807 	1.53594 	0
67.8901 	-0.0288596 	1.53663 	0
67.9602 	-0.0288596 	1.53663 	0
68.0304 	-0.0288596 	1.53663 	0
68.1005 	-0.0288596 	1.53663 	0
68.1706 	-0.0288596 	1.53663 	0
68.2408 	-0.0288596 	1.53663 	0
68.3109 	-0.0288596 	1.53663 	0
68.381 	-0.0288596 	1.53663 	0
68.4512 	-0.0288596 	1.53663 	0
68.5213 	-0.0288596 	1.53663 	0
68.5914 	-0.0288596 	1.53663 	0
68.6616 	-0.0288596 	1.53663 	0
68.7317 	-0.0288596 	1.53663 	0
68.8018 	-0.0288596 	1.53663 	0
68.872 	-0.0288596 	1.53663 	0
68.9421 	-0.0288596 	1.53663 	0
69.0122 	-0.0288596 	1.53663 	0
