/*--------------------------------*- C++ -*----------------------------------*\
| =========                 |                                                 |
| \\      /  F ield         | OpenFOAM: The Open Source CFD Toolbox           |
|  \\    /   O peration     | Version:  v2012                                 |
|   \\  /    A nd           | Website:  www.openfoam.com                      |
|    \\/     M anipulation  |                                                 |
\*---------------------------------------------------------------------------*/
FoamFile
{
    version     2.0;
    format      ascii;
    class       volScalarField;
    location    "35";
    object      p;
}
// * * * * * * * * * * * * * * * * * * * * * * * * * * * * * * * * * * * * * //

dimensions      [0 2 -2 0 0 0 0];


internalField   nonuniform List<scalar> 
8800
(
1.03034
0.982286
0.943905
0.915256
0.894618
0.879843
0.86921
0.861668
0.856779
0.854648
0.855842
0.859989
0.866611
0.875912
0.888641
0.906213
0.930646
0.964251
1.00669
1.06381
0.862879
0.870083
0.878516
0.881925
0.879999
0.874461
0.867727
0.861534
0.856729
0.853807
0.853451
0.85589
0.860345
0.866301
0.87318
0.879777
0.883893
0.883371
0.877299
0.868315
0.839608
0.845783
0.849975
0.853325
0.855812
0.856588
0.855449
0.853262
0.851165
0.850172
0.851055
0.85338
0.856158
0.858333
0.858834
0.85728
0.854414
0.850762
0.846222
0.842436
0.834506
0.837205
0.839918
0.842218
0.843848
0.845149
0.846023
0.846178
0.845847
0.84572
0.846377
0.847452
0.848176
0.848063
0.847228
0.846002
0.844229
0.841711
0.839276
0.837745
0.829358
0.830778
0.832572
0.834615
0.836351
0.837631
0.838619
0.839436
0.840036
0.840531
0.841065
0.84142
0.84137
0.840954
0.840206
0.838961
0.83723
0.835325
0.83399
0.833167
0.824408
0.825321
0.826552
0.828123
0.829758
0.831256
0.832487
0.833502
0.83441
0.835211
0.835763
0.835943
0.835781
0.835263
0.834324
0.83305
0.831653
0.830351
0.829514
0.828971
0.819615
0.820279
0.821234
0.822527
0.823926
0.825374
0.826781
0.828038
0.829145
0.830125
0.830786
0.830998
0.830783
0.830159
0.829243
0.828201
0.82712
0.826148
0.825545
0.825148
0.814959
0.81547
0.81625
0.817373
0.818637
0.819993
0.821411
0.822826
0.824152
0.82533
0.826144
0.826423
0.826218
0.825669
0.824928
0.824092
0.823228
0.82248
0.822025
0.821717
0.810382
0.810787
0.811441
0.812446
0.813643
0.814949
0.816357
0.817849
0.819361
0.820778
0.821784
0.822191
0.822122
0.821749
0.821195
0.820534
0.819843
0.819269
0.818921
0.818674
0.805813
0.80614
0.806708
0.80764
0.808793
0.810082
0.811511
0.813077
0.814743
0.816406
0.817671
0.818313
0.818471
0.818307
0.817938
0.817455
0.816917
0.816481
0.816215
0.816012
0.801179
0.801447
0.801955
0.802845
0.803982
0.805294
0.806785
0.80846
0.810309
0.812248
0.813847
0.814807
0.815241
0.815306
0.815129
0.814817
0.814431
0.814112
0.813911
0.813741
0.796412
0.796632
0.797102
0.797982
0.799148
0.80053
0.802135
0.803992
0.8061
0.808388
0.810401
0.811734
0.812466
0.812773
0.812797
0.812647
0.812397
0.812179
0.812031
0.811888
0.791446
0.791627
0.792076
0.792976
0.794211
0.795701
0.797466
0.799562
0.802011
0.804759
0.807271
0.809039
0.810119
0.810708
0.810961
0.810983
0.810868
0.810741
0.810639
0.810516
0.78621
0.786356
0.7868
0.787742
0.789078
0.790713
0.792679
0.795069
0.79794
0.801259
0.80439
0.806685
0.808201
0.809138
0.809666
0.809892
0.809914
0.809876
0.809817
0.80971
0.780625
0.780741
0.781187
0.782188
0.783653
0.785484
0.78773
0.790497
0.793865
0.797862
0.801765
0.804756
0.806815
0.808149
0.808964
0.809431
0.809621
0.809681
0.809666
0.809572
0.774589
0.774662
0.775124
0.776216
0.777869
0.779962
0.782571
0.785854
0.78993
0.794822
0.799653
0.803407
0.806061
0.80787
0.80905
0.809754
0.810138
0.810303
0.810329
0.810246
0.76794
0.768011
0.768489
0.769673
0.771515
0.773902
0.77694
0.780811
0.78569
0.791648
0.797633
0.802391
0.805848
0.808273
0.809924
0.810991
0.811612
0.811902
0.811971
0.811894
0.760445
0.760494
0.761018
0.762309
0.764414
0.767204
0.770817
0.775486
0.781421
0.788718
0.796116
0.802047
0.806394
0.809527
0.81177
0.813271
0.814192
0.814635
0.814748
0.814671
0.751815
0.751847
0.752434
0.753889
0.756321
0.759621
0.763959
0.769629
0.776896
0.785868
0.794968
0.802314
0.807776
0.81177
0.814697
0.816707
0.817994
0.818613
0.818766
0.818681
0.741533
0.74156
0.742235
0.743932
0.746803
0.750777
0.756061
0.763014
0.771943
0.782962
0.794161
0.803215
0.809992
0.815006
0.818738
0.821376
0.823079
0.823886
0.824075
0.823974
0.728958
0.728988
0.729808
0.731876
0.735397
0.740328
0.746915
0.755591
0.766685
0.780269
0.793948
0.804974
0.813251
0.81943
0.824054
0.827377
0.829523
0.830518
0.830741
0.830619
0.713278
0.713315
0.714365
0.716998
0.721467
0.727737
0.736095
0.747033
0.760864
0.777579
0.79423
0.807573
0.81758
0.825083
0.830743
0.834824
0.837435
0.83862
0.838874
0.838728
0.693365
0.693417
0.694827
0.698349
0.704242
0.712457
0.723306
0.737289
0.754628
0.775154
0.795262
0.811223
0.823183
0.832169
0.838966
0.843881
0.846987
0.848357
0.848635
0.848462
0.66748
0.667572
0.669607
0.674579
0.682733
0.693828
0.708224
0.726272
0.748018
0.773094
0.797155
0.816043
0.830155
0.840792
0.848841
0.854699
0.85832
0.859859
0.860145
0.859941
0.632647
0.632879
0.636194
0.643807
0.655733
0.671293
0.690725
0.714132
0.741306
0.771671
0.800137
0.822191
0.838616
0.851036
0.860497
0.867362
0.87149
0.873156
0.873424
0.873182
0.5831
0.58422
0.590873
0.603909
0.622354
0.64477
0.671147
0.701334
0.734926
0.771212
0.804404
0.829779
0.848614
0.862904
0.873877
0.881794
0.886381
0.888118
0.888331
0.888041
0.509998
0.517561
0.532875
0.555918
0.584043
0.615593
0.650466
0.688482
0.729247
0.772053
0.810449
0.83955
0.861162
0.877689
0.890472
0.899607
0.904822
0.906772
0.907022
0.906785
0.431848
0.448765
0.473462
0.507116
0.545379
0.586251
0.629741
0.67584
0.724256
0.774403
0.819132
0.853116
0.87852
0.898084
0.913283
0.924145
0.930203
0.932377
0.932699
0.932645
0.366471
0.386417
0.419013
0.461506
0.50865
0.558291
0.610128
0.664121
0.720004
0.777217
0.82794
0.866449
0.895291
0.917477
0.93453
0.946522
0.953222
0.955922
0.956276
0.956289
0.313182
0.33506
0.372872
0.421631
0.475716
0.532661
0.59184
0.65307
0.715945
0.779853
0.836162
0.878734
0.91046
0.934652
0.953039
0.966154
0.973966
0.976693
0.977154
0.97723
0.269164
0.292125
0.333496
0.387129
0.446764
0.509692
0.575129
0.642754
0.711995
0.782074
0.843514
0.889672
0.923812
0.949657
0.969276
0.983268
0.991679
0.994813
0.99546
0.995574
0.231747
0.255345
0.299421
0.356827
0.420989
0.488974
0.559835
0.633115
0.708101
0.783833
0.849931
0.899264
0.935472
0.96267
0.98321
0.997841
1.0067
1.01028
1.0111
1.01123
0.198919
0.222943
0.269109
0.329583
0.397527
0.469872
0.54552
0.623886
0.704121
0.785056
0.855438
0.907611
0.945586
0.973859
0.995051
1.01014
1.0193
1.02319
1.02414
1.02427
0.169168
0.193601
0.241429
0.304479
0.375676
0.451817
0.531744
0.614744
0.699829
0.785644
0.860053
0.914868
0.954431
0.983636
1.00532
1.02074
1.03009
1.03418
1.03517
1.03526
0.141536
0.166344
0.215645
0.280895
0.354903
0.434393
0.518162
0.605403
0.695026
0.785485
0.863786
0.921165
0.962245
0.992313
1.01445
1.03007
1.03952
1.04369
1.04473
1.04478
0.115253
0.140484
0.191236
0.258309
0.334837
0.417299
0.504532
0.595672
0.68955
0.784478
0.866631
0.926596
0.969242
1.00018
1.02278
1.03859
1.04808
1.05224
1.05334
1.0534
0.0899945
0.115673
0.167431
0.236444
0.315205
0.40033
0.490699
0.585421
0.683295
0.782554
0.868579
0.931253
0.97559
1.00751
1.03062
1.04665
1.05617
1.06028
1.06132
1.06134
0.0653748
0.0916535
0.144387
0.215084
0.29583
0.383351
0.476563
0.574573
0.676192
0.77965
0.869622
0.935194
0.981415
1.01447
1.03819
1.05448
1.06404
1.06808
1.06899
1.06895
0.0412931
0.0680454
0.121923
0.194097
0.276625
0.366298
0.462076
0.563095
0.668208
0.775733
0.869734
0.938443
0.986792
1.02115
1.0456
1.06218
1.07174
1.07564
1.07644
1.07632
0.0176528
0.0449964
0.099884
0.173416
0.257562
0.349159
0.447235
0.550982
0.659336
0.770766
0.868851
0.940952
0.991723
1.02762
1.0529
1.06978
1.07925
1.08294
1.08359
1.0834
-0.00559798
0.0223803
0.0782235
0.15303
0.23863
0.331949
0.432076
0.538273
0.649589
0.764715
0.866886
0.942628
0.996194
1.03392
1.06015
1.0773
1.08658
1.08995
1.09043
1.09019
-0.0284574
0.00021626
0.056999
0.132969
0.219876
0.314709
0.416653
0.52502
0.639005
0.75756
0.863763
0.94337
1.00013
1.04009
1.06746
1.08478
1.09366
1.0966
1.09688
1.0966
-0.0507505
-0.0214259
0.0362579
0.113276
0.201346
0.297516
0.401036
0.511308
0.627652
0.749336
0.859419
0.943037
1.00338
1.04612
1.07501
1.09241
1.10053
1.10278
1.10284
1.10254
-0.0724353
-0.0424977
0.0160295
0.09401
0.183106
0.280436
0.385323
0.497223
0.61562
0.740083
0.853809
0.94147
1.00576
1.05192
1.08301
1.10064
1.10747
1.1085
1.10822
1.10796
-0.0935711
-0.0629464
-0.00364271
0.0752142
0.165225
0.263556
0.369606
0.482877
0.603013
0.729878
0.846895
0.938532
1.00698
1.05718
1.09154
1.11025
1.11549
1.11425
1.11302
1.11296
-0.113973
-0.0827493
-0.0226898
0.05696
0.147766
0.246963
0.353985
0.468384
0.589953
0.71883
0.838689
0.93409
1.00674
1.06138
1.1002
1.12187
1.12674
1.12251
1.11851
1.11753
-0.133727
-0.101899
-0.0411226
0.0392227
0.130698
0.230611
0.338402
0.453682
0.576367
0.706867
0.829056
0.927881
1.00472
1.06379
1.10789
1.13504
1.14308
1.13878
1.12804
1.11671
-0.152755
-0.120378
-0.0590691
0.0218099
0.113724
0.214157
0.322432
0.438273
0.561697
0.693326
0.817308
0.919054
1.00026
1.06334
1.11212
1.14603
1.15841
1.14957
1.1307
1.12038
-0.170875
-0.138196
-0.0763525
0.00494354
0.0971249
0.197935
0.306301
0.422494
0.546268
0.678498
0.803608
0.907211
0.992841
1.05895
1.1079
1.14181
1.15786
1.13689
1.06918
1.03805
-0.187625
-0.156539
-0.0925921
-0.0107952
0.0816349
0.18246
0.290303
0.406598
0.530333
0.662544
0.787995
0.892101
0.981476
1.0505
1.09121
1.11716
1.11673
1.06655
0.996308
0.953698
-0.238235
-0.173618
-0.107542
-0.026274
0.0660394
0.166492
0.27446
0.390367
0.51359
0.645076
0.769976
0.873424
0.96273
1.03844
1.05034
1.0574
1.02025
0.955981
0.880195
0.837997
-0.205311
-0.18843
-0.129578
-0.0485532
0.0429322
0.143101
0.250182
0.365249
0.487224
0.616823
0.73917
0.840128
0.92025
0.99823
0.994884
0.89023
0.790631
0.720533
0.648886
0.684223
-0.237229
-0.206945
-0.146808
-0.0664151
0.02515
0.124986
0.232178
0.346534
0.467352
0.594995
0.714289
0.811351
0.883427
0.924839
0.881669
0.740086
0.617345
0.52901
0.43194
0.486054
-0.261517
-0.228805
-0.166907
-0.0862744
0.00534616
0.105053
0.212083
0.32554
0.44487
0.569993
0.685396
0.776848
0.83909
0.847661
0.746548
0.578421
0.43028
0.314338
0.185788
0.224212
-0.285314
-0.251227
-0.187996
-0.106559
-0.0147652
0.0848057
0.191306
0.303736
0.421391
0.543654
0.654371
0.73946
0.786496
0.763615
0.609242
0.41624
0.231032
0.0649021
-0.122842
-0.127325
-0.308595
-0.274076
-0.209928
-0.127779
-0.0357572
0.0636277
0.16948
0.280775
0.396519
0.515588
0.621063
0.698972
0.728141
0.670281
0.478543
0.268253
0.0551247
-0.126686
-0.379989
-0.656638
-0.332193
-0.297639
-0.232987
-0.150332
-0.05807
0.0411872
0.146466
0.256613
0.370368
0.48605
0.586091
0.655672
0.666505
0.558115
0.36428
0.151148
-0.0560508
-0.222969
-0.29932
-0.420177
-0.357037
-0.32241
-0.257496
-0.174565
-0.0821982
0.0168458
0.121462
0.230299
0.341767
0.453581
0.547777
0.607224
0.593341
0.449788
0.262225
0.0658457
-0.104032
-0.196663
-0.219443
-0.236689
-0.383414
-0.348705
-0.283612
-0.200561
-0.108268
-0.00959636
0.0941254
0.20136
0.310135
0.417448
0.505362
0.551884
0.518252
0.348221
0.169658
-0.00127531
-0.131477
-0.169852
-0.183166
-0.184389
-0.41153
-0.376678
-0.311384
-0.228306
-0.136216
-0.0381296
0.0644566
0.169762
0.275418
0.377638
0.458552
0.490864
0.438988
0.253384
0.0841947
-0.0674641
-0.147238
-0.163396
-0.164779
-0.164754
-0.441425
-0.406324
-0.340822
-0.257778
-0.16604
-0.0687227
0.0324731
0.135513
0.237629
0.334263
0.407138
0.427953
0.340786
0.165989
0.00494103
-0.118172
-0.153968
-0.155
-0.155338
-0.154825
-0.472796
-0.437526
-0.371806
-0.288872
-0.197627
-0.101294
-0.00176297
0.098668
0.196812
0.287443
0.351654
0.356422
0.245732
0.08367
-0.058532
-0.138552
-0.148128
-0.149779
-0.15006
-0.14982
-0.505061
-0.469711
-0.404079
-0.321345
-0.230761
-0.13565
-0.0380595
0.0594027
0.153186
0.237399
0.293082
0.281029
0.158561
0.00939935
-0.108056
-0.138509
-0.148182
-0.147586
-0.1465
-0.146081
-0.537759
-0.502374
-0.437125
-0.354783
-0.265063
-0.171425
-0.0760862
0.01806
0.1071
0.184732
0.231095
0.20622
0.075308
-0.059884
-0.147411
-0.166204
-0.154519
-0.147619
-0.144832
-0.143823
-0.570073
-0.534907
-0.470082
-0.388525
-0.299952
-0.208088
-0.115323
-0.0248052
0.0590919
0.130282
0.166866
0.13433
-0.00264398
-0.122819
-0.185527
-0.172853
-0.165349
-0.15957
-0.15458
-0.151949
-0.600387
-0.566175
-0.502071
-0.421649
-0.334606
-0.244861
-0.155015
-0.0683981
0.0100277
0.0746978
0.105352
0.0568294
-0.0725442
-0.182075
-0.22733
-0.216147
-0.189187
-0.170365
-0.165098
-0.163323
-0.627261
-0.593973
-0.532033
-0.45301
-0.367948
-0.280702
-0.194156
-0.111699
-0.0387696
0.0187373
0.048701
-0.021269
-0.137641
-0.207749
-0.21924
-0.225876
-0.216954
-0.208118
-0.204956
-0.202932
-0.648693
-0.617244
-0.557709
-0.481173
-0.39865
-0.314387
-0.231443
-0.153429
-0.0857803
-0.0363
-0.00628084
-0.0895613
-0.205799
-0.239474
-0.259711
-0.308122
-0.356051
-0.370977
-0.36198
-0.352286
-0.662712
-0.633896
-0.577603
-0.504292
-0.42508
-0.344384
-0.26543
-0.191973
-0.129492
-0.0880917
-0.0613246
-0.157012
-0.29138
-0.435088
-0.459323
-0.501358
-0.552027
-0.560488
-0.547581
-0.541966
-0.666807
-0.641844
-0.589882
-0.520663
-0.445501
-0.36902
-0.294288
-0.225399
-0.168145
-0.133327
-0.114224
-0.237532
-0.359846
-0.445698
-0.454919
-0.529025
-0.601564
-0.59756
-0.597447
-0.598659
-0.659356
-0.638913
-0.59255
-0.528728
-0.458401
-0.386566
-0.316185
-0.251498
-0.199172
-0.169732
-0.167078
-0.311063
-0.376719
-0.213378
-0.131188
-0.396483
-0.603234
-0.62697
-0.637023
-0.638215
-0.638261
-0.622421
-0.584047
-0.527323
-0.462711
-0.395721
-0.329367
-0.267865
-0.218593
-0.192913
-0.212773
-0.372514
-0.643958
-0.925032
-1.23014
-1.54247
-1.43708
-1.10908
-0.902169
-0.888752
-0.60536
-0.594706
-0.564849
-0.516636
-0.458248
-0.39589
-0.332696
-0.272485
-0.222353
-0.19667
-0.221327
-0.44262
-1.00681
-1.83558
-2.30507
-2.4987
-2.37244
-2.0639
-1.74496
-1.58019
-0.565619
-0.559431
-0.538719
-0.498814
-0.446547
-0.387688
-0.325879
-0.26445
-0.208506
-0.171236
-0.179825
-0.337098
-0.682755
-1.07674
-1.39643
-1.51239
-1.3915
-1.16089
-0.953368
-0.822094
-0.526106
-0.52266
-0.510568
-0.47854
-0.430439
-0.373476
-0.310646
-0.244037
-0.177599
-0.111615
-0.0631828
-0.011366
0.0627272
0.277501
0.549248
0.86415
1.14088
1.32431
1.4373
1.48481
-0.493159
-0.49113
-0.484861
-0.460201
-0.415156
-0.356874
-0.290677
-0.215646
-0.133204
-0.0382426
0.0768429
0.234688
0.587697
1.1226
1.72381
2.26037
2.66359
2.90372
3.00592
3.03338
-0.463676
-0.463069
-0.461357
-0.444859
-0.402814
-0.342327
-0.270885
-0.189509
-0.095
0.0131309
0.14105
0.2758
0.559326
1.08496
1.65079
2.1587
2.5286
2.74446
2.84422
2.87412
-0.439195
-0.438846
-0.438696
-0.429205
-0.39199
-0.330046
-0.254102
-0.168593
-0.0725924
0.0364056
0.150054
0.272584
0.433167
0.866775
1.3432
1.74342
2.05094
2.23622
2.3203
2.34354
-0.418641
-0.417414
-0.417114
-0.413098
-0.380963
-0.317509
-0.238738
-0.151865
-0.0588729
0.0457127
0.152542
0.261874
0.379684
0.641547
1.00654
1.31037
1.53921
1.6722
1.73128
1.74609
-0.408427
-0.407908
-0.40972
-0.406529
-0.371157
-0.301629
-0.219713
-0.133679
-0.0441789
0.0533422
0.146305
0.233769
0.315693
0.491226
0.735356
0.94464
1.10107
1.19161
1.23188
1.24138
-0.39372
-0.397229
-0.40183
-0.394881
-0.351817
-0.275603
-0.19208
-0.110175
-0.029077
0.0555127
0.13307
0.200105
0.264584
0.374885
0.541962
0.679582
0.779437
0.836235
0.859743
0.864422
-0.327963
-0.334363
-0.340523
-0.331627
-0.289593
-0.221146
-0.148739
-0.0789151
-0.0107017
0.0591265
0.122005
0.171063
0.216535
0.283704
0.393441
0.484571
0.548912
0.584481
0.598961
0.600138
-0.193406
-0.198367
-0.20275
-0.197419
-0.171502
-0.131134
-0.0854213
-0.0370677
0.0130469
0.0660028
0.11219
0.144081
0.172
0.213429
0.284487
0.346061
0.387753
0.410809
0.419181
0.419287
-0.0393531
-0.0416592
-0.0454603
-0.0480943
-0.0438098
-0.0333767
-0.0152633
0.00910849
0.0398073
0.0754264
0.106433
0.126586
0.143062
0.168352
0.213922
0.254419
0.281922
0.296294
0.301595
0.300978
0.0747286
0.0738227
0.0702929
0.0622232
0.0510886
0.0438587
0.0433684
0.0506495
0.0658984
0.087636
0.107459
0.119396
0.125539
0.145975
0.177747
0.203423
0.219305
0.226815
0.229068
0.228065
0.135647
0.135031
0.131632
0.122428
0.108159
0.0944056
0.0853731
0.0830442
0.0883288
0.100374
0.113231
0.120667
0.123861
0.139177
0.161578
0.17739
0.186185
0.189571
0.190193
0.189171
0.159208
0.158676
0.155909
0.14837
0.136061
0.122831
0.112053
0.105951
0.106007
0.1125
0.121955
0.129444
0.135085
0.146767
0.160205
0.169338
0.173848
0.175549
0.175765
0.174761
0.163726
0.16327
0.16126
0.156007
0.147124
0.13677
0.127293
0.120805
0.118741
0.122574
0.131521
0.141717
0.151414
0.161004
0.168297
0.172317
0.174962
0.176369
0.176637
0.175576
0.160455
0.16007
0.158668
0.155266
0.149398
0.142114
0.134852
0.129261
0.126878
0.129665
0.139045
0.15321
0.167765
0.175546
0.177493
0.179069
0.181708
0.18357
0.184141
0.183007
0.155065
0.154745
0.153755
0.151566
0.147825
0.142899
0.137623
0.133153
0.130799
0.132695
0.14178
0.1582
0.175699
0.18189
0.180501
0.182847
0.186391
0.190235
0.191408
0.18997
0.149883
0.149618
0.148883
0.147358
0.144933
0.141535
0.137605
0.13385
0.13117
0.131366
0.137556
0.151471
0.167088
0.169593
0.16768
0.17256
0.18099
0.187093
0.188671
0.186919
0.145529
0.145313
0.144737
0.14352
0.141618
0.13918
0.136049
0.132548
0.129068
0.126253
0.126016
0.131333
0.138514
0.13729
0.138608
0.147594
0.157837
0.16483
0.166465
0.164959
0.141895
0.141733
0.141317
0.140311
0.138753
0.136545
0.133921
0.130468
0.125814
0.119259
0.110249
0.100473
0.0924656
0.0867628
0.09524
0.109211
0.121194
0.127603
0.12846
0.127046
0.138486
0.138383
0.138151
0.137486
0.136138
0.134417
0.131805
0.128646
0.123391
0.113384
0.0954043
0.0683929
0.0408577
0.0362538
0.0514755
0.0673551
0.0775061
0.082039
0.0821826
0.0811721
0.134674
0.13464
0.134612
0.134335
0.133366
0.132262
0.130749
0.128332
0.123547
0.112697
0.0895049
0.0492084
0.0107093
0.00771971
0.0226357
0.0333232
0.0368165
0.037431
0.0376035
0.0374495
0.129516
0.12956
0.129761
0.130163
0.130361
0.130092
0.129796
0.129164
0.126942
0.117389
0.0986909
0.0570456
0.0183921
0.0158542
0.0194598
0.0162635
0.011168
0.00753018
0.00687509
0.00677788
0.122345
0.122455
0.122903
0.123608
0.124706
0.126487
0.128462
0.13059
0.131875
0.129814
0.11873
0.0935339
0.0657266
0.0527119
0.0383144
0.0180799
0.00217753
-0.00622431
-0.0080856
-0.00792661
0.112033
0.112289
0.113242
0.115115
0.117798
0.121427
0.126211
0.131679
0.138421
0.143736
0.144115
0.134725
0.121169
0.0959149
0.0613088
0.0293724
0.0055107
-0.00647254
-0.00871456
-0.00789107
0.0963976
0.0967718
0.0981376
0.10089
0.10512
0.111033
0.118928
0.129064
0.141076
0.153105
0.161486
0.162644
0.155916
0.122398
0.0821172
0.0516109
0.0285274
0.0153266
0.0117562
0.0125843
0.0739284
0.0743884
0.0760613
0.0798643
0.0854155
0.0931392
0.103484
0.116869
0.131766
0.147936
0.159448
0.159985
0.151395
0.114627
0.0847026
0.0677985
0.0574462
0.0466606
0.04243
0.0429066
0.0440355
0.0444463
0.0465161
0.0501489
0.05555
0.0630372
0.0729671
0.0856665
0.099282
0.112922
0.121953
0.122303
0.111338
0.0797803
0.0679745
0.063223
0.065178
0.0551209
0.0515081
0.0515121
0.00972183
0.00942996
0.00898857
0.0083636
0.00948934
0.0114799
0.0139994
0.0179107
0.0241054
0.027047
0.0289892
0.0386772
0.0380126
0.0306992
0.0220854
0.01796
0.0134893
0.013132
0.0170332
0.0174804
0.0738148
0.268562
0.47812
0.652596
0.79273
0.904233
0.997493
1.07546
1.10703
1.09094
0.413218
0.541466
0.675282
0.791034
0.888903
0.970331
1.03588
1.08175
1.10566
1.11837
0.641635
0.728273
0.819071
0.900076
0.969726
1.02793
1.07398
1.10785
1.13258
1.15033
0.80643
0.867603
0.931737
0.990669
1.04175
1.085
1.12048
1.14907
1.17212
1.19031
0.935294
0.979316
1.0275
1.072
1.11161
1.14614
1.1757
1.20053
1.22068
1.23857
1.04123
1.07508
1.11444
1.15062
1.18377
1.21354
1.23959
1.26163
1.2789
1.29647
1.13504
1.16442
1.19905
1.23172
1.26205
1.28959
1.31372
1.33379
1.34856
1.366
1.22444
1.25417
1.28849
1.32094
1.35081
1.37765
1.40076
1.41935
1.4321
1.44957
1.32028
1.35399
1.39063
1.42456
1.45476
1.48105
1.50308
1.52025
1.53177
1.54958
1.43551
1.47413
1.51246
1.54681
1.57617
1.60091
1.62127
1.63702
1.6484
1.66675
1.58042
1.62001
1.65557
1.68601
1.71164
1.73374
1.75278
1.76834
1.78101
1.79914
1.75519
1.78734
1.81318
1.83553
1.8556
1.87436
1.89201
1.90858
1.92434
1.94254
1.94284
1.96045
1.97602
1.99264
2.0088
2.02336
2.0364
2.05038
2.06748
2.08716
2.12456
2.13548
2.14764
2.15844
2.1677
2.17727
2.18817
2.19977
2.20972
2.2249
2.33553
2.33756
2.32241
2.30718
2.30081
2.30649
2.3251
2.35552
2.38766
2.41841
2.64144
2.5044
2.42811
2.38605
2.36862
2.37265
2.40001
2.45616
2.55961
2.7749
0.926631
0.923253
0.917323
0.90751
0.89456
0.882126
0.871798
0.863827
0.858134
0.8548
0.854363
0.857029
0.862091
0.869298
0.878706
0.890372
0.903487
0.915466
0.922918
0.927634
0.844655
0.850539
0.857441
0.862674
0.865512
0.86517
0.862248
0.8583
0.854694
0.852344
0.852107
0.85423
0.857854
0.862161
0.866073
0.868048
0.866915
0.862809
0.856904
0.849856
0.837025
0.839371
0.842716
0.845616
0.847822
0.849608
0.850544
0.850256
0.849179
0.848216
0.848294
0.84963
0.851373
0.852593
0.852593
0.851388
0.849553
0.84719
0.844021
0.841051
0.831914
0.833
0.834861
0.837234
0.839183
0.840557
0.841628
0.842447
0.842861
0.843029
0.843417
0.844099
0.844555
0.844451
0.843872
0.842954
0.841515
0.839431
0.837299
0.835879
0.826861
0.827516
0.828621
0.830333
0.832127
0.833725
0.834962
0.835944
0.8368
0.837531
0.838143
0.838538
0.838576
0.838285
0.837652
0.836564
0.835078
0.833467
0.832118
0.831329
0.821993
0.822448
0.823229
0.824518
0.826001
0.827516
0.828953
0.83019
0.83125
0.832206
0.832975
0.833372
0.83337
0.832984
0.832192
0.831107
0.8299
0.82871
0.827766
0.827239
0.817275
0.817614
0.818222
0.819284
0.820564
0.821925
0.823343
0.824742
0.826029
0.827178
0.828108
0.828604
0.828606
0.828174
0.827433
0.826538
0.825596
0.824661
0.82395
0.823563
0.812667
0.812931
0.813421
0.814329
0.815491
0.816771
0.818138
0.81958
0.821036
0.82241
0.823544
0.824169
0.824238
0.823907
0.823337
0.822631
0.821864
0.821132
0.820591
0.820294
0.808104
0.808312
0.80872
0.809522
0.810609
0.811842
0.813192
0.814665
0.816232
0.817815
0.819192
0.820018
0.820271
0.820135
0.819755
0.81923
0.81863
0.818063
0.817652
0.817419
0.803512
0.803677
0.804027
0.804759
0.805805
0.807019
0.808389
0.809924
0.811615
0.813414
0.815076
0.816191
0.816707
0.816809
0.816632
0.816285
0.815852
0.815424
0.815117
0.814932
0.79882
0.79895
0.799257
0.799948
0.800983
0.802223
0.803657
0.805305
0.807171
0.809218
0.811227
0.812723
0.813563
0.813926
0.813966
0.813796
0.813518
0.813219
0.812998
0.812852
0.793962
0.794064
0.794341
0.795017
0.796077
0.797388
0.798933
0.800757
0.802885
0.80529
0.807742
0.80967
0.810861
0.811508
0.811778
0.811796
0.811668
0.811486
0.811338
0.811224
0.788872
0.788948
0.789206
0.789889
0.791007
0.792424
0.794116
0.796156
0.798601
0.801446
0.804449
0.806912
0.80854
0.80954
0.810091
0.810329
0.810353
0.810284
0.810204
0.810116
0.783471
0.783521
0.783766
0.784471
0.785672
0.787229
0.789121
0.791441
0.79427
0.797658
0.801336
0.80446
0.806631
0.808063
0.808943
0.809436
0.809645
0.809705
0.809691
0.809628
0.777664
0.777688
0.77793
0.778678
0.779999
0.781747
0.783911
0.786616
0.789963
0.794022
0.798532
0.802483
0.805309
0.807224
0.808467
0.809225
0.809663
0.809861
0.809915
0.809875
0.771354
0.771364
0.771599
0.77239
0.773853
0.775832
0.77833
0.7815
0.785506
0.790455
0.796007
0.80091
0.804501
0.807039
0.80875
0.809845
0.810553
0.810906
0.811034
0.811015
0.764311
0.764291
0.764548
0.765409
0.767028
0.76927
0.77218
0.775927
0.780707
0.786679
0.793499
0.799652
0.804224
0.807512
0.809816
0.811407
0.812447
0.813003
0.813215
0.813214
0.756295
0.756252
0.756528
0.757485
0.759318
0.761935
0.765394
0.769916
0.775761
0.783108
0.791496
0.799067
0.804751
0.808908
0.8119
0.814048
0.815484
0.816289
0.816594
0.816605
0.746896
0.746834
0.747155
0.748257
0.750362
0.753442
0.757587
0.763067
0.770192
0.779185
0.789502
0.798862
0.805943
0.811176
0.815023
0.817825
0.819752
0.820846
0.821249
0.821264
0.73553
0.73545
0.735848
0.737163
0.739673
0.743416
0.748512
0.755292
0.764122
0.77523
0.787897
0.799352
0.808019
0.814484
0.819292
0.822848
0.825326
0.826723
0.827222
0.827237
0.721474
0.721375
0.721906
0.723563
0.72667
0.731354
0.73776
0.746279
0.75731
0.771064
0.786585
0.800516
0.811044
0.818926
0.824831
0.829223
0.8323
0.834012
0.834604
0.834617
0.703772
0.703655
0.704397
0.706576
0.710577
0.716634
0.72488
0.735763
0.749669
0.766725
0.785665
0.802476
0.815136
0.824609
0.831765
0.837096
0.840814
0.842849
0.843531
0.843538
0.681031
0.680906
0.682004
0.685007
0.690406
0.69851
0.709419
0.723564
0.741226
0.762366
0.785334
0.805421
0.820455
0.831717
0.840246
0.84661
0.851035
0.8534
0.854161
0.854155
0.650985
0.650896
0.652636
0.657049
0.664776
0.676096
0.690941
0.709568
0.732058
0.75814
0.785748
0.809484
0.827121
0.840336
0.850367
0.857911
0.86308
0.865752
0.866568
0.86654
0.609535
0.60963
0.61278
0.620116
0.632086
0.648668
0.669328
0.694002
0.722521
0.754408
0.787197
0.814862
0.835249
0.850533
0.862201
0.871024
0.87694
0.879847
0.880677
0.880613
0.548935
0.550184
0.557844
0.571694
0.59143
0.616347
0.645141
0.677515
0.71318
0.751566
0.789901
0.82165
0.844864
0.862272
0.87561
0.885689
0.892276
0.895361
0.896112
0.896004
0.476258
0.478549
0.493182
0.517076
0.547628
0.582304
0.620009
0.660654
0.704056
0.749723
0.79465
0.83167
0.858832
0.879352
0.895114
0.906824
0.914457
0.917978
0.918925
0.918926
0.401751
0.408518
0.430081
0.464025
0.504779
0.549025
0.595636
0.644599
0.695817
0.748876
0.800574
0.843077
0.874369
0.898156
0.916561
0.930278
0.939007
0.942383
0.943256
0.943416
0.341611
0.350189
0.37639
0.41727
0.465843
0.518139
0.572749
0.629471
0.688132
0.748259
0.806389
0.853976
0.888946
0.915459
0.935767
0.95077
0.960015
0.964217
0.965734
0.965988
0.292648
0.301796
0.331453
0.377289
0.431816
0.490556
0.551859
0.615401
0.680825
0.747541
0.811656
0.863872
0.902015
0.930694
0.952539
0.968674
0.979046
0.983954
0.985747
0.98605
0.251806
0.261149
0.293097
0.342714
0.402007
0.466025
0.532979
0.602452
0.673916
0.746631
0.816248
0.872612
0.913503
0.944021
0.967137
0.984177
0.995431
1.00088
1.00289
1.00322
0.216516
0.225932
0.259588
0.312236
0.375355
0.443807
0.515667
0.590372
0.667274
0.745469
0.820123
0.880239
0.923515
0.955549
0.979624
0.997407
1.00913
1.01509
1.01725
1.0176
0.18511
0.194558
0.229492
0.284656
0.350963
0.423208
0.499376
0.578782
0.660651
0.743906
0.823252
0.886824
0.932235
0.965558
0.99039
1.00864
1.0207
1.027
1.02927
1.02964
0.156314
0.165821
0.201849
0.259138
0.328138
0.403676
0.483663
0.567327
0.653772
0.741781
0.825583
0.89245
0.939873
0.974368
0.999869
1.01845
1.03076
1.03723
1.0395
1.03989
0.129282
0.13885
0.17589
0.234993
0.306381
0.38482
0.468209
0.55574
0.646432
0.738941
0.827064
0.897177
0.946594
0.982239
1.00838
1.02728
1.03969
1.04625
1.04852
1.04882
0.103463
0.113155
0.151123
0.211733
0.285337
0.366351
0.452797
0.543851
0.638481
0.735273
0.827638
0.901043
0.952543
0.989425
1.01623
1.03547
1.04803
1.05456
1.05682
1.05706
0.0784303
0.0883294
0.127083
0.189205
0.264756
0.348074
0.437281
0.531543
0.629831
0.730699
0.827262
0.904087
0.957832
0.9961
1.02369
1.04332
1.05602
1.06252
1.0647
1.06493
0.0539689
0.0641044
0.103629
0.167239
0.244497
0.329877
0.421573
0.518759
0.620426
0.725172
0.825906
0.906314
0.962544
1.00238
1.03089
1.05099
1.06384
1.07029
1.07234
1.07253
0.0300173
0.04039
0.0807652
0.14567
0.224484
0.311722
0.405646
0.505475
0.610249
0.718658
0.823524
0.907701
0.966683
1.00834
1.03792
1.05854
1.07152
1.07784
1.07973
1.07984
0.00648194
0.0171767
0.0583062
0.124454
0.204692
0.293595
0.38951
0.491711
0.599316
0.711153
0.820055
0.90816
0.970208
1.01399
1.04483
1.06601
1.07906
1.08518
1.08684
1.08685
-0.0165979
-0.00560202
0.0363132
0.103597
0.185134
0.275524
0.373208
0.477517
0.587665
0.702655
0.815444
0.907586
0.973044
1.01934
1.05169
1.07347
1.08645
1.09221
1.09359
1.09351
-0.0392432
-0.0279081
0.0148194
0.0831472
0.165852
0.257555
0.356797
0.462964
0.575361
0.693194
0.809657
0.905887
0.975058
1.02434
1.0586
1.08106
1.09373
1.09887
1.09989
1.09973
-0.0612437
-0.0496529
-0.00614031
0.0631518
0.146906
0.239772
0.340353
0.448132
0.562487
0.682844
0.802689
0.902957
0.976077
1.02885
1.06564
1.08906
1.10113
1.10519
1.10565
1.10541
-0.082725
-0.0707759
-0.0265257
0.0436476
0.12834
0.222222
0.323974
0.433112
0.549145
0.6717
0.794559
0.898692
0.975899
1.03263
1.07276
1.09791
1.10933
1.11153
1.11088
1.1105
-0.103518
-0.0912388
-0.046297
0.0246961
0.110239
0.204994
0.307747
0.418031
0.53545
0.65984
0.785318
0.893016
0.974318
1.03531
1.07965
1.10791
1.1196
1.11941
1.11622
1.11487
-0.123664
-0.111079
-0.0653923
0.00635777
0.0926471
0.188161
0.291759
0.402974
0.521521
0.647412
0.775062
0.885869
0.971149
1.03643
1.08549
1.11857
1.1331
1.13233
1.12518
1.11503
-0.143083
-0.130257
-0.0838943
-0.0115235
0.0753493
0.171434
0.275663
0.38752
0.506886
0.633879
0.763224
0.876609
0.965814
1.0354
1.08914
1.12836
1.14912
1.15122
1.14141
1.13454
-0.161713
-0.148755
-0.101804
-0.028892
0.0583675
0.154825
0.259488
0.371657
0.491515
0.619141
0.74965
0.864888
0.957667
1.03146
1.08815
1.13168
1.15577
1.16284
1.12638
1.07774
-0.179264
-0.165896
-0.11908
-0.0456508
0.0416517
0.138239
0.243215
0.355511
0.475478
0.603267
0.734296
0.850553
0.945734
1.02427
1.08061
1.11762
1.14254
1.1307
1.07375
1.01042
-0.197552
-0.181536
-0.135393
-0.0612366
0.0254575
0.122052
0.226566
0.339141
0.458902
0.586417
0.717165
0.833509
0.928753
1.0149
1.065
1.11224
1.08785
1.04736
0.978721
0.91062
-0.184972
-0.164631
-0.115086
-0.0365213
0.0552251
0.155678
0.265588
0.381231
0.504077
0.635027
0.759374
0.862382
0.949778
1.03977
1.08187
1.01126
0.966802
0.905388
0.833597
0.785801
-0.204852
-0.19169
-0.15473
-0.0858526
0.000413197
0.0964546
0.20111
0.313119
0.432063
0.558281
0.687036
0.801575
0.892834
0.975005
1.04421
1.0401
0.928006
0.846632
0.784853
0.703562
-0.226434
-0.211997
-0.170093
-0.0998745
-0.0132495
0.0824328
0.185893
0.296935
0.41486
0.539579
0.666429
0.77877
0.866903
0.935734
0.96365
0.891952
0.75616
0.662896
0.588779
0.501879
-0.248252
-0.23565
-0.189644
-0.118139
-0.0313891
0.0644961
0.167908
0.278616
0.395604
0.518758
0.642675
0.75047
0.831428
0.883671
0.862772
0.736442
0.588438
0.474015
0.377721
0.244356
-0.27208
-0.25928
-0.211162
-0.138472
-0.051425
0.0444796
0.147765
0.257857
0.373684
0.49488
0.615313
0.717759
0.790757
0.822206
0.76486
0.585973
0.409396
0.260194
0.121679
-0.067408
-0.295202
-0.282679
-0.233323
-0.159493
-0.0719305
0.0239418
0.126853
0.236072
0.350488
0.469355
0.585896
0.682415
0.746579
0.748192
0.640038
0.442759
0.234337
0.0401017
-0.135315
-0.529599
-0.318465
-0.30621
-0.256294
-0.181649
-0.0936461
0.00226636
0.104794
0.213126
0.326021
0.442324
0.554648
0.644562
0.697696
0.666628
0.516824
0.314691
0.0967995
-0.106739
-0.279116
-0.593747
-0.342648
-0.330533
-0.280332
-0.205177
-0.116853
-0.0208933
0.0812897
0.188757
0.300078
0.413641
0.521517
0.604249
0.643786
0.59407
0.405223
0.209203
0.00602529
-0.163627
-0.231895
-0.268651
-0.36827
-0.356287
-0.305827
-0.23038
-0.141942
-0.0460989
0.0555834
0.161957
0.271374
0.381708
0.484513
0.559255
0.583728
0.50094
0.304879
0.120325
-0.0498246
-0.158166
-0.193204
-0.202813
-0.395514
-0.383553
-0.332923
-0.257274
-0.168852
-0.0732967
0.0276706
0.132689
0.239831
0.346428
0.443442
0.50998
0.51076
0.395267
0.213114
0.0426896
-0.0996358
-0.156393
-0.168288
-0.172892
-0.424513
-0.412635
-0.361672
-0.285866
-0.197567
-0.102474
-0.00243639
0.10093
0.205423
0.307836
0.398287
0.456354
0.431557
0.295445
0.126352
-0.0325912
-0.13324
-0.162409
-0.159486
-0.159743
-0.455103
-0.443385
-0.392042
-0.316103
-0.228031
-0.133567
-0.0347008
0.066718
0.168185
0.265944
0.349353
0.396829
0.357603
0.200909
0.0474264
-0.0926337
-0.137443
-0.147754
-0.151711
-0.152167
-0.487007
-0.475217
-0.423796
-0.347804
-0.260088
-0.166441
-0.0689975
0.0301676
0.128214
0.220884
0.296966
0.332528
0.286284
0.117413
-0.0233485
-0.120362
-0.163749
-0.15123
-0.148743
-0.148302
-0.519737
-0.507923
-0.456673
-0.380636
-0.293424
-0.200811
-0.105054
-0.00846348
0.0857714
0.173017
0.241427
0.267098
0.199889
0.040742
-0.0854067
-0.139771
-0.149445
-0.148807
-0.146204
-0.145276
-0.552478
-0.540827
-0.489504
-0.414057
-0.32754
-0.236216
-0.142453
-0.0487561
0.0412961
0.122856
0.183698
0.196381
0.111311
-0.0302705
-0.141147
-0.15143
-0.15529
-0.153291
-0.150198
-0.147345
-0.584121
-0.572847
-0.521871
-0.447129
-0.361712
-0.271988
-0.180544
-0.0900664
-0.00448567
0.0709772
0.125484
0.122308
0.0295329
-0.0964382
-0.191849
-0.228533
-0.194383
-0.171538
-0.162568
-0.158729
-0.613206
-0.602394
-0.552523
-0.478837
-0.394941
-0.307204
-0.218453
-0.131519
-0.050582
0.0183226
0.0677611
0.054215
-0.0496471
-0.152095
-0.233609
-0.233497
-0.206827
-0.184945
-0.175984
-0.175314
-0.638152
-0.628035
-0.579624
-0.507817
-0.426
-0.340694
-0.255029
-0.171969
-0.095772
-0.0334311
0.0103371
-0.00665348
-0.123203
-0.195615
-0.210881
-0.230156
-0.260759
-0.274424
-0.271023
-0.26496
-0.656772
-0.647552
-0.601385
-0.532197
-0.453314
-0.371072
-0.288849
-0.209982
-0.138643
-0.0823611
-0.0468161
-0.0648033
-0.189003
-0.286281
-0.312926
-0.372714
-0.437442
-0.480727
-0.477037
-0.459277
-0.667181
-0.65879
-0.615896
-0.55029
-0.475076
-0.396627
-0.318449
-0.24383
-0.177484
-0.126654
-0.102391
-0.123365
-0.266102
-0.417951
-0.582043
-0.521248
-0.574778
-0.592597
-0.583477
-0.57606
-0.665743
-0.658746
-0.62159
-0.560298
-0.489644
-0.415707
-0.34193
-0.271653
-0.210021
-0.164469
-0.151803
-0.183746
-0.340704
-0.328387
-0.194168
-0.312633
-0.547288
-0.62314
-0.616142
-0.615625
-0.651046
-0.646259
-0.616157
-0.560923
-0.495603
-0.426862
-0.357616
-0.291314
-0.233508
-0.192982
-0.186805
-0.250077
-0.416044
-0.472553
-0.345136
-0.550838
-0.718679
-0.739532
-0.683906
-0.684011
-0.623386
-0.619852
-0.59807
-0.551445
-0.492653
-0.429266
-0.364301
-0.301015
-0.244897
-0.206104
-0.202731
-0.283941
-0.617487
-1.18924
-1.82174
-2.25809
-2.26891
-1.95134
-1.57367
-1.32114
-0.586249
-0.584005
-0.570149
-0.533395
-0.481522
-0.423203
-0.361535
-0.299681
-0.242085
-0.198193
-0.191413
-0.265403
-0.662462
-1.27785
-1.8691
-2.11736
-2.15963
-1.99416
-1.74817
-1.58403
-0.545503
-0.544274
-0.536421
-0.510291
-0.46532
-0.410341
-0.350496
-0.287144
-0.224584
-0.167424
-0.133678
-0.127364
-0.260839
-0.357182
-0.438113
-0.408063
-0.227369
-0.0108506
0.172708
0.308855
-0.50854
-0.507846
-0.504302
-0.486059
-0.447379
-0.394523
-0.333906
-0.26617
-0.193442
-0.117646
-0.032205
0.0558512
0.250478
0.588889
1.07166
1.55665
1.96443
2.2603
2.44767
2.53843
-0.478209
-0.4773
-0.475868
-0.466176
-0.433083
-0.380447
-0.315945
-0.242519
-0.158184
-0.0634136
0.0522003
0.188188
0.40979
0.859723
1.45213
2.03677
2.50238
2.80009
2.94946
3.00572
-0.451305
-0.45091
-0.450663
-0.446664
-0.420813
-0.368831
-0.300143
-0.221293
-0.132071
-0.0283924
0.0850686
0.214926
0.34903
0.717436
1.2526
1.74169
2.14939
2.4249
2.57143
2.62707
-0.428187
-0.427676
-0.427151
-0.426252
-0.408312
-0.357733
-0.286234
-0.20409
-0.113901
-0.0135219
0.0951425
0.210292
0.324137
0.545887
0.967665
1.35911
1.66972
1.8821
1.99246
2.03378
-0.412923
-0.411644
-0.410814
-0.411219
-0.39719
-0.345654
-0.271028
-0.18726
-0.0982252
-0.00219374
0.100941
0.200628
0.298971
0.431808
0.710704
0.994072
1.22054
1.37141
1.4465
1.47334
-0.40447
-0.403838
-0.40682
-0.40864
-0.390557
-0.33011
-0.249385
-0.164934
-0.0798142
0.00843571
0.0982873
0.178121
0.254676
0.344023
0.533186
0.722306
0.869651
0.96973
1.0201
1.03776
-0.369972
-0.372071
-0.378683
-0.380705
-0.356189
-0.292434
-0.21254
-0.133832
-0.0578635
0.0178487
0.0932315
0.157389
0.216505
0.271778
0.395998
0.52308
0.618229
0.680994
0.710887
0.718944
-0.266187
-0.26977
-0.276741
-0.277716
-0.256981
-0.208407
-0.14953
-0.0889173
-0.0289996
0.0311367
0.0906765
0.138546
0.176928
0.209567
0.290587
0.374281
0.437012
0.477491
0.496064
0.501915
-0.112734
-0.115316
-0.119496
-0.122057
-0.114491
-0.0941617
-0.0661785
-0.0322841
0.00588324
0.0478466
0.0904261
0.123567
0.145785
0.161793
0.217485
0.271558
0.313616
0.339509
0.351584
0.354675
0.0254594
0.0239858
0.0216087
0.0165769
0.0105547
0.00777249
0.0114153
0.0225135
0.0412238
0.0666099
0.094683
0.116062
0.127132
0.139168
0.173559
0.209795
0.23672
0.252559
0.259226
0.260417
0.111736
0.110951
0.109325
0.103181
0.091169
0.0776041
0.0683692
0.0661948
0.0720152
0.0850659
0.102442
0.115443
0.121251
0.128544
0.154729
0.179172
0.19472
0.202921
0.205737
0.205739
0.151123
0.150618
0.149205
0.143621
0.132081
0.117629
0.105025
0.0971386
0.0958186
0.101298
0.112162
0.121613
0.126634
0.132568
0.15054
0.165734
0.175247
0.179489
0.180637
0.180302
0.163188
0.162831
0.16169
0.157537
0.14881
0.13709
0.125613
0.116946
0.112891
0.114418
0.122095
0.131399
0.139581
0.14784
0.159791
0.167605
0.17175
0.173959
0.174639
0.174283
0.162744
0.162474
0.161601
0.158791
0.152957
0.144697
0.135864
0.128383
0.123937
0.124164
0.130536
0.141875
0.154148
0.16489
0.171596
0.174528
0.177105
0.179182
0.180176
0.179736
0.157933
0.157711
0.157052
0.155189
0.151491
0.146017
0.139715
0.133913
0.130008
0.129714
0.135487
0.148609
0.165658
0.178337
0.180283
0.180969
0.183028
0.186363
0.188532
0.188088
0.152483
0.152291
0.151789
0.150494
0.14812
0.144534
0.140121
0.135715
0.132274
0.131232
0.135542
0.147852
0.165962
0.178253
0.177046
0.177778
0.182487
0.187801
0.191154
0.190713
0.147704
0.147535
0.147149
0.146163
0.144433
0.141997
0.138698
0.13511
0.131651
0.129327
0.130241
0.137062
0.149576
0.157244
0.154489
0.158222
0.166747
0.175611
0.180164
0.17948
0.143735
0.143582
0.143288
0.142487
0.141068
0.139084
0.136576
0.133306
0.12957
0.125348
0.120599
0.117085
0.116449
0.114464
0.113897
0.123558
0.136182
0.145862
0.149926
0.149067
0.140281
0.140149
0.139957
0.139377
0.138176
0.136445
0.134117
0.131407
0.127259
0.120866
0.109788
0.0934075
0.0734168
0.0604697
0.0655525
0.080184
0.0934688
0.101414
0.104348
0.104072
0.136765
0.136655
0.136582
0.136281
0.135412
0.134336
0.132359
0.129837
0.125999
0.119144
0.103258
0.075969
0.0338444
0.0157633
0.0260108
0.0426933
0.0533518
0.0580909
0.0590897
0.0587623
0.132422
0.132348
0.132427
0.132508
0.13218
0.131552
0.130723
0.129557
0.126829
0.12065
0.105993
0.0721712
0.0254781
0.00420273
0.012411
0.021801
0.0234049
0.0229707
0.0217387
0.0214271
0.126289
0.1262
0.126361
0.126773
0.127546
0.128284
0.12888
0.129565
0.129695
0.127638
0.117075
0.0925895
0.0534288
0.0341947
0.0299277
0.0211164
0.00826761
-0.00142785
-0.00427873
-0.00385995
0.117842
0.117812
0.118336
0.119268
0.120742
0.122838
0.125926
0.129399
0.133718
0.136652
0.134526
0.124457
0.1034
0.084535
0.0626934
0.0361021
0.0125374
-0.00294039
-0.00844884
-0.00899886
0.105083
0.105114
0.105784
0.107406
0.110223
0.114379
0.120022
0.127505
0.135755
0.145155
0.152951
0.153041
0.149088
0.131077
0.0919861
0.0555301
0.0256213
0.00645994
-0.00150763
-0.00113958
0.0860492
0.0861018
0.0869579
0.0892677
0.0934959
0.0998094
0.108153
0.118844
0.131115
0.145807
0.159109
0.16519
0.16705
0.141584
0.10209
0.0727855
0.0515803
0.0376014
0.0291606
0.0280554
0.059785
0.059803
0.0605409
0.0632342
0.0688109
0.0763966
0.0860181
0.0985248
0.113337
0.128412
0.140986
0.146837
0.144413
0.12034
0.0905465
0.0723457
0.06627
0.0593
0.0526122
0.0512962
0.0095685
0.0092698
0.00858915
0.0086952
0.0104413
0.0126333
0.0158337
0.0202737
0.02617
0.0265355
0.035103
0.0387822
0.0372582
0.0257358
0.0186763
0.0169621
0.0104336
0.0154807
0.017673
0.0411481
-0.864107
-0.222233
0.209625
0.468482
0.659422
0.806588
0.922554
1.01931
1.11996
1.19687
0.115528
0.323378
0.503727
0.658188
0.787153
0.893118
0.980013
1.05045
1.09308
1.09948
0.464453
0.585041
0.698298
0.801993
0.891356
0.966912
1.02867
1.07518
1.10587
1.12463
0.681006
0.762182
0.840481
0.913637
0.977782
1.03241
1.07724
1.11244
1.13979
1.15909
0.838244
0.893724
0.953715
1.00724
1.05506
1.09651
1.13163
1.16087
1.18507
1.2021
0.962953
1.00452
1.05084
1.09186
1.12966
1.16353
1.19316
1.21861
1.23988
1.25412
1.06674
1.10198
1.13883
1.17384
1.20648
1.23644
1.26314
1.28615
1.30497
1.31675
1.16064
1.19247
1.22597
1.25907
1.29011
1.3187
1.34408
1.36562
1.38246
1.39229
1.25216
1.28535
1.32005
1.3544
1.38595
1.41437
1.43906
1.45944
1.47462
1.48353
1.35441
1.39244
1.43022
1.46661
1.49881
1.52668
1.55014
1.56904
1.58293
1.59238
1.4814
1.52427
1.56328
1.59882
1.62915
1.65477
1.67631
1.69385
1.70729
1.71855
1.64288
1.6845
1.71817
1.74716
1.7716
1.79312
1.81271
1.83009
1.84508
1.85881
1.83337
1.86283
1.88453
1.90369
1.92195
1.93931
1.95546
1.97116
1.98787
2.00513
2.03003
2.04067
2.05296
2.06751
2.08205
2.09497
2.10627
2.11711
2.12983
2.1454
2.21703
2.22662
2.23624
2.23827
2.23883
2.24303
2.25387
2.27022
2.28757
2.29226
2.52166
2.46281
2.4111
2.37107
2.3487
2.34463
2.35818
2.39189
2.44787
2.52721
1.06137
1.00426
0.961864
0.928325
0.903989
0.886563
0.87405
0.865061
0.858876
0.855311
0.854831
0.85762
0.863017
0.87093
0.881824
0.896777
0.917533
0.946262
0.984697
1.03278
0.865751
0.874776
0.880914
0.881519
0.87753
0.871123
0.864517
0.858946
0.855017
0.85327
0.854355
0.857885
0.863141
0.86966
0.876621
0.882316
0.884346
0.881005
0.872635
0.865447
0.841308
0.843405
0.847997
0.851742
0.854739
0.856474
0.856228
0.854412
0.852127
0.850459
0.850372
0.852111
0.85478
0.857389
0.858831
0.858269
0.855937
0.852698
0.848577
0.844137
0.835141
0.836041
0.83854
0.84117
0.843097
0.844536
0.84567
0.846198
0.846036
0.845705
0.845946
0.846916
0.847897
0.848225
0.847704
0.846655
0.845206
0.843038
0.840415
0.838385
0.829716
0.83018
0.831585
0.833624
0.835545
0.837047
0.83815
0.839055
0.839766
0.840282
0.840794
0.841284
0.841445
0.841198
0.840627
0.839649
0.838133
0.836252
0.834563
0.833531
0.824658
0.824947
0.825858
0.827321
0.828951
0.83054
0.83191
0.833015
0.833969
0.834829
0.835524
0.835898
0.835901
0.835568
0.834841
0.833712
0.832348
0.830973
0.829863
0.829229
0.819802
0.820006
0.820689
0.821853
0.823221
0.824651
0.826095
0.827435
0.828609
0.829657
0.830504
0.830945
0.830941
0.830514
0.829724
0.828728
0.827664
0.826609
0.825792
0.825344
0.815103
0.815257
0.815801
0.816779
0.817992
0.819308
0.8207
0.822128
0.823508
0.824767
0.825791
0.826348
0.826371
0.825974
0.825313
0.824516
0.823662
0.82283
0.82221
0.821873
0.810495
0.810615
0.81106
0.811908
0.813029
0.814285
0.815642
0.817098
0.818612
0.820094
0.821345
0.822056
0.822202
0.821962
0.821487
0.820873
0.820185
0.819534
0.819063
0.818801
0.805901
0.805998
0.806374
0.807136
0.8082
0.809422
0.810781
0.81228
0.813904
0.815591
0.817103
0.818063
0.818439
0.818419
0.81814
0.817705
0.817183
0.816681
0.816325
0.816118
0.801248
0.801326
0.801652
0.802358
0.803394
0.804618
0.806018
0.807602
0.809368
0.811282
0.813108
0.814403
0.815078
0.815309
0.815239
0.814983
0.814623
0.814257
0.813996
0.813832
0.796464
0.796527
0.796816
0.797495
0.798538
0.799816
0.801304
0.803033
0.80502
0.807233
0.80945
0.811152
0.812162
0.812662
0.812812
0.812737
0.812526
0.812279
0.812095
0.811966
0.791484
0.791534
0.791798
0.792472
0.793559
0.794928
0.796547
0.798473
0.800748
0.803358
0.80607
0.808252
0.809651
0.810462
0.810869
0.810994
0.810935
0.8108
0.810686
0.810586
0.786234
0.786273
0.786521
0.787209
0.788368
0.789862
0.79165
0.793818
0.796447
0.799555
0.802879
0.805649
0.807528
0.808729
0.809443
0.809824
0.809917
0.809897
0.809847
0.809773
0.780636
0.780664
0.780902
0.781616
0.78287
0.784526
0.786549
0.789046
0.792104
0.795795
0.799864
0.80339
0.805887
0.807559
0.808607
0.809258
0.809548
0.809661
0.80968
0.80963
0.774589
0.774596
0.774825
0.775587
0.776979
0.778863
0.781193
0.784122
0.787792
0.792284
0.79729
0.801684
0.804856
0.807057
0.808527
0.809453
0.809981
0.81024
0.810329
0.810301
0.767921
0.767941
0.768174
0.768977
0.770524
0.772638
0.775331
0.778763
0.78312
0.788543
0.794694
0.800194
0.804266
0.807171
0.80918
0.810522
0.81135
0.811789
0.811956
0.811948
0.760409
0.760414
0.760679
0.761549
0.763276
0.76572
0.768896
0.773008
0.77829
0.78491
0.792473
0.799302
0.804395
0.808092
0.810745
0.812603
0.813798
0.814463
0.81472
0.814727
0.751764
0.751764
0.752051
0.753032
0.754998
0.757859
0.761645
0.766612
0.773056
0.781183
0.790485
0.798904
0.805257
0.809931
0.813348
0.815803
0.817438
0.818375
0.818729
0.818743
0.741465
0.741463
0.741791
0.742931
0.745231
0.748648
0.753236
0.759311
0.767225
0.777207
0.788641
0.79901
0.806858
0.812689
0.817013
0.820178
0.822344
0.823579
0.824031
0.824048
0.72887
0.728867
0.729271
0.730656
0.733459
0.737684
0.74339
0.750972
0.760832
0.773191
0.787215
0.799855
0.809414
0.816568
0.821918
0.82586
0.8286
0.830143
0.830691
0.830707
0.713163
0.71316
0.713677
0.715448
0.719004
0.724376
0.731625
0.741223
0.753589
0.768899
0.786056
0.801377
0.812944
0.8216
0.828126
0.832962
0.836317
0.838177
0.838818
0.838831
0.693211
0.693207
0.693902
0.696286
0.700997
0.708065
0.71752
0.729895
0.745555
0.764549
0.785422
0.803822
0.81764
0.827992
0.835831
0.841634
0.845666
0.847852
0.848578
0.848582
0.667267
0.667268
0.668277
0.671685
0.678278
0.687912
0.700594
0.716796
0.73672
0.760217
0.785429
0.807298
0.823612
0.835845
0.845119
0.852032
0.856794
0.859299
0.860093
0.860079
0.632337
0.632363
0.634055
0.63944
0.649283
0.663063
0.680531
0.701962
0.727311
0.756192
0.786329
0.812001
0.831001
0.845249
0.856111
0.864252
0.86977
0.872563
0.873387
0.87334
0.582639
0.582908
0.586771
0.59664
0.612585
0.633092
0.657502
0.685825
0.717791
0.752855
0.788383
0.818078
0.839878
0.856238
0.868777
0.878231
0.884495
0.88752
0.888324
0.888221
0.510613
0.513025
0.524174
0.543561
0.569572
0.599442
0.632684
0.669169
0.708637
0.750544
0.791979
0.826134
0.851124
0.869958
0.884528
0.895528
0.902685
0.906104
0.907004
0.906932
0.433956
0.440178
0.459865
0.489415
0.525976
0.565564
0.607744
0.652565
0.699888
0.749271
0.797621
0.837428
0.866698
0.888922
0.906197
0.919309
0.927732
0.931658
0.932637
0.932699
0.368531
0.374982
0.401272
0.439401
0.484806
0.533287
0.584038
0.636973
0.691976
0.748612
0.803566
0.848667
0.881863
0.907101
0.926613
0.941225
0.950425
0.955009
0.956209
0.956286
0.315227
0.322157
0.35216
0.396331
0.44833
0.504006
0.562099
0.622345
0.684472
0.74796
0.809139
0.859095
0.895715
0.92337
0.944516
0.96028
0.970697
0.975841
0.977026
0.977205
0.271176
0.278394
0.310826
0.359306
0.416536
0.478021
0.542242
0.608842
0.677366
0.747146
0.814071
0.868415
0.907977
0.93762
0.960178
0.97696
0.988169
0.993783
0.99525
0.995535
0.233731
0.241111
0.275169
0.326974
0.388424
0.454731
0.524209
0.596368
0.670611
0.746121
0.818304
0.876589
0.918711
0.950027
0.973686
0.991242
1.00299
1.00904
1.01084
1.01119
0.200863
0.208345
0.243572
0.298144
0.36299
0.433393
0.507463
0.584576
0.664009
0.744775
0.821809
0.883679
0.928046
0.960746
0.985233
1.00335
1.01544
1.02178
1.02385
1.02424
0.17108
0.178674
0.214927
0.271689
0.339445
0.41338
0.491505
0.573088
0.657287
0.742948
0.824543
0.889775
0.936198
0.97012
0.9953
1.0138
1.02614
1.03267
1.03489
1.03525
0.143439
0.151129
0.188282
0.246973
0.317197
0.394219
0.47595
0.561589
0.650195
0.74048
0.826454
0.894944
0.943358
0.978424
1.00425
1.02304
1.03553
1.04214
1.04444
1.04479
0.1172
0.125028
0.163045
0.223287
0.295826
0.375583
0.460534
0.549865
0.642561
0.737235
0.827487
0.899234
0.949674
0.985923
1.01239
1.03149
1.04408
1.05069
1.05301
1.05343
0.0919515
0.0999542
0.138821
0.200409
0.275032
0.357225
0.445081
0.537776
0.634267
0.733119
0.827587
0.902682
0.95528
0.992834
1.02002
1.03947
1.05217
1.05876
1.061
1.0614
0.067357
0.0755988
0.115058
0.178186
0.254617
0.338992
0.429473
0.525231
0.625241
0.728072
0.826724
0.905318
0.960273
0.999302
1.02734
1.0472
1.06004
1.0666
1.06875
1.06903
0.043328
0.0517585
0.0919525
0.156429
0.234484
0.320816
0.413653
0.512195
0.615448
0.722052
0.824859
0.907132
0.964701
1.00542
1.03444
1.0548
1.06777
1.07424
1.07625
1.07643
0.0197729
0.0283556
0.0693555
0.135034
0.214581
0.30267
0.397615
0.498665
0.604891
0.715042
0.821942
0.908065
0.968539
1.01122
1.0414
1.0623
1.07535
1.08164
1.08346
1.08353
-0.00336885
0.00542118
0.0471562
0.113988
0.194899
0.284565
0.38139
0.48468
0.593586
0.707033
0.817904
0.908016
0.97173
1.01672
1.04827
1.06976
1.08281
1.08881
1.09036
1.09034
-0.0260889
-0.0170919
0.0254295
0.0933257
0.175467
0.266538
0.36502
0.470291
0.581596
0.698051
0.812706
0.906892
0.974174
1.0219
1.05514
1.07726
1.09013
1.09565
1.09688
1.09677
-0.0482958
-0.0390856
0.00421548
0.0730942
0.156343
0.248645
0.348584
0.455581
0.568997
0.688135
0.806328
0.904592
0.975714
1.02668
1.06211
1.085
1.09742
1.10212
1.1029
1.10271
-0.0699113
-0.0604893
-0.0164469
0.0533332
0.137581
0.230965
0.332161
0.440645
0.555874
0.677374
0.798772
0.901004
0.976161
1.03086
1.06921
1.09337
1.10509
1.10835
1.10838
1.10808
-0.0909241
-0.0812802
-0.0365215
0.0340967
0.119234
0.213576
0.315842
0.425583
0.542338
0.665854
0.790081
0.89604
0.975306
1.03415
1.07628
1.10278
1.11414
1.11514
1.11346
1.1129
-0.111255
-0.101399
-0.0559604
0.0154403
0.101375
0.196535
0.299716
0.410492
0.528506
0.65369
0.780311
0.889635
0.972951
1.03611
1.08278
1.11325
1.12597
1.12505
1.12016
1.11764
-0.130923
-0.120867
-0.0747374
-0.00263521
0.0839801
0.179822
0.283758
0.395339
0.514345
0.640844
0.769399
0.881568
0.968821
1.03625
1.08773
1.12378
1.14109
1.14188
1.13376
1.11663
-0.14994
-0.139714
-0.0929517
-0.0203
0.0668094
0.163119
0.26758
0.379644
0.499293
0.626659
0.75666
0.871073
0.962151
1.03384
1.08938
1.13119
1.15481
1.1559
1.14786
1.1092
-0.16855
-0.157666
-0.110568
-0.037386
0.0500039
0.146555
0.251386
0.363637
0.483595
0.611362
0.742214
0.858068
0.952269
1.02829
1.08529
1.12707
1.15203
1.15554
1.10406
1.04438
-0.188053
-0.173491
-0.127429
-0.0537771
0.0333226
0.129944
0.234922
0.34733
0.467233
0.594931
0.725926
0.842359
0.93792
1.01971
1.07385
1.1014
1.1206
1.09586
1.03128
0.966029
-0.208428
-0.207332
-0.147838
-0.0671362
0.0194541
0.115958
0.218686
0.331382
0.450936
0.578162
0.708423
0.824379
0.918752
1.01063
1.03772
1.04408
1.04286
0.989737
0.918839
0.848069
-0.184384
-0.181182
-0.12392
-0.0437816
0.0476869
0.148021
0.255719
0.371108
0.493536
0.623854
0.747386
0.849646
0.933697
1.02286
1.04581
0.95684
0.879578
0.816985
0.746722
0.604128
-0.224399
-0.1971
-0.137607
-0.0568799
0.0346677
0.13466
0.241761
0.356498
0.477955
0.606662
0.727571
0.826806
0.902767
0.962537
0.939107
0.818246
0.704796
0.626199
0.544006
0.383573
-0.249619
-0.217839
-0.156702
-0.0763036
0.0152924
0.115034
0.222209
0.336132
0.456232
0.58265
0.700108
0.794511
0.861927
0.887389
0.816237
0.659606
0.526458
0.427047
0.314894
0.0872878
-0.273857
-0.240102
-0.177402
-0.0963615
-0.00466222
0.0949864
0.201793
0.31475
0.433262
0.556991
0.67013
0.758427
0.81357
0.806129
0.677412
0.496412
0.331076
0.192801
0.0364368
-0.333516
-0.297286
-0.262707
-0.198869
-0.117016
-0.025111
0.0743752
0.180549
0.292423
0.409151
0.529852
0.638001
0.719603
0.757761
0.720155
0.542762
0.339364
0.133217
-0.0419028
-0.291695
-0.844971
-0.320552
-0.285905
-0.221355
-0.138898
-0.0467457
0.0525653
0.158116
0.268828
0.383583
0.500959
0.603715
0.677518
0.69821
0.614769
0.419055
0.205179
-0.00863015
-0.196801
-0.37683
-0.990047
-0.344783
-0.310022
-0.245102
-0.162241
-0.0698932
0.0292782
0.134241
0.243773
0.356431
0.470253
0.567412
0.632072
0.630667
0.502692
0.312004
0.105282
-0.0864104
-0.21268
-0.243181
-0.289622
-0.370385
-0.335564
-0.270417
-0.187364
-0.0949961
0.00388093
0.108083
0.216159
0.326324
0.435963
0.527063
0.580264
0.555729
0.39834
0.214794
0.0318965
-0.116774
-0.176971
-0.198794
-0.204029
-0.397703
-0.362709
-0.297377
-0.214244
-0.122016
-0.0236089
0.0795774
0.185883
0.293155
0.397979
0.48249
0.521568
0.480948
0.29981
0.126174
-0.0334236
-0.144061
-0.170156
-0.172049
-0.17262
-0.426816
-0.391553
-0.326012
-0.242856
-0.150905
-0.0531796
0.0487417
0.152957
0.256894
0.356367
0.433316
0.459883
0.391048
0.208833
0.0439377
-0.0953006
-0.14525
-0.15857
-0.159698
-0.159455
-0.457611
-0.422003
-0.356275
-0.273168
-0.181629
-0.0847802
0.0156175
0.117399
0.217573
0.311247
0.379675
0.393623
0.291403
0.124012
-0.0276787
-0.13512
-0.151095
-0.150961
-0.152154
-0.151931
-0.489589
-0.453982
-0.387965
-0.304995
-0.214027
-0.118277
-0.0196828
0.0793082
0.175316
0.262766
0.322524
0.318615
0.20159
0.0460603
-0.0843678
-0.130355
-0.148852
-0.149038
-0.148469
-0.148196
-0.522399
-0.48644
-0.420699
-0.338022
-0.247807
-0.1534
-0.0569004
0.0389476
0.130406
0.211306
0.262293
0.243437
0.11593
-0.0245319
-0.126829
-0.158108
-0.151589
-0.147291
-0.145572
-0.145043
-0.555109
-0.519291
-0.453914
-0.371711
-0.282489
-0.189701
-0.0956135
-0.00324564
0.0832692
0.157661
0.198681
0.169992
0.0348918
-0.0897045
-0.165446
-0.156383
-0.15452
-0.15194
-0.148522
-0.146444
-0.586719
-0.551582
-0.486486
-0.405293
-0.317382
-0.226535
-0.135188
-0.0465879
0.0345948
0.10258
0.135137
0.0965328
-0.0387291
-0.150931
-0.208027
-0.200843
-0.179161
-0.166133
-0.160242
-0.157662
-0.615756
-0.581595
-0.517683
-0.437718
-0.351523
-0.262991
-0.174754
-0.0901825
-0.0145275
0.0466947
0.0762394
0.0167946
-0.105751
-0.200246
-0.222081
-0.219312
-0.194826
-0.17865
-0.175407
-0.174586
-0.640536
-0.607905
-0.545674
-0.467724
-0.383737
-0.297915
-0.213149
-0.132878
-0.0626236
-0.00903054
0.0208992
-0.0564227
-0.170193
-0.20881
-0.224711
-0.251431
-0.268942
-0.274044
-0.267748
-0.262259
-0.65898
-0.628547
-0.568624
-0.493583
-0.41253
-0.32997
-0.248974
-0.173243
-0.108177
-0.0628675
-0.0340472
-0.122744
-0.242006
-0.313452
-0.344033
-0.404023
-0.466417
-0.483347
-0.46631
-0.457285
-0.668982
-0.641247
-0.584898
-0.51351
-0.436154
-0.35751
-0.280636
-0.209489
-0.149615
-0.111915
-0.0885108
-0.196091
-0.332436
-0.505394
-0.521154
-0.549338
-0.593065
-0.589457
-0.578655
-0.576168
-0.668172
-0.644212
-0.592736
-0.525795
-0.452984
-0.378792
-0.306269
-0.239556
-0.184825
-0.1527
-0.144572
-0.281342
-0.357948
-0.258611
-0.22401
-0.442442
-0.609788
-0.616462
-0.615869
-0.614909
-0.653101
-0.63499
-0.590623
-0.529073
-0.461626
-0.392275
-0.323981
-0.261096
-0.210707
-0.183364
-0.196501
-0.33886
-0.463876
-0.412622
-0.432651
-0.653264
-0.750482
-0.709296
-0.673467
-0.687592
-0.625092
-0.612217
-0.577091
-0.523028
-0.46142
-0.396945
-0.332354
-0.271741
-0.222662
-0.198077
-0.221163
-0.418349
-0.867473
-1.54182
-2.04632
-2.3357
-2.12703
-1.75817
-1.41755
-1.31002
-0.58766
-0.579332
-0.554475
-0.508681
-0.452883
-0.39275
-0.330552
-0.2701
-0.217692
-0.187966
-0.210515
-0.424196
-0.948718
-1.62072
-2.01389
-2.17466
-2.09369
-1.87834
-1.63827
-1.56877
-0.54663
-0.541983
-0.525994
-0.489527
-0.438738
-0.381137
-0.319125
-0.255706
-0.195088
-0.145717
-0.127454
-0.188963
-0.319493
-0.395819
-0.445915
-0.333458
-0.114594
0.0856417
0.248466
0.35018
-0.509312
-0.507015
-0.497673
-0.468917
-0.422408
-0.365186
-0.301024
-0.230284
-0.156417
-0.0741226
0.00843851
0.143384
0.392895
0.82027
1.31927
1.77339
2.12641
2.36742
2.50447
2.55522
-0.477729
-0.476819
-0.473237
-0.452543
-0.408792
-0.349164
-0.280524
-0.201928
-0.112151
-0.00896045
0.120247
0.264438
0.61222
1.14449
1.75411
2.2886
2.67319
2.8903
2.98613
3.01552
-0.451111
-0.450742
-0.450074
-0.437255
-0.397419
-0.336084
-0.26206
-0.178358
-0.0819541
0.0280642
0.148236
0.276986
0.48773
0.985945
1.50342
1.95956
2.30492
2.51257
2.6083
2.63512
-0.428006
-0.427324
-0.427248
-0.420911
-0.38649
-0.323863
-0.24651
-0.159975
-0.0654644
0.0412801
0.151385
0.2679
0.403241
0.746087
1.1738
1.52401
1.79044
1.94833
2.01985
2.0396
-0.412346
-0.411033
-0.41111
-0.408002
-0.375605
-0.310183
-0.230029
-0.143374
-0.0517461
0.050192
0.15117
0.250461
0.348413
0.559365
0.85826
1.11479
1.30706
1.4169
1.46446
1.47661
-0.403792
-0.404946
-0.408211
-0.404251
-0.364595
-0.291015
-0.207311
-0.12261
-0.0366847
0.0547235
0.139628
0.216033
0.288265
0.43008
0.632067
0.801119
0.926818
1.00013
1.03232
1.03846
-0.3704
-0.375176
-0.381681
-0.373003
-0.328482
-0.252889
-0.172866
-0.095835
-0.020584
0.0568452
0.127283
0.185568
0.241086
0.326453
0.46261
0.574718
0.654228
0.699365
0.717014
0.718801
-0.267347
-0.273237
-0.278782
-0.270937
-0.235293
-0.179496
-0.119299
-0.059184
0.000589865
0.0622583
0.116909
0.156818
0.192642
0.245508
0.333917
0.408644
0.460843
0.488749
0.500357
0.501073
-0.113912
-0.117085
-0.121439
-0.119867
-0.105652
-0.0810377
-0.0497659
-0.0138758
0.026304
0.0703247
0.108435
0.133805
0.155078
0.187246
0.244662
0.294729
0.328652
0.346955
0.354049
0.353685
0.0246397
0.0230821
0.0194283
0.0133579
0.00870959
0.0087011
0.0160935
0.0308421
0.0531495
0.0813078
0.106164
0.121884
0.13189
0.155049
0.192292
0.224741
0.246032
0.256767
0.260382
0.259523
0.111206
0.110492
0.106968
0.0978372
0.0841189
0.0722783
0.0664208
0.0680992
0.0776781
0.0940067
0.109835
0.118941
0.122986
0.140842
0.167964
0.18799
0.199716
0.204812
0.206018
0.204974
0.150796
0.150227
0.147099
0.138533
0.124888
0.110925
0.100434
0.0956047
0.0977759
0.10662
0.117363
0.12436
0.128215
0.141192
0.158899
0.171299
0.177922
0.18031
0.180648
0.179623
0.162986
0.162492
0.160113
0.153735
0.143121
0.131182
0.120821
0.114275
0.112956
0.117781
0.126793
0.135361
0.143208
0.153785
0.16404
0.170016
0.173097
0.174429
0.174623
0.173641
0.162612
0.162193
0.160513
0.156268
0.14902
0.140255
0.13184
0.125706
0.123394
0.126632
0.13575
0.147903
0.160043
0.168819
0.173113
0.175772
0.178317
0.179811
0.180176
0.179037
0.157834
0.157484
0.156311
0.15359
0.148927
0.142907
0.136662
0.131663
0.129328
0.13172
0.141207
0.156902
0.173557
0.180099
0.180137
0.181971
0.184619
0.187756
0.188637
0.187334
0.152399
0.152109
0.151262
0.149449
0.146476
0.142401
0.137857
0.13381
0.131394
0.132568
0.140607
0.156464
0.174333
0.177909
0.176542
0.179933
0.185152
0.189908
0.191389
0.189913
0.147627
0.147392
0.146748
0.145383
0.143329
0.140427
0.136935
0.13335
0.13036
0.129192
0.132581
0.142949
0.155958
0.155686
0.155329
0.161969
0.171535
0.178631
0.180315
0.178561
0.143661
0.143471
0.142977
0.141852
0.140109
0.137903
0.135056
0.131528
0.127501
0.12279
0.118416
0.116748
0.116243
0.113152
0.117884
0.129935
0.141578
0.148714
0.149831
0.148201
0.140211
0.140075
0.139744
0.138793
0.13747
0.135389
0.13284
0.129482
0.124353
0.115896
0.101813
0.0840901
0.065418
0.0605515
0.0725888
0.0872743
0.0981672
0.103509
0.104396
0.103522
0.136698
0.136625
0.136482
0.13593
0.13489
0.133413
0.131045
0.128167
0.123022
0.112321
0.0913093
0.0564092
0.0208026
0.0182145
0.0347489
0.0491246
0.0561115
0.0589205
0.0590167
0.0583398
0.132363
0.132372
0.132495
0.132402
0.131903
0.131144
0.130168
0.128537
0.124392
0.114106
0.0918253
0.049238
0.00905601
0.00741592
0.0178642
0.0231532
0.0235446
0.0222358
0.0215726
0.0211723
0.126217
0.12625
0.126526
0.127127
0.12795
0.128586
0.129157
0.1296
0.129787
0.123574
0.107715
0.0723094
0.0405656
0.0320897
0.0270371
0.0142242
0.00262069
-0.00358421
-0.00419852
-0.00376031
0.117778
0.11801
0.118739
0.119946
0.121682
0.12426
0.127775
0.131426
0.135189
0.137343
0.130659
0.115138
0.09298
0.0748856
0.049794
0.0238963
0.00331219
-0.00669465
-0.00903333
-0.0089908
0.105029
0.105369
0.10641
0.108658
0.112121
0.116981
0.123357
0.13173
0.140225
0.149866
0.154011
0.151243
0.143804
0.112385
0.0735741
0.039142
0.0146577
0.00112484
-0.00169427
-0.000629425
0.0860007
0.0864093
0.0878426
0.0911203
0.0963926
0.103688
0.113013
0.124576
0.138485
0.152719
0.164285
0.166207
0.157723
0.121666
0.0857697
0.0615611
0.0436897
0.0323455
0.0280653
0.02865
0.0597184
0.0600906
0.0614829
0.0657016
0.0723855
0.0808776
0.0920368
0.105808
0.121157
0.136003
0.145476
0.146132
0.138042
0.102771
0.0810164
0.0681392
0.06372
0.0555269
0.0515009
0.0517074
0.0268557
0.0267712
0.0273151
0.0297389
0.0330669
0.0377846
0.0444649
0.0537689
0.0654539
0.0750637
0.0824105
0.085702
0.080683
0.0637157
0.0467536
0.044878
0.0503079
0.0461083
0.0425181
0.0414815
-0.494269
0.0312056
0.349508
0.568394
0.736996
0.866899
0.973368
1.06649
1.17094
1.1611
0.255298
0.416871
0.584463
0.725861
0.842883
0.938611
1.01756
1.07638
1.10033
1.10653
0.537648
0.642119
0.751975
0.848451
0.930834
0.999563
1.05398
1.09223
1.1169
1.13386
0.730374
0.801924
0.878125
0.946902
1.00631
1.05606
1.09599
1.12693
1.15105
1.16955
0.87429
0.927009
0.981045
1.03199
1.07658
1.11484
1.14694
1.17356
1.19519
1.21351
0.990513
1.02855
1.07175
1.11122
1.14711
1.17886
1.20641
1.22978
1.24842
1.26636
1.08931
1.12035
1.15666
1.19047
1.22183
1.25023
1.27514
1.29613
1.3121
1.32977
1.1798
1.20885
1.24277
1.27486
1.30475
1.33183
1.35538
1.3747
1.3884
1.40594
1.27084
1.30229
1.33754
1.37054
1.40058
1.42721
1.44984
1.46775
1.47981
1.4975
1.37479
1.41113
1.44888
1.48325
1.51329
1.53897
1.56018
1.57661
1.58794
1.60614
1.50397
1.54402
1.58167
1.61462
1.6425
1.66602
1.6856
1.70101
1.71287
1.73131
1.66493
1.70187
1.73334
1.75984
1.78264
1.80315
1.82172
1.83783
1.85193
1.86993
1.84897
1.87432
1.89426
1.91292
1.93077
1.94756
1.96328
1.97933
1.99656
2.01566
2.03483
2.04655
2.06005
2.07495
2.08874
2.1008
2.11162
2.12308
2.13741
2.156
2.21813
2.23267
2.23783
2.23838
2.24021
2.24756
2.26147
2.27945
2.29207
2.30558
2.4906
2.43625
2.38906
2.35757
2.34448
2.34908
2.37234
2.41706
2.48441
2.57992
0.925154
0.920468
0.913068
0.901171
0.888182
0.876699
0.867556
0.860722
0.856174
0.85419
0.855337
0.859265
0.865398
0.873684
0.884233
0.896818
0.909871
0.919751
0.92572
0.929116
0.847174
0.854256
0.860233
0.864441
0.865714
0.863938
0.860311
0.856404
0.853326
0.851917
0.852913
0.855892
0.859967
0.864253
0.867413
0.867922
0.865204
0.860058
0.853207
0.847337
0.838032
0.841035
0.844285
0.84677
0.848772
0.850212
0.850536
0.849764
0.848629
0.848082
0.848846
0.850506
0.852107
0.852777
0.852116
0.850528
0.848465
0.845668
0.842381
0.840041
0.832369
0.833821
0.836049
0.838282
0.839922
0.841115
0.842075
0.842702
0.842948
0.843174
0.843753
0.844388
0.844582
0.844209
0.843463
0.842323
0.840548
0.838298
0.836503
0.835418
0.827157
0.827976
0.829438
0.831229
0.832961
0.834383
0.835471
0.836384
0.837179
0.837857
0.838384
0.838604
0.838471
0.838022
0.837173
0.835862
0.834281
0.832716
0.831683
0.831026
0.822208
0.822764
0.823837
0.825245
0.826756
0.82825
0.829595
0.830733
0.831738
0.832632
0.833231
0.833419
0.833231
0.832639
0.831677
0.830514
0.829292
0.82818
0.827476
0.827015
0.817438
0.817855
0.818714
0.819915
0.821232
0.822628
0.824048
0.8254
0.826618
0.82769
0.828424
0.828666
0.828442
0.827835
0.827
0.826069
0.825112
0.82426
0.823737
0.823388
0.812795
0.813122
0.813834
0.814892
0.816118
0.817442
0.81885
0.820309
0.821736
0.823032
0.823936
0.824267
0.824114
0.823646
0.822998
0.82225
0.821482
0.820827
0.820428
0.820153
0.808204
0.808468
0.809077
0.81004
0.81121
0.812499
0.813911
0.815438
0.817025
0.818563
0.819691
0.820206
0.820243
0.819971
0.819508
0.818935
0.818333
0.817832
0.817526
0.817303
0.803591
0.803809
0.804345
0.805253
0.806391
0.807682
0.809134
0.810749
0.812503
0.814302
0.815724
0.816512
0.816802
0.816749
0.816476
0.81608
0.815627
0.815252
0.81502
0.814835
0.79888
0.799063
0.799552
0.800434
0.801577
0.802913
0.804451
0.806209
0.808174
0.810272
0.812069
0.813215
0.813796
0.81398
0.813903
0.813668
0.813362
0.813097
0.812924
0.812768
0.794007
0.794163
0.794623
0.795512
0.796703
0.798126
0.799806
0.80178
0.804053
0.806562
0.80881
0.810346
0.811242
0.811682
0.811814
0.811744
0.811576
0.811407
0.811283
0.81115
0.788903
0.789037
0.789485
0.790406
0.791681
0.793229
0.795086
0.797324
0.799973
0.80299
0.805798
0.807818
0.809107
0.809863
0.810246
0.810357
0.810324
0.810245
0.810165
0.81005
0.783488
0.783602
0.78405
0.785023
0.786411
0.788126
0.79022
0.792785
0.795891
0.799535
0.803029
0.805651
0.807429
0.808561
0.809232
0.809559
0.809689
0.809705
0.809667
0.809567
0.777666
0.777765
0.778226
0.779281
0.780825
0.782767
0.785186
0.788201
0.791898
0.796309
0.800658
0.804027
0.806364
0.807919
0.808894
0.809478
0.809786
0.809903
0.809907
0.809819
0.771345
0.771435
0.771905
0.773054
0.774784
0.777004
0.779818
0.783386
0.787856
0.793267
0.798636
0.80285
0.805886
0.807987
0.809349
0.810249
0.810766
0.810994
0.81104
0.810961
0.764281
0.764372
0.764883
0.766134
0.768073
0.77063
0.773934
0.778172
0.783534
0.790113
0.796782
0.802119
0.806008
0.808771
0.810681
0.811993
0.812778
0.813145
0.813235
0.81316
0.756251
0.756332
0.756901
0.758298
0.76053
0.763545
0.767503
0.772655
0.779235
0.787335
0.795532
0.802123
0.806993
0.810531
0.813068
0.81485
0.815962
0.816494
0.816626
0.816547
0.746835
0.746927
0.747588
0.749186
0.751779
0.755365
0.760137
0.766401
0.774441
0.784376
0.794483
0.802659
0.80876
0.813246
0.816542
0.818891
0.820403
0.821119
0.821289
0.821197
0.735451
0.735568
0.736367
0.738267
0.741388
0.745775
0.751663
0.759426
0.769377
0.781615
0.793998
0.803993
0.81149
0.81706
0.821216
0.824218
0.82616
0.827064
0.827268
0.827158
0.721372
0.721536
0.72257
0.724927
0.72881
0.734318
0.741723
0.751453
0.763833
0.778906
0.794009
0.806155
0.815267
0.822086
0.827196
0.830928
0.833327
0.83442
0.834655
0.834523
0.70364
0.703887
0.705283
0.708337
0.713341
0.720455
0.729956
0.742311
0.757794
0.776324
0.794644
0.809256
0.82021
0.828426
0.834641
0.839162
0.842041
0.843323
0.843585
0.843429
0.680861
0.681264
0.683239
0.687388
0.694112
0.703581
0.716055
0.731931
0.751356
0.774065
0.79609
0.813477
0.826485
0.83626
0.843673
0.849082
0.85247
0.853934
0.854214
0.854029
0.650771
0.651492
0.654469
0.66047
0.669998
0.683048
0.699754
0.720312
0.744646
0.772279
0.798494
0.818941
0.834188
0.845684
0.854424
0.860816
0.864715
0.866333
0.866613
0.866397
0.609291
0.610762
0.615891
0.625505
0.639847
0.658471
0.681138
0.707765
0.738038
0.771299
0.8021
0.825801
0.843417
0.856743
0.866951
0.874383
0.878739
0.880451
0.880704
0.880456
0.548755
0.553246
0.564035
0.580804
0.603345
0.630244
0.660844
0.694908
0.732016
0.771432
0.807056
0.834117
0.854158
0.869363
0.881042
0.889457
0.89422
0.895936
0.896108
0.895847
0.476169
0.484476
0.504194
0.531596
0.564511
0.600724
0.639891
0.681948
0.726553
0.773059
0.814659
0.84624
0.869768
0.887749
0.901461
0.911204
0.916672
0.918668
0.918971
0.918867
0.403408
0.41736
0.44598
0.483707
0.526502
0.571953
0.619727
0.669839
0.722041
0.775768
0.823541
0.85984
0.887024
0.907945
0.924009
0.935362
0.941267
0.942964
0.943384
0.943428
0.343675
0.361158
0.395503
0.440818
0.491558
0.545069
0.600735
0.658459
0.717916
0.77854
0.832118
0.872716
0.903069
0.926295
0.943925
0.956186
0.962568
0.96524
0.965922
0.966036
0.294744
0.314233
0.352865
0.403735
0.460697
0.520794
0.583233
0.647771
0.713918
0.780984
0.839922
0.88435
0.917323
0.942359
0.961307
0.974635
0.982036
0.985156
0.985978
0.986114
0.253862
0.274426
0.316257
0.371466
0.433465
0.499036
0.567283
0.637823
0.710011
0.782983
0.846809
0.894603
0.929822
0.956373
0.976411
0.9906
0.998742
1.00221
1.00314
1.00328
0.218517
0.239801
0.284157
0.34282
0.408954
0.479211
0.552543
0.628433
0.706104
0.784489
0.852773
0.903559
0.940681
0.968435
0.989274
1.00404
1.01276
1.01652
1.01751
1.01764
0.187066
0.208867
0.255182
0.316749
0.386385
0.460702
0.538553
0.619292
0.702
0.785411
0.857832
0.911346
0.950129
0.978874
1.00029
1.01546
1.02455
1.02851
1.02957
1.02967
0.158275
0.18049
0.228516
0.292491
0.365135
0.443012
0.524915
0.610085
0.697478
0.785642
0.862009
0.91811
0.958434
0.988072
1.00996
1.02538
1.03469
1.03876
1.03982
1.03989
0.131207
0.153864
0.203465
0.269457
0.344763
0.425789
0.511336
0.600572
0.692357
0.785074
0.865302
0.923964
0.965815
0.996307
1.01866
1.0343
1.04364
1.0478
1.04879
1.04877
0.105366
0.128564
0.179303
0.247268
0.324949
0.408782
0.497623
0.590596
0.686506
0.783616
0.867701
0.929
0.972472
1.00388
1.02672
1.04259
1.05198
1.0561
1.05706
1.05699
0.0803655
0.104096
0.155871
0.225684
0.305464
0.391823
0.483653
0.580057
0.679835
0.781212
0.869199
0.933294
0.978546
1.01101
1.03441
1.05052
1.05997
1.06401
1.06494
1.06484
0.055963
0.080191
0.133116
0.204528
0.286186
0.374817
0.469346
0.568898
0.672296
0.777808
0.869784
0.936894
0.984143
1.01782
1.04189
1.0583
1.06779
1.07172
1.07255
1.07241
0.0320465
0.0568264
0.11086
0.183702
0.267058
0.357721
0.454681
0.557103
0.663873
0.773371
0.86941
0.939783
0.989299
1.02439
1.04924
1.06596
1.07542
1.07918
1.07988
1.0797
0.00857819
0.0339322
0.0890002
0.163171
0.248061
0.340546
0.43968
0.544689
0.654561
0.767865
0.867999
0.941886
0.994004
1.03077
1.05651
1.07351
1.08289
1.08639
1.08693
1.08671
-0.0143981
0.0114734
0.0675515
0.142944
0.229215
0.323316
0.42438
0.531701
0.644386
0.761266
0.86546
0.943111
0.998224
1.03701
1.06377
1.08101
1.0901
1.09325
1.09362
1.09336
-0.0369213
-0.0104872
0.0465638
0.123065
0.210567
0.306089
0.408851
0.518206
0.633412
0.753575
0.861737
0.943337
1.00184
1.04312
1.07118
1.08853
1.09707
1.09969
1.09985
1.09957
-0.0588648
-0.0318888
0.0260766
0.103578
0.192173
0.288945
0.393177
0.504294
0.62171
0.744825
0.856769
0.942408
1.00469
1.04905
1.07893
1.09638
1.10391
1.10564
1.10555
1.10527
-0.0802275
-0.0526717
0.00611848
0.0845445
0.174107
0.271959
0.377453
0.490075
0.609372
0.735086
0.850509
0.940174
1.00652
1.05463
1.08721
1.10519
1.1112
1.11126
1.11063
1.11041
-0.100909
-0.0728241
-0.0132465
0.0660179
0.156428
0.255212
0.361763
0.475633
0.596521
0.724448
0.842944
0.936498
1.00705
1.05945
1.0959
1.11577
1.12051
1.1177
1.1153
1.11485
-0.120963
-0.0923207
-0.0319614
0.0480609
0.139214
0.238794
0.346232
0.461108
0.583286
0.713021
0.834111
0.931258
1.00598
1.06284
1.10423
1.12824
1.13416
1.1292
1.12095
1.10394
-0.14032
-0.111155
-0.0501641
0.0304705
0.122168
0.222363
0.330431
0.446023
0.569127
0.700249
0.823413
0.923797
1.00281
1.064
1.11074
1.14124
1.15214
1.14783
1.13276
1.14556
-0.159075
-0.129262
-0.0678105
0.0133001
0.105338
0.205974
0.31437
0.430405
0.554043
0.686044
0.810686
0.913522
0.996935
1.06165
1.1114
1.14626
1.16217
1.15529
1.09662
1.08171
-0.177868
-0.147045
-0.0846361
-0.00308956
0.0891786
0.190055
0.298243
0.414529
0.538338
0.670631
0.796021
0.90004
0.987729
1.05521
1.10091
1.13413
1.14203
1.10715
1.0388
0.997835
-0.198038
-0.165936
-0.100191
-0.0182056
0.0742459
0.174877
0.282456
0.398616
0.522157
0.654086
0.779388
0.883299
0.973424
1.04484
1.09103
1.09142
1.07272
1.01378
0.942042
0.898513
0.211819
0.32438
0.443712
0.570559
0.699963
0.814916
0.907328
0.770529
-0.216513
-0.200798
-0.161915
-0.0926398
-0.00620977
0.0895138
0.193428
0.304829
0.423246
0.548723
0.67667
0.790504
0.880714
0.957194
1.00895
0.972599
0.838483
0.753811
0.686537
-0.236618
-0.223696
-0.179385
-0.108495
-0.0217965
0.074
0.177373
0.288235
0.405709
0.529676
0.65515
0.765408
0.850292
0.911489
0.912274
0.813468
0.673625
0.570874
0.483435
-0.260001
-0.24742
-0.200245
-0.128205
-0.0413479
0.0545544
0.157952
0.26841
0.384853
0.507084
0.629311
0.734512
0.811579
0.853726
0.815945
0.660871
0.49994
0.369891
0.2543
-0.283569
-0.270906
-0.222097
-0.14886
-0.0615669
0.0343133
0.137428
0.247104
0.362239
0.48231
0.600856
0.700441
0.769428
0.787448
0.704074
0.51313
0.320283
0.146219
-0.0207686
-0.306556
-0.294256
-0.244613
-0.170387
-0.0826149
0.0132769
0.115978
0.224743
0.338407
0.456003
0.570453
0.663747
0.722745
0.706418
0.576951
0.375681
0.159061
-0.0398319
-0.225283
-0.330087
-0.318047
-0.268045
-0.193181
-0.105008
-0.00905035
0.0933122
0.20123
0.313378
0.428377
0.538565
0.625044
0.671628
0.630017
0.459903
0.260129
0.0459407
-0.150077
-0.267399
-0.338751
-0.35495
-0.343057
-0.292763
-0.21754
-0.129163
-0.0332368
0.0687163
0.175672
0.286082
0.398099
0.503536
0.582412
0.614601
0.551084
0.353678
0.161973
-0.0244007
-0.163395
-0.206414
-0.231228
-0.381257
-0.369497
-0.319025
-0.243584
-0.155161
-0.0594512
0.041913
0.147641
0.255966
0.364497
0.464512
0.535317
0.549499
0.447498
0.258359
0.0808804
-0.0753383
-0.159692
-0.178862
-0.184533
-0.4093
-0.397616
-0.346922
-0.271316
-0.182975
-0.0876377
0.0128996
0.117122
0.222991
0.327562
0.421384
0.484045
0.470579
0.344885
0.16909
0.00310637
-0.119058
-0.162406
-0.163657
-0.165105
-0.439035
-0.427459
-0.376474
-0.300729
-0.212578
-0.117777
-0.0182989
0.0841356
0.187164
0.287322
0.374299
0.427751
0.393568
0.247036
0.0855342
-0.0677085
-0.137804
-0.154444
-0.155167
-0.155181
-0.470258
-0.458634
-0.407568
-0.331718
-0.24386
-0.149788
-0.0515971
0.0487381
0.148537
0.243814
0.323611
0.365198
0.32334
0.158065
0.00980288
-0.108548
-0.152779
-0.149123
-0.150045
-0.149985
-0.50248
-0.49075
-0.43993
-0.364018
-0.276604
-0.183456
-0.0868153
0.011106
0.107298
0.197297
0.269617
0.300308
0.24487
0.0784294
-0.0563279
-0.135548
-0.151577
-0.148404
-0.146918
-0.146265
-0.535138
-0.523387
-0.47282
-0.397224
-0.310403
-0.218409
-0.123607
-0.0284207
0.0637679
0.148216
0.212814
0.232807
0.155146
0.00457495
-0.116813
-0.138275
-0.151426
-0.15055
-0.145774
-0.144318
-0.567101
-0.555687
-0.505514
-0.430547
-0.344654
-0.254097
-0.161444
-0.0693136
0.0185316
0.0971139
0.154649
0.159456
0.0703098
-0.0649117
-0.167411
-0.187871
-0.17211
-0.162375
-0.156766
-0.153052
-0.597142
-0.586225
-0.537144
-0.463047
-0.378488
-0.289722
-0.199566
-0.110817
-0.0275462
0.0446837
0.0966604
0.0872823
-0.00975543
-0.127468
-0.220212
-0.256287
-0.206745
-0.177522
-0.166804
-0.164168
-0.624021
-0.613463
-0.566298
-0.49359
-0.410793
-0.324229
-0.23697
-0.151926
-0.0733472
-0.00776212
0.0391354
0.0232156
-0.0877874
-0.174713
-0.227347
-0.218065
-0.222422
-0.21213
-0.205751
-0.204213
-0.645428
-0.635607
-0.590745
-0.520538
-0.440192
-0.356369
-0.272345
-0.191351
-0.117564
-0.0583216
-0.018229
-0.0356252
-0.155982
-0.234186
-0.222891
-0.279118
-0.333562
-0.367431
-0.368324
-0.355482
-0.659586
-0.650804
-0.608974
-0.542041
-0.464955
-0.384543
-0.304242
-0.227511
-0.158657
-0.105163
-0.0749003
-0.093435
-0.226751
-0.361851
-0.480171
-0.479387
-0.528524
-0.561023
-0.554224
-0.542957
-0.664016
-0.656781
-0.619052
-0.556418
-0.483329
-0.407066
-0.331037
-0.258591
-0.19466
-0.146485
-0.128277
-0.150817
-0.303558
-0.414094
-0.480038
-0.46532
-0.578306
-0.601258
-0.597214
-0.597929
-0.65746
-0.65152
-0.618975
-0.561891
-0.49381
-0.422338
-0.350797
-0.282597
-0.223058
-0.180173
-0.170538
-0.215277
-0.369601
-0.337382
-0.0758085
-0.255181
-0.525687
-0.621344
-0.631251
-0.63943
-0.636578
-0.632241
-0.606398
-0.557149
-0.49542
-0.429168
-0.362107
-0.29744
-0.24086
-0.201858
-0.197453
-0.268793
-0.504823
-0.790258
-1.06247
-1.4272
-1.53615
-1.2787
-0.980953
-0.874531
-0.603944
-0.601224
-0.582698
-0.542462
-0.48816
-0.427249
-0.364039
-0.301738
-0.245284
-0.20487
-0.201748
-0.284323
-0.686918
-1.40956
-2.13027
-2.43627
-2.46577
-2.23571
-1.88889
-1.63257
-0.564325
-0.562715
-0.551982
-0.520675
-0.4739
-0.41748
-0.356859
-0.294729
-0.235123
-0.18567
-0.168584
-0.211277
-0.507494
-0.868748
-1.26612
-1.48002
-1.47687
-1.27863
-1.05137
-0.870019
-0.525123
-0.524127
-0.518884
-0.49712
-0.456083
-0.402493
-0.342668
-0.277355
-0.210496
-0.144337
-0.0858942
-0.0349064
0.0132384
0.15725
0.408772
0.7056
1.01334
1.24393
1.38929
1.46728
-0.49243
-0.491826
-0.489334
-0.47563
-0.439715
-0.387099
-0.324742
-0.254189
-0.174987
-0.088997
0.0173738
0.140035
0.385105
0.836171
1.42582
2.00567
2.4817
2.80309
2.96831
3.02434
-0.463993
-0.46338
-0.462698
-0.456334
-0.426772
-0.374351
-0.307687
-0.231455
-0.143952
-0.0429979
0.0733051
0.209182
0.385884
0.808165
1.37099
1.91837
2.36389
2.65357
2.80553
2.86472
-0.439337
-0.439002
-0.438814
-0.436609
-0.41465
-0.363343
-0.293167
-0.212278
-0.122247
-0.0193576
0.0911542
0.213331
0.329303
0.624882
1.11506
1.55325
1.91126
2.15827
2.28814
2.33652
-0.418997
-0.41806
-0.417002
-0.416834
-0.402074
-0.351987
-0.279161
-0.196017
-0.106214
-0.00817331
0.0986958
0.206998
0.316717
0.482827
0.828003
1.16773
1.43595
1.61675
1.70879
1.74221
-0.409136
-0.407931
-0.408649
-0.41025
-0.394632
-0.338967
-0.261266
-0.177021
-0.0893923
0.00360778
0.100628
0.190126
0.27618
0.386198
0.615102
0.846306
1.03042
1.15393
1.2165
1.23948
-0.394005
-0.394872
-0.400039
-0.401101
-0.37923
-0.315769
-0.233746
-0.150769
-0.0694845
0.0128401
0.0954985
0.167127
0.235476
0.306207
0.460226
0.615939
0.734105
0.813039
0.850876
0.863921
-0.327333
-0.330029
-0.338217
-0.339382
-0.315342
-0.256758
-0.184694
-0.113319
-0.0444163
0.0239579
0.0916725
0.147951
0.196466
0.239534
0.339811
0.442579
0.519826
0.570182
0.593605
0.6008
-0.192025
-0.19549
-0.201001
-0.202235
-0.187285
-0.152179
-0.1088
-0.0613462
-0.0120073
0.0391837
0.0901609
0.130113
0.160045
0.182806
0.249895
0.317521
0.369088
0.401441
0.416355
0.420197
-0.0383294
-0.0403252
-0.0434485
-0.0473243
-0.0468325
-0.0395238
-0.0252401
-0.00383519
0.023869
0.0570403
0.0919143
0.118902
0.134758
0.146709
0.191305
0.235644
0.269789
0.290549
0.299746
0.301933
0.0754085
0.0743886
0.0725768
0.0668497
0.0565524
0.0467037
0.042594
0.0459611
0.0574125
0.0760985
0.0982883
0.114728
0.12273
0.132103
0.162059
0.191837
0.212422
0.223949
0.228426
0.2289
0.13606
0.135447
0.133925
0.127864
0.115612
0.100866
0.0890615
0.0832076
0.0848025
0.0934784
0.107148
0.11788
0.122617
0.128702
0.150624
0.170434
0.182557
0.188364
0.190101
0.189873
0.159465
0.159043
0.15776
0.15286
0.142604
0.129286
0.116931
0.108271
0.10515
0.10836
0.117155
0.126221
0.132617
0.139404
0.154242
0.165431
0.171991
0.174974
0.175779
0.175418
0.163887
0.16358
0.162578
0.159137
0.151914
0.141959
0.131752
0.123569
0.119116
0.119675
0.12674
0.136804
0.146833
0.156106
0.16561
0.170563
0.173722
0.17583
0.176643
0.176252
0.160568
0.160324
0.159564
0.15728
0.152605
0.14584
0.138362
0.131752
0.127511
0.127431
0.133519
0.145863
0.16085
0.172651
0.176953
0.178141
0.180499
0.182708
0.184091
0.18369
0.155156
0.154949
0.154373
0.152842
0.149896
0.145456
0.140229
0.135206
0.131559
0.130978
0.136175
0.149453
0.167581
0.180836
0.181247
0.181371
0.184299
0.188553
0.191242
0.190771
0.149964
0.149782
0.149337
0.14823
0.146266
0.143316
0.139592
0.135641
0.132245
0.13062
0.133539
0.143835
0.159754
0.170505
0.167988
0.169508
0.176894
0.18442
0.188511
0.187832
0.145605
0.145443
0.145096
0.14421
0.142673
0.140483
0.137692
0.134288
0.130717
0.127502
0.125898
0.128065
0.135082
0.138749
0.136356
0.142726
0.152933
0.161891
0.166301
0.165778
0.141966
0.141826
0.14158
0.140898
0.139576
0.1377
0.135258
0.132331
0.128377
0.123014
0.115216
0.105086
0.095916
0.0877852
0.0896966
0.102045
0.115761
0.125062
0.128598
0.127819
0.138554
0.138434
0.138302
0.137902
0.136883
0.135386
0.133206
0.130398
0.126452
0.119695
0.10547
0.0832115
0.0523683
0.0354073
0.0431033
0.0597589
0.0734047
0.0805445
0.0823853
0.0817503
0.134737
0.134645
0.134641
0.134519
0.133961
0.132796
0.131659
0.129724
0.126394
0.119495
0.103125
0.0713908
0.0260284
0.00521642
0.014843
0.0291186
0.0353722
0.0374276
0.03744
0.037647
0.129576
0.129512
0.129646
0.129936
0.130347
0.130237
0.129946
0.129666
0.128429
0.123521
0.110666
0.0800537
0.0338781
0.013384
0.0179656
0.0187677
0.0138019
0.00889221
0.00695446
0.00689803
0.122404
0.122368
0.12262
0.123268
0.124061
0.125528
0.127548
0.129477
0.131184
0.131739
0.126044
0.108373
0.0779961
0.0589641
0.0455731
0.0281328
0.00941138
-0.00309773
-0.00768236
-0.00795294
0.112073
0.112102
0.112641
0.114078
0.116345
0.11949
0.123661
0.129129
0.134617
0.140958
0.143448
0.141196
0.127544
0.110564
0.0785275
0.0444041
0.0164008
-0.00201186
-0.00835125
-0.00832803
0.0964273
0.0965052
0.0972897
0.0993317
0.102817
0.107849
0.114771
0.123823
0.13488
0.147432
0.15856
0.162282
0.161716
0.142029
0.101142
0.0658294
0.0387768
0.0210085
0.0123618
0.0121012
0.0739535
0.0740621
0.0749972
0.0777746
0.0824092
0.0889794
0.0980173
0.109806
0.12423
0.139893
0.154755
0.160873
0.161728
0.13417
0.0974917
0.0755282
0.0627554
0.0515399
0.0434862
0.0424037
0.0441056
0.0441015
0.0452744
0.0481057
0.0526066
0.0590414
0.0675935
0.0790431
0.092029
0.105309
0.118437
0.12285
0.11905
0.0945883
0.0718123
0.0641497
0.0645031
0.0601306
0.0527134
0.0511547
0.0267519
0.0269339
0.028337
0.0312642
0.0352115
0.0408514
0.0487977
0.0594489
0.0707657
0.0780882
0.0847152
0.084356
0.0761647
0.0527582
0.0441993
0.0485892
0.0483341
0.0440104
0.0412074
0.0175072
-0.195768
0.144967
0.375058
0.569114
0.725842
0.851353
0.952618
1.03907
1.09917
1.09492
0.309581
0.4697
0.610496
0.735487
0.842146
0.931547
1.00519
1.06165
1.0962
1.11055
0.581359
0.680707
0.774511
0.861018
0.936316
1.00028
1.05253
1.0923
1.12122
1.14066
0.764475
0.831322
0.899469
0.962213
1.01719
1.06435
1.10369
1.13551
1.16144
1.17948
0.903486
0.951111
1.00386
1.05031
1.09244
1.12951
1.16153
1.18867
1.21139
1.22687
1.01654
1.05457
1.09518
1.13291
1.16759
1.1991
1.22705
1.25112
1.2711
1.28391
1.1145
1.14755
1.18189
1.21568
1.2472
1.27621
1.30213
1.3243
1.34209
1.35267
1.20592
1.23782
1.2714
1.30504
1.33622
1.36465
1.38971
1.41068
1.42664
1.43572
1.30098
1.33627
1.37242
1.40807
1.44013
1.46842
1.49262
1.51232
1.5268
1.53563
1.41391
1.45471
1.49356
1.53028
1.56208
1.58909
1.61164
1.62975
1.64324
1.65336
1.55767
1.60083
1.63831
1.67148
1.69934
1.72307
1.74367
1.76101
1.77496
1.78718
1.73554
1.77257
1.80072
1.82472
1.84577
1.86512
1.88333
1.90042
1.91659
1.93194
1.93292
1.95233
1.96808
1.98427
2.00088
2.01632
2.02993
2.04307
2.05858
2.07647
2.12203
2.12975
2.14161
2.15329
2.16317
2.17234
2.1826
2.19394
2.20527
2.21257
2.34085
2.33911
2.33102
2.31403
2.30264
2.30205
2.31422
2.33906
2.37274
2.40034
2.74936
2.56254
2.46098
2.40359
2.37459
2.36793
2.3832
2.42383
2.49961
2.6459
-0.186008
-0.187266
-0.147336
-0.076023
0.0104416
0.106853
0.994774
1.06046
1.0599
0.988891
0.921165
0.850791
0.618562
0.392676
0.12277
-0.235401
-0.609656
)
;

boundaryField
{
    wall-4
    {
        type            zeroGradient;
    }
    pressure-outlet-7
    {
        type            fixedValue;
        value           uniform 0;
    }
    velocity-inlet-6
    {
        type            zeroGradient;
    }
    velocity-inlet-5
    {
        type            zeroGradient;
    }
    frontAndBackPlanes
    {
        type            empty;
    }
}


// ************************************************************************* //
