/*--------------------------------*- C++ -*----------------------------------*\
| =========                 |                                                 |
| \\      /  F ield         | OpenFOAM: The Open Source CFD Toolbox           |
|  \\    /   O peration     | Version:  v2012                                 |
|   \\  /    A nd           | Website:  www.openfoam.com                      |
|    \\/     M anipulation  |                                                 |
\*---------------------------------------------------------------------------*/
FoamFile
{
    version     2.0;
    format      ascii;
    class       volScalarField;
    location    "62";
    object      p;
}
// * * * * * * * * * * * * * * * * * * * * * * * * * * * * * * * * * * * * * //

dimensions      [0 2 -2 0 0 0 0];


internalField   nonuniform List<scalar> 
8800
(
0.87584
0.82779
0.789414
0.760773
0.740151
0.725399
0.7148
0.707303
0.702475
0.700427
0.701729
0.705961
0.712653
0.722007
0.734775
0.752373
0.776823
0.81044
0.85289
0.910017
0.708368
0.715574
0.724013
0.72743
0.725516
0.719994
0.713284
0.707126
0.702377
0.699534
0.699278
0.701823
0.706363
0.712382
0.719308
0.725939
0.730079
0.72957
0.723513
0.71454
0.685068
0.691245
0.695445
0.698807
0.701309
0.702109
0.701003
0.698863
0.696837
0.695946
0.696941
0.699367
0.702226
0.704462
0.70501
0.703491
0.700652
0.697021
0.69249
0.688706
0.679921
0.682622
0.685343
0.687655
0.689303
0.690632
0.691544
0.691754
0.691502
0.691487
0.69227
0.693458
0.694274
0.694233
0.693454
0.692271
0.690532
0.688039
0.685618
0.684088
0.674711
0.676133
0.677934
0.67999
0.681745
0.683053
0.684084
0.684966
0.685657
0.686277
0.686958
0.687447
0.687505
0.687177
0.686498
0.685309
0.683622
0.681751
0.680433
0.67961
0.66968
0.670594
0.671832
0.673415
0.67507
0.676598
0.677876
0.678964
0.679978
0.680927
0.681653
0.681993
0.681962
0.681553
0.680703
0.679502
0.678164
0.676906
0.676089
0.675544
0.664784
0.665449
0.666408
0.66771
0.669128
0.670606
0.672061
0.673396
0.674622
0.675775
0.676645
0.677054
0.677007
0.676525
0.675726
0.674781
0.673779
0.672864
0.672284
0.671883
0.659995
0.660508
0.66129
0.662419
0.6637
0.665084
0.66655
0.668046
0.669505
0.670888
0.671952
0.672475
0.672488
0.672125
0.671537
0.670827
0.670068
0.669393
0.668964
0.66865
0.65525
0.655657
0.656312
0.657319
0.658528
0.659863
0.661324
0.662907
0.664567
0.666221
0.667532
0.668245
0.668449
0.66831
0.667951
0.667455
0.6669
0.666417
0.666099
0.665844
0.650463
0.650796
0.651362
0.65229
0.653451
0.654772
0.656268
0.657948
0.659799
0.661745
0.663377
0.664386
0.66487
0.664987
0.664861
0.664588
0.664227
0.663905
0.663671
0.663457
0.645548
0.645824
0.64633
0.647211
0.648355
0.649702
0.651272
0.653094
0.655174
0.657458
0.659494
0.660887
0.661707
0.662115
0.662241
0.662194
0.662027
0.661846
0.661679
0.661494
0.640417
0.640649
0.641116
0.641982
0.643148
0.644563
0.646251
0.648267
0.650643
0.653346
0.655878
0.657731
0.658943
0.659685
0.660094
0.660281
0.66031
0.660257
0.660146
0.659981
0.634977
0.635174
0.635622
0.636502
0.637732
0.63926
0.64112
0.643399
0.646151
0.649379
0.652513
0.654913
0.656583
0.657706
0.658433
0.658868
0.659108
0.659178
0.659114
0.658962
0.629128
0.629297
0.629742
0.630665
0.632
0.633692
0.635791
0.638413
0.641643
0.645523
0.649384
0.652437
0.654646
0.656208
0.657297
0.658033
0.658481
0.658668
0.658644
0.658501
0.62275
0.622895
0.623354
0.624349
0.625836
0.627751
0.630167
0.633226
0.637059
0.641737
0.64648
0.650313
0.653161
0.65524
0.656739
0.6578
0.658489
0.6588
0.658812
0.658673
0.615707
0.615827
0.616312
0.617413
0.619102
0.621312
0.624132
0.627746
0.632328
0.637985
0.643792
0.648556
0.652161
0.654848
0.656834
0.658274
0.659227
0.659663
0.659709
0.65957
0.607812
0.607913
0.608441
0.609683
0.611633
0.614214
0.617551
0.621865
0.627373
0.634223
0.641315
0.64719
0.651688
0.655092
0.65766
0.659538
0.66079
0.661359
0.661437
0.661294
0.598845
0.598947
0.59953
0.600928
0.603208
0.606274
0.610269
0.615458
0.622115
0.630423
0.639056
0.646251
0.651803
0.656047
0.659303
0.661696
0.663283
0.663994
0.664101
0.663951
0.58849
0.588573
0.589247
0.59087
0.593584
0.597269
0.602093
0.608385
0.616468
0.626554
0.637032
0.64578
0.652571
0.657804
0.661851
0.664849
0.666816
0.667674
0.667807
0.667646
0.576372
0.57644
0.577215
0.579152
0.582425
0.586905
0.592791
0.600479
0.610338
0.622592
0.635265
0.645832
0.65406
0.660447
0.665407
0.669108
0.671489
0.672496
0.672648
0.672473
0.561943
0.562
0.562918
0.565271
0.56928
0.574808
0.582077
0.591553
0.603635
0.618522
0.63379
0.646467
0.656339
0.664047
0.67007
0.674557
0.677379
0.678527
0.678691
0.678498
0.544434
0.544481
0.545611
0.548548
0.553567
0.56051
0.569623
0.581427
0.596307
0.614381
0.63268
0.647763
0.659492
0.66869
0.675886
0.681249
0.68452
0.685789
0.685949
0.685736
0.52269
0.522735
0.524209
0.528026
0.534499
0.543434
0.555075
0.569955
0.588365
0.610267
0.632046
0.649811
0.663589
0.674427
0.682899
0.689191
0.692878
0.694225
0.694365
0.69413
0.494953
0.495018
0.497086
0.502323
0.511051
0.522919
0.538126
0.557096
0.579916
0.606336
0.632033
0.652713
0.668688
0.681272
0.691112
0.698311
0.702326
0.703683
0.70378
0.703525
0.458197
0.458366
0.461646
0.4695
0.48203
0.498385
0.518676
0.543017
0.57123
0.602852
0.632836
0.65659
0.674842
0.689229
0.700448
0.708437
0.712621
0.713893
0.713924
0.713653
0.406611
0.407608
0.414137
0.427374
0.446516
0.469806
0.497109
0.528231
0.562791
0.600185
0.634687
0.661569
0.682094
0.698208
0.710728
0.71928
0.723396
0.724479
0.724433
0.724152
0.331456
0.338788
0.353825
0.377039
0.406037
0.438606
0.474462
0.51338
0.55498
0.598635
0.637976
0.668208
0.691183
0.709185
0.722938
0.731844
0.735745
0.736617
0.736523
0.736279
0.250994
0.267836
0.292176
0.326124
0.365418
0.407398
0.451868
0.498766
0.547791
0.598375
0.643455
0.677847
0.703817
0.724074
0.739222
0.748198
0.751564
0.752165
0.752098
0.751941
0.183276
0.20327
0.235399
0.278516
0.326922
0.377772
0.430615
0.485361
0.541687
0.59901
0.649547
0.687813
0.716556
0.738716
0.754703
0.763391
0.766333
0.766854
0.766844
0.766737
0.127788
0.149643
0.187248
0.236841
0.292421
0.350754
0.411027
0.472994
0.536189
0.599936
0.655676
0.697586
0.72885
0.75267
0.769456
0.778222
0.781019
0.781569
0.781607
0.781521
0.0817374
0.104815
0.146192
0.200923
0.262251
0.326755
0.393386
0.461764
0.531261
0.601053
0.661753
0.70714
0.740812
0.766275
0.783989
0.793053
0.796064
0.79654
0.796618
0.796544
0.0426881
0.0664619
0.110715
0.169488
0.235664
0.305421
0.377577
0.451665
0.526916
0.602344
0.667754
0.716488
0.752531
0.779615
0.798345
0.807956
0.811123
0.811625
0.811688
0.811655
0.00861218
0.0328351
0.0793633
0.141483
0.211758
0.286097
0.363161
0.442393
0.522926
0.603637
0.673539
0.725504
0.763838
0.792546
0.812216
0.82246
0.825902
0.82646
0.82653
0.826521
-0.0219875
0.00262339
0.0510068
0.115985
0.189795
0.268151
0.349621
0.433559
0.519013
0.604731
0.678934
0.734009
0.774537
0.804771
0.825395
0.836193
0.839942
0.840614
0.840683
0.84068
-0.0500899
-0.025134
0.0248391
0.0922798
0.169198
0.251121
0.336563
0.424828
0.514896
0.605385
0.683744
0.741822
0.784438
0.816075
0.837605
0.848913
0.852919
0.853716
0.853775
0.853772
-0.0764934
-0.0511501
0.000281319
0.0698336
0.149541
0.234649
0.323683
0.41593
0.510331
0.605412
0.687845
0.748857
0.793486
0.826462
0.848728
0.860422
0.864632
0.865492
0.865532
0.86551
-0.101585
-0.0758462
-0.0231582
0.0483121
0.13051
0.218472
0.310762
0.406681
0.505167
0.604691
0.691158
0.755093
0.801682
0.835881
0.85871
0.870707
0.875028
0.875923
0.875941
0.875898
-0.125797
-0.0995576
-0.0458592
0.0274796
0.111887
0.202407
0.297658
0.396961
0.499286
0.603113
0.693619
0.760541
0.809082
0.844421
0.867761
0.87986
0.884184
0.885093
0.885078
0.885013
-0.149265
-0.122582
-0.0678271
0.00716362
0.0935371
0.186354
0.284284
0.386693
0.492614
0.60061
0.695195
0.765222
0.815804
0.852245
0.875943
0.888022
0.892309
0.893166
0.893126
0.893041
-0.172136
-0.144966
-0.0891757
-0.0127397
0.0753949
0.170263
0.270599
0.375837
0.48511
0.597125
0.695839
0.769163
0.821947
0.859527
0.883478
0.895397
0.899516
0.900291
0.900226
0.90012
-0.194531
-0.166808
-0.110024
-0.0322714
0.0574255
0.154123
0.256608
0.364402
0.476763
0.592612
0.695497
0.772368
0.827632
0.86645
0.890532
0.902106
0.905934
0.906583
0.906475
0.906349
-0.216489
-0.188122
-0.13042
-0.0514396
0.0396511
0.137951
0.242345
0.352421
0.467589
0.587043
0.694109
0.774807
0.83293
0.8732
0.897328
0.90831
0.911651
0.912104
0.911956
0.911823
-0.237859
-0.208885
-0.150295
-0.0702247
0.0220951
0.121805
0.227861
0.339957
0.457637
0.58043
0.691603
0.776405
0.837851
0.879978
0.904187
0.914265
0.916806
0.916943
0.916751
0.916625
-0.25862
-0.229068
-0.169647
-0.0885857
0.00480654
0.105737
0.213241
0.327079
0.446978
0.572792
0.687921
0.777045
0.842329
0.886914
0.911541
0.920505
0.921722
0.921203
0.920933
0.920863
-0.278843
-0.248638
-0.188455
-0.1065
-0.0121575
0.0898242
0.198566
0.313888
0.435696
0.564184
0.683007
0.776579
0.846189
0.893962
0.919801
0.927938
0.927282
0.92529
0.924633
0.92483
-0.298361
-0.267584
-0.206663
-0.12391
-0.0287434
0.0741471
0.183928
0.300486
0.423901
0.554695
0.676838
0.774827
0.849162
0.900793
0.929008
0.937602
0.935435
0.931038
0.928489
0.928175
-0.317265
-0.285904
-0.22429
-0.140848
-0.0449848
0.0586651
0.169274
0.286821
0.411528
0.544255
0.669273
0.771518
0.850959
0.90691
0.938564
0.94984
0.948649
0.941843
0.933444
0.924729
-0.335484
-0.303579
-0.241459
-0.157514
-0.0611648
0.0430538
0.154197
0.27242
0.398052
0.532245
0.659691
0.765892
0.851079
0.911672
0.946859
0.962612
0.963073
0.951199
0.930811
0.925201
-0.352846
-0.320625
-0.257996
-0.173725
-0.0769654
0.027633
0.138912
0.257603
0.383771
0.518911
0.648146
0.75739
0.848689
0.913915
0.949767
0.965582
0.968434
0.943043
0.877328
0.848579
-0.368883
-0.338317
-0.273523
-0.189004
-0.0915555
0.0129129
0.123731
0.242623
0.368932
0.504396
0.634607
0.745624
0.842448
0.912818
0.942588
0.953045
0.939961
0.884748
0.816246
0.774801
-0.418295
-0.354899
-0.287579
-0.204302
-0.106277
-0.00239627
0.108679
0.227253
0.353212
0.488265
0.61849
0.730011
0.828337
0.905213
0.915042
0.909625
0.85827
0.787315
0.710516
0.668171
-0.385441
-0.36865
-0.308678
-0.224299
-0.128543
-0.0247773
0.0853852
0.203283
0.328239
0.461828
0.590232
0.700202
0.790171
0.873519
0.858882
0.743107
0.638511
0.564969
0.49192
0.522902
-0.41644
-0.386441
-0.325258
-0.241816
-0.145932
-0.0422561
0.0681117
0.185361
0.309258
0.441067
0.566725
0.672781
0.752794
0.79787
0.74805
0.597536
0.470995
0.380319
0.283144
0.332795
-0.439953
-0.407565
-0.344709
-0.261178
-0.165209
-0.0615971
0.048664
0.165082
0.287578
0.416972
0.538832
0.638652
0.709296
0.718119
0.610384
0.439359
0.289664
0.1727
0.045267
0.0804512
-0.462971
-0.429231
-0.365083
-0.280688
-0.184676
-0.0812261
0.0285114
0.143956
0.264839
0.391411
0.508481
0.600327
0.655365
0.632207
0.472457
0.278785
0.0945852
-0.068607
-0.252043
-0.261553
-0.485498
-0.451308
-0.386266
-0.301134
-0.20499
-0.101776
0.00730397
0.12164
0.240643
0.363984
0.475524
0.559441
0.594382
0.5344
0.341105
0.131706
-0.0781832
-0.255916
-0.501236
-0.761194
-0.508359
-0.474133
-0.408578
-0.32297
-0.226647
-0.123606
-0.0151186
0.0980739
0.215081
0.334933
0.440611
0.515843
0.528979
0.417941
0.225977
0.0144406
-0.188962
-0.352855
-0.430424
-0.537302
-0.532515
-0.498173
-0.432341
-0.346498
-0.250137
-0.147365
-0.0395636
0.0723107
0.186995
0.302829
0.402225
0.466089
0.454002
0.308527
0.122683
-0.0723358
-0.239943
-0.331671
-0.355003
-0.371186
-0.558228
-0.523736
-0.457718
-0.371798
-0.275588
-0.173262
-0.0663877
0.0438638
0.155798
0.266946
0.359579
0.408836
0.378275
0.206338
0.0286823
-0.141618
-0.270103
-0.308942
-0.320926
-0.322141
-0.585708
-0.550986
-0.484771
-0.398869
-0.30295
-0.201298
-0.095609
0.0126848
0.121428
0.227276
0.312277
0.346405
0.294611
0.112276
-0.0563927
-0.207425
-0.284663
-0.30198
-0.302868
-0.302629
-0.61501
-0.579985
-0.513518
-0.427711
-0.332241
-0.231464
-0.127232
-0.0212402
0.0839016
0.183905
0.260301
0.282131
0.194513
0.02648
-0.133904
-0.25668
-0.294373
-0.292373
-0.291861
-0.291262
-0.645843
-0.610559
-0.543859
-0.458236
-0.363372
-0.263705
-0.161225
-0.0578838
0.0432659
0.136955
0.204571
0.209417
0.103363
-0.0531247
-0.195073
-0.270931
-0.28169
-0.284396
-0.284907
-0.284654
-0.677664
-0.64224
-0.57555
-0.490215
-0.396157
-0.297864
-0.197435
-0.0971166
-0.000279739
0.0867889
0.145717
0.135514
0.020836
-0.120848
-0.237603
-0.276488
-0.28075
-0.280654
-0.280276
-0.279998
-0.709993
-0.674446
-0.608146
-0.523246
-0.430255
-0.333619
-0.23558
-0.138655
-0.0464498
0.0341751
0.0826104
0.0645824
-0.0549881
-0.175856
-0.265893
-0.277932
-0.27611
-0.276941
-0.277197
-0.27696
-0.741952
-0.706473
-0.640718
-0.55675
-0.465118
-0.370494
-0.275208
-0.182016
-0.0948133
-0.0201413
0.0180997
-0.000634307
-0.122093
-0.217954
-0.269307
-0.280047
-0.278261
-0.27706
-0.276424
-0.276176
-0.771961
-0.737222
-0.672303
-0.589784
-0.499975
-0.407792
-0.315665
-0.226501
-0.144611
-0.0755825
-0.0412497
-0.0712741
-0.177378
-0.262929
-0.26774
-0.277932
-0.278821
-0.276287
-0.275162
-0.274714
-0.798397
-0.764761
-0.701826
-0.62114
-0.533775
-0.444577
-0.356091
-0.271249
-0.19468
-0.131409
-0.0972375
-0.135734
-0.221626
-0.298985
-0.318872
-0.299099
-0.283942
-0.275759
-0.273388
-0.272543
-0.819143
-0.787195
-0.727154
-0.649424
-0.565238
-0.479695
-0.395402
-0.31525
-0.243817
-0.186386
-0.153892
-0.185578
-0.244315
-0.323423
-0.36156
-0.319509
-0.293035
-0.283114
-0.279744
-0.278032
-0.831946
-0.802685
-0.746367
-0.672716
-0.592848
-0.511817
-0.432388
-0.357332
-0.290974
-0.239001
-0.207273
-0.22385
-0.229257
-0.264321
-0.270062
-0.301117
-0.320153
-0.321613
-0.316669
-0.31549
-0.834112
-0.808864
-0.757515
-0.689191
-0.614891
-0.53954
-0.465698
-0.396268
-0.335135
-0.288398
-0.251025
-0.2618
-0.21639
-0.149865
-0.20327
-0.28242
-0.318338
-0.326481
-0.328962
-0.330867
-0.823524
-0.803137
-0.758413
-0.697225
-0.629858
-0.561306
-0.493975
-0.430705
-0.375402
-0.333553
-0.290697
-0.316213
-0.305101
-0.215381
-0.275209
-0.329865
-0.346715
-0.352113
-0.355254
-0.356882
-0.797876
-0.782592
-0.747202
-0.695547
-0.636716
-0.576043
-0.515946
-0.459118
-0.41011
-0.373935
-0.338657
-0.4043
-0.553546
-0.71051
-0.669036
-0.5297
-0.447152
-0.415595
-0.404891
-0.402214
-0.759844
-0.749988
-0.724633
-0.684268
-0.635379
-0.583397
-0.530706
-0.480196
-0.436473
-0.407836
-0.390972
-0.455433
-0.599658
-0.829841
-0.78305
-0.532997
-0.392152
-0.343337
-0.329244
-0.323844
-0.716162
-0.710575
-0.695484
-0.666129
-0.627671
-0.584001
-0.538197
-0.492951
-0.45247
-0.424267
-0.402869
-0.343407
-0.167961
0.00543754
0.053224
-0.00101466
-0.0894443
-0.135014
-0.143394
-0.141588
-0.67648
-0.673153
-0.665853
-0.646432
-0.616504
-0.579732
-0.539551
-0.497204
-0.457022
-0.422638
-0.39775
-0.274179
-0.0384391
0.264259
0.365102
0.152347
0.0026606
-0.0839699
-0.108633
-0.125573
-0.647413
-0.645362
-0.641562
-0.629548
-0.606016
-0.574036
-0.536741
-0.495593
-0.451896
-0.414102
-0.391857
-0.351995
-0.373826
-0.594792
-0.908309
-1.18022
-1.28793
-1.2177
-1.0878
-1.02659
-0.625035
-0.624228
-0.622938
-0.616923
-0.598923
-0.569727
-0.532773
-0.489604
-0.442287
-0.394439
-0.358214
-0.383825
-0.603882
-1.00722
-1.44206
-1.6164
-1.59656
-1.41412
-1.22296
-1.14418
-0.612051
-0.611756
-0.611137
-0.608342
-0.595261
-0.567256
-0.528294
-0.481693
-0.428225
-0.362635
-0.309225
-0.261716
-0.328665
-0.442895
-0.572563
-0.575776
-0.394033
-0.165142
0.000875268
0.0713378
-0.603242
-0.603021
-0.602381
-0.601375
-0.593477
-0.567054
-0.525537
-0.474088
-0.410817
-0.335662
-0.247981
-0.129036
0.0180404
0.238746
0.525156
0.818631
1.12969
1.356
1.46979
1.50453
-0.598704
-0.598387
-0.597572
-0.597104
-0.59337
-0.570248
-0.525355
-0.467303
-0.397023
-0.308092
-0.192738
-0.0722457
0.157903
0.534746
0.999876
1.44105
1.78318
1.98509
2.06868
2.08914
-0.597511
-0.598018
-0.599719
-0.601796
-0.600818
-0.576616
-0.527805
-0.465154
-0.388399
-0.287755
-0.171252
-0.0490705
0.152774
0.55174
0.997934
1.39724
1.69298
1.85554
1.91843
1.93217
-0.592594
-0.593884
-0.59696
-0.601095
-0.600615
-0.577186
-0.532193
-0.47057
-0.387959
-0.285103
-0.170684
-0.0563644
0.0890094
0.427733
0.786292
1.09686
1.3188
1.43519
1.47795
1.48642
-0.60055
-0.599667
-0.58991
-0.569333
-0.552336
-0.556867
-0.540731
-0.48352
-0.396113
-0.291816
-0.183553
-0.0783481
0.0287104
0.275621
0.539285
0.755314
0.90636
0.981394
1.00833
1.01201
-0.647692
-0.642883
-0.624403
-0.591034
-0.572362
-0.583822
-0.577527
-0.508044
-0.409875
-0.301007
-0.198798
-0.107342
-0.0210048
0.144613
0.316527
0.451162
0.541117
0.583076
0.598384
0.602216
-0.747554
-0.752169
-0.772531
-0.800956
-0.796744
-0.77101
-0.677797
-0.548252
-0.423551
-0.308316
-0.216242
-0.141707
-0.0755246
0.0437316
0.151782
0.223904
0.266383
0.285376
0.294137
0.297422
-0.88473
-0.907662
-0.954583
-0.990976
-0.986936
-0.930126
-0.764363
-0.581341
-0.430244
-0.311557
-0.228292
-0.170758
-0.125057
-0.0427993
0.0311518
0.0786997
0.101418
0.112243
0.120105
0.122862
-0.908314
-0.92942
-0.966831
-0.996483
-0.992202
-0.923944
-0.74849
-0.561034
-0.409927
-0.298486
-0.228581
-0.188541
-0.160478
-0.0882436
-0.0299641
0.00670739
0.028936
0.0424929
0.0493311
0.0513939
-0.721913
-0.744078
-0.780888
-0.815075
-0.816805
-0.74621
-0.603388
-0.466242
-0.35076
-0.263991
-0.210813
-0.186567
-0.170261
-0.10703
-0.0517082
-0.0142182
0.010908
0.0242958
0.0294885
0.0299818
-0.383813
-0.398672
-0.426304
-0.458402
-0.473639
-0.449348
-0.391432
-0.324303
-0.263531
-0.210963
-0.175517
-0.16077
-0.143722
-0.0946116
-0.0530623
-0.0215807
0.0030784
0.0169399
0.0218369
0.0216682
-0.0634659
-0.070919
-0.088851
-0.117696
-0.150594
-0.172786
-0.184365
-0.182887
-0.170293
-0.148832
-0.128054
-0.11224
-0.0917355
-0.0569389
-0.0281309
-0.00762875
0.00740974
0.0161615
0.0195443
0.0191938
0.12751
0.123778
0.111406
0.0851167
0.0441583
-0.00469665
-0.0463061
-0.0758144
-0.0899531
-0.0892387
-0.0773034
-0.0565979
-0.0346657
-0.018878
-0.00604008
0.00515148
0.0142856
0.0199401
0.0210894
0.0201874
0.195862
0.193745
0.184835
0.163153
0.126202
0.0795581
0.0331087
-0.00570968
-0.0310678
-0.0398257
-0.0306617
-0.0119664
0.00857039
0.0131676
0.0140776
0.0178186
0.0221545
0.0252803
0.0257571
0.0246382
0.197753
0.196341
0.190137
0.174527
0.147151
0.111007
0.0717575
0.0358183
0.00894636
-0.00366811
0.00170712
0.0184768
0.0330752
0.0308254
0.027407
0.0268838
0.0285038
0.0288101
0.0278268
0.0264694
0.174295
0.173411
0.169364
0.158973
0.140277
0.114502
0.0845905
0.0553748
0.0315813
0.0185557
0.0210307
0.0325567
0.0400269
0.0326065
0.026904
0.0247249
0.0240979
0.0226159
0.0211544
0.0200973
0.144503
0.143989
0.141461
0.134804
0.122473
0.104783
0.0831151
0.0606206
0.0411359
0.0291786
0.0292856
0.0361657
0.0375171
0.0273662
0.0207109
0.0172652
0.0148847
0.0121673
0.0104327
0.00964139
0.11532
0.11503
0.113519
0.109355
0.101366
0.0894504
0.0741866
0.0574025
0.0415848
0.0301214
0.0275281
0.0306273
0.0299352
0.0185459
0.0109946
0.00697068
0.00384778
0.000755243
-0.000803757
-0.00138772
0.0891274
0.0889651
0.0880176
0.085413
0.0802402
0.0722218
0.0614282
0.0488264
0.0358088
0.0242767
0.0174723
0.0146818
0.010323
-0.000973535
-0.005358
-0.00710091
-0.00898477
-0.0104807
-0.0113539
-0.0118508
0.0661495
0.0660841
0.0655186
0.0639322
0.0606648
0.055305
0.0477092
0.0381458
0.0270112
0.0145178
0.0015215
-0.0105246
-0.0199414
-0.0257485
-0.0247513
-0.0226371
-0.0220698
-0.0223877
-0.0227159
-0.0231241
0.0463729
0.046345
0.0460059
0.0451221
0.0431273
0.0396606
0.0343613
0.0271175
0.0175015
0.00410994
-0.0157032
-0.0400834
-0.0546886
-0.0518021
-0.0428471
-0.0365947
-0.0343251
-0.0340107
-0.0339459
-0.0341435
0.0294918
0.0294843
0.029324
0.0288475
0.0277511
0.0256725
0.0222932
0.0173389
0.00952965
-0.00342882
-0.026553
-0.0582579
-0.0750081
-0.0637496
-0.0492387
-0.0421882
-0.0400723
-0.0399321
-0.0396145
-0.0395455
0.0151081
0.0151209
0.0150797
0.0149173
0.0144461
0.0134651
0.0116771
0.00870718
0.00411679
-0.0047694
-0.0232816
-0.0520297
-0.0640312
-0.04984
-0.0375286
-0.0327656
-0.0327061
-0.0332529
-0.0328415
-0.0325401
0.00266473
0.00269929
0.00267153
0.00272089
0.00289232
0.00293952
0.00275689
0.00230239
0.00151495
6.65863e-05
-0.00298587
-0.00983582
-0.0172485
-0.0140335
-0.0128882
-0.0120526
-0.0120886
-0.0112232
-0.00964608
-0.00880093
-0.0660677
0.121325
0.321279
0.488931
0.622351
0.727086
0.813951
0.887057
0.917207
0.901088
0.257397
0.380268
0.508686
0.619384
0.712388
0.789312
0.851221
0.894667
0.917251
0.930172
0.475669
0.558812
0.646052
0.723552
0.789952
0.845401
0.889344
0.921737
0.945581
0.963505
0.634548
0.693622
0.754672
0.811309
0.860352
0.901912
0.936091
0.96374
0.986244
1.00454
0.759017
0.801321
0.848131
0.891046
0.929384
0.96288
0.991606
1.01584
1.03562
1.05358
0.862371
0.895268
0.933554
0.968805
1.00114
1.03024
1.05576
1.07742
1.09444
1.11204
0.95462
0.983402
1.01731
1.0494
1.07922
1.10633
1.13012
1.14993
1.16453
1.18198
1.04301
1.07237
1.10625
1.13833
1.16788
1.19443
1.21732
1.23574
1.24837
1.26583
1.13821
1.17174
1.20811
1.24177
1.27176
1.29787
1.31975
1.33681
1.34824
1.36604
1.25302
1.29155
1.32973
1.3639
1.39312
1.41775
1.43802
1.4537
1.46501
1.48335
1.39767
1.43713
1.47265
1.50303
1.52857
1.5506
1.56958
1.58509
1.59773
1.61585
1.57236
1.6044
1.63016
1.65248
1.67251
1.69124
1.70885
1.72539
1.74113
1.75932
1.75993
1.77749
1.793
1.80958
1.82572
1.84026
1.85327
1.86724
1.88432
1.904
1.94151
1.95247
1.96461
1.9754
1.98465
1.9942
2.00507
2.01666
2.0266
2.04177
2.15251
2.15453
2.13937
2.12414
2.11775
2.12341
2.14201
2.17242
2.20456
2.23531
2.45842
2.32138
2.24508
2.20297
2.18552
2.18956
2.21691
2.27306
2.37651
2.59179
0.77213
0.768754
0.762829
0.753024
0.740085
0.727667
0.717363
0.709429
0.703791
0.700532
0.700191
0.70296
0.708104
0.715374
0.724826
0.736524
0.749662
0.761657
0.769116
0.773838
0.690135
0.696021
0.702926
0.708168
0.711017
0.710693
0.707796
0.703885
0.700335
0.698069
0.697937
0.700166
0.703878
0.708252
0.712213
0.714224
0.713117
0.709032
0.703141
0.696098
0.682465
0.684812
0.688163
0.691072
0.693291
0.695097
0.696063
0.695819
0.694804
0.693929
0.694123
0.695576
0.697414
0.698711
0.698769
0.697607
0.695806
0.693468
0.690316
0.687354
0.677301
0.678388
0.680254
0.682638
0.684601
0.685997
0.6871
0.68797
0.688455
0.688724
0.689243
0.690056
0.690624
0.690609
0.6901
0.689238
0.687841
0.685789
0.683681
0.682269
0.672178
0.672833
0.673942
0.675665
0.677473
0.679094
0.680367
0.681405
0.682344
0.683191
0.683955
0.684507
0.684678
0.684495
0.683949
0.682931
0.681501
0.679935
0.678615
0.677833
0.667219
0.667674
0.668458
0.669755
0.671252
0.672789
0.674264
0.675562
0.676714
0.677804
0.678754
0.67934
0.679501
0.679251
0.678572
0.677579
0.676447
0.675317
0.67441
0.673891
0.662382
0.662722
0.663332
0.6644
0.665692
0.667075
0.668531
0.669993
0.67138
0.672684
0.673829
0.674555
0.674763
0.674507
0.673914
0.673141
0.672298
0.67144
0.670775
0.670394
0.657625
0.657889
0.658381
0.65929
0.66046
0.66176
0.663166
0.664673
0.666237
0.667786
0.669173
0.670082
0.670414
0.670312
0.669932
0.669386
0.668749
0.668119
0.667634
0.667343
0.65287
0.65308
0.65349
0.654288
0.655379
0.656632
0.658026
0.659578
0.661276
0.663069
0.664747
0.665919
0.66649
0.666633
0.666489
0.666165
0.665736
0.665297
0.664952
0.664725
0.648031
0.6482
0.648551
0.649277
0.650321
0.651554
0.652978
0.654614
0.656469
0.658519
0.660544
0.662075
0.662973
0.663407
0.663517
0.663424
0.663208
0.662944
0.662714
0.662533
0.643019
0.643156
0.643465
0.644147
0.645175
0.646433
0.647924
0.649687
0.651754
0.654117
0.656565
0.658546
0.659836
0.660606
0.661005
0.661158
0.661153
0.661057
0.660926
0.66078
0.637745
0.637856
0.638138
0.6388
0.639847
0.641174
0.642778
0.644723
0.647069
0.649829
0.652799
0.655319
0.65707
0.65823
0.658955
0.659377
0.659591
0.659665
0.65962
0.659501
0.632114
0.632202
0.632468
0.633136
0.634238
0.635676
0.637446
0.639641
0.642345
0.645608
0.649218
0.652385
0.654683
0.656293
0.657387
0.658124
0.658583
0.658815
0.658846
0.658749
0.626016
0.626083
0.626343
0.627039
0.628233
0.629831
0.631832
0.634356
0.637517
0.641407
0.645799
0.649744
0.652691
0.65483
0.656348
0.657435
0.658164
0.65857
0.658674
0.658593
0.619323
0.61937
0.619631
0.620378
0.621705
0.623519
0.625824
0.628768
0.632508
0.637173
0.642517
0.647397
0.651115
0.653879
0.655895
0.657374
0.658417
0.659009
0.659184
0.659118
0.611878
0.611908
0.612174
0.612994
0.614499
0.616594
0.619286
0.622767
0.62723
0.632848
0.639347
0.64535
0.649984
0.653485
0.656091
0.658042
0.659436
0.660229
0.660476
0.660419
0.603485
0.6035
0.603772
0.604689
0.606429
0.608868
0.612061
0.61622
0.621585
0.628374
0.636273
0.643618
0.64934
0.653707
0.65701
0.659522
0.661317
0.662332
0.662651
0.662601
0.593839
0.593825
0.594156
0.595215
0.597234
0.600131
0.603963
0.608974
0.615464
0.623697
0.63329
0.642231
0.649234
0.654621
0.658741
0.661911
0.66417
0.665426
0.665818
0.665772
0.582644
0.582606
0.582982
0.584235
0.586627
0.590112
0.594753
0.600846
0.608747
0.618759
0.630395
0.641225
0.649724
0.656305
0.661385
0.665307
0.668101
0.669617
0.670078
0.670032
0.569418
0.569354
0.569809
0.571315
0.574193
0.578445
0.584136
0.591616
0.601297
0.613501
0.627589
0.640638
0.650873
0.65883
0.665025
0.669818
0.673205
0.674991
0.675514
0.675463
0.553511
0.553419
0.553999
0.555857
0.559386
0.564662
0.571746
0.581036
0.592986
0.607897
0.624912
0.640539
0.652755
0.662274
0.669738
0.675512
0.679547
0.6816
0.682171
0.682107
0.533981
0.533864
0.534646
0.537018
0.541462
0.548163
0.557149
0.568853
0.583723
0.601974
0.622445
0.641013
0.655454
0.666713
0.67557
0.682436
0.687144
0.689437
0.69003
0.689946
0.509406
0.509276
0.510394
0.513562
0.51939
0.528176
0.53986
0.554852
0.573497
0.595835
0.620325
0.642179
0.659047
0.672198
0.682555
0.690588
0.695937
0.698406
0.698985
0.698873
0.477473
0.477368
0.479096
0.483639
0.491771
0.503809
0.519453
0.53896
0.562433
0.589678
0.618737
0.644172
0.663615
0.678761
0.690696
0.699887
0.705766
0.708301
0.708819
0.708673
0.434027
0.434092
0.437152
0.444562
0.456981
0.474323
0.495832
0.521423
0.550907
0.58387
0.617964
0.647167
0.66925
0.686409
0.699899
0.710165
0.716344
0.718776
0.719183
0.719002
0.3713
0.372508
0.379969
0.393847
0.414098
0.439877
0.469636
0.502962
0.539548
0.578879
0.618292
0.651316
0.675992
0.695084
0.709988
0.721028
0.727215
0.729314
0.729555
0.729355
0.296692
0.298767
0.313141
0.336993
0.368102
0.403835
0.442575
0.484131
0.528313
0.574644
0.620193
0.657913
0.685919
0.707448
0.724041
0.73581
0.741821
0.743652
0.743851
0.743744
0.219965
0.226375
0.247742
0.281788
0.323334
0.368752
0.416445
0.466287
0.518152
0.571598
0.623447
0.665997
0.697396
0.721422
0.739837
0.75207
0.757508
0.758862
0.758992
0.758955
0.157315
0.165864
0.191754
0.232867
0.282597
0.336268
0.392056
0.44968
0.508905
0.569211
0.627095
0.674192
0.708734
0.734958
0.754579
0.767022
0.772292
0.773509
0.773653
0.773672
0.106253
0.115415
0.144846
0.19119
0.247068
0.307379
0.370012
0.434503
0.500442
0.567177
0.630806
0.682237
0.719726
0.747995
0.768929
0.781846
0.786952
0.788278
0.788505
0.78856
0.063553
0.0729839
0.104852
0.155197
0.216123
0.281943
0.350364
0.42085
0.49284
0.565531
0.634584
0.690156
0.730489
0.760765
0.782993
0.796469
0.801905
0.803465
0.803712
0.80379
0.0268114
0.036345
0.0700338
0.123586
0.188694
0.259226
0.332703
0.408507
0.48597
0.564157
0.638324
0.697864
0.740959
0.773214
0.796762
0.811053
0.816933
0.818625
0.818903
0.81898
-0.00565041
0.00391612
0.0390024
0.0952696
0.163883
0.238481
0.316436
0.397028
0.479508
0.562828
0.641858
0.705208
0.750964
0.785121
0.809933
0.825045
0.831396
0.833247
0.833538
0.833605
-0.0351118
-0.0255039
0.010729
0.0693398
0.140951
0.219112
0.301054
0.386004
0.473134
0.5613
0.644977
0.711996
0.760306
0.796239
0.822263
0.83811
0.844968
0.846943
0.84724
0.847285
-0.0624537
-0.0528026
-0.0155607
0.045074
0.119354
0.200677
0.28619
0.37511
0.466561
0.559318
0.64749
0.718082
0.768858
0.80649
0.833588
0.850063
0.857333
0.859417
0.8597
0.8597
-0.0882519
-0.078529
-0.0403411
0.0219911
0.0986854
0.182835
0.271561
0.364103
0.459573
0.556707
0.649274
0.723399
0.776582
0.81583
0.843894
0.860833
0.868351
0.870537
0.870822
0.870806
-0.112983
-0.103113
-0.0640637
-0.000198358
0.0786728
0.165339
0.256967
0.352821
0.452037
0.553347
0.650227
0.727911
0.783504
0.82429
0.853213
0.870504
0.878127
0.880309
0.880607
0.880561
-0.136922
-0.126837
-0.0870631
-0.0216758
0.0591273
0.148033
0.242283
0.341164
0.443853
0.549144
0.650284
0.731595
0.789677
0.831996
0.861668
0.879159
0.886764
0.888926
0.889182
0.889119
-0.160177
-0.149894
-0.109368
-0.0425817
0.039926
0.130843
0.227443
0.329069
0.434966
0.544029
0.649385
0.734449
0.795166
0.839088
0.869423
0.886987
0.894477
0.896542
0.896748
0.896659
-0.182922
-0.172357
-0.131071
-0.063012
0.0210137
0.113723
0.212421
0.31652
0.42536
0.537974
0.647471
0.736449
0.80004
0.84572
0.876696
0.894163
0.901394
0.903296
0.903441
0.90333
-0.205118
-0.194288
-0.152279
-0.0830202
0.00237918
0.0966766
0.197238
0.303545
0.415047
0.530959
0.644494
0.737548
0.804344
0.852041
0.883663
0.900849
0.907629
0.909276
0.909329
0.909195
-0.226837
-0.215699
-0.17293
-0.102594
-0.0159651
0.0797286
0.181929
0.290194
0.404072
0.522997
0.640411
0.737675
0.808062
0.858172
0.890583
0.907291
0.913306
0.914536
0.914479
0.914332
-0.247906
-0.236539
-0.193015
-0.121695
-0.0339785
0.062943
0.166554
0.276529
0.392502
0.51414
0.635192
0.736744
0.81112
0.864178
0.897753
0.913893
0.918743
0.919223
0.91897
0.918827
-0.268462
-0.25676
-0.212527
-0.140315
-0.0516346
0.0463545
0.1512
0.26263
0.380418
0.504461
0.628836
0.734646
0.813374
0.869996
0.905416
0.921275
0.924606
0.923671
0.922895
0.922772
-0.288351
-0.276339
-0.231443
-0.158407
-0.0688602
0.0300442
0.135946
0.248611
0.367924
0.494021
0.621375
0.731272
0.814625
0.875402
0.913559
0.930106
0.932237
0.929105
0.926764
0.926017
-0.307626
-0.295323
-0.249709
-0.175923
-0.0856221
0.0140787
0.120875
0.234552
0.35513
0.48295
0.612873
0.726509
0.814635
0.880009
0.921678
0.940508
0.94316
0.938491
0.932195
0.923601
-0.326212
-0.313675
-0.267407
-0.193023
-0.102131
-0.00181065
0.105659
0.22006
0.3416
0.470763
0.602821
0.719815
0.812961
0.883518
0.929154
0.951857
0.957802
0.95304
0.942415
0.93888
-0.344058
-0.331387
-0.284529
-0.209671
-0.118386
-0.0176004
0.090318
0.205118
0.327293
0.457339
0.591025
0.710769
0.808818
0.885138
0.934043
0.95995
0.968325
0.966802
0.929025
0.882013
-0.360875
-0.347792
-0.300995
-0.225778
-0.13444
-0.0333959
0.0748154
0.189845
0.312263
0.442719
0.577389
0.699094
0.801029
0.884146
0.934274
0.955878
0.963799
0.943413
0.886428
0.825751
-0.37846
-0.36277
-0.31653
-0.240733
-0.149872
-0.0488581
0.0588709
0.174285
0.29663
0.427055
0.561896
0.684559
0.788123
0.880995
0.927477
0.957242
0.925346
0.874911
0.803438
0.736522
-0.365654
-0.345343
-0.294271
-0.214057
-0.116871
-0.0130146
0.100108
0.218473
0.344142
0.478807
0.608726
0.720188
0.81706
0.91172
0.939937
0.864568
0.809842
0.74189
0.668166
0.619773
-0.38524
-0.372024
-0.334874
-0.263754
-0.173381
-0.073627
0.0344061
0.149328
0.271057
0.400494
0.53393
0.655703
0.757016
0.845222
0.914798
0.896111
0.77652
0.689842
0.624556
0.542861
-0.406062
-0.391715
-0.349695
-0.277426
-0.186421
-0.0870173
0.0199461
0.133925
0.254727
0.382824
0.514682
0.63474
0.733005
0.80849
0.8349
0.750047
0.608748
0.511959
0.435866
0.349272
-0.42713
-0.414681
-0.368522
-0.295252
-0.204202
-0.104318
0.00264353
0.116355
0.236298
0.362955
0.492078
0.6077
0.696864
0.756587
0.732606
0.598002
0.446325
0.329613
0.232182
0.100938
-0.450146
-0.437591
-0.38935
-0.314831
-0.223683
-0.123714
-0.0168895
0.0962628
0.215114
0.339896
0.465592
0.575547
0.65505
0.692975
0.63136
0.448615
0.271051
0.122079
-0.0152944
-0.202263
-0.472518
-0.460186
-0.410793
-0.335045
-0.243496
-0.143604
-0.0371895
0.0751157
0.192602
0.315088
0.436824
0.540271
0.611784
0.614485
0.50291
0.305623
0.0981417
-0.0929341
-0.26416
-0.641973
-0.495054
-0.482961
-0.433023
-0.356432
-0.264531
-0.16463
-0.0586395
0.0527834
0.168766
0.288674
0.406019
0.502059
0.561622
0.531616
0.37823
0.177212
-0.0376798
-0.237491
-0.405952
-0.698672
-0.51851
-0.50655
-0.45632
-0.379217
-0.287084
-0.187166
-0.0815623
0.0289891
0.14339
0.260504
0.373149
0.461302
0.505288
0.456629
0.265772
0.0703317
-0.129703
-0.296453
-0.365598
-0.404175
-0.543424
-0.531589
-0.481068
-0.403682
-0.311525
-0.211775
-0.106721
0.00271937
0.115195
0.228989
0.336261
0.415747
0.442627
0.357478
0.16467
-0.0199757
-0.188305
-0.295176
-0.330783
-0.339347
-0.570049
-0.558172
-0.507429
-0.429853
-0.3378
-0.238412
-0.134135
-0.026079
0.0840889
0.194024
0.295164
0.36574
0.36613
0.251169
0.0721114
-0.0982704
-0.239665
-0.295651
-0.307086
-0.310906
-0.598474
-0.586497
-0.535478
-0.457751
-0.365913
-0.26708
-0.16381
-0.0574496
0.0500361
0.155641
0.249893
0.310894
0.286587
0.151544
-0.0131519
-0.17243
-0.272597
-0.298813
-0.296824
-0.29692
-0.62846
-0.616684
-0.565173
-0.487343
-0.39583
-0.297736
-0.195735
-0.0913798
0.0130546
0.113864
0.200766
0.249935
0.2158
0.0602336
-0.0903409
-0.229536
-0.272941
-0.283521
-0.287474
-0.287718
-0.659847
-0.648076
-0.596299
-0.518466
-0.427418
-0.330277
-0.229817
-0.127793
-0.0267908
0.0688836
0.148027
0.185901
0.143856
-0.0179935
-0.157561
-0.254196
-0.294252
-0.284159
-0.28262
-0.282459
-0.692115
-0.680292
-0.628552
-0.55079
-0.460387
-0.364456
-0.265825
-0.166479
-0.0692904
0.0210863
0.0920616
0.121046
0.0584891
-0.0865674
-0.210557
-0.261534
-0.277417
-0.278899
-0.278776
-0.278551
-0.724546
-0.712707
-0.661059
-0.583741
-0.494282
-0.399852
-0.303397
-0.207076
-0.11408
-0.0291073
0.0341978
0.0489435
-0.0225166
-0.144826
-0.242227
-0.269587
-0.273261
-0.276738
-0.276898
-0.276825
-0.755863
-0.744402
-0.692929
-0.616634
-0.528402
-0.435851
-0.341964
-0.24902
-0.16053
-0.0812402
-0.0234305
-0.0214456
-0.0928153
-0.198165
-0.262841
-0.304621
-0.284141
-0.27816
-0.276326
-0.275811
-0.784546
-0.773595
-0.723165
-0.648053
-0.561777
-0.471596
-0.380752
-0.291568
-0.207765
-0.134389
-0.0803908
-0.0829693
-0.154929
-0.242604
-0.293638
-0.282519
-0.282103
-0.277676
-0.274981
-0.274119
-0.808947
-0.798673
-0.749761
-0.676854
-0.593157
-0.505969
-0.418749
-0.333784
-0.254761
-0.187171
-0.13767
-0.137398
-0.201131
-0.275523
-0.332102
-0.32601
-0.298708
-0.281291
-0.275128
-0.273614
-0.826653
-0.817299
-0.770746
-0.701055
-0.621024
-0.537719
-0.454757
-0.37453
-0.300471
-0.238305
-0.193544
-0.186222
-0.2271
-0.27136
-0.303313
-0.313458
-0.305353
-0.302231
-0.298233
-0.29467
-0.835546
-0.827042
-0.78403
-0.718718
-0.643561
-0.565294
-0.487479
-0.412497
-0.343802
-0.286696
-0.244551
-0.2301
-0.237923
-0.196265
-0.21299
-0.262902
-0.312368
-0.33266
-0.332392
-0.329936
-0.831502
-0.82449
-0.7878
-0.727968
-0.659045
-0.587124
-0.515442
-0.446452
-0.383545
-0.331262
-0.291806
-0.273057
-0.275677
-0.183928
-0.159814
-0.254438
-0.309638
-0.327078
-0.333776
-0.336981
-0.812868
-0.808094
-0.779332
-0.727388
-0.666147
-0.60185
-0.537333
-0.474976
-0.418242
-0.371868
-0.338366
-0.331979
-0.386752
-0.428194
-0.423435
-0.423237
-0.405123
-0.390101
-0.384998
-0.38336
-0.780224
-0.776783
-0.757217
-0.71601
-0.664345
-0.608844
-0.552191
-0.496777
-0.446098
-0.406136
-0.382012
-0.397032
-0.517773
-0.803969
-0.918352
-0.710954
-0.519671
-0.431056
-0.403639
-0.396212
-0.738166
-0.736003
-0.724872
-0.695885
-0.65466
-0.608485
-0.559824
-0.510947
-0.465513
-0.429722
-0.413966
-0.411232
-0.40231
-0.413502
-0.424463
-0.337222
-0.273525
-0.253249
-0.240796
-0.235624
-0.695258
-0.693997
-0.688534
-0.671377
-0.640664
-0.602526
-0.56108
-0.517496
-0.475221
-0.438724
-0.41711
-0.356484
-0.172006
0.129377
0.375517
0.371797
0.174349
0.00330289
-0.0677266
-0.0848219
-0.660462
-0.659804
-0.657062
-0.647098
-0.625416
-0.594484
-0.558076
-0.517881
-0.475579
-0.436476
-0.406467
-0.358681
-0.231789
-0.102651
-0.0596562
-0.310384
-0.531754
-0.58767
-0.507823
-0.455654
-0.63529
-0.634554
-0.633041
-0.628915
-0.61388
-0.587886
-0.553702
-0.514241
-0.471023
-0.424746
-0.388912
-0.370873
-0.432652
-0.723135
-1.17608
-1.45548
-1.59025
-1.55819
-1.39938
-1.28192
-0.617857
-0.617575
-0.616918
-0.614961
-0.606356
-0.583836
-0.550204
-0.509282
-0.461433
-0.407247
-0.356623
-0.30968
-0.409062
-0.647719
-0.98088
-1.25067
-1.26134
-1.07162
-0.834947
-0.673839
-0.607207
-0.607155
-0.606787
-0.606031
-0.601791
-0.582569
-0.548313
-0.503524
-0.449106
-0.387013
-0.311333
-0.245764
-0.151578
-0.100625
-0.000188579
0.102504
0.303273
0.563875
0.744502
0.837139
-0.600344
-0.600251
-0.599689
-0.598827
-0.597323
-0.583668
-0.548856
-0.498778
-0.439118
-0.36529
-0.2708
-0.163639
-0.00865853
0.250334
0.622227
1.04277
1.42469
1.7044
1.85305
1.90797
-0.598144
-0.598101
-0.598024
-0.597847
-0.597481
-0.589034
-0.551881
-0.497161
-0.430567
-0.346424
-0.240599
-0.117734
0.0447078
0.352096
0.812698
1.26814
1.65157
1.90706
2.02949
2.06778
-0.595164
-0.595934
-0.598023
-0.602219
-0.606248
-0.59614
-0.555946
-0.499847
-0.429005
-0.33947
-0.229342
-0.107414
0.0119318
0.291011
0.706276
1.09067
1.4067
1.60369
1.69395
1.72032
-0.591769
-0.592984
-0.593175
-0.590107
-0.586088
-0.578162
-0.554254
-0.508931
-0.436586
-0.341718
-0.232349
-0.119299
-0.0176968
0.187507
0.514253
0.799725
1.02892
1.16696
1.22698
1.24396
-0.619121
-0.618765
-0.609759
-0.58098
-0.544435
-0.539964
-0.560468
-0.529461
-0.451108
-0.350342
-0.244631
-0.14073
-0.0488536
0.0910235
0.318756
0.514449
0.663956
0.749924
0.785919
0.795036
-0.689447
-0.684977
-0.682868
-0.674792
-0.671397
-0.663027
-0.65715
-0.576765
-0.472623
-0.359983
-0.255211
-0.164464
-0.0890277
0.0168496
0.163688
0.281189
0.362789
0.406997
0.426918
0.434365
-0.822787
-0.823682
-0.854382
-0.900837
-0.921622
-0.897649
-0.809362
-0.64715
-0.495846
-0.367372
-0.264761
-0.187974
-0.130266
-0.0552965
0.0448113
0.117519
0.159143
0.178094
0.187172
0.193879
-0.918756
-0.927943
-0.964454
-1.0048
-1.02151
-0.992706
-0.875519
-0.673644
-0.496781
-0.361172
-0.264287
-0.203455
-0.165468
-0.10872
-0.0365978
0.0164561
0.0467691
0.0615555
0.0710143
0.0753678
-0.839034
-0.848405
-0.880003
-0.916454
-0.934493
-0.903372
-0.776325
-0.600957
-0.448895
-0.329952
-0.248659
-0.205119
-0.181793
-0.134484
-0.0698957
-0.0225758
0.00848228
0.0262537
0.0361387
0.039601
-0.558177
-0.57014
-0.597763
-0.63538
-0.660548
-0.643379
-0.556151
-0.448998
-0.350688
-0.271677
-0.214037
-0.184099
-0.171964
-0.132228
-0.0792366
-0.0370405
-0.00701099
0.0122808
0.0209891
0.023321
-0.208493
-0.215174
-0.231618
-0.258538
-0.288811
-0.299942
-0.291669
-0.267243
-0.233862
-0.198286
-0.1652
-0.144382
-0.133453
-0.097078
-0.0579893
-0.0278423
-0.00441806
0.0127812
0.0204019
0.0218259
0.0514454
0.0482576
0.0390542
0.0179689
-0.0158072
-0.0580072
-0.0934385
-0.116972
-0.127847
-0.124144
-0.110729
-0.093652
-0.0756213
-0.0491855
-0.0257566
-0.00814599
0.00518845
0.0143095
0.0184569
0.0189239
0.174463
0.172651
0.166997
0.1502
0.117734
0.0712857
0.0219426
-0.0205387
-0.0494707
-0.0627236
-0.059598
-0.0443159
-0.0214337
-0.00663771
0.00131997
0.00772795
0.0147561
0.020722
0.0234749
0.0232087
0.202459
0.20144
0.197584
0.185108
0.159542
0.121389
0.0780048
0.036035
0.00291305
-0.0166602
-0.0185007
-0.00417612
0.0158233
0.0244761
0.0229451
0.0234257
0.0253654
0.0275751
0.0281097
0.0269778
0.187839
0.187288
0.18471
0.176228
0.15845
0.131181
0.0980385
0.0635664
0.0337949
0.0136649
0.00887553
0.0195484
0.0347419
0.0365308
0.0300597
0.0270462
0.0267441
0.0269364
0.02594
0.0246491
0.15965
0.159418
0.157787
0.152331
0.140604
0.122033
0.0981597
0.0718776
0.0475768
0.0298332
0.0242371
0.0309812
0.0396949
0.0359432
0.0270368
0.0225412
0.0206314
0.0190483
0.0168556
0.0155715
0.129547
0.12953
0.128566
0.125169
0.117643
0.10532
0.0887524
0.0695827
0.0505594
0.0353535
0.028905
0.032265
0.0370995
0.02967
0.0197726
0.014187
0.010758
0.00753045
0.00520811
0.00423281
0.10175
0.101779
0.101197
0.0990889
0.0943163
0.0861932
0.0747749
0.0609142
0.046152
0.0328135
0.0247996
0.0235489
0.0247018
0.0160419
0.00619333
0.00153347
-0.0011255
-0.00357432
-0.00553124
-0.00627321
0.077136
0.0772281
0.0768698
0.0755825
0.0725805
0.0672327
0.05939
0.0493089
0.0376736
0.0253931
0.0145715
0.00613252
1.01381e-05
-0.00870843
-0.0143688
-0.0150284
-0.0151425
-0.0157827
-0.0166162
-0.0170632
0.0558003
0.0558984
0.0556974
0.0549507
0.0531253
0.0497202
0.0443887
0.0370532
0.0276549
0.0159262
0.00126165
-0.0164193
-0.033472
-0.0396664
-0.0370315
-0.0319695
-0.0291713
-0.0283842
-0.0284493
-0.0286269
0.0375323
0.0376211
0.0375167
0.0370967
0.0360517
0.0339939
0.0305271
0.0253342
0.0180679
0.00719442
-0.00999076
-0.037359
-0.0622101
-0.0659425
-0.0539892
-0.0438252
-0.0394641
-0.0382365
-0.0379745
-0.0377874
0.021976
0.0220516
0.022
0.0218256
0.0213262
0.0202303
0.0182443
0.0150292
0.00998704
0.00173008
-0.0141247
-0.0422564
-0.0710133
-0.0687372
-0.0523799
-0.0423413
-0.0384312
-0.038314
-0.0383203
-0.0378736
0.00269491
0.00268246
0.00267951
0.00280332
0.00294463
0.00287894
0.00256915
0.00198025
0.000952707
-0.00108834
-0.00595226
-0.0147599
-0.0163506
-0.0134174
-0.0120877
-0.0122468
-0.0117909
-0.0103824
-0.00914913
-0.0227271
-0.969826
-0.358577
0.0632512
0.314023
0.497124
0.636746
0.744999
0.833604
0.928738
1.00576
-0.0263485
0.17225
0.345001
0.493041
0.616175
0.716397
0.797949
0.864197
0.904424
0.909941
0.305767
0.421409
0.530293
0.629693
0.714901
0.786644
0.845243
0.88945
0.918643
0.936734
0.513126
0.591347
0.666792
0.736932
0.798313
0.850554
0.89349
0.927272
0.953661
0.972537
0.665108
0.718171
0.776585
0.827879
0.873946
0.913927
0.947879
0.976221
0.999806
1.01654
0.78585
0.826501
0.871205
0.911021
0.947677
0.980622
1.00952
1.03439
1.05527
1.0693
0.887384
0.92204
0.957888
0.992096
1.02404
1.05341
1.07964
1.10227
1.12083
1.13246
0.979933
1.01129
1.04422
1.07681
1.10741
1.13563
1.1607
1.18199
1.19865
1.20837
1.07052
1.10344
1.13782
1.17185
1.2031
1.23128
1.25577
1.27599
1.29104
1.29987
1.17219
1.21008
1.2477
1.28387
1.31586
1.34358
1.36691
1.3857
1.39951
1.40891
1.29882
1.34155
1.38049
1.41594
1.44615
1.47166
1.49312
1.51059
1.52398
1.53521
1.4601
1.50163
1.53518
1.56417
1.58855
1.61002
1.62955
1.6469
1.66185
1.67556
1.65051
1.67994
1.70153
1.72065
1.73888
1.75621
1.77233
1.78801
1.8047
1.82194
1.84707
1.85768
1.86994
1.88447
1.89899
1.91189
1.92317
1.93399
1.9467
1.96226
2.03401
2.04359
2.05321
2.05523
2.05579
2.05999
2.0708
2.08712
2.10446
2.10915
2.33864
2.27977
2.22805
2.18802
2.16564
2.16154
2.17509
2.2088
2.26477
2.34411
0.906869
0.849761
0.80737
0.773837
0.749513
0.732106
0.719622
0.710672
0.704538
0.701046
0.700665
0.703552
0.709026
0.717
0.72794
0.742925
0.763702
0.792446
0.830893
0.878982
0.71124
0.72027
0.726415
0.727029
0.723055
0.716667
0.710089
0.704563
0.700701
0.699046
0.700236
0.703862
0.709193
0.715767
0.722768
0.728491
0.730539
0.727209
0.718858
0.711672
0.686768
0.688865
0.693464
0.697218
0.700228
0.701983
0.701764
0.699987
0.69776
0.696179
0.696202
0.698051
0.700811
0.70349
0.704986
0.704464
0.702163
0.698948
0.694842
0.690407
0.680556
0.681456
0.683961
0.686601
0.688542
0.690004
0.69117
0.691744
0.691648
0.691412
0.691775
0.692868
0.693951
0.694361
0.693904
0.692904
0.691493
0.689354
0.686751
0.684728
0.675069
0.675533
0.676943
0.678992
0.680928
0.682454
0.683592
0.684549
0.685337
0.68596
0.686612
0.687246
0.687529
0.687379
0.686887
0.68597
0.684504
0.682662
0.681
0.679976
0.66993
0.67022
0.671134
0.672606
0.674252
0.675865
0.677274
0.678437
0.67948
0.680466
0.681325
0.681871
0.68202
0.681807
0.681178
0.68013
0.678831
0.677508
0.67643
0.675805
0.664971
0.665175
0.665861
0.667031
0.668412
0.669866
0.671348
0.67275
0.674022
0.675213
0.676255
0.676906
0.677085
0.676813
0.676151
0.675261
0.674285
0.673299
0.672524
0.672083
0.66014
0.660294
0.660839
0.661821
0.663045
0.664383
0.665812
0.667302
0.668787
0.670211
0.671471
0.672281
0.672536
0.67234
0.671849
0.67119
0.670453
0.669711
0.669142
0.668811
0.655363
0.655485
0.655931
0.656779
0.657906
0.659182
0.660579
0.662104
0.663735
0.665406
0.666933
0.667961
0.668398
0.668412
0.668151
0.667714
0.667178
0.666644
0.666233
0.665977
0.650553
0.650652
0.651029
0.651787
0.652851
0.654092
0.655499
0.657087
0.658858
0.660774
0.662617
0.663957
0.664682
0.664965
0.664947
0.664736
0.66441
0.664058
0.663773
0.663571
0.64562
0.645701
0.646029
0.646728
0.647761
0.649004
0.650459
0.652153
0.654105
0.656302
0.658527
0.660272
0.661357
0.661952
0.662206
0.662231
0.662117
0.661936
0.661757
0.661595
0.640473
0.64054
0.640834
0.641501
0.642535
0.643827
0.645371
0.647217
0.649414
0.651962
0.654657
0.656895
0.658405
0.659362
0.659924
0.660206
0.660309
0.660291
0.660204
0.660073
0.63502
0.635076
0.635348
0.636009
0.637078
0.638461
0.640144
0.642204
0.644717
0.647713
0.650987
0.653815
0.655827
0.657201
0.658112
0.65868
0.659013
0.659162
0.659156
0.659049
0.629158
0.629205
0.629466
0.630143
0.631285
0.632804
0.634685
0.637033
0.63995
0.643508
0.64749
0.651028
0.653635
0.655496
0.656803
0.657708
0.658292
0.658605
0.658673
0.658585
0.622769
0.622807
0.623066
0.623781
0.625035
0.626741
0.628889
0.63161
0.635042
0.639298
0.644142
0.648533
0.651848
0.654284
0.656052
0.657324
0.658192
0.658688
0.658829
0.658757
0.615711
0.61574
0.616004
0.616779
0.618187
0.620143
0.622636
0.625831
0.629911
0.635026
0.640919
0.646335
0.65049
0.653605
0.655918
0.657618
0.658815
0.659504
0.659717
0.659656
0.607809
0.607827
0.608104
0.608961
0.610573
0.612843
0.615777
0.619574
0.624461
0.630633
0.637799
0.644443
0.649597
0.65351
0.656468
0.658678
0.660248
0.661151
0.661436
0.661384
0.598822
0.598847
0.599155
0.600109
0.601968
0.604641
0.608142
0.612699
0.618593
0.626065
0.634771
0.64288
0.649216
0.654069
0.657784
0.660597
0.662599
0.663735
0.664093
0.664047
0.58845
0.588464
0.588813
0.589915
0.592103
0.595304
0.599522
0.605038
0.612191
0.621265
0.631831
0.641678
0.649401
0.65536
0.659963
0.663471
0.665974
0.667363
0.667794
0.667749
0.576313
0.576322
0.576711
0.578008
0.580634
0.584513
0.589652
0.596389
0.605125
0.616174
0.62898
0.640877
0.650214
0.657457
0.663096
0.667408
0.670479
0.672135
0.672633
0.672586
0.561858
0.561862
0.562315
0.563879
0.567079
0.571856
0.5782
0.586517
0.597258
0.610743
0.626231
0.640524
0.651722
0.66043
0.667274
0.672498
0.676193
0.678122
0.678676
0.67862
0.544319
0.544318
0.544864
0.54681
0.550805
0.556805
0.564766
0.575167
0.58848
0.604972
0.623645
0.640699
0.654002
0.664367
0.672544
0.678797
0.683161
0.685349
0.685941
0.685869
0.522532
0.522525
0.523234
0.525774
0.530934
0.538673
0.548885
0.562096
0.57873
0.598924
0.621332
0.641503
0.65714
0.669327
0.678958
0.686333
0.691369
0.69377
0.694369
0.694273
0.494733
0.494724
0.495722
0.49925
0.506259
0.516617
0.530081
0.547145
0.568058
0.592742
0.619449
0.643063
0.66121
0.675349
0.686523
0.695075
0.700712
0.703241
0.703804
0.703676
0.457875
0.457881
0.459509
0.464951
0.475241
0.489752
0.508043
0.530373
0.556699
0.586705
0.61823
0.645534
0.666302
0.682459
0.695225
0.704893
0.710978
0.7135
0.713974
0.713808
0.406133
0.406363
0.410079
0.419942
0.436343
0.457687
0.482998
0.512256
0.545167
0.581245
0.617976
0.649093
0.672495
0.690636
0.704924
0.715556
0.721828
0.724171
0.72451
0.724307
0.332037
0.334368
0.345262
0.364532
0.391062
0.421953
0.456199
0.493628
0.53396
0.576692
0.619008
0.654202
0.680436
0.700737
0.71662
0.728044
0.734313
0.736393
0.736611
0.736409
0.253297
0.259462
0.278729
0.308153
0.345449
0.386172
0.429409
0.475117
0.523145
0.573043
0.621768
0.661942
0.691689
0.714571
0.732361
0.744511
0.750407
0.752028
0.752154
0.752031
0.185421
0.191942
0.217807
0.255934
0.30243
0.352188
0.404056
0.457876
0.51348
0.570396
0.625292
0.670143
0.703151
0.728371
0.747574
0.759928
0.765353
0.766728
0.766867
0.766799
0.129864
0.136813
0.166639
0.210944
0.264284
0.321441
0.380785
0.441953
0.504616
0.568188
0.628978
0.678265
0.714301
0.741598
0.762029
0.774775
0.780101
0.781426
0.781603
0.781569
0.0837977
0.0910732
0.123426
0.17243
0.231173
0.29434
0.359961
0.427538
0.496574
0.566343
0.632722
0.686244
0.725167
0.754468
0.776179
0.78948
0.795079
0.79642
0.796586
0.796578
0.0447189
0.052166
0.0862941
0.138819
0.202102
0.270355
0.341369
0.414582
0.489369
0.564856
0.636498
0.694072
0.735799
0.767091
0.790065
0.804137
0.810115
0.811484
0.811671
0.811673
0.0106058
0.0181556
0.0535626
0.109028
0.176074
0.248701
0.324471
0.402725
0.48274
0.563529
0.640154
0.701617
0.746055
0.779286
0.803579
0.818387
0.824787
0.826295
0.826519
0.826526
-0.0200289
-0.0123802
0.0240644
0.0820507
0.152275
0.228702
0.308696
0.391512
0.476359
0.562132
0.643506
0.708706
0.755751
0.790817
0.816323
0.831897
0.838688
0.840428
0.840675
0.840681
-0.0481506
-0.0404203
-0.00307677
0.0570743
0.13006
0.20984
0.293609
0.380586
0.469913
0.560401
0.646338
0.715153
0.764704
0.801502
0.82813
0.844412
0.851546
0.853497
0.853774
0.853777
-0.074525
-0.0666894
-0.0284871
0.0334332
0.108962
0.191734
0.278887
0.369656
0.46315
0.558118
0.6485
0.720859
0.772841
0.811295
0.8389
0.855743
0.863175
0.86526
0.865544
0.865518
-0.0996161
-0.0916478
-0.0525909
0.0108242
0.0886443
0.174084
0.264292
0.358527
0.455899
0.555144
0.649875
0.725772
0.780157
0.820184
0.848705
0.865914
0.873519
0.875691
0.875962
0.875915
-0.123798
-0.115667
-0.075851
-0.0109949
0.0688785
0.156693
0.249662
0.347064
0.448047
0.551372
0.650387
0.729873
0.786694
0.828246
0.85757
0.875026
0.882689
0.884856
0.885116
0.885041
-0.147235
-0.138888
-0.0984969
-0.0321726
0.0495118
0.13945
0.234902
0.33519
0.439515
0.546716
0.64997
0.733142
0.792518
0.835626
0.865643
0.883212
0.890827
0.892952
0.893181
0.893081
-0.17007
-0.161572
-0.120437
-0.0528368
0.0304579
0.122293
0.219968
0.322865
0.430269
0.541133
0.648571
0.73557
0.797689
0.842468
0.873133
0.890685
0.898101
0.900109
0.900284
0.900173
-0.192387
-0.183705
-0.141839
-0.0730588
0.0116812
0.105206
0.204862
0.3101
0.420299
0.534592
0.646128
0.737124
0.802275
0.848927
0.880222
0.897584
0.904639
0.906447
0.906548
0.906411
-0.214211
-0.205333
-0.162752
-0.092858
-0.0068174
0.088205
0.189604
0.296924
0.409645
0.527104
0.642601
0.737747
0.806291
0.85514
0.887129
0.904107
0.910561
0.912036
0.91204
0.911886
-0.235495
-0.226425
-0.183101
-0.112202
-0.0250047
0.0713224
0.174257
0.283401
0.398365
0.518687
0.637952
0.737358
0.809693
0.861205
0.894136
0.910562
0.916059
0.916981
0.916843
0.916685
-0.256189
-0.246924
-0.202886
-0.13107
-0.0428443
0.0546236
0.158881
0.269609
0.386525
0.509408
0.632159
0.735856
0.812373
0.867134
0.901532
0.917463
0.921585
0.921471
0.921027
0.920909
-0.276292
-0.26682
-0.222093
-0.149432
-0.0602978
0.0381754
0.143563
0.25564
0.374219
0.499331
0.625249
0.733133
0.814153
0.872785
0.909462
0.925498
0.92812
0.926147
0.92481
0.924677
-0.295741
-0.286067
-0.240688
-0.167246
-0.0773034
0.0220274
0.128382
0.24158
0.361556
0.488558
0.617249
0.729077
0.814817
0.877849
0.917693
0.935165
0.937289
0.933143
0.929481
0.928052
-0.314561
-0.304694
-0.258647
-0.184519
-0.0938901
0.00616408
0.113319
0.227402
0.348509
0.477055
0.608095
0.723464
0.814084
0.881956
0.925599
0.946201
0.950198
0.945598
0.937678
0.922876
-0.332766
-0.322733
-0.276066
-0.20143
-0.1103
-0.00971052
0.0980016
0.212651
0.334545
0.464205
0.59715
0.71561
0.811288
0.88464
0.932087
0.956593
0.964363
0.958384
0.948511
0.911644
-0.350594
-0.339925
-0.292887
-0.217832
-0.126415
-0.0254625
0.0826115
0.197543
0.319885
0.450194
0.584454
0.705287
0.805512
0.885023
0.934901
0.959704
0.967307
0.962665
0.911048
0.853731
-0.369321
-0.355036
-0.308907
-0.233588
-0.142431
-0.0413145
0.0668849
0.182078
0.304497
0.434983
0.569842
0.692174
0.795317
0.882763
0.931543
0.94418
0.950009
0.915821
0.850475
0.786658
-0.388951
-0.388621
-0.329467
-0.246397
-0.155259
-0.0545514
0.0513326
0.16691
0.289114
0.419369
0.553946
0.6766
0.780056
0.879845
0.897776
0.912518
0.886423
0.823414
0.749072
0.678832
-0.365002
-0.361698
-0.303345
-0.220166
-0.124105
-0.0203101
0.0904885
0.208677
0.334019
0.468189
0.597521
0.708474
0.802678
0.897345
0.90614
0.80906
0.725596
0.658026
0.585912
0.446191
-0.404011
-0.37697
-0.316372
-0.232408
-0.136615
-0.0328777
0.0773475
0.194945
0.319434
0.45223
0.579377
0.687714
0.772322
0.836586
0.805245
0.673236
0.555402
0.474003
0.391142
0.234318
-0.428446
-0.396966
-0.334839
-0.251511
-0.155545
-0.0519149
0.0584712
0.175321
0.298546
0.429191
0.553087
0.656229
0.731723
0.759474
0.680513
0.519116
0.383126
0.281894
0.1698
-0.052337
-0.451898
-0.41849
-0.354856
-0.270891
-0.174904
-0.0713567
0.0386876
0.154635
0.276348
0.404376
0.523943
0.619836
0.683588
0.675415
0.541058
0.358258
0.19286
0.0550386
-0.0990337
-0.458879
-0.474555
-0.440323
-0.375586
-0.290751
-0.194681
-0.0913416
0.0180656
0.132969
0.252945
0.377946
0.492319
0.580137
0.62535
0.58759
0.405587
0.202446
-0.0019786
-0.172319
-0.416531
-0.9311
-0.497071
-0.462763
-0.397322
-0.31189
-0.215645
-0.112529
-0.00375862
0.109999
0.228011
0.349616
0.458231
0.537907
0.562796
0.475719
0.281223
0.0687766
-0.141294
-0.32573
-0.499238
-1.05454
-0.520588
-0.48615
-0.420325
-0.334527
-0.238148
-0.135219
-0.0270587
0.0855157
0.20141
0.319334
0.421905
0.491634
0.492029
0.362044
0.173095
-0.0320756
-0.220618
-0.345321
-0.378873
-0.423448
-0.54552
-0.510958
-0.444897
-0.358947
-0.262621
-0.160051
-0.0526784
0.0584257
0.17178
0.285348
0.381419
0.438099
0.416037
0.256472
0.0746849
-0.107414
-0.254318
-0.314371
-0.335389
-0.340525
-0.572168
-0.537371
-0.471128
-0.38514
-0.289036
-0.187018
-0.0807021
0.0286068
0.139003
0.24756
0.336485
0.377744
0.339408
0.158177
-0.0147711
-0.174502
-0.283426
-0.307798
-0.310109
-0.310653
-0.600674
-0.565523
-0.499059
-0.413097
-0.317363
-0.216123
-0.11113
-0.00394517
0.103048
0.206029
0.286747
0.314969
0.244831
0.0683972
-0.0958214
-0.234822
-0.283996
-0.296579
-0.297022
-0.296547
-0.630904
-0.59536
-0.528652
-0.442809
-0.347589
-0.247342
-0.143948
-0.0392357
0.0639497
0.160843
0.23268
0.246732
0.14703
-0.0145784
-0.164965
-0.272348
-0.285139
-0.286371
-0.287788
-0.287451
-0.662398
-0.62667
-0.559729
-0.474103
-0.379581
-0.28057
-0.179078
-0.0772044
0.0218282
0.112213
0.175365
0.172221
0.0612658
-0.0880319
-0.218226
-0.261792
-0.279845
-0.282468
-0.282561
-0.282335
-0.694802
-0.658768
-0.591952
-0.506675
-0.41308
-0.315579
-0.216305
-0.117639
-0.0230763
0.0607103
0.114473
0.0993815
-0.0185723
-0.149222
-0.251841
-0.292626
-0.281746
-0.278889
-0.278655
-0.278422
-0.727183
-0.691095
-0.624779
-0.540032
-0.447644
-0.351969
-0.255263
-0.160167
-0.0704221
0.00716656
0.0496866
0.0323108
-0.090009
-0.195673
-0.269627
-0.270285
-0.275289
-0.276871
-0.276885
-0.276734
-0.758488
-0.722913
-0.656932
-0.573453
-0.482618
-0.389161
-0.295401
-0.204188
-0.119627
-0.0477955
-0.012698
-0.0356224
-0.151038
-0.239581
-0.262199
-0.280411
-0.278782
-0.276956
-0.275997
-0.275679
-0.787131
-0.752582
-0.687702
-0.605839
-0.51709
-0.426339
-0.335971
-0.248928
-0.169714
-0.103557
-0.0696541
-0.105254
-0.200801
-0.279572
-0.287998
-0.283715
-0.280314
-0.275982
-0.274435
-0.273855
-0.811405
-0.778331
-0.715341
-0.635897
-0.549901
-0.462452
-0.375993
-0.293446
-0.219454
-0.159152
-0.125825
-0.16259
-0.236287
-0.313819
-0.349791
-0.315361
-0.288057
-0.277145
-0.274215
-0.272954
-0.828946
-0.798081
-0.737798
-0.661924
-0.579657
-0.496242
-0.414294
-0.336652
-0.267736
-0.21309
-0.182017
-0.205847
-0.241018
-0.306944
-0.316457
-0.308722
-0.303983
-0.300226
-0.296251
-0.293561
-0.837423
-0.80936
-0.753176
-0.681999
-0.60469
-0.526368
-0.449632
-0.377312
-0.31353
-0.264124
-0.230744
-0.24175
-0.212437
-0.204332
-0.231803
-0.2894
-0.326608
-0.333388
-0.330919
-0.330027
-0.834007
-0.810052
-0.7596
-0.694318
-0.623356
-0.551282
-0.480595
-0.414182
-0.355855
-0.311687
-0.271207
-0.286634
-0.240873
-0.127657
-0.204468
-0.288759
-0.320858
-0.331052
-0.335667
-0.337982
-0.815001
-0.797248
-0.755284
-0.697523
-0.63432
-0.569626
-0.505869
-0.445781
-0.393636
-0.354375
-0.321343
-0.357499
-0.413599
-0.409435
-0.427782
-0.415749
-0.395602
-0.386808
-0.383951
-0.383402
-0.78204
-0.769801
-0.738643
-0.691018
-0.636922
-0.580656
-0.524303
-0.470676
-0.424488
-0.391915
-0.372765
-0.441996
-0.642778
-0.916061
-0.835695
-0.600052
-0.464208
-0.412478
-0.398059
-0.394469
-0.73972
-0.73216
-0.712558
-0.676239
-0.631952
-0.584469
-0.535299
-0.487695
-0.445981
-0.419268
-0.401118
-0.421656
-0.387964
-0.435693
-0.388038
-0.296758
-0.26169
-0.246459
-0.237536
-0.23421
-0.696439
-0.692244
-0.681691
-0.657363
-0.622292
-0.582278
-0.539515
-0.495964
-0.456162
-0.425303
-0.401429
-0.284424
-0.0320844
0.275276
0.413157
0.276874
0.0750396
-0.0410717
-0.0813673
-0.0836052
-0.661156
-0.658966
-0.653387
-0.63764
-0.610929
-0.576677
-0.53839
-0.497003
-0.455438
-0.418882
-0.397442
-0.299328
-0.174901
-0.049593
-0.150381
-0.437244
-0.587143
-0.548981
-0.475194
-0.460367
-0.634985
-0.633915
-0.631748
-0.622927
-0.60204
-0.571626
-0.534766
-0.49314
-0.447483
-0.406126
-0.376283
-0.384253
-0.536369
-0.946823
-1.33702
-1.53965
-1.60189
-1.48411
-1.32714
-1.25987
-0.617779
-0.617265
-0.616428
-0.612105
-0.596725
-0.568193
-0.530623
-0.485803
-0.435988
-0.37925
-0.335016
-0.334753
-0.520961
-0.800081
-1.1549
-1.28552
-1.18413
-0.950694
-0.739312
-0.642609
-0.60721
-0.607009
-0.606442
-0.604917
-0.594344
-0.567012
-0.526869
-0.477874
-0.419406
-0.347811
-0.280724
-0.193861
-0.125544
-0.0585374
0.0554578
0.183752
0.437472
0.669164
0.802254
0.854537
-0.600343
-0.600037
-0.599194
-0.598533
-0.592912
-0.56852
-0.525471
-0.470402
-0.403269
-0.322634
-0.216355
-0.0886452
0.103548
0.425747
0.830346
1.24236
1.58058
1.79449
1.88931
1.91687
-0.598114
-0.598077
-0.597936
-0.598017
-0.596063
-0.573666
-0.526117
-0.465269
-0.391901
-0.295532
-0.178269
-0.0582021
0.174403
0.571847
1.04514
1.47259
1.79785
1.9826
2.0562
2.07293
-0.595482
-0.596725
-0.599917
-0.604395
-0.604247
-0.579173
-0.529227
-0.466771
-0.386992
-0.284803
-0.169283
-0.0499655
0.119462
0.498196
0.903274
1.26128
1.52095
1.66006
1.71246
1.72358
-0.592456
-0.593324
-0.592075
-0.587631
-0.582651
-0.568598
-0.534617
-0.47612
-0.391116
-0.287551
-0.175686
-0.0660558
0.0589621
0.351751
0.662125
0.924161
1.10981
1.20476
1.23886
1.24483
-0.619311
-0.616222
-0.59786
-0.560631
-0.536955
-0.553685
-0.552686
-0.493915
-0.402667
-0.296795
-0.19149
-0.0919245
0.00281513
0.205114
0.421929
0.595858
0.715118
0.772502
0.79244
0.796028
-0.68728
-0.684054
-0.679544
-0.673638
-0.666394
-0.666426
-0.622616
-0.526341
-0.416925
-0.304582
-0.207215
-0.12478
-0.0476769
0.0924655
0.227199
0.326163
0.389932
0.418699
0.431986
0.434859
-0.819661
-0.835939
-0.878011
-0.91624
-0.91377
-0.866718
-0.729381
-0.569097
-0.428865
-0.311318
-0.223532
-0.156942
-0.101521
-0.00307592
0.0858466
0.141638
0.170638
0.183322
0.191115
0.194782
-0.919414
-0.943317
-0.986023
-1.01742
-1.01238
-0.950027
-0.775478
-0.580411
-0.424542
-0.307842
-0.230366
-0.181767
-0.145202
-0.0705536
-0.00687925
0.0333558
0.0553264
0.0668241
0.0738374
0.0760126
-0.840838
-0.862794
-0.898729
-0.929364
-0.92685
-0.855064
-0.687309
-0.522158
-0.385153
-0.283975
-0.221762
-0.190696
-0.168615
-0.100541
-0.0436776
-0.00553422
0.0189032
0.0322047
0.0385537
0.0395729
-0.562651
-0.581882
-0.616325
-0.650827
-0.659406
-0.606331
-0.502434
-0.398204
-0.309179
-0.239237
-0.195176
-0.177366
-0.159857
-0.105308
-0.0562495
-0.0209024
0.00424682
0.0177287
0.0226758
0.0231519
-0.211164
-0.221946
-0.24399
-0.274267
-0.298031
-0.297387
-0.281577
-0.250843
-0.216456
-0.180351
-0.152779
-0.138427
-0.120337
-0.0770437
-0.0417371
-0.0155215
0.00514819
0.017433
0.0217582
0.0212944
0.0499019
0.0448849
0.0301237
0.00256164
-0.0363443
-0.0771413
-0.106474
-0.124143
-0.127511
-0.118029
-0.102487
-0.0844007
-0.062166
-0.0372748
-0.01649
-0.000843885
0.0102954
0.0169722
0.0190208
0.018379
0.173483
0.170791
0.160318
0.13598
0.0958668
0.0462766
-0.000451326
-0.036766
-0.0579851
-0.0630756
-0.053075
-0.0324662
-0.0108107
-0.00180147
0.0043039
0.011167
0.0181398
0.0225752
0.023585
0.0225652
0.201947
0.20022
0.192721
0.174071
0.141735
0.0999705
0.0564687
0.0182054
-0.00878726
-0.0199101
-0.0128064
0.00562158
0.0235648
0.0243309
0.0226128
0.0243293
0.0265675
0.0280618
0.0276672
0.0263632
0.187604
0.186474
0.181426
0.168602
0.145849
0.115154
0.0806312
0.0479149
0.0222529
0.00901861
0.012808
0.0272228
0.0381958
0.0330114
0.0283804
0.0265539
0.0270696
0.0265657
0.0253386
0.0241307
0.159583
0.158908
0.155689
0.147341
0.132109
0.110675
0.0850693
0.0592842
0.0376733
0.0251907
0.0265446
0.0356933
0.039747
0.0306062
0.024226
0.021437
0.0199327
0.0177988
0.0161105
0.0151706
0.129555
0.129255
0.127273
0.121995
0.11206
0.0975341
0.0793377
0.0598943
0.0423414
0.0306949
0.0296799
0.0345624
0.0338773
0.0241456
0.0165574
0.0123493
0.009201
0.00620562
0.00457117
0.00393555
0.101828
0.101599
0.100395
0.0970986
0.090675
0.0808967
0.0680596
0.0535467
0.0392372
0.0278771
0.0235777
0.0242107
0.0225058
0.0101421
0.00342351
0.000141575
-0.00230227
-0.00469583
-0.00599063
-0.00654815
0.0772204
0.077118
0.0763898
0.0743396
0.0702119
0.0636384
0.0545808
0.0436272
0.0316408
0.0197281
0.0100075
0.00297192
-0.0039753
-0.0125235
-0.0150633
-0.0150519
-0.0154848
-0.0162497
-0.0168489
-0.0173247
0.0558797
0.0558411
0.0554227
0.0542015
0.0516426
0.0473123
0.0409575
0.0326101
0.0222067
0.00913591
-0.00753301
-0.0265589
-0.0377553
-0.0393332
-0.0343856
-0.0301576
-0.0286003
-0.0283862
-0.0285101
-0.028847
0.0376015
0.0375909
0.0373648
0.0366708
0.0351747
0.0324619
0.028152
0.0220043
0.013228
-0.000262326
-0.0226929
-0.0512607
-0.0676562
-0.0606878
-0.0480802
-0.0412064
-0.0385991
-0.0380798
-0.0378343
-0.0379068
0.0220329
0.0220366
0.0219349
0.021632
0.0208678
0.0193684
0.016808
0.0127577
0.00655887
-0.00485367
-0.0270189
-0.0591549
-0.0741437
-0.0606152
-0.0462052
-0.0396574
-0.0381884
-0.0384202
-0.0380584
-0.0378761
0.00872302
0.00878557
0.00875927
0.00872462
0.00858418
0.008248
0.00750273
0.00612201
0.00376582
-0.000211225
-0.00871507
-0.0261165
-0.0451443
-0.0389689
-0.0290306
-0.0233034
-0.0223773
-0.0232716
-0.0232682
-0.0226557
-0.620307
-0.11121
0.199161
0.409961
0.57105
0.693271
0.79173
0.877372
0.979604
0.971915
0.107134
0.26188
0.422364
0.557777
0.669017
0.759123
0.833208
0.888676
0.911165
0.917516
0.376051
0.47633
0.58181
0.674045
0.752411
0.817617
0.869287
0.90567
0.92922
0.946393
0.561108
0.62987
0.702893
0.768778
0.825584
0.873195
0.911471
0.941218
0.964648
0.983293
0.700161
0.750577
0.802674
0.851692
0.894696
0.931636
0.96271
0.98856
1.00975
1.02816
0.812675
0.849568
0.891518
0.92978
0.964646
0.995576
1.02246
1.04534
1.06369
1.08167
0.909568
0.939886
0.97529
1.00836
1.03908
1.06695
1.09144
1.11211
1.12787
1.14556
0.99879
1.02739
1.06075
1.09237
1.12186
1.14859
1.17187
1.19097
1.20453
1.22207
1.08903
1.12023
1.15514
1.18783
1.21761
1.24402
1.26646
1.28422
1.29619
1.31386
1.19248
1.22871
1.26625
1.3004
1.33026
1.35581
1.3769
1.39323
1.40449
1.42268
1.32132
1.36126
1.39884
1.43168
1.45944
1.48288
1.50238
1.51772
1.52954
1.54797
1.48213
1.51891
1.55035
1.57682
1.59956
1.62002
1.63854
1.65461
1.66869
1.68668
1.6661
1.69137
1.71124
1.72986
1.74769
1.76444
1.78014
1.79617
1.81338
1.83247
1.85186
1.86355
1.87702
1.89189
1.90567
1.91772
1.92852
1.93995
1.95428
1.97286
2.03511
2.04963
2.05479
2.05535
2.05717
2.0645
2.07839
2.09634
2.10896
2.12246
2.30756
2.25321
2.20601
2.17451
2.16141
2.16599
2.18925
2.23396
2.30131
2.39681
0.770653
0.765971
0.758578
0.746691
0.733714
0.722251
0.713137
0.706349
0.701866
0.699969
0.701219
0.705239
0.711445
0.719784
0.73037
0.742983
0.756055
0.765947
0.77192
0.775321
0.692654
0.699739
0.705721
0.70994
0.711227
0.709472
0.705875
0.702014
0.699005
0.697695
0.698797
0.701874
0.706026
0.71037
0.713573
0.714111
0.711416
0.706289
0.699446
0.69358
0.683472
0.686478
0.689736
0.692232
0.694251
0.695715
0.696075
0.695355
0.694294
0.693852
0.694735
0.696501
0.698188
0.698925
0.698314
0.696765
0.694731
0.691956
0.688682
0.686344
0.677756
0.679211
0.681447
0.683692
0.685349
0.686569
0.68757
0.688257
0.688588
0.688933
0.689646
0.690403
0.690698
0.690405
0.689721
0.688629
0.686891
0.68467
0.682891
0.681807
0.672473
0.673295
0.674763
0.676567
0.678317
0.679768
0.680901
0.681883
0.682776
0.683591
0.684277
0.684643
0.684629
0.684277
0.683507
0.682258
0.680727
0.679201
0.678187
0.677528
0.667434
0.667991
0.669069
0.670488
0.672017
0.673539
0.674933
0.676146
0.677263
0.678318
0.679107
0.679472
0.679433
0.678965
0.678106
0.677026
0.675872
0.674809
0.674127
0.673664
0.662546
0.662964
0.663827
0.665036
0.66637
0.667794
0.669264
0.670695
0.672039
0.673301
0.674262
0.674723
0.67469
0.674245
0.673544
0.672723
0.671855
0.671067
0.670568
0.670216
0.657753
0.658081
0.658794
0.659856
0.661095
0.662447
0.663906
0.665449
0.667014
0.668529
0.669709
0.670314
0.670409
0.670151
0.669677
0.669073
0.668423
0.667849
0.667479
0.667198
0.652971
0.653238
0.653844
0.654807
0.655988
0.657308
0.65878
0.660408
0.662162
0.663959
0.665421
0.66627
0.666607
0.666591
0.666346
0.66596
0.665509
0.665109
0.664834
0.664601
0.648111
0.648333
0.648867
0.649769
0.650914
0.652239
0.653766
0.655511
0.657471
0.659578
0.661402
0.662593
0.66324
0.663496
0.663491
0.663333
0.663073
0.662823
0.662624
0.662425
0.643082
0.643271
0.643756
0.644627
0.645774
0.647145
0.648767
0.650679
0.652899
0.655381
0.657653
0.659267
0.660277
0.660844
0.661107
0.661177
0.66111
0.660996
0.660858
0.660684
0.637794
0.637959
0.638415
0.639286
0.640476
0.641936
0.643701
0.645841
0.648395
0.651346
0.654165
0.65628
0.657714
0.658638
0.659199
0.659501
0.659644
0.659657
0.65957
0.659412
0.63215
0.632297
0.632743
0.633643
0.634917
0.636513
0.638483
0.640923
0.643902
0.647439
0.65092
0.653631
0.655563
0.656894
0.657793
0.658382
0.658727
0.658855
0.658811
0.658664
0.626041
0.626173
0.626625
0.627584
0.628985
0.630773
0.633019
0.635848
0.639364
0.643623
0.647905
0.65133
0.653849
0.655654
0.656935
0.657837
0.658408
0.658657
0.65865
0.65851
0.619335
0.619457
0.61993
0.620979
0.622556
0.624599
0.627204
0.630527
0.634716
0.639859
0.64511
0.649387
0.652603
0.654966
0.656689
0.657947
0.658772
0.659143
0.659172
0.659033
0.611878
0.611994
0.612498
0.613672
0.615479
0.617852
0.620914
0.62486
0.629882
0.636107
0.642527
0.647822
0.65186
0.654883
0.657134
0.658809
0.659912
0.660411
0.660472
0.660332
0.603471
0.603584
0.604129
0.605473
0.607563
0.610356
0.614003
0.618732
0.624786
0.632329
0.640157
0.646664
0.651673
0.65547
0.658357
0.660509
0.661928
0.662564
0.662655
0.662509
0.593806
0.593931
0.594571
0.596109
0.598575
0.601915
0.6063
0.612012
0.619344
0.628498
0.638013
0.645951
0.652105
0.656813
0.660442
0.663155
0.66493
0.665709
0.665828
0.665673
0.582594
0.582719
0.583475
0.58529
0.588235
0.59227
0.597592
0.604543
0.613468
0.624586
0.636115
0.645734
0.653225
0.659004
0.663484
0.666853
0.669023
0.669951
0.670092
0.669925
0.569346
0.569488
0.570404
0.57258
0.576149
0.58109
0.587622
0.596151
0.607061
0.620568
0.634487
0.646068
0.655099
0.66211
0.667587
0.671702
0.6743
0.675372
0.675529
0.675346
0.553412
0.553592
0.554739
0.557406
0.561807
0.567954
0.57608
0.586646
0.600049
0.616456
0.633184
0.647023
0.657802
0.66622
0.672822
0.677772
0.680817
0.682021
0.682182
0.68198
0.533849
0.534105
0.535601
0.538967
0.544533
0.552343
0.562622
0.57586
0.592406
0.612311
0.632295
0.648682
0.661419
0.671397
0.679238
0.685096
0.688577
0.689882
0.690031
0.689808
0.509233
0.509636
0.511686
0.516122
0.523417
0.533628
0.546904
0.56369
0.58419
0.608265
0.631952
0.651143
0.666008
0.677684
0.68685
0.693643
0.697502
0.698853
0.698971
0.698727
0.477252
0.477953
0.48097
0.487233
0.497317
0.511154
0.528692
0.550178
0.575573
0.604515
0.632317
0.654516
0.671625
0.685081
0.695641
0.703288
0.707401
0.708719
0.708782
0.708522
0.433774
0.435181
0.44026
0.450139
0.465089
0.484541
0.508094
0.535659
0.566939
0.601391
0.633617
0.658932
0.678325
0.693553
0.705474
0.713806
0.717948
0.719128
0.71912
0.718852
0.371104
0.375488
0.386109
0.403185
0.426402
0.454253
0.485819
0.520815
0.558844
0.599269
0.636063
0.664486
0.686095
0.703002
0.716053
0.724757
0.728654
0.729556
0.729473
0.729216
0.296402
0.304618
0.324048
0.351711
0.385501
0.422779
0.462929
0.50583
0.551151
0.598294
0.640539
0.672882
0.697342
0.716306
0.730623
0.739518
0.743109
0.743841
0.743807
0.743678
0.221498
0.23511
0.26364
0.301745
0.345637
0.392238
0.440997
0.491881
0.544599
0.598591
0.646438
0.682798
0.710161
0.731301
0.74687
0.755545
0.758488
0.758983
0.758976
0.758935
0.159416
0.176657
0.21092
0.256881
0.309008
0.363815
0.420526
0.478992
0.538829
0.599415
0.652587
0.6927
0.722708
0.745583
0.761812
0.770422
0.773184
0.773623
0.77366
0.773668
0.108384
0.12773
0.166435
0.218203
0.276741
0.338321
0.401906
0.467184
0.533607
0.600431
0.658687
0.702353
0.734817
0.759374
0.77652
0.7852
0.787859
0.788452
0.788514
0.788575
0.0656567
0.0862333
0.128275
0.184654
0.248495
0.315737
0.385227
0.456545
0.52899
0.601654
0.664742
0.711818
0.746675
0.772888
0.790945
0.799976
0.802964
0.803642
0.803727
0.803815
0.0288684
0.0502338
0.0949297
0.155052
0.223361
0.2955
0.370187
0.446915
0.524862
0.602974
0.670657
0.721023
0.758218
0.78609
0.805127
0.814833
0.818087
0.818832
0.818939
0.81902
-0.0036431
0.0182752
0.0651307
0.128407
0.200518
0.276941
0.356272
0.437911
0.520949
0.604198
0.676274
0.729811
0.769254
0.798721
0.818734
0.829112
0.832641
0.833478
0.833571
0.833648
-0.0331054
-0.0107753
0.0379064
0.103892
0.179306
0.259509
0.343019
0.429172
0.516972
0.605104
0.681401
0.737989
0.779569
0.810495
0.831481
0.842472
0.846315
0.847183
0.847261
0.847325
-0.0604879
-0.0377336
0.0125455
0.0808783
0.159233
0.242801
0.330087
0.420389
0.512657
0.605466
0.68587
0.745421
0.789051
0.821359
0.843195
0.854665
0.858768
0.859656
0.859701
0.859736
-0.0863175
-0.0631236
-0.0114422
0.0589346
0.139929
0.226509
0.317212
0.411336
0.507813
0.605133
0.689588
0.752057
0.797671
0.831264
0.853769
0.865567
0.869861
0.870784
0.870813
0.870822
-0.111037
-0.0873295
-0.0345406
0.0377922
0.121127
0.210407
0.304219
0.401867
0.502303
0.603999
0.692481
0.757898
0.805459
0.840226
0.863304
0.875305
0.879641
0.880564
0.880582
0.88056
-0.134928
-0.110756
-0.0568897
0.0172407
0.102658
0.194364
0.29099
0.391883
0.496036
0.601968
0.694507
0.762962
0.812507
0.848393
0.871913
0.883956
0.88827
0.889159
0.889153
0.889103
-0.15817
-0.133497
-0.0785534
-0.00285433
0.0844211
0.178296
0.277463
0.381325
0.488957
0.598981
0.695625
0.767271
0.818926
0.855922
0.87975
0.891738
0.895927
0.896746
0.896701
0.896631
-0.180853
-0.155648
-0.0996567
-0.0225631
0.0663692
0.162183
0.263627
0.37018
0.481032
0.594986
0.695784
0.770844
0.824827
0.863004
0.887029
0.898783
0.902746
0.90346
0.903383
0.903291
-0.202974
-0.177289
-0.120288
-0.0419122
0.0484979
0.146024
0.249494
0.358468
0.472264
0.58995
0.694924
0.773672
0.830315
0.869816
0.893922
0.905226
0.908829
0.909379
0.909256
0.909148
-0.224582
-0.198383
-0.140427
-0.0608884
0.0308294
0.129857
0.235114
0.346234
0.462698
0.583861
0.69299
0.775705
0.835427
0.876559
0.900705
0.911264
0.914244
0.914558
0.914396
0.914284
-0.245603
-0.218899
-0.160039
-0.0794664
0.0133998
0.113745
0.220554
0.333552
0.452386
0.576727
0.689906
0.776842
0.840142
0.883407
0.907754
0.917276
0.919224
0.919097
0.918882
0.91879
-0.26605
-0.238798
-0.179124
-0.0976044
-0.00373075
0.097748
0.205898
0.320515
0.4414
0.568597
0.685614
0.776951
0.844339
0.890422
0.915524
0.923976
0.924297
0.923171
0.922791
0.922822
-0.285834
-0.258082
-0.197636
-0.115266
-0.020514
0.0819429
0.191221
0.307197
0.429845
0.55954
0.680073
0.775863
0.847794
0.897423
0.924296
0.932417
0.93083
0.927699
0.926223
0.926182
-0.305023
-0.276735
-0.21553
-0.132401
-0.0368791
0.0664136
0.176642
0.293731
0.417841
0.549644
0.673279
0.773397
0.8502
0.903926
0.933742
0.943329
0.941264
0.935428
0.928846
0.912838
-0.32355
-0.294753
-0.232941
-0.149213
-0.0531168
0.0508403
0.161754
0.27967
0.40489
0.538408
0.664713
0.769007
0.851258
0.909531
0.943093
0.956482
0.956434
0.948956
0.935842
0.951374
-0.341511
-0.312069
-0.249827
-0.165673
-0.0691616
0.0352736
0.14656
0.265038
0.390979
0.525717
0.654155
0.762016
0.850219
0.913135
0.949223
0.965885
0.969144
0.958022
0.899897
0.887686
-0.35953
-0.329121
-0.265923
-0.181484
-0.0844813
0.020131
0.131261
0.2501
0.376398
0.511776
0.641616
0.751902
0.846141
0.913829
0.947331
0.963253
0.95713
0.919112
0.852685
0.813258
-0.378924
-0.347451
-0.280755
-0.196286
-0.0984819
0.00567572
0.116281
0.235079
0.36128
0.496628
0.626988
0.738426
0.836756
0.910202
0.954421
0.934415
0.904542
0.839021
0.767192
0.724392
0.0448524
0.160306
0.282361
0.412353
0.546305
0.668314
0.770459
0.606495
-0.396526
-0.380825
-0.341837
-0.270281
-0.179639
-0.0802713
0.0270947
0.141415
0.262668
0.391447
0.524247
0.645581
0.746001
0.828719
0.880294
0.829174
0.688616
0.599822
0.530002
-0.415873
-0.403082
-0.358617
-0.285881
-0.194796
-0.0951251
0.0117832
0.125612
0.246004
0.373415
0.504017
0.622093
0.71668
0.784713
0.782172
0.673821
0.528908
0.42318
0.334431
-0.438483
-0.426097
-0.378773
-0.30496
-0.213912
-0.113954
-0.00700574
0.106488
0.225923
0.351705
0.479184
0.592089
0.675986
0.725727
0.685211
0.523068
0.35993
0.228704
0.112707
-0.461263
-0.448808
-0.399926
-0.324811
-0.233484
-0.13356
-0.0269226
0.0858304
0.204017
0.327696
0.451487
0.55828
0.634421
0.656342
0.56778
0.375964
0.18322
0.0108195
-0.152194
-0.483505
-0.47138
-0.421708
-0.345547
-0.253836
-0.153942
-0.0477567
0.0640986
0.180845
0.302059
0.421629
0.521485
0.587872
0.571433
0.439189
0.238425
0.0240912
-0.171068
-0.352465
-0.506312
-0.49443
-0.4444
-0.367589
-0.275566
-0.175633
-0.0698281
0.0411785
0.156413
0.274995
0.390085
0.482324
0.534255
0.495141
0.320743
0.122112
-0.08895
-0.281031
-0.397725
-0.46715
-0.530453
-0.518712
-0.468373
-0.391207
-0.299071
-0.199208
-0.0938575
0.0161753
0.129657
0.245184
0.355245
0.439218
0.474963
0.41015
0.213854
0.022479
-0.161482
-0.298353
-0.342412
-0.366136
-0.556114
-0.544459
-0.493893
-0.416517
-0.324425
-0.224843
-0.120136
-0.0113529
0.100015
0.211949
0.316266
0.391504
0.406239
0.303409
0.117622
-0.0598732
-0.215106
-0.296806
-0.317302
-0.322225
-0.58355
-0.571863
-0.52107
-0.443539
-0.351617
-0.252491
-0.148681
-0.0414408
0.0674371
0.175274
0.273059
0.339289
0.325401
0.200771
0.0286844
-0.137322
-0.258287
-0.302999
-0.302148
-0.303003
-0.612672
-0.601069
-0.549928
-0.472279
-0.380644
-0.282154
-0.179491
-0.0740876
0.0319192
0.135187
0.225822
0.281461
0.249815
0.104169
-0.0531234
-0.206657
-0.273215
-0.290399
-0.291989
-0.29165
-0.643344
-0.631756
-0.580358
-0.502652
-0.411415
-0.313776
-0.212507
-0.10927
-0.0065107
0.0917643
0.174866
0.218236
0.181713
0.0205017
-0.127001
-0.243137
-0.29193
-0.284763
-0.284757
-0.28485
-0.675067
-0.663398
-0.612099
-0.534408
-0.443736
-0.347177
-0.247588
-0.146855
-0.0477058
0.0453232
0.120455
0.154177
0.102005
-0.0535787
-0.186552
-0.26599
-0.283065
-0.280833
-0.280426
-0.28015
-0.707343
-0.695565
-0.644547
-0.567115
-0.477236
-0.382023
-0.284434
-0.186554
-0.0914083
-0.00371479
0.0633232
0.0860536
0.0165415
-0.116845
-0.232075
-0.254366
-0.270892
-0.27646
-0.277181
-0.277108
-0.739181
-0.727354
-0.676812
-0.600132
-0.511346
-0.41781
-0.322582
-0.227903
-0.137123
-0.0549466
0.00537143
0.0129235
-0.058381
-0.173168
-0.250503
-0.29713
-0.281777
-0.278013
-0.276643
-0.27628
-0.768707
-0.757705
-0.707984
-0.632404
-0.54523
-0.453803
-0.361366
-0.270249
-0.184089
-0.107737
-0.0517717
-0.0533779
-0.124832
-0.223403
-0.280541
-0.28517
-0.281489
-0.277322
-0.275581
-0.274911
-0.795116
-0.784421
-0.736721
-0.662675
-0.577766
-0.489012
-0.399894
-0.312755
-0.231331
-0.160889
-0.108841
-0.110914
-0.180425
-0.262895
-0.312
-0.302528
-0.290032
-0.278939
-0.274135
-0.272972
-0.815817
-0.805777
-0.76051
-0.689505
-0.60759
-0.52225
-0.437046
-0.354383
-0.277811
-0.212988
-0.165867
-0.162401
-0.21609
-0.282943
-0.339339
-0.332474
-0.303617
-0.286903
-0.280931
-0.278927
-0.828734
-0.819744
-0.777752
-0.710711
-0.633034
-0.5521
-0.471595
-0.393898
-0.322466
-0.262886
-0.219585
-0.208543
-0.23447
-0.240714
-0.259014
-0.28748
-0.312793
-0.322142
-0.319132
-0.315577
-0.83125
-0.823856
-0.786278
-0.724515
-0.652258
-0.577001
-0.5021
-0.430012
-0.364177
-0.309457
-0.268114
-0.250824
-0.251027
-0.171437
-0.178095
-0.253201
-0.306487
-0.323813
-0.327923
-0.329821
-0.821525
-0.815567
-0.783823
-0.729003
-0.663759
-0.595408
-0.527179
-0.461427
-0.401608
-0.352106
-0.314786
-0.296278
-0.319968
-0.267415
-0.242596
-0.307466
-0.341399
-0.349863
-0.353937
-0.356167
-0.796071
-0.791858
-0.767678
-0.722712
-0.666482
-0.606293
-0.545646
-0.486736
-0.433089
-0.390008
-0.358942
-0.360422
-0.46275
-0.661071
-0.717
-0.59411
-0.481285
-0.427232
-0.408833
-0.402953
-0.758245
-0.755623
-0.739775
-0.705842
-0.660469
-0.609512
-0.556853
-0.504855
-0.456905
-0.419433
-0.40003
-0.415155
-0.51003
-0.727122
-0.841987
-0.653972
-0.448947
-0.359451
-0.334904
-0.325707
-0.714745
-0.713099
-0.705174
-0.682186
-0.64787
-0.606082
-0.561153
-0.515122
-0.471681
-0.436055
-0.418915
-0.379434
-0.267814
-0.0691689
0.0442866
0.0339217
-0.0463189
-0.11942
-0.140858
-0.143282
-0.675491
-0.674434
-0.670779
-0.657834
-0.632516
-0.59858
-0.559944
-0.518439
-0.476258
-0.438585
-0.412779
-0.349954
-0.160564
0.112101
0.365717
0.264079
0.0649255
-0.0487071
-0.101016
-0.115772
-0.646821
-0.646235
-0.64383
-0.637201
-0.619007
-0.590877
-0.556041
-0.516363
-0.473715
-0.431699
-0.397785
-0.371738
-0.336853
-0.467543
-0.756384
-1.05789
-1.25758
-1.26654
-1.15253
-1.04012
-0.625186
-0.624719
-0.623733
-0.621173
-0.609609
-0.585495
-0.551946
-0.511758
-0.46686
-0.416643
-0.376616
-0.345059
-0.469667
-0.787818
-1.24648
-1.55354
-1.63078
-1.5154
-1.32098
-1.16898
-0.612083
-0.611945
-0.611517
-0.61003
-0.603939
-0.58282
-0.548945
-0.506228
-0.45513
-0.397161
-0.333056
-0.279252
-0.280429
-0.384766
-0.512878
-0.594185
-0.504615
-0.272295
-0.0705659
0.0465309
-0.603222
-0.603183
-0.602762
-0.602261
-0.599536
-0.582638
-0.547845
-0.500656
-0.443946
-0.376538
-0.29084
-0.203251
-0.0634369
0.118651
0.383371
0.665754
0.980345
1.25649
1.42604
1.49331
-0.598736
-0.598602
-0.598048
-0.59708
-0.595931
-0.58546
-0.549741
-0.497568
-0.434556
-0.354643
-0.253557
-0.135975
0.0294488
0.324075
0.767167
1.2299
1.62777
1.90178
2.03765
2.08284
-0.597412
-0.597684
-0.598822
-0.600809
-0.602413
-0.593043
-0.554156
-0.498164
-0.428546
-0.341451
-0.232657
-0.108449
0.0327727
0.335635
0.779231
1.20723
1.56141
1.78943
1.89601
1.92797
-0.592034
-0.593125
-0.595079
-0.59918
-0.602531
-0.592543
-0.55673
-0.503722
-0.431831
-0.339726
-0.229335
-0.111535
-0.00348089
0.23943
0.614442
0.948586
1.22172
1.3884
1.46289
1.48411
-0.599986
-0.600593
-0.596494
-0.580711
-0.560007
-0.554924
-0.553458
-0.517106
-0.442838
-0.345397
-0.238151
-0.129755
-0.033119
0.136239
0.413963
0.65348
0.840934
0.951744
0.998844
1.01177
-0.64827
-0.646697
-0.635773
-0.608549
-0.577142
-0.574066
-0.588491
-0.548505
-0.46121
-0.355417
-0.250027
-0.15193
-0.0672147
0.0528815
0.234639
0.388798
0.502764
0.56667
0.592681
0.601625
-0.750241
-0.747157
-0.760621
-0.789599
-0.802981
-0.78555
-0.737102
-0.612839
-0.484845
-0.364196
-0.260655
-0.177229
-0.110626
-0.0197109
0.101747
0.192105
0.248612
0.277586
0.290479
0.296566
-0.886695
-0.891866
-0.929324
-0.976774
-0.995651
-0.96835
-0.861587
-0.669687
-0.501767
-0.367165
-0.26608
-0.196506
-0.148883
-0.0857666
-0.00335247
0.058085
0.0928283
0.10722
0.116789
0.121922
-0.905531
-0.915882
-0.948123
-0.984501
-1.00061
-0.969681
-0.846556
-0.650198
-0.480021
-0.349129
-0.25888
-0.206978
-0.177158
-0.124457
-0.0568459
-0.00873314
0.0193976
0.0366995
0.0466468
0.0508338
-0.718428
-0.730543
-0.761532
-0.800077
-0.822617
-0.793873
-0.676867
-0.532265
-0.404424
-0.303687
-0.233551
-0.196917
-0.179222
-0.137551
-0.0775991
-0.03082
-0.00055966
0.0190622
0.0275796
0.0302052
-0.380402
-0.389492
-0.411177
-0.442749
-0.47001
-0.468095
-0.422264
-0.357891
-0.292453
-0.236002
-0.190941
-0.166272
-0.156252
-0.11799
-0.0725401
-0.0363137
-0.00817192
0.0113394
0.0202586
0.0220635
-0.0614248
-0.0661136
-0.0783701
-0.102097
-0.134756
-0.163287
-0.180454
-0.185086
-0.178082
-0.160285
-0.138055
-0.119626
-0.105341
-0.0731367
-0.0411085
-0.0171228
0.000516565
0.0126479
0.0183813
0.0197548
0.128663
0.126285
0.119117
0.100211
0.0663112
0.0194465
-0.0269528
-0.0629872
-0.0849861
-0.0914697
-0.0843022
-0.0683278
-0.0467035
-0.0269931
-0.0118105
-0.000307147
0.0100534
0.0176295
0.0209659
0.02081
0.196558
0.19523
0.190585
0.175932
0.146472
0.103265
0.0558082
0.0120555
-0.020393
-0.0377759
-0.0373763
-0.0217443
-0.00116817
0.010845
0.0134925
0.0156626
0.0199058
0.0240381
0.0258418
0.0252463
0.198113
0.197346
0.194168
0.183789
0.162267
0.129719
0.0913894
0.0528025
0.0208436
0.000457709
-0.00308586
0.00949991
0.0275124
0.0328975
0.0284478
0.0268375
0.0277498
0.0288164
0.0284449
0.0270678
0.174432
0.174061
0.171999
0.165169
0.150666
0.128066
0.0997775
0.0694987
0.0424078
0.0232728
0.0179175
0.0265003
0.0383008
0.0371498
0.0292549
0.0254941
0.0243407
0.0234583
0.0218088
0.0205429
0.144486
0.144394
0.143114
0.138794
0.129376
0.114212
0.0942638
0.0717238
0.0501397
0.0337833
0.0278427
0.0326357
0.0388123
0.0331173
0.0235838
0.0187296
0.0160728
0.0136463
0.0111717
0.00999293
0.115273
0.115257
0.114511
0.111869
0.105875
0.0958706
0.0821248
0.0658436
0.0491016
0.0349054
0.0277006
0.0288728
0.0320222
0.025431
0.0139169
0.00873746
0.00533527
0.00205805
-0.000238312
-0.00110873
0.0890404
0.0891217
0.0886387
0.0869926
0.0831833
0.0765846
0.0671162
0.0552902
0.0422157
0.02954
0.020291
0.015825
0.0135011
0.00431322
-0.00375227
-0.00629298
-0.00792746
-0.00974164
-0.0110369
-0.0115903
0.0660669
0.0661641
0.0658876
0.0648987
0.0625448
0.0582514
0.0517765
0.0431696
0.0327554
0.0207057
0.00804725
-0.00455424
-0.0156927
-0.0235698
-0.0257147
-0.023525
-0.0220517
-0.0221484
-0.0225798
-0.022882
0.0462992
0.0463909
0.0462293
0.0456692
0.0442863
0.0416042
0.0372458
0.0310141
0.0225863
0.0112882
-0.00486361
-0.0273378
-0.0494766
-0.0545982
-0.0472255
-0.0390479
-0.0353533
-0.0340942
-0.0339932
-0.0339759
0.02943
0.0295094
0.0294281
0.0291391
0.028406
0.0268523
0.0241703
0.0200307
0.0140646
0.00382616
-0.0131696
-0.0422976
-0.0705545
-0.0711918
-0.0558549
-0.0449661
-0.0405942
-0.0399869
-0.0398247
-0.0394884
0.015061
0.0151251
0.0151086
0.0150217
0.0147351
0.0140364
0.0126964
0.0103864
0.00657998
0.000479116
-0.0123955
-0.036826
-0.0627096
-0.0576578
-0.0425465
-0.0344075
-0.0323612
-0.0330256
-0.0331431
-0.032593
0.00877022
0.00877611
0.00874135
0.00867564
0.00845799
0.00793548
0.0069045
0.00511379
0.00213683
-0.0035899
-0.0162882
-0.0376093
-0.0445491
-0.0336182
-0.0253381
-0.0224782
-0.0227891
-0.0234482
-0.0229717
-0.00888282
-0.325206
0.00351805
0.222269
0.408864
0.558827
0.677618
0.772181
0.852784
0.90966
0.904757
0.158418
0.311344
0.446516
0.566335
0.668039
0.75271
0.822212
0.875629
0.908308
0.921856
0.417618
0.513092
0.603226
0.686235
0.758116
0.819053
0.868865
0.906851
0.934586
0.953484
0.593707
0.657618
0.7238
0.78397
0.836769
0.882059
0.919904
0.950608
0.975781
0.993465
0.728249
0.77424
0.825281
0.870109
0.910818
0.946735
0.977821
1.00424
1.02647
1.04171
0.838132
0.875484
0.914805
0.951546
0.985347
1.01612
1.04347
1.06708
1.08675
1.09938
0.934397
0.966928
1.0005
1.03364
1.06461
1.09315
1.11868
1.14056
1.15813
1.16859
1.02468
1.05623
1.08938
1.12261
1.15344
1.18157
1.20638
1.22715
1.24296
1.25195
1.119
1.15413
1.19004
1.22541
1.25723
1.28532
1.30937
1.32893
1.34332
1.35207
1.23147
1.27216
1.31091
1.34746
1.3791
1.40599
1.42843
1.44646
1.45988
1.46996
1.37496
1.41799
1.45541
1.48853
1.51631
1.53996
1.5605
1.57779
1.5917
1.60389
1.55271
1.5897
1.61773
1.64169
1.6627
1.68201
1.70019
1.71724
1.73339
1.74872
1.75002
1.7694
1.78509
1.80123
1.8178
1.83322
1.84682
1.85993
1.87543
1.8933
1.93899
1.94673
1.95859
1.97026
1.98012
1.98928
1.99951
2.01083
2.02216
2.02945
2.15782
2.15608
2.14798
2.13098
2.11958
2.11897
2.13113
2.15597
2.18964
2.21723
2.56635
2.37952
2.27796
2.22054
2.19149
2.18484
2.20011
2.24074
2.3165
2.46279
-0.366627
-0.367976
-0.327626
-0.254952
-0.163659
-0.0633965
0.8661
0.927145
0.915777
0.836408
0.760806
0.686812
0.461406
0.244122
-0.0168734
-0.362432
-0.715204
)
;

boundaryField
{
    wall-4
    {
        type            zeroGradient;
    }
    pressure-outlet-7
    {
        type            fixedValue;
        value           uniform 0;
    }
    velocity-inlet-6
    {
        type            zeroGradient;
    }
    velocity-inlet-5
    {
        type            zeroGradient;
    }
    frontAndBackPlanes
    {
        type            empty;
    }
}


// ************************************************************************* //
