/*--------------------------------*- C++ -*----------------------------------*\
| =========                 |                                                 |
| \\      /  F ield         | OpenFOAM: The Open Source CFD Toolbox           |
|  \\    /   O peration     | Version:  v2012                                 |
|   \\  /    A nd           | Website:  www.openfoam.com                      |
|    \\/     M anipulation  |                                                 |
\*---------------------------------------------------------------------------*/
FoamFile
{
    version     2.0;
    format      ascii;
    class       volScalarField;
    location    "21";
    object      p;
}
// * * * * * * * * * * * * * * * * * * * * * * * * * * * * * * * * * * * * * //

dimensions      [0 2 -2 0 0 0 0];


internalField   nonuniform List<scalar> 
8800
(
0.416482
0.368434
0.330059
0.30142
0.280796
0.266037
0.25542
0.247888
0.242991
0.240819
0.241934
0.245978
0.252505
0.261725
0.274393
0.29192
0.31632
0.349901
0.392321
0.449439
0.249007
0.256215
0.264657
0.268078
0.266166
0.260645
0.253932
0.247752
0.242952
0.240012
0.239591
0.241927
0.246278
0.252143
0.258946
0.265481
0.269555
0.269006
0.262904
0.253899
0.225702
0.231887
0.236102
0.23948
0.241996
0.242802
0.241693
0.23953
0.237428
0.236379
0.237176
0.239395
0.242056
0.244125
0.244541
0.242916
0.239991
0.236291
0.231724
0.227932
0.220567
0.223275
0.226022
0.228364
0.230037
0.231379
0.232289
0.232463
0.232122
0.231943
0.232498
0.233451
0.23405
0.233817
0.232876
0.231561
0.22971
0.227127
0.224651
0.223119
0.215371
0.216801
0.218652
0.220768
0.222576
0.223918
0.224946
0.22579
0.226399
0.226848
0.227258
0.227449
0.227242
0.226689
0.22581
0.224438
0.222589
0.220581
0.21919
0.218372
0.210397
0.211316
0.21263
0.21432
0.216076
0.217684
0.218996
0.220048
0.22095
0.221692
0.2221
0.222103
0.221765
0.22106
0.219924
0.218458
0.216882
0.21543
0.214524
0.213993
0.205631
0.206294
0.207355
0.208805
0.210372
0.211986
0.213549
0.214926
0.216065
0.216966
0.217467
0.21746
0.216969
0.216047
0.214848
0.213543
0.212222
0.211057
0.210373
0.209996
0.201086
0.201577
0.202498
0.203855
0.205347
0.206903
0.208499
0.210039
0.211398
0.212484
0.213114
0.213135
0.212614
0.211721
0.210635
0.209462
0.208265
0.207249
0.206706
0.206435
0.196845
0.197209
0.197997
0.199246
0.200667
0.202118
0.203592
0.205129
0.206664
0.208021
0.208778
0.208849
0.208467
0.207822
0.20698
0.205977
0.20492
0.204058
0.203634
0.20344
0.192894
0.193146
0.193859
0.195075
0.196489
0.19799
0.199571
0.201145
0.202696
0.204153
0.205192
0.205604
0.205496
0.204962
0.204179
0.203267
0.202296
0.201523
0.20119
0.201066
0.189447
0.189598
0.190191
0.191291
0.192588
0.193973
0.195484
0.197161
0.198938
0.200684
0.201996
0.202623
0.202704
0.202448
0.201953
0.201287
0.200513
0.19991
0.199686
0.19962
0.186412
0.186499
0.186918
0.187779
0.188871
0.190119
0.191546
0.193176
0.195013
0.197007
0.198717
0.199806
0.200346
0.200485
0.200341
0.20001
0.199581
0.199256
0.19915
0.199111
0.183292
0.183357
0.183656
0.184319
0.185261
0.186435
0.187897
0.189687
0.191813
0.19421
0.196386
0.197873
0.198752
0.199191
0.199377
0.199386
0.199284
0.199207
0.199176
0.199139
0.179563
0.179621
0.179876
0.180414
0.181229
0.182336
0.183822
0.18574
0.18815
0.191028
0.193793
0.195859
0.197262
0.198171
0.198735
0.19909
0.199291
0.199389
0.199398
0.199357
0.174986
0.175047
0.175317
0.175869
0.176707
0.177919
0.179622
0.181877
0.184767
0.188293
0.191784
0.194464
0.196329
0.197642
0.19853
0.199132
0.199536
0.199722
0.199755
0.199714
0.169493
0.169544
0.169856
0.170538
0.171514
0.172968
0.17497
0.177672
0.181187
0.185547
0.18992
0.193354
0.195814
0.197532
0.198755
0.19964
0.200158
0.200396
0.200456
0.200418
0.163133
0.163174
0.163529
0.164378
0.165605
0.167386
0.169848
0.173159
0.177487
0.182877
0.188354
0.192708
0.195868
0.19811
0.199676
0.200755
0.20138
0.201687
0.201789
0.201753
0.155839
0.155875
0.156291
0.157301
0.158905
0.161066
0.164121
0.168219
0.173578
0.180274
0.187101
0.192558
0.196554
0.199398
0.201396
0.202702
0.203499
0.20391
0.204052
0.204014
0.147376
0.147406
0.147918
0.149085
0.151035
0.153789
0.157578
0.162677
0.169345
0.17768
0.186174
0.192989
0.197991
0.201557
0.204048
0.205697
0.20672
0.207266
0.207448
0.207403
0.137332
0.137376
0.137996
0.139421
0.141799
0.145231
0.149963
0.156367
0.164729
0.175125
0.185666
0.194104
0.200275
0.20472
0.207813
0.209898
0.211213
0.211918
0.212141
0.212083
0.125042
0.125097
0.125879
0.127692
0.130673
0.135004
0.14102
0.149142
0.159669
0.172634
0.185666
0.196036
0.203649
0.209088
0.212901
0.215497
0.217152
0.218028
0.2183
0.218225
0.109731
0.109809
0.110853
0.113222
0.117097
0.122689
0.130449
0.140837
0.154134
0.170281
0.186306
0.198967
0.208222
0.214851
0.219517
0.222722
0.224779
0.225848
0.226176
0.226082
0.0902416
0.0903598
0.0918028
0.0950404
0.100261
0.107691
0.117885
0.131307
0.148147
0.168175
0.187726
0.203035
0.2142
0.222216
0.227891
0.231824
0.234369
0.235697
0.23608
0.235958
0.0647836
0.0649792
0.0671127
0.0717894
0.0791368
0.0893555
0.103038
0.120529
0.141829
0.166494
0.190102
0.208405
0.221739
0.231362
0.238235
0.243047
0.246176
0.247793
0.248244
0.248087
0.030313
0.0307079
0.0342291
0.0416129
0.0525703
0.0671533
0.0858245
0.108669
0.135442
0.16549
0.193625
0.215217
0.23095
0.242399
0.25069
0.256589
0.260463
0.262443
0.262959
0.262753
-0.0190055
-0.0175688
-0.0104336
0.00247033
0.0197143
0.041029
0.066577
0.0961857
0.12941
0.165463
0.19846
0.223533
0.241832
0.255292
0.265225
0.272465
0.277319
0.2798
0.280401
0.280122
-0.092334
-0.0838433
-0.06747
-0.0446305
-0.0179508
0.0123256
0.0462789
0.0836889
0.124094
0.166733
0.205071
0.234062
0.255364
0.27129
0.283381
0.292553
0.298964
0.302432
0.303378
0.303244
-0.170494
-0.15177
-0.125514
-0.0922709
-0.0558572
-0.0164934
0.0259591
0.0713829
0.119411
0.169414
0.214182
0.248221
0.273563
0.29288
0.307928
0.319739
0.328472
0.333656
0.335397
0.335437
-0.234368
-0.212788
-0.178371
-0.136713
-0.0917563
-0.043909
0.00668836
0.0598688
0.115268
0.172281
0.222995
0.261532
0.29034
0.31246
0.329799
0.343425
0.35369
0.359889
0.361388
0.361609
-0.286193
-0.262452
-0.223171
-0.175492
-0.123851
-0.0690099
-0.0113199
0.0488669
0.111061
0.174559
0.230637
0.273006
0.304538
0.32864
0.347457
0.362246
0.373333
0.379992
0.381843
0.382183
-0.32872
-0.304022
-0.261221
-0.208978
-0.15207
-0.0915507
-0.0278776
0.0384334
0.106699
0.17604
0.236854
0.28243
0.316048
0.341525
0.361259
0.376696
0.388125
0.395066
0.397262
0.397601
-0.364996
-0.339756
-0.294387
-0.238452
-0.177205
-0.111924
-0.0431353
0.0285264
0.102211
0.176816
0.241874
0.29019
0.325469
0.351923
0.372183
0.38784
0.399348
0.406338
0.408676
0.408974
-0.396967
-0.371417
-0.324065
-0.265088
-0.200206
-0.130801
-0.0575012
0.0189344
0.0975428
0.177006
0.245985
0.296835
0.333599
0.360832
0.381409
0.397119
0.408576
0.415548
0.418001
0.418286
-0.426081
-0.400248
-0.351277
-0.28972
-0.221718
-0.148704
-0.0713947
0.00937961
0.0925422
0.176606
0.249394
0.302691
0.340839
0.368788
0.389681
0.405449
0.416873
0.423787
0.426322
0.426586
-0.453194
-0.42711
-0.376736
-0.312967
-0.242236
-0.166039
-0.0851348
-0.00039486
0.0870314
0.175507
0.252023
0.3078
0.347438
0.376225
0.39752
0.413435
0.42488
0.431645
0.434191
0.434522
-0.478995
-0.452609
-0.400931
-0.335274
-0.262104
-0.183073
-0.0989374
-0.0105743
0.0808365
0.173566
0.253891
0.312372
0.353706
0.383471
0.405284
0.421425
0.432919
0.439595
0.442065
0.442393
-0.503771
-0.477049
-0.424212
-0.356899
-0.281546
-0.199992
-0.112949
-0.0212698
0.0738827
0.170807
0.255075
0.316449
0.3597
0.390649
0.413145
0.429636
0.44125
0.447879
0.450215
0.450473
-0.527861
-0.500734
-0.447007
-0.378024
-0.300721
-0.216913
-0.12724
-0.0325223
0.0661553
0.16716
0.255438
0.319968
0.365426
0.397821
0.421193
0.43817
0.449968
0.456567
0.458745
0.45891
-0.551312
-0.523702
-0.469207
-0.398724
-0.319702
-0.233875
-0.141842
-0.0443535
0.0575851
0.162495
0.254879
0.322861
0.370867
0.404982
0.42944
0.447038
0.459083
0.465654
0.467695
0.467722
-0.574204
-0.546193
-0.490839
-0.419053
-0.338502
-0.250889
-0.15676
-0.0567935
0.0481268
0.156772
0.253298
0.324988
0.375908
0.41208
0.437857
0.456214
0.468547
0.475044
0.476924
0.476825
-0.596625
-0.568124
-0.511951
-0.439013
-0.357121
-0.267928
-0.171955
-0.0697986
0.0378233
0.149964
0.250571
0.326178
0.380386
0.419021
0.446402
0.465648
0.478277
0.484627
0.486287
0.486079
-0.618564
-0.589521
-0.532566
-0.458579
-0.375496
-0.284936
-0.187358
-0.0832898
0.026724
0.142042
0.246597
0.326247
0.384103
0.425675
0.455047
0.475332
0.488199
0.494289
0.495662
0.495355
-0.639865
-0.610321
-0.552622
-0.477708
-0.39358
-0.301833
-0.202891
-0.0971805
0.0148914
0.133042
0.241295
0.324998
0.386791
0.431845
0.463781
0.485351
0.498279
0.503834
0.504815
0.504415
-0.660481
-0.630467
-0.572087
-0.49634
-0.411308
-0.318552
-0.218456
-0.111387
0.00242412
0.123014
0.234623
0.322259
0.388144
0.437207
0.472529
0.495979
0.508766
0.513165
0.513473
0.513015
-0.680479
-0.649916
-0.590925
-0.514434
-0.428612
-0.335007
-0.233961
-0.125792
-0.0105657
0.112049
0.226569
0.317898
0.387836
0.441264
0.48099
0.50761
0.520584
0.522772
0.521448
0.520954
-0.699685
-0.668662
-0.60908
-0.531924
-0.445432
-0.351115
-0.249308
-0.140275
-0.0239487
0.100272
0.21718
0.311821
0.385581
0.443333
0.488363
0.520189
0.535451
0.535377
0.530155
0.528361
-0.718184
-0.686698
-0.62657
-0.548836
-0.461802
-0.366924
-0.264551
-0.154901
-0.0377959
0.0876161
0.206335
0.303788
0.381087
0.442598
0.493152
0.532357
0.553969
0.556714
0.546271
0.531214
-0.735917
-0.704024
-0.643527
-0.565354
-0.478006
-0.38276
-0.280102
-0.170156
-0.0526607
0.073408
0.193326
0.292912
0.373602
0.437861
0.492241
0.539196
0.567479
0.567961
0.552238
0.535287
-0.752728
-0.720692
-0.65979
-0.581249
-0.49379
-0.398302
-0.295738
-0.185703
-0.0682075
0.0579695
0.178375
0.278966
0.362741
0.428603
0.480691
0.528823
0.556838
0.545597
0.476123
0.439041
-0.768215
-0.737849
-0.674958
-0.595946
-0.508461
-0.413066
-0.311181
-0.201302
-0.0841907
0.0414763
0.16155
0.261828
0.347802
0.415381
0.45761
0.489689
0.502303
0.456682
0.382393
0.335992
-0.81665
-0.753424
-0.688756
-0.610564
-0.523157
-0.428234
-0.326416
-0.217156
-0.100888
0.0235817
0.142428
0.241277
0.326164
0.399967
0.4115
0.420193
0.391291
0.327964
0.24705
0.201841
-0.78313
-0.76688
-0.708777
-0.63185
-0.544683
-0.450293
-0.349553
-0.241454
-0.126909
-0.00501615
0.110329
0.205566
0.28171
0.353503
0.35747
0.245766
0.13749
0.0630686
-0.0138444
0.0274374
-0.812902
-0.783878
-0.724881
-0.64802
-0.561275
-0.467341
-0.36666
-0.259504
-0.146448
-0.0269662
0.0847866
0.175711
0.243859
0.282527
0.235732
0.0823535
-0.0557654
-0.153619
-0.257452
-0.195104
-0.835298
-0.803737
-0.743388
-0.666228
-0.579663
-0.485953
-0.385612
-0.279576
-0.168322
-0.0517934
0.0556239
0.140757
0.199079
0.207024
0.0950202
-0.0967311
-0.265668
-0.398951
-0.548592
-0.483658
-0.856903
-0.824015
-0.762643
-0.684826
-0.598198
-0.504714
-0.405067
-0.300271
-0.191
-0.0777531
0.0246192
0.103156
0.148203
0.117948
-0.0553873
-0.278528
-0.491456
-0.687776
-0.908369
-0.882072
-0.877643
-0.844602
-0.782525
-0.704135
-0.617411
-0.524216
-0.425369
-0.321918
-0.214856
-0.105235
-0.00846672
0.0628987
0.0900927
0.0229014
-0.200875
-0.447922
-0.698325
-0.917629
-1.21811
-1.52494
-0.898493
-0.865706
-0.803257
-0.724506
-0.637685
-0.544741
-0.446622
-0.344529
-0.239753
-0.133938
-0.0429655
0.0204063
0.0299961
-0.089801
-0.329102
-0.583433
-0.836473
-1.04063
-1.14038
-1.31687
-0.920182
-0.887613
-0.825095
-0.74623
-0.659432
-0.566822
-0.469516
-0.36894
-0.266748
-0.1652
-0.0805177
-0.0266772
-0.0417118
-0.211176
-0.444173
-0.683119
-0.896433
-1.01777
-1.0436
-1.06779
-0.943003
-0.910653
-0.848159
-0.769332
-0.682712
-0.590579
-0.494294
-0.395512
-0.296309
-0.199653
-0.121832
-0.079236
-0.122123
-0.323238
-0.549711
-0.762418
-0.926664
-0.986578
-1.00205
-1.00468
-0.967132
-0.934895
-0.872472
-0.793738
-0.707407
-0.615936
-0.520875
-0.424183
-0.328379
-0.237255
-0.166757
-0.13779
-0.204942
-0.429658
-0.647624
-0.837598
-0.960242
-0.974036
-0.978172
-0.978389
-0.992478
-0.960183
-0.897971
-0.819373
-0.733445
-0.642778
-0.549138
-0.45482
-0.362811
-0.277797
-0.215349
-0.199746
-0.298349
-0.528846
-0.737965
-0.905007
-0.953744
-0.965438
-0.967516
-0.967245
-1.01874
-0.986371
-0.924495
-0.846069
-0.760642
-0.670925
-0.578905
-0.487201
-0.399414
-0.320877
-0.267419
-0.263384
-0.406697
-0.62406
-0.816696
-0.953663
-0.972125
-0.964805
-0.962711
-0.961712
-1.04536
-1.01322
-0.951558
-0.873533
-0.788707
-0.700077
-0.609849
-0.520954
-0.437773
-0.366009
-0.321981
-0.33418
-0.513376
-0.724935
-0.874997
-0.960155
-0.969335
-0.963481
-0.958984
-0.957618
-1.07185
-1.04018
-0.978789
-0.901302
-0.817198
-0.729761
-0.64148
-0.555539
-0.477148
-0.412665
-0.377374
-0.410386
-0.610337
-0.838791
-0.935899
-0.922677
-0.952824
-0.959319
-0.958131
-0.957193
-1.0974
-1.06629
-1.00562
-0.928774
-0.845478
-0.759354
-0.673089
-0.59022
-0.516428
-0.459957
-0.432777
-0.487428
-0.701644
-0.963074
-1.11745
-1.05203
-1.05635
-1.05106
-1.0471
-1.04013
-1.12095
-1.09054
-1.03137
-0.955118
-0.872801
-0.788011
-0.703732
-0.623943
-0.554311
-0.506068
-0.487918
-0.564841
-0.806839
-1.07156
-1.48524
-1.52885
-1.32526
-1.28543
-1.26774
-1.25586
-1.14123
-1.11216
-1.05433
-0.97937
-0.898166
-0.814738
-0.732254
-0.655217
-0.589468
-0.547953
-0.541892
-0.632259
-0.914615
-1.05784
-1.10364
-1.13972
-1.3552
-1.46238
-1.43594
-1.43045
-1.15685
-1.12963
-1.07383
-1.00027
-0.920349
-0.838295
-0.75742
-0.682244
-0.619962
-0.582199
-0.591457
-0.687247
-0.971547
-0.940834
-0.582304
-0.809908
-1.26487
-1.43309
-1.44587
-1.45608
-1.16652
-1.1417
-1.08851
-1.0167
-0.938138
-0.857373
-0.777666
-0.703341
-0.642523
-0.60721
-0.627639
-0.756242
-1.16839
-1.65891
-2.08643
-2.51035
-2.55595
-2.18644
-1.84856
-1.79896
-1.16861
-1.14706
-1.0972
-1.02756
-0.950419
-0.870684
-0.791494
-0.716919
-0.654284
-0.618205
-0.636784
-0.818826
-1.40785
-2.3903
-3.28843
-3.71841
-3.68045
-3.33688
-2.90598
-2.67824
-1.16257
-1.14464
-1.09892
-1.03202
-0.956329
-0.877334
-0.797744
-0.721265
-0.65377
-0.606802
-0.611235
-0.74755
-1.261
-1.89846
-2.59597
-2.90909
-2.83726
-2.55507
-2.25645
-2.07498
-1.14726
-1.13298
-1.09302
-1.02979
-0.955586
-0.876918
-0.79608
-0.715944
-0.639797
-0.572669
-0.536958
-0.494796
-0.627016
-0.68538
-0.644254
-0.471738
-0.187697
0.0713677
0.254485
0.33736
-1.12387
-1.11353
-1.07979
-1.0211
-0.948483
-0.869809
-0.787331
-0.702199
-0.614165
-0.525215
-0.423516
-0.312227
-0.0331261
0.418677
0.95695
1.49497
1.91764
2.17998
2.30489
2.34048
-1.09456
-1.08809
-1.06122
-1.00729
-0.936043
-0.85736
-0.773388
-0.684165
-0.588074
-0.476575
-0.350434
-0.205245
0.0676593
0.633567
1.31494
1.92075
2.35975
2.61504
2.7319
2.76804
-1.06215
-1.05874
-1.03942
-0.989635
-0.919468
-0.841165
-0.757229
-0.667183
-0.567213
-0.449429
-0.32388
-0.189032
-0.0200938
0.413009
0.979648
1.4601
1.81605
2.02491
2.12718
2.16273
-1.02768
-1.02645
-1.01309
-0.967739
-0.898915
-0.821459
-0.740188
-0.653191
-0.556703
-0.443395
-0.324904
-0.224012
-0.135299
0.097885
0.47702
0.805357
1.05634
1.21074
1.28907
1.31414
-0.975251
-0.976213
-0.967108
-0.928465
-0.865718
-0.794413
-0.720683
-0.642336
-0.554063
-0.448649
-0.338615
-0.258251
-0.204338
-0.0669829
0.195216
0.420924
0.586861
0.689934
0.745525
0.759565
-0.891922
-0.89229
-0.885634
-0.858211
-0.81116
-0.755774
-0.696839
-0.632159
-0.554531
-0.457743
-0.353674
-0.273981
-0.228206
-0.138572
0.0400576
0.180173
0.2808
0.340031
0.366845
0.373556
-0.798477
-0.797695
-0.792568
-0.776938
-0.748394
-0.712319
-0.67132
-0.622854
-0.559659
-0.471518
-0.368317
-0.28168
-0.222155
-0.164922
-0.0688458
0.0162511
0.0756548
0.110103
0.125871
0.128241
-0.728806
-0.727304
-0.72373
-0.716077
-0.701013
-0.68051
-0.655434
-0.623257
-0.575616
-0.499399
-0.393
-0.28879
-0.211666
-0.162127
-0.121984
-0.0821855
-0.0488485
-0.0266604
-0.0152092
-0.0148087
-0.697256
-0.695916
-0.693714
-0.68988
-0.682627
-0.672405
-0.660383
-0.645258
-0.61927
-0.564864
-0.46342
-0.343569
-0.24815
-0.217342
-0.188139
-0.155915
-0.127731
-0.107102
-0.0966802
-0.0975128
-0.695651
-0.694935
-0.694127
-0.693143
-0.691637
-0.690973
-0.693927
-0.702799
-0.714921
-0.712434
-0.636954
-0.492932
-0.37667
-0.332224
-0.306475
-0.258852
-0.211043
-0.176939
-0.161696
-0.163212
-0.709357
-0.70955
-0.71071
-0.713227
-0.7186
-0.730225
-0.754345
-0.801195
-0.882646
-0.979002
-0.963599
-0.774114
-0.602697
-0.534535
-0.470215
-0.386294
-0.307661
-0.252022
-0.229982
-0.233922
-0.722383
-0.723699
-0.727133
-0.733764
-0.747142
-0.773444
-0.824297
-0.923131
-1.10761
-1.36815
-1.43478
-1.18361
-0.915462
-0.775351
-0.661654
-0.532011
-0.422564
-0.351871
-0.332621
-0.336879
-0.717713
-0.720093
-0.725321
-0.735667
-0.756273
-0.795715
-0.872027
-1.02357
-1.31534
-1.74885
-1.91195
-1.59971
-1.24569
-1.03732
-0.870374
-0.71055
-0.591099
-0.527046
-0.514975
-0.51839
-0.68144
-0.684341
-0.690455
-0.702707
-0.727049
-0.773404
-0.863445
-1.04253
-1.38699
-1.91055
-2.10367
-1.79016
-1.42164
-1.21148
-1.01924
-0.884014
-0.808766
-0.775764
-0.76294
-0.761674
-0.608633
-0.611358
-0.617063
-0.628525
-0.651564
-0.695759
-0.78112
-0.951966
-1.28459
-1.76164
-1.9222
-1.66378
-1.39525
-1.20442
-1.04772
-0.975161
-0.962458
-0.954539
-0.939818
-0.933642
-0.506129
-0.5081
-0.512256
-0.520749
-0.538278
-0.572113
-0.637427
-0.767614
-1.02227
-1.38674
-1.52174
-1.36789
-1.18146
-1.00985
-0.918609
-0.906537
-0.929146
-0.930793
-0.922019
-0.916431
-0.389294
-0.390268
-0.392423
-0.397134
-0.407418
-0.427622
-0.46666
-0.543916
-0.69554
-0.922823
-1.02167
-0.936897
-0.801839
-0.701218
-0.681637
-0.722851
-0.751786
-0.757711
-0.755929
-0.753601
-0.275449
-0.275551
-0.276029
-0.27751
-0.281478
-0.289742
-0.305864
-0.337528
-0.399087
-0.498171
-0.545167
-0.487335
-0.425089
-0.419285
-0.473168
-0.521688
-0.543056
-0.548487
-0.549999
-0.549558
-0.177717
-0.177287
-0.176773
-0.176318
-0.17631
-0.176936
-0.178585
-0.182153
-0.188661
-0.192016
-0.174553
-0.153792
-0.180194
-0.2425
-0.303607
-0.340266
-0.355258
-0.362184
-0.364904
-0.365401
-0.102286
-0.101663
-0.100818
-0.0996726
-0.0980051
-0.0952346
-0.0905395
-0.082622
-0.0693405
-0.0474177
-0.0233097
-0.0232891
-0.0732425
-0.133519
-0.178368
-0.204141
-0.215829
-0.221226
-0.224301
-0.225187
-0.0492519
-0.0486629
-0.0478897
-0.0468316
-0.0450148
-0.041653
-0.0357492
-0.0259356
-0.0107523
0.0093737
0.0219378
0.0116487
-0.0267845
-0.0685282
-0.0989808
-0.115979
-0.124063
-0.128273
-0.130763
-0.131571
-0.0151121
-0.0146578
-0.0141147
-0.0134409
-0.0121398
-0.00947423
-0.00466673
0.00317413
0.0145023
0.0271469
0.030411
0.017762
-0.00800992
-0.0341877
-0.0530973
-0.0639667
-0.0693828
-0.0721998
-0.0738674
-0.0744245
0.00483683
0.00514433
0.00546211
0.00572576
0.0064053
0.00807438
0.0112529
0.0163814
0.0233127
0.0297097
0.028221
0.0169753
7.70581e-05
-0.0159492
-0.027522
-0.0343631
-0.0378755
-0.0396926
-0.0407243
-0.0410646
0.014958
0.0151465
0.0152873
0.0152608
0.0154508
0.0162681
0.0180354
0.0209279
0.0245793
0.0270549
0.0238237
0.0149652
0.00391568
-0.00599244
-0.0131488
-0.0175247
-0.019857
-0.0210466
-0.0216795
-0.0218822
0.0186715
0.0187771
0.018804
0.0186113
0.0185029
0.018734
0.0195092
0.0208651
0.02243
0.0228057
0.0193877
0.0128268
0.00557414
-0.000669663
-0.00519115
-0.00805005
-0.00963596
-0.010433
-0.010825
-0.0109476
0.0183973
0.0184515
0.018419
0.0181683
0.0179075
0.0178064
0.0179895
0.0184382
0.018849
0.0182781
0.015311
0.010639
0.00587025
0.00187929
-0.00102455
-0.00291487
-0.00399756
-0.00453485
-0.00478344
-0.00485952
0.0157269
0.0157523
0.0156978
0.0154508
0.0151466
0.0149016
0.0147915
0.0147853
0.0146657
0.0138288
0.0115379
0.00835247
0.0052638
0.00272568
0.00086677
-0.000374418
-0.00110506
-0.0014642
-0.00161854
-0.00166257
0.0116501
0.0116603
0.011605
0.0113948
0.0111191
0.0108599
0.0106635
0.0105028
0.010237
0.00950672
0.0079481
0.00594423
0.00406095
0.00252795
0.00139426
0.000617799
0.000148893
-7.88589e-05
-0.000173223
-0.000201161
0.00675851
0.0067609
0.00671778
0.00656912
0.00637542
0.00619445
0.00604558
0.00591086
0.00571427
0.00527572
0.0044353
0.00340126
0.00244739
0.0016739
0.00109523
0.00068652
0.000430739
0.000306535
0.000253588
0.000236686
0.00142121
0.00143019
0.00147834
0.00151888
0.00148842
0.00143219
0.00137256
0.00131495
0.00124683
0.0011419
0.000961919
0.000718459
0.000484458
0.000285557
0.000131523
2.30088e-05
-2.9948e-05
-1.26547e-05
3.21771e-05
5.43087e-05
-0.670645
-0.443155
-0.202974
-0.0058036
0.152966
0.280552
0.388282
0.478424
0.516009
0.500403
-0.277184
-0.130487
0.0208014
0.151651
0.262487
0.35512
0.430024
0.482943
0.511049
0.523322
-0.0166692
0.0812829
0.182558
0.273202
0.351329
0.416767
0.468628
0.506794
0.534105
0.551399
0.166911
0.234484
0.3058
0.371023
0.427637
0.475502
0.51464
0.545906
0.57052
0.588412
0.306917
0.355258
0.407959
0.456588
0.499781
0.537251
0.569123
0.595642
0.616794
0.63449
0.420263
0.456629
0.49898
0.537743
0.57315
0.604784
0.632297
0.655404
0.673332
0.690811
0.518563
0.549453
0.586041
0.620337
0.652064
0.680783
0.705842
0.726592
0.74181
0.759227
0.610784
0.641441
0.676944
0.710407
0.741151
0.76873
0.792438
0.811468
0.824537
0.842015
0.708352
0.742604
0.779961
0.814512
0.845269
0.872033
0.89444
0.911907
0.923638
0.941475
0.824679
0.863522
0.902308
0.937078
0.96678
0.991822
1.01242
1.02836
1.03988
1.05826
0.970339
1.01014
1.04582
1.07649
1.10232
1.12459
1.14378
1.15945
1.17222
1.19038
1.14526
1.17764
1.20365
1.22611
1.2463
1.26517
1.2829
1.29954
1.31535
1.33357
1.33313
1.35083
1.36654
1.38325
1.39949
1.4141
1.4272
1.44122
1.45836
1.47806
1.51513
1.526
1.53819
1.54902
1.55831
1.56794
1.57891
1.59054
1.60052
1.61571
1.72609
1.72815
1.71301
1.6978
1.69149
1.6972
1.71582
1.74626
1.77843
1.80918
2.03202
1.89498
1.81874
1.77674
1.75932
1.76336
1.79076
1.8469
1.95036
2.16565
0.312766
0.309391
0.303468
0.293666
0.28073
0.268313
0.258003
0.250048
0.244361
0.241006
0.240503
0.243071
0.248031
0.255148
0.264482
0.276091
0.289161
0.30111
0.308544
0.313249
0.230767
0.236654
0.243569
0.248819
0.251676
0.251358
0.248463
0.244539
0.240936
0.238559
0.238253
0.240276
0.243798
0.248006
0.251828
0.253734
0.252549
0.248399
0.242461
0.235398
0.223102
0.22545
0.228817
0.231748
0.233987
0.235807
0.236777
0.236514
0.235449
0.234464
0.234466
0.235692
0.237308
0.238413
0.238315
0.237023
0.235116
0.232691
0.229476
0.226487
0.217948
0.219033
0.220926
0.223355
0.225363
0.226795
0.227911
0.228766
0.229194
0.229332
0.229637
0.230191
0.230508
0.230268
0.229565
0.228533
0.226987
0.224806
0.222604
0.221162
0.212859
0.213508
0.214655
0.216451
0.218336
0.22002
0.221325
0.222344
0.223213
0.223933
0.224456
0.224679
0.224546
0.224101
0.223316
0.222072
0.220435
0.218688
0.217242
0.216431
0.207989
0.20843
0.209265
0.210681
0.212311
0.213971
0.21554
0.216884
0.217988
0.218912
0.219569
0.219788
0.219579
0.218956
0.217919
0.216599
0.215167
0.213778
0.212703
0.212156
0.203323
0.203638
0.204307
0.205541
0.207021
0.208581
0.210194
0.211753
0.213123
0.214237
0.21503
0.215327
0.215061
0.214312
0.213239
0.212026
0.210786
0.209584
0.208707
0.208306
0.198931
0.199154
0.199703
0.200822
0.202236
0.203717
0.205229
0.206788
0.208335
0.209716
0.210707
0.211045
0.210773
0.210108
0.209229
0.208205
0.207083
0.206008
0.205277
0.204981
0.194822
0.194972
0.195424
0.196444
0.197793
0.199239
0.200725
0.202228
0.203741
0.20523
0.206423
0.206976
0.206974
0.206579
0.205888
0.205
0.204002
0.203057
0.202453
0.20224
0.191098
0.191178
0.19155
0.192513
0.193834
0.19526
0.196798
0.198438
0.200128
0.201775
0.203196
0.204052
0.204251
0.203972
0.203379
0.202623
0.201752
0.200903
0.2004
0.200264
0.187908
0.187942
0.188206
0.18897
0.190083
0.19132
0.192675
0.194189
0.195902
0.197765
0.199506
0.200688
0.201247
0.201387
0.201216
0.200811
0.200254
0.199685
0.199374
0.199304
0.184901
0.184912
0.185095
0.185655
0.186562
0.187682
0.189014
0.1906
0.192442
0.194524
0.196648
0.198291
0.199265
0.199708
0.199833
0.199739
0.199525
0.199278
0.199158
0.19912
0.181527
0.181543
0.181696
0.182114
0.182838
0.183837
0.185107
0.18674
0.188794
0.191254
0.193877
0.196028
0.197447
0.198348
0.198824
0.199117
0.199245
0.199291
0.1993
0.199276
0.177391
0.177404
0.177552
0.177934
0.178593
0.179566
0.180915
0.182719
0.185058
0.187971
0.191216
0.194023
0.196009
0.197347
0.198241
0.198838
0.199248
0.199493
0.199573
0.199557
0.172355
0.172357
0.172515
0.172968
0.173711
0.174816
0.176374
0.178506
0.181333
0.184893
0.188931
0.192481
0.195044
0.196841
0.198119
0.198953
0.199582
0.199934
0.200055
0.200054
0.166428
0.166415
0.166596
0.167125
0.168051
0.169384
0.171272
0.17386
0.177286
0.181663
0.186687
0.191176
0.19448
0.196839
0.198487
0.199681
0.200447
0.200864
0.201027
0.201043
0.159618
0.159589
0.159785
0.160432
0.161583
0.163303
0.165588
0.168783
0.173014
0.178433
0.184681
0.190319
0.194499
0.197497
0.199618
0.201096
0.202028
0.202557
0.202788
0.202821
0.151772
0.151727
0.151971
0.152732
0.154131
0.156258
0.159152
0.163078
0.168326
0.175058
0.182833
0.189866
0.195115
0.198905
0.201576
0.203412
0.204588
0.205279
0.205589
0.205636
0.142583
0.142528
0.142824
0.143766
0.145459
0.14804
0.151635
0.156564
0.16313
0.171528
0.181201
0.189937
0.196466
0.201168
0.20451
0.206803
0.208311
0.209215
0.209616
0.209672
0.131475
0.131409
0.131807
0.13299
0.135079
0.138268
0.142797
0.149029
0.157295
0.167808
0.17983
0.190627
0.19866
0.204494
0.20861
0.211456
0.213359
0.214515
0.215015
0.215082
0.117754
0.117675
0.118225
0.119746
0.122414
0.126473
0.13227
0.140224
0.15071
0.163901
0.178803
0.192068
0.201917
0.209033
0.214074
0.217578
0.219946
0.221389
0.222008
0.222084
0.100478
0.100392
0.101177
0.103222
0.106736
0.112065
0.119641
0.129937
0.143318
0.159859
0.178238
0.19441
0.20635
0.214979
0.221112
0.225401
0.228318
0.230092
0.230849
0.230933
0.078172
0.0780896
0.0792668
0.082147
0.0869963
0.0942755
0.104442
0.117966
0.135113
0.155798
0.178295
0.197816
0.212151
0.222524
0.229937
0.235164
0.238747
0.240925
0.241835
0.241931
0.0485282
0.0484998
0.0503875
0.0547306
0.0618395
0.0722183
0.0862402
0.104222
0.126225
0.151929
0.179175
0.202453
0.219461
0.231811
0.240715
0.247067
0.251467
0.254134
0.255228
0.255329
0.0073786
0.00756531
0.0110318
0.0184117
0.0296946
0.0451922
0.0649392
0.0889431
0.116999
0.14857
0.181108
0.208459
0.228358
0.242889
0.253504
0.261213
0.266654
0.26994
0.271233
0.271328
-0.0530568
-0.0515779
-0.0432131
-0.0292656
-0.010264
0.013394
0.0411523
0.0728034
0.108001
0.146115
0.1843
0.215891
0.238795
0.255631
0.268123
0.277402
0.284087
0.288173
0.289735
0.289837
-0.125635
-0.122945
-0.107039
-0.0827292
-0.0531989
-0.0200556
0.0164629
0.0563113
0.0992246
0.144649
0.189519
0.226551
0.253645
0.273909
0.289294
0.301068
0.309856
0.315192
0.316928
0.317287
-0.199986
-0.192076
-0.168595
-0.134289
-0.0950369
-0.0526902
-0.00745871
0.040584
0.0912243
0.144001
0.195662
0.238237
0.269557
0.293265
0.311622
0.325987
0.336977
0.343317
0.346175
0.346959
-0.258404
-0.249026
-0.220764
-0.179706
-0.132968
-0.0828869
-0.0299276
0.0256795
0.0835964
0.143304
0.201261
0.248787
0.283689
0.310106
0.33056
0.346556
0.358739
0.366361
0.370144
0.371152
-0.305903
-0.295968
-0.26427
-0.218448
-0.16606
-0.109848
-0.050469
0.0116939
0.0761383
0.142171
0.20582
0.257635
0.295415
0.323817
0.345674
0.36273
0.375761
0.384274
0.388437
0.389479
-0.345407
-0.335356
-0.301513
-0.251937
-0.195037
-0.133843
-0.0691052
-0.00130863
0.0688734
0.140577
0.209321
0.264862
0.304972
0.334824
0.357582
0.375191
0.388581
0.397466
0.401766
0.402871
-0.379723
-0.369655
-0.334229
-0.281663
-0.22103
-0.155638
-0.0862835
-0.013552
0.0617459
0.138577
0.211981
0.270862
0.312989
0.344012
0.367385
0.385233
0.398669
0.40764
0.411908
0.413078
-0.410402
-0.400357
-0.363736
-0.308684
-0.244949
-0.175947
-0.102518
-0.025383
0.0545744
0.136152
0.213938
0.276022
0.32006
0.352113
0.375964
0.39398
0.407423
0.416415
0.420695
0.421782
-0.43864
-0.428585
-0.390975
-0.333808
-0.267421
-0.195258
-0.118236
-0.0371206
0.0471257
0.133189
0.215217
0.280423
0.326334
0.359444
0.38383
0.402077
0.415584
0.424554
0.428865
0.429788
-0.465199
-0.455108
-0.416623
-0.357653
-0.288911
-0.213958
-0.133732
-0.0490083
0.0392038
0.129515
0.215679
0.284083
0.332039
0.366374
0.391419
0.409968
0.423577
0.432546
0.436836
0.437667
-0.490551
-0.480404
-0.441146
-0.38058
-0.309734
-0.232289
-0.149198
-0.0612103
0.0306648
0.125018
0.215347
0.287168
0.337369
0.373101
0.39896
0.417941
0.431742
0.440726
0.444974
0.445776
-0.515077
-0.504806
-0.46472
-0.402856
-0.330088
-0.25043
-0.164769
-0.0738169
0.0214579
0.119702
0.214207
0.289603
0.342319
0.379697
0.406576
0.426143
0.44024
0.449289
0.453423
0.454203
-0.538955
-0.528483
-0.487737
-0.424588
-0.350102
-0.268476
-0.180501
-0.0868574
0.0115584
0.113492
0.212112
0.291286
0.346841
0.386176
0.414302
0.434618
0.449106
0.458251
0.462275
0.463005
-0.56222
-0.551559
-0.510236
-0.445815
-0.369828
-0.286446
-0.196414
-0.100353
0.000916318
0.106285
0.208977
0.292131
0.350839
0.392469
0.422113
0.443357
0.458333
0.467592
0.471485
0.472103
-0.585008
-0.574093
-0.532118
-0.466593
-0.389281
-0.304349
-0.212501
-0.114299
-0.0104663
0.0980969
0.204734
0.291986
0.354176
0.39848
0.429961
0.452325
0.467861
0.477219
0.480936
0.481413
-0.607231
-0.59607
-0.553469
-0.486929
-0.408435
-0.322141
-0.228699
-0.12863
-0.0225221
0.0889388
0.199306
0.290695
0.356656
0.404068
0.43778
0.461493
0.477633
0.487012
0.490492
0.4908
-0.628901
-0.617486
-0.574251
-0.506794
-0.427245
-0.339762
-0.244945
-0.143258
-0.0351773
0.0788355
0.192657
0.288118
0.358047
0.409012
0.445483
0.470888
0.487649
0.496856
0.499941
0.500066
-0.649882
-0.63826
-0.594408
-0.52613
-0.445651
-0.357135
-0.261159
-0.1581
-0.0483525
0.0678664
0.184778
0.28413
0.358113
0.413021
0.452915
0.480604
0.498058
0.506704
0.509077
0.50897
-0.670246
-0.658348
-0.613913
-0.544904
-0.463611
-0.374209
-0.277245
-0.173069
-0.0619402
0.0561365
0.175703
0.27864
0.356612
0.415702
0.459748
0.490744
0.509392
0.516905
0.517752
0.517235
-0.689876
-0.677702
-0.632741
-0.56306
-0.481042
-0.390897
-0.293117
-0.188034
-0.0758158
0.043735
0.16551
0.271602
0.353352
0.416591
0.465358
0.501102
0.522541
0.528988
0.526667
0.524589
-0.708786
-0.696386
-0.650839
-0.580546
-0.497902
-0.407132
-0.308689
-0.202909
-0.0898597
0.0308188
0.154318
0.262998
0.348208
0.415231
0.468733
0.510609
0.537679
0.546097
0.540478
0.528999
-0.726916
-0.714352
-0.668301
-0.597513
-0.514402
-0.423196
-0.3243
-0.218108
-0.104544
0.0168435
0.141532
0.252157
0.340519
0.410948
0.468321
0.516995
0.552564
0.567095
0.562607
0.553821
-0.744233
-0.731562
-0.685152
-0.613907
-0.53052
-0.439079
-0.339916
-0.233636
-0.119884
0.00173033
0.127029
0.2388
0.329712
0.40316
0.461694
0.514202
0.55434
0.572711
0.543985
0.489635
-0.760502
-0.74736
-0.701367
-0.629662
-0.546333
-0.454868
-0.355557
-0.249365
-0.1358
-0.0144286
0.11081
0.222859
0.315054
0.391683
0.448124
0.49184
0.529869
0.528625
0.472536
0.40392
-0.777422
-0.762108
-0.716626
-0.644331
-0.561631
-0.470194
-0.371478
-0.265234
-0.152157
-0.0314587
0.0929215
0.204297
0.295617
0.37762
0.428735
0.474782
0.460125
0.427705
0.357783
0.284143
-0.763905
-0.743949
-0.695885
-0.620549
-0.533316
-0.438444
-0.334887
-0.225992
-0.110252
0.013455
0.131427
0.22946
0.312276
0.396334
0.450367
0.374306
0.331251
0.269882
0.1935
0.141895
-0.7832
-0.769394
-0.733949
-0.667512
-0.585167
-0.494297
-0.395681
-0.290278
-0.178427
-0.0596121
0.0619559
0.170408
0.256871
0.334991
0.403296
0.400375
0.287202
0.201795
0.137077
0.0482227
-0.803128
-0.788805
-0.748043
-0.680312
-0.597682
-0.507429
-0.410085
-0.305801
-0.195232
-0.0782942
0.0408317
0.146433
0.229321
0.294304
0.321616
0.25015
0.0987151
-0.00392778
-0.0826145
-0.177763
-0.823114
-0.811023
-0.766004
-0.697029
-0.614399
-0.524157
-0.427
-0.323259
-0.213899
-0.0989106
0.016824
0.117421
0.193612
0.24187
0.217594
0.0806074
-0.0871813
-0.217171
-0.326102
-0.46092
-0.844899
-0.832527
-0.785668
-0.715654
-0.63289
-0.542712
-0.445819
-0.342891
-0.234953
-0.122301
-0.0104752
0.0844317
0.152712
0.181968
0.115637
-0.0858747
-0.287764
-0.459422
-0.622579
-0.826215
-0.865824
-0.853608
-0.805802
-0.734795
-0.651692
-0.561617
-0.465229
-0.363352
-0.257075
-0.147117
-0.0396167
0.0491086
0.108563
0.111188
-0.0135394
-0.246687
-0.486359
-0.719501
-0.923213
-1.37723
-0.88642
-0.874656
-0.82653
-0.754819
-0.671449
-0.58144
-0.485568
-0.384753
-0.280248
-0.173209
-0.0703796
0.0115417
0.0611822
0.0251079
-0.14776
-0.39189
-0.650898
-0.893206
-1.10683
-1.51878
-0.907579
-0.896216
-0.848007
-0.775927
-0.692401
-0.602462
-0.507074
-0.407302
-0.304624
-0.200668
-0.102759
-0.0280659
0.00954647
-0.0579187
-0.272044
-0.511226
-0.759836
-0.972138
-1.06002
-1.1005
-0.92987
-0.918768
-0.870533
-0.798358
-0.714862
-0.625142
-0.530382
-0.431867
-0.331338
-0.23096
-0.138597
-0.0719748
-0.0504846
-0.144604
-0.386638
-0.614383
-0.82309
-0.970012
-1.00984
-1.02437
-0.953285
-0.942484
-0.894264
-0.822075
-0.738719
-0.64937
-0.555424
-0.4584
-0.360376
-0.264101
-0.177924
-0.11998
-0.116414
-0.25351
-0.490762
-0.704724
-0.88429
-0.964552
-0.986821
-0.989433
-0.978046
-0.967302
-0.919246
-0.847028
-0.763895
-0.675066
-0.582108
-0.48682
-0.39165
-0.299925
-0.22071
-0.171414
-0.195981
-0.363265
-0.588323
-0.790334
-0.928315
-0.977062
-0.971874
-0.972649
-1.00391
-0.993204
-0.945418
-0.873116
-0.790272
-0.702083
-0.610296
-0.516962
-0.424984
-0.338241
-0.266682
-0.226122
-0.279394
-0.470985
-0.678731
-0.867382
-0.952562
-0.9636
-0.964836
-0.964579
-1.03048
-1.01987
-0.972052
-0.900095
-0.817632
-0.730198
-0.639747
-0.548568
-0.460075
-0.378757
-0.315152
-0.285292
-0.36147
-0.578605
-0.760804
-0.917948
-0.975074
-0.966067
-0.962855
-0.960797
-1.05724
-1.0469
-0.999142
-0.927614
-0.8456
-0.75904
-0.670057
-0.581225
-0.496376
-0.420994
-0.365286
-0.347525
-0.43988
-0.685531
-0.849635
-0.931274
-0.978696
-0.964076
-0.956239
-0.955098
-1.08347
-1.0734
-1.02626
-0.954981
-0.873662
-0.788068
-0.70067
-0.61433
-0.533134
-0.464058
-0.416584
-0.409047
-0.527974
-0.787215
-0.982198
-0.934922
-0.944184
-0.980995
-0.987514
-0.985121
-1.10839
-1.09864
-1.05224
-0.981776
-0.901067
-0.816583
-0.730811
-0.646989
-0.569428
-0.506389
-0.468047
-0.468645
-0.626869
-0.879488
-1.18347
-1.37442
-1.25523
-1.16828
-1.148
-1.13798
-1.13074
-1.12152
-1.0761
-1.00672
-0.927034
-0.843661
-0.759532
-0.678017
-0.60409
-0.545948
-0.518032
-0.525199
-0.730598
-0.973122
-1.26637
-1.47268
-1.39442
-1.41036
-1.38739
-1.36894
-1.14936
-1.14078
-1.09688
-1.02871
-0.95038
-0.868255
-0.785623
-0.706048
-0.635279
-0.580968
-0.562786
-0.578652
-0.815859
-0.995725
-0.826112
-0.567203
-1.04283
-1.42723
-1.45914
-1.45141
-1.16272
-1.15491
-1.11321
-1.04678
-0.969852
-0.889059
-0.807818
-0.729636
-0.660573
-0.609744
-0.596156
-0.627555
-0.892362
-1.14302
-1.16817
-1.27177
-1.56268
-1.61639
-1.52985
-1.49264
-1.16961
-1.16262
-1.12375
-1.05964
-0.984352
-0.90484
-0.824646
-0.74716
-0.677931
-0.62781
-0.615058
-0.672447
-1.02064
-1.68366
-2.57308
-3.18361
-3.43051
-3.15522
-2.68339
-2.35301
-1.16785
-1.16199
-1.12778
-1.06626
-0.992829
-0.91455
-0.834862
-0.75698
-0.685833
-0.630727
-0.613438
-0.666247
-1.07005
-1.83768
-2.80179
-3.35637
-3.54119
-3.35628
-3.03198
-2.78032
-1.15708
-1.15291
-1.12413
-1.06612
-0.994599
-0.917536
-0.83778
-0.758188
-0.682525
-0.617488
-0.579309
-0.586764
-0.7939
-1.15553
-1.53709
-1.80689
-1.74744
-1.49672
-1.21344
-1.00931
-1.13742
-1.13435
-1.11174
-1.05933
-0.989929
-0.913798
-0.833399
-0.750983
-0.668608
-0.588793
-0.508237
-0.449645
-0.338286
-0.189722
0.115321
0.507243
0.889666
1.22844
1.45334
1.56494
-1.11045
-1.10843
-1.0923
-1.04636
-0.979651
-0.90397
-0.82285
-0.737491
-0.647975
-0.549665
-0.445935
-0.321376
-0.115264
0.328838
0.953864
1.59193
2.12589
2.47918
2.6682
2.73591
-1.07908
-1.07796
-1.06717
-1.02912
-0.965065
-0.889505
-0.808201
-0.721053
-0.626836
-0.521078
-0.399701
-0.259855
-0.112082
0.254851
0.875111
1.4861
1.97663
2.29896
2.46766
2.53128
-1.04558
-1.04517
-1.03927
-1.00739
-0.946443
-0.871171
-0.790736
-0.70499
-0.61175
-0.505595
-0.382829
-0.261695
-0.139761
0.054053
0.492704
0.937443
1.29347
1.5389
1.68204
1.7529
-1.00551
-1.00548
-1.00313
-0.977875
-0.920238
-0.847314
-0.770427
-0.690243
-0.602905
-0.502436
-0.38831
-0.285008
-0.206711
-0.120254
0.153831
0.449613
0.68994
0.853794
0.946902
0.996328
-0.936675
-0.937716
-0.936423
-0.917369
-0.870505
-0.809091
-0.743532
-0.674551
-0.597976
-0.506512
-0.398329
-0.301007
-0.237769
-0.193359
0.00165018
0.206244
0.359863
0.465458
0.523015
0.54609
-0.843829
-0.844436
-0.842292
-0.82983
-0.799469
-0.757019
-0.709147
-0.65595
-0.593604
-0.514185
-0.412366
-0.316562
-0.248026
-0.205936
-0.0844972
0.0393405
0.131684
0.192655
0.222936
0.235418
-0.758997
-0.758833
-0.756332
-0.749123
-0.733332
-0.708388
-0.678046
-0.641912
-0.595298
-0.528222
-0.431622
-0.327819
-0.242748
-0.1919
-0.129187
-0.0686222
-0.0155881
0.0208796
0.0404823
0.0472678
-0.708455
-0.707846
-0.705606
-0.70192
-0.694143
-0.681038
-0.664409
-0.643851
-0.614105
-0.561421
-0.476301
-0.364313
-0.256089
-0.19349
-0.165538
-0.132847
-0.103546
-0.0797904
-0.0647643
-0.0601023
-0.693758
-0.693213
-0.691831
-0.689985
-0.686601
-0.681327
-0.675828
-0.671497
-0.665296
-0.64487
-0.587854
-0.471968
-0.344967
-0.281321
-0.256385
-0.221692
-0.18417
-0.152195
-0.13339
-0.127719
-0.7017
-0.701354
-0.701194
-0.701578
-0.702642
-0.705608
-0.713874
-0.732602
-0.76692
-0.813648
-0.823103
-0.704995
-0.536517
-0.446176
-0.411984
-0.353925
-0.288518
-0.233597
-0.20087
-0.195328
-0.717049
-0.717265
-0.718701
-0.72192
-0.728451
-0.741708
-0.768215
-0.819909
-0.917859
-1.07699
-1.21146
-1.09349
-0.845288
-0.686087
-0.608008
-0.509231
-0.404728
-0.323321
-0.279304
-0.275855
-0.72306
-0.723943
-0.726956
-0.733053
-0.745324
-0.76944
-0.815697
-0.905661
-1.0829
-1.39152
-1.68941
-1.58161
-1.22997
-0.980393
-0.840254
-0.689854
-0.55405
-0.456083
-0.414422
-0.413666
-0.703663
-0.705105
-0.709244
-0.717476
-0.733978
-0.766391
-0.826277
-0.946315
-1.18594
-1.616
-2.02911
-1.94905
-1.5285
-1.23579
-1.0565
-0.872661
-0.742116
-0.666106
-0.639993
-0.636297
-0.6488
-0.650564
-0.654864
-0.663427
-0.68067
-0.714384
-0.778748
-0.905256
-1.15934
-1.61355
-2.03325
-1.93541
-1.5797
-1.31917
-1.1334
-0.991227
-0.920435
-0.894687
-0.878159
-0.8679
-0.559615
-0.561224
-0.56473
-0.571868
-0.586459
-0.61521
-0.670188
-0.778176
-0.99523
-1.38122
-1.72549
-1.65527
-1.41543
-1.22302
-1.05034
-0.975141
-0.963828
-0.971954
-0.961952
-0.951444
-0.447843
-0.448997
-0.451136
-0.455681
-0.465379
-0.484883
-0.522373
-0.595709
-0.742432
-1.00748
-1.25538
-1.23537
-1.08744
-0.925256
-0.825215
-0.802705
-0.839215
-0.855205
-0.852506
-0.847324
-0.330659
-0.33127
-0.332015
-0.333902
-0.338531
-0.348357
-0.367517
-0.404857
-0.478946
-0.616092
-0.759723
-0.742241
-0.65298
-0.563815
-0.551224
-0.598502
-0.637405
-0.651478
-0.653389
-0.652623
-0.223804
-0.223974
-0.223707
-0.223742
-0.224654
-0.227262
-0.232764
-0.243605
-0.264798
-0.301775
-0.33663
-0.315522
-0.290574
-0.29603
-0.351499
-0.409144
-0.43807
-0.447904
-0.45194
-0.453052
-0.136996
-0.136906
-0.136138
-0.135328
-0.134352
-0.133075
-0.131194
-0.128183
-0.12322
-0.11361
-0.0914819
-0.0672262
-0.0863479
-0.148916
-0.210758
-0.253046
-0.273546
-0.282903
-0.287162
-0.289152
-0.0731028
-0.0729117
-0.0720697
-0.0711426
-0.0697081
-0.0672054
-0.0628351
-0.0553564
-0.0430654
-0.0238411
-0.000761751
0.00795037
-0.019328
-0.0716219
-0.117337
-0.146211
-0.160136
-0.167087
-0.170878
-0.172829
-0.0301046
-0.0299139
-0.0292186
-0.028535
-0.0273863
-0.0251261
-0.0209605
-0.0138206
-0.00257461
0.0130463
0.0268975
0.0250642
0.00197192
-0.0327341
-0.0620742
-0.080605
-0.0902779
-0.0950072
-0.0976947
-0.0991181
-0.00365951
-0.00351115
-0.00302764
-0.00267495
-0.00201401
-0.000515732
0.00247691
0.00764304
0.0154651
0.0252526
0.0313217
0.0251433
0.00776266
-0.0139692
-0.0319098
-0.0434503
-0.0496453
-0.0527339
-0.0544646
-0.0553652
0.0108835
0.0109832
0.0112743
0.0113748
0.0115909
0.0123434
0.0141127
0.0172761
0.0219156
0.0270697
0.0285487
0.0216859
0.0092997
-0.00429919
-0.0152488
-0.0224286
-0.0264227
-0.0284518
-0.0295433
-0.030085
0.01744
0.0174998
0.0176517
0.0175945
0.0175122
0.0177207
0.0185483
0.0201833
0.0225429
0.0247569
0.0240297
0.0180077
0.00940849
0.000787402
-0.00601745
-0.0105681
-0.0132092
-0.014577
-0.015278
-0.0156069
0.0189155
0.0189479
0.0190138
0.0188831
0.0186348
0.0185237
0.0187494
0.0193986
0.0203428
0.0209154
0.0193735
0.0146317
0.00874517
0.00320481
-0.00111095
-0.00405313
-0.00582823
-0.00676489
-0.00722002
-0.00742136
0.0172874
0.0173029
0.0173224
0.017171
0.0168705
0.0166088
0.0165118
0.016616
0.0168047
0.0166097
0.0149821
0.01149
0.00752857
0.00395771
0.00119674
-0.000718436
-0.00191165
-0.0025495
-0.00284148
-0.00297442
0.0138179
0.0138239
0.0138224
0.0136823
0.0133968
0.013103
0.0128826
0.0127501
0.0126176
0.0121821
0.0108395
0.00845427
0.00590045
0.00366017
0.00193143
0.000711072
-7.12139e-05
-0.00049303
-0.000680448
-0.000758138
0.00927473
0.00927549
0.00926693
0.00915467
0.00892405
0.00868216
0.00847545
0.0083097
0.0081271
0.00775217
0.00686417
0.00544
0.0039693
0.00269858
0.00171529
0.00100651
0.000536322
0.000278954
0.000168205
0.000122382
0.00142079
0.00145044
0.00150619
0.00151226
0.001463
0.00140193
0.00134464
0.00128315
0.00120088
0.00106345
0.00084478
0.000598608
0.000379592
0.000203202
7.18322e-05
-1.13372e-05
-2.88262e-05
1.12442e-05
4.58736e-05
0.000220495
-1.72125
-0.972253
-0.499565
-0.213476
0.000691703
0.167693
0.300989
0.414147
0.528815
0.608783
-0.621057
-0.379578
-0.174013
0.00123038
0.147204
0.267752
0.367359
0.448444
0.498521
0.508015
-0.217356
-0.0802294
0.047143
0.163851
0.26445
0.349799
0.419797
0.472754
0.507916
0.528655
0.0284108
0.119215
0.205821
0.287117
0.358567
0.419518
0.469539
0.508751
0.538868
0.559352
0.202113
0.264447
0.328714
0.387499
0.44012
0.485644
0.524062
0.555835
0.581752
0.599565
0.33655
0.381405
0.431811
0.476267
0.517162
0.553618
0.58535
0.612397
0.634753
0.649539
0.447041
0.484105
0.523623
0.560819
0.595366
0.626967
0.654985
0.679011
0.698535
0.710702
0.544913
0.578051
0.613074
0.647546
0.679777
0.709386
0.735608
0.7578
0.775098
0.785214
0.638989
0.672996
0.70858
0.743761
0.776042
0.805106
0.830335
0.851142
0.866633
0.875738
0.742812
0.781276
0.81957
0.856495
0.889156
0.917437
0.941232
0.960411
0.974506
0.984096
0.870841
0.913936
0.953184
0.989052
1.01968
1.04553
1.06728
1.08499
1.09858
1.10993
1.03276
1.07461
1.10857
1.13762
1.16221
1.18388
1.20359
1.22108
1.23615
1.24994
1.22349
1.25304
1.27496
1.29425
1.31261
1.33005
1.34627
1.36203
1.37879
1.39608
1.42041
1.43111
1.44348
1.45809
1.47268
1.48564
1.497
1.50789
1.52066
1.53625
1.60755
1.61716
1.62682
1.62885
1.6294
1.63366
1.64456
1.66096
1.67833
1.68305
1.91223
1.8534
1.80172
1.7617
1.73938
1.73536
1.74889
1.78261
1.83862
1.91797
0.447511
0.390404
0.348015
0.314484
0.29016
0.272749
0.260252
0.251277
0.245094
0.24151
0.240969
0.24366
0.248958
0.256782
0.267604
0.282504
0.303222
0.331923
0.370337
0.418407
0.25188
0.260912
0.267061
0.267679
0.263706
0.257318
0.250729
0.245168
0.241234
0.23945
0.240444
0.243868
0.249027
0.255463
0.262354
0.267997
0.269992
0.266628
0.258223
0.25103
0.227401
0.229501
0.234112
0.237883
0.240908
0.242674
0.242457
0.24067
0.238399
0.236701
0.236539
0.238182
0.240737
0.243231
0.244578
0.243939
0.241542
0.238249
0.234091
0.229632
0.221199
0.222102
0.224626
0.227294
0.229265
0.230746
0.231919
0.232476
0.232321
0.231961
0.232124
0.232976
0.233832
0.234038
0.233403
0.232257
0.230724
0.228484
0.225806
0.223755
0.215724
0.21619
0.217632
0.219741
0.221735
0.223305
0.22446
0.225396
0.226128
0.226632
0.227059
0.227395
0.227393
0.226999
0.226296
0.225188
0.223549
0.221556
0.219783
0.218729
0.210638
0.210927
0.211887
0.213458
0.215209
0.216915
0.218384
0.21955
0.220517
0.221349
0.221944
0.222145
0.221973
0.221461
0.22054
0.219215
0.217664
0.216121
0.214895
0.21424
0.205805
0.206004
0.206746
0.208051
0.209583
0.211181
0.212787
0.214272
0.215528
0.216552
0.217274
0.217523
0.217269
0.21655
0.215467
0.214197
0.212881
0.211606
0.210644
0.210177
0.20121
0.201351
0.201958
0.20314
0.204592
0.206121
0.207703
0.209289
0.210753
0.211983
0.212864
0.213197
0.212929
0.212198
0.21119
0.210054
0.208864
0.207717
0.206912
0.206567
0.196931
0.197031
0.197526
0.198582
0.199949
0.201394
0.202852
0.204356
0.205908
0.207387
0.208487
0.208882
0.208698
0.208168
0.207422
0.206492
0.205443
0.204447
0.203789
0.203536
0.192945
0.193008
0.193423
0.194424
0.195772
0.19723
0.198778
0.200366
0.201929
0.203448
0.204738
0.205468
0.205609
0.205268
0.204588
0.203734
0.202777
0.201863
0.201302
0.201129
0.189468
0.1895
0.189819
0.190697
0.191931
0.19327
0.194713
0.196303
0.198048
0.199833
0.201409
0.20239
0.202711
0.20261
0.202224
0.201636
0.200899
0.20017
0.199754
0.199655
0.186417
0.186435
0.18665
0.187303
0.188308
0.189474
0.190812
0.19234
0.194069
0.196002
0.197918
0.199336
0.200134
0.200459
0.200441
0.200191
0.199799
0.19939
0.199181
0.199133
0.183292
0.183308
0.183464
0.183943
0.184762
0.185819
0.187124
0.18875
0.190714
0.192989
0.195349
0.197219
0.19838
0.199006
0.199312
0.199399
0.19934
0.199237
0.199189
0.199161
0.179559
0.179573
0.179718
0.180108
0.180785
0.18174
0.183033
0.184723
0.186884
0.189542
0.192454
0.194923
0.196626
0.197774
0.198483
0.198941
0.199203
0.199352
0.199401
0.199382
0.174978
0.174993
0.175149
0.17556
0.176246
0.177259
0.178704
0.180674
0.183244
0.186459
0.19008
0.193236
0.195485
0.197043
0.198133
0.198855
0.199363
0.199653
0.19975
0.199742
0.169478
0.16949
0.169657
0.170158
0.17099
0.172176
0.173893
0.176225
0.179324
0.18327
0.187777
0.191775
0.19469
0.196757
0.198185
0.199242
0.199941
0.200305
0.20044
0.200447
0.163108
0.163116
0.163299
0.163884
0.164949
0.166394
0.168526
0.171389
0.175191
0.180059
0.18566
0.190695
0.194421
0.197085
0.198961
0.200289
0.201108
0.201565
0.201758
0.201784
0.155802
0.155806
0.156024
0.156711
0.158056
0.15989
0.162474
0.166025
0.170736
0.176769
0.183737
0.190037
0.194723
0.198101
0.200487
0.20213
0.203155
0.203742
0.204008
0.20405
0.147328
0.147328
0.147593
0.1484
0.149972
0.152293
0.155545
0.159947
0.165807
0.173318
0.18199
0.189833
0.195695
0.199931
0.202919
0.204962
0.206275
0.207043
0.207393
0.207445
0.137271
0.137276
0.137597
0.138594
0.140492
0.143371
0.14741
0.152939
0.160297
0.169692
0.180478
0.190198
0.197442
0.202688
0.20641
0.208964
0.210638
0.211632
0.212075
0.212136
0.124962
0.124968
0.125379
0.126642
0.129025
0.132657
0.137773
0.144798
0.154101
0.165875
0.179266
0.191242
0.200147
0.206607
0.211169
0.21433
0.216428
0.217677
0.21822
0.218291
0.109625
0.109635
0.110186
0.111855
0.114963
0.119658
0.126268
0.135296
0.147125
0.161894
0.178455
0.193118
0.203973
0.21182
0.217394
0.221278
0.22388
0.225424
0.22608
0.226164
0.0901007
0.090118
0.0908824
0.0931805
0.0973959
0.103669
0.112412
0.124181
0.139317
0.157824
0.17818
0.195971
0.209072
0.218547
0.225304
0.230047
0.233255
0.235171
0.235974
0.236059
0.0645883
0.0646208
0.0657538
0.0691196
0.0751256
0.0838515
0.0957416
0.111312
0.130742
0.153825
0.178618
0.199971
0.215611
0.22695
0.235094
0.240868
0.244807
0.247157
0.248122
0.248213
0.0300216
0.0300966
0.0320047
0.0374413
0.046666
0.0593776
0.0759804
0.0967559
0.121629
0.150164
0.179996
0.205278
0.22371
0.237134
0.246885
0.253908
0.258766
0.261672
0.262828
0.26291
-0.019444
-0.0190753
-0.014769
-0.004627
0.0106269
0.0298585
0.0533089
0.0809341
0.112436
0.14721
0.182542
0.212003
0.233397
0.249078
0.26064
0.269152
0.275187
0.278842
0.280262
0.280324
-0.0916076
-0.0888877
-0.0766335
-0.0566125
-0.0316763
-0.00323245
0.0289065
0.0646412
0.103634
0.145286
0.186627
0.220716
0.245512
0.263894
0.277747
0.28831
0.296116
0.301067
0.303131
0.303373
-0.168193
-0.16139
-0.139748
-0.109362
-0.0743402
-0.0364917
0.00442633
0.0484015
0.0952008
0.144324
0.192638
0.232513
0.261793
0.283858
0.300865
0.314214
0.324534
0.331519
0.334914
0.335439
-0.232258
-0.225309
-0.196792
-0.157988
-0.114513
-0.0680962
-0.0188496
0.0330798
0.0874398
0.143744
0.198611
0.243739
0.27694
0.302108
0.321653
0.337049
0.348956
0.357486
0.360994
0.361538
-0.28403
-0.276499
-0.244322
-0.199827
-0.150015
-0.0966973
-0.0403891
0.01861
0.0798849
0.142841
0.20372
0.253467
0.289886
0.317374
0.338621
0.355327
0.368205
0.377424
0.381267
0.382096
-0.32662
-0.31884
-0.284289
-0.235736
-0.180915
-0.122114
-0.0599538
0.00512405
0.0725177
0.141459
0.207723
0.261458
0.300462
0.329641
0.35201
0.369472
0.382909
0.39227
0.396582
0.397518
-0.362923
-0.355013
-0.31894
-0.267194
-0.20827
-0.144911
-0.0777982
-0.00746628
0.0653374
0.139652
0.210772
0.268014
0.309156
0.339617
0.362716
0.380532
0.394122
0.403475
0.407951
0.408918
-0.394944
-0.386973
-0.349812
-0.295442
-0.233149
-0.165901
-0.0944516
-0.0194627
0.0582087
0.137453
0.213061
0.273549
0.316648
0.348206
0.371829
0.389792
0.403394
0.412652
0.417225
0.418253
-0.424092
-0.416052
-0.378012
-0.321419
-0.256282
-0.185659
-0.110386
-0.0312166
0.0509255
0.134771
0.214694
0.278343
0.323297
0.355868
0.379978
0.398132
0.411712
0.420949
0.425505
0.426574
-0.45122
-0.44312
-0.404283
-0.345818
-0.278224
-0.204634
-0.125969
-0.0430085
0.0432586
0.131472
0.215575
0.282355
0.329252
0.362949
0.387658
0.406067
0.41971
0.428858
0.433329
0.434496
-0.476985
-0.468796
-0.429287
-0.369182
-0.299357
-0.223127
-0.141434
-0.0550406
0.0350368
0.127389
0.215624
0.285719
0.334778
0.369776
0.395207
0.413972
0.42774
0.436867
0.441226
0.442398
-0.501754
-0.493453
-0.453305
-0.391756
-0.31993
-0.24135
-0.156945
-0.0674392
0.0261637
0.12248
0.214903
0.288487
0.339916
0.376438
0.402775
0.422041
0.436034
0.445192
0.449439
0.450505
-0.525804
-0.517356
-0.476415
-0.413766
-0.340108
-0.259442
-0.172594
-0.080264
0.0166129
0.116732
0.213302
0.290557
0.344646
0.382971
0.410443
0.430372
0.444694
0.453913
0.458059
0.458968
-0.549207
-0.540591
-0.499214
-0.435235
-0.359978
-0.27745
-0.188419
-0.0935324
0.0063466
0.110026
0.21069
0.291838
0.348927
0.38936
0.418215
0.438979
0.453729
0.463033
0.467084
0.467827
-0.57208
-0.563279
-0.521369
-0.456241
-0.379569
-0.295393
-0.204426
-0.10726
-0.00467053
0.102323
0.207012
0.292203
0.352617
0.395533
0.426051
0.447836
0.463104
0.472488
0.47639
0.476987
-0.594424
-0.585488
-0.54295
-0.476803
-0.398881
-0.313248
-0.220577
-0.121407
-0.0164064
0.0936438
0.20218
0.291501
0.355547
0.401353
0.433892
0.456903
0.472752
0.482173
0.485852
0.486283
-0.616259
-0.607134
-0.564006
-0.496914
-0.417874
-0.330962
-0.236814
-0.135902
-0.0287736
0.0840112
0.196143
0.289584
0.357512
0.406647
0.441665
0.466177
0.482638
0.491995
0.495345
0.495592
-0.637476
-0.628192
-0.584464
-0.516524
-0.436492
-0.348476
-0.253051
-0.150653
-0.0416993
0.0734625
0.188877
0.286315
0.358271
0.411165
0.449259
0.475717
0.49281
0.501823
0.504646
0.50468
-0.65804
-0.648592
-0.604283
-0.535589
-0.45468
-0.365712
-0.269213
-0.165571
-0.0550966
0.0620979
0.180391
0.281583
0.357581
0.414562
0.456444
0.485642
0.503584
0.511746
0.513531
0.513271
-0.677925
-0.668312
-0.623446
-0.554061
-0.472388
-0.382593
-0.285207
-0.18055
-0.0688465
0.0500127
0.170747
0.275322
0.355221
0.416406
0.462762
0.495957
0.515718
0.522579
0.522089
0.521091
-0.697076
-0.687294
-0.641913
-0.571891
-0.489544
-0.399065
-0.300947
-0.19549
-0.0828265
0.0373328
0.16003
0.2675
0.351029
0.416218
0.467397
0.506104
0.529976
0.536778
0.532523
0.528768
-0.715506
-0.705583
-0.659669
-0.589084
-0.506176
-0.41515
-0.316458
-0.210428
-0.0970709
0.0240222
0.148182
0.257921
0.344755
0.41352
0.469143
0.5145
0.545641
0.557517
0.552386
0.534657
-0.733238
-0.723182
-0.676833
-0.605802
-0.522512
-0.431157
-0.332113
-0.225828
-0.112133
0.00942436
0.134497
0.245801
0.33555
0.407526
0.465866
0.517155
0.556624
0.569567
0.568081
0.527118
-0.750523
-0.7398
-0.693388
-0.621888
-0.538428
-0.446961
-0.347713
-0.24146
-0.127757
-0.00620557
0.119147
0.231167
0.322937
0.397901
0.455689
0.505972
0.54601
0.560728
0.513076
0.447931
-0.768517
-0.754381
-0.709206
-0.637293
-0.554196
-0.462733
-0.363498
-0.257307
-0.143948
-0.022868
0.102045
0.213891
0.305966
0.384833
0.439237
0.470157
0.500842
0.484977
0.419888
0.349247
-0.787171
-0.787966
-0.727386
-0.649795
-0.567269
-0.47594
-0.378993
-0.272741
-0.160007
-0.0397913
0.0838318
0.194448
0.284533
0.370989
0.406171
0.396882
0.411481
0.361987
0.288741
0.212015
-0.763128
-0.760023
-0.703674
-0.627472
-0.540313
-0.445655
-0.344253
-0.235718
-0.120553
0.00228697
0.11911
0.215967
0.295557
0.378342
0.412049
0.316239
0.235554
0.171117
0.0956858
-0.062665
-0.801025
-0.774917
-0.716303
-0.639361
-0.552392
-0.458249
-0.35757
-0.249919
-0.136061
-0.015289
0.0983425
0.19159
0.264007
0.319165
0.297328
0.16788
0.0419791
-0.0432352
-0.130898
-0.308621
-0.824361
-0.793815
-0.73402
-0.657068
-0.570445
-0.476654
-0.376081
-0.26947
-0.157289
-0.039249
0.0704307
0.158596
0.222016
0.245697
0.169628
-0.00654122
-0.15758
-0.270813
-0.393045
-0.637382
-0.846559
-0.813988
-0.752988
-0.67549
-0.588903
-0.495297
-0.395264
-0.289835
-0.179553
-0.0646277
0.0403425
0.122226
0.174209
0.163583
0.0193594
-0.188101
-0.377995
-0.538003
-0.720458
-1.12923
-0.867633
-0.834393
-0.77252
-0.694359
-0.607684
-0.514335
-0.41509
-0.310956
-0.202761
-0.0912892
0.00833541
0.0833491
0.119933
0.0713117
-0.129297
-0.365845
-0.603896
-0.81803
-1.09889
-1.79941
-0.888279
-0.855247
-0.792823
-0.714195
-0.627414
-0.534354
-0.435884
-0.33312
-0.227197
-0.119479
-0.0256109
0.0417791
0.060293
-0.0314247
-0.267654
-0.520787
-0.776167
-1.00198
-1.23305
-2.04978
-0.909553
-0.87672
-0.814079
-0.735203
-0.648365
-0.55557
-0.457843
-0.35647
-0.252939
-0.149184
-0.0613002
-0.00254586
-0.00351977
-0.151685
-0.387955
-0.637745
-0.874985
-1.03477
-1.07173
-1.12973
-0.931825
-0.899186
-0.836533
-0.75763
-0.670888
-0.578502
-0.481677
-0.381961
-0.281219
-0.182039
-0.100753
-0.0525302
-0.0816925
-0.268165
-0.497595
-0.723766
-0.909891
-1.00045
-1.01697
-1.02638
-0.955374
-0.922869
-0.860238
-0.781399
-0.694894
-0.603071
-0.507371
-0.409603
-0.312045
-0.218084
-0.143895
-0.108015
-0.163175
-0.37745
-0.59925
-0.800144
-0.943654
-0.981837
-0.988714
-0.989121
-0.980206
-0.947727
-0.885181
-0.806428
-0.720272
-0.629189
-0.534816
-0.439278
-0.345321
-0.257193
-0.190662
-0.168942
-0.24907
-0.480598
-0.693343
-0.872651
-0.953245
-0.968633
-0.972335
-0.972383
-1.00615
-0.973492
-0.911202
-0.83263
-0.746916
-0.656714
-0.563861
-0.470821
-0.380877
-0.29907
-0.241097
-0.231203
-0.351669
-0.576947
-0.77808
-0.929603
-0.971037
-0.965704
-0.964771
-0.96426
-1.03272
-1.00011
-0.938179
-0.859756
-0.774592
-0.68541
-0.594268
-0.503949
-0.41843
-0.343244
-0.294662
-0.297757
-0.460902
-0.674009
-0.844809
-0.964902
-0.968821
-0.964194
-0.961718
-0.960135
-1.0595
-1.0272
-0.965343
-0.887433
-0.802937
-0.714898
-0.625634
-0.538197
-0.457421
-0.389217
-0.349846
-0.372481
-0.563103
-0.779433
-0.900704
-0.935103
-0.961011
-0.959166
-0.955162
-0.954879
-1.08566
-1.05399
-0.992503
-0.915171
-0.831412
-0.744627
-0.657359
-0.572941
-0.496913
-0.436356
-0.4053
-0.448366
-0.656646
-0.900987
-0.992335
-0.930193
-0.972504
-0.985822
-0.986689
-0.983458
-1.11056
-1.07952
-1.01897
-0.942221
-0.859301
-0.773875
-0.688615
-0.607301
-0.535653
-0.483354
-0.460584
-0.526528
-0.752191
-1.02303
-1.31898
-1.33025
-1.20034
-1.15399
-1.14326
-1.13234
-1.13284
-1.10293
-1.04339
-0.967678
-0.885802
-0.801692
-0.718355
-0.640019
-0.572347
-0.527751
-0.515429
-0.600629
-0.862154
-1.09971
-1.41899
-1.44414
-1.39987
-1.40386
-1.37665
-1.36533
-1.15127
-1.12299
-1.06473
-0.990406
-0.909728
-0.827006
-0.745362
-0.669405
-0.605504
-0.566225
-0.567686
-0.661763
-0.943184
-0.958595
-0.672946
-0.775194
-1.27766
-1.475
-1.45538
-1.44999
-1.16445
-1.13821
-1.08198
-1.0092
-0.92986
-0.848495
-0.768265
-0.693651
-0.6325
-0.595912
-0.612312
-0.718016
-1.0437
-1.1879
-1.12155
-1.44839
-1.60763
-1.58048
-1.49481
-1.51327
-1.17105
-1.14725
-1.09377
-1.02294
-0.945029
-0.864823
-0.785502
-0.711178
-0.649891
-0.615156
-0.636323
-0.798488
-1.30712
-2.1195
-2.90795
-3.3914
-3.33879
-2.92153
-2.48535
-2.31898
-1.16984
-1.14906
-1.09923
-1.03058
-0.954189
-0.874893
-0.795626
-0.720382
-0.655539
-0.61555
-0.629276
-0.811687
-1.41045
-2.31645
-3.13784
-3.50982
-3.47967
-3.20199
-2.8727
-2.75001
-1.15876
-1.14248
-1.09775
-1.03149
-0.956723
-0.878007
-0.797909
-0.719741
-0.648664
-0.591944
-0.581682
-0.635833
-0.980302
-1.33318
-1.72463
-1.81406
-1.63464
-1.34979
-1.09621
-0.948994
-1.1388
-1.12665
-1.08863
-1.02596
-0.952673
-0.874139
-0.792513
-0.71004
-0.627684
-0.550321
-0.477551
-0.375227
-0.284374
-0.0579875
0.310768
0.699658
1.06932
1.35656
1.5221
1.5871
-1.11158
-1.10337
-1.07291
-1.0147
-0.942653
-0.864157
-0.780854
-0.693272
-0.6007
-0.499454
-0.381141
-0.258479
0.0768822
0.627212
1.2762
1.87977
2.32537
2.59244
2.71419
2.74602
-1.08003
-1.07498
-1.05205
-0.999326
-0.92821
-0.84965
-0.76541
-0.675397
-0.576503
-0.45938
-0.332381
-0.188765
0.0215388
0.548175
1.19163
1.75017
2.15965
2.40009
2.50974
2.54081
-1.04631
-1.0441
-1.02747
-0.979514
-0.909861
-0.831851
-0.748968
-0.659788
-0.560703
-0.444633
-0.321248
-0.199813
-0.074301
0.251346
0.725041
1.12724
1.43126
1.62118
1.72563
1.76549
-1.00525
-1.0056
-0.994616
-0.95204
-0.885001
-0.809335
-0.730908
-0.647531
-0.554931
-0.44526
-0.332016
-0.245452
-0.177899
-0.00507654
0.307267
0.57796
0.782512
0.907476
0.975887
1.005
-0.936973
-0.938003
-0.930249
-0.896726
-0.84084
-0.776497
-0.709318
-0.637265
-0.55382
-0.452921
-0.345573
-0.266791
-0.220812
-0.108831
0.108532
0.289435
0.419298
0.499443
0.538388
0.548005
-0.844267
-0.84398
-0.837948
-0.816791
-0.779194
-0.733666
-0.683767
-0.627063
-0.556368
-0.463821
-0.361511
-0.279532
-0.227465
-0.158959
-0.0196665
0.0897914
0.167423
0.210672
0.231208
0.235699
-0.759172
-0.757921
-0.75356
-0.742468
-0.721612
-0.693967
-0.661328
-0.621118
-0.56577
-0.482318
-0.377317
-0.282599
-0.214866
-0.162037
-0.100756
-0.0402567
0.00508671
0.03259
0.0453637
0.0466224
-0.708396
-0.706863
-0.704068
-0.698666
-0.688045
-0.673146
-0.654759
-0.630701
-0.592936
-0.524572
-0.41952
-0.307084
-0.219339
-0.181054
-0.148613
-0.11768
-0.0907897
-0.0710646
-0.0611265
-0.0613929
-0.693629
-0.692574
-0.691009
-0.688556
-0.684141
-0.678461
-0.673334
-0.668857
-0.658676
-0.625631
-0.533267
-0.403801
-0.301556
-0.263001
-0.240708
-0.202693
-0.166804
-0.141078
-0.128728
-0.129893
-0.701509
-0.701218
-0.701324
-0.702004
-0.703737
-0.708826
-0.721476
-0.747332
-0.789702
-0.830291
-0.779308
-0.615679
-0.477663
-0.426817
-0.385384
-0.321644
-0.258583
-0.213992
-0.195005
-0.197524
-0.717045
-0.717798
-0.72004
-0.724634
-0.733945
-0.752771
-0.789853
-0.861381
-0.990874
-1.15822
-1.18718
-0.966551
-0.74939
-0.64952
-0.560889
-0.454694
-0.360484
-0.295474
-0.27348
-0.277956
-0.723274
-0.725158
-0.729524
-0.738168
-0.755449
-0.788896
-0.85327
-0.979793
-1.22113
-1.57623
-1.68991
-1.40468
-1.08822
-0.910848
-0.767759
-0.618599
-0.498371
-0.42775
-0.412279
-0.416355
-0.704094
-0.706802
-0.712672
-0.724326
-0.747648
-0.790456
-0.876364
-1.04647
-1.375
-1.86557
-2.05729
-1.73151
-1.36041
-1.14136
-0.95877
-0.802041
-0.697875
-0.647648
-0.636496
-0.638164
-0.649445
-0.652338
-0.658418
-0.67063
-0.694893
-0.741436
-0.831395
-1.01128
-1.3601
-1.87195
-2.05162
-1.75703
-1.43094
-1.23453
-1.05007
-0.947142
-0.904664
-0.886376
-0.871579
-0.867201
-0.560263
-0.562666
-0.567706
-0.577877
-0.598566
-0.638331
-0.715113
-0.868569
-1.16808
-1.5941
-1.73975
-1.53267
-1.31248
-1.12616
-1.00636
-0.959923
-0.970274
-0.968288
-0.955891
-0.949593
-0.448381
-0.449858
-0.453016
-0.459626
-0.473564
-0.500649
-0.552937
-0.656804
-0.860411
-1.15721
-1.27817
-1.16729
-1.00662
-0.864212
-0.801459
-0.821249
-0.850584
-0.855007
-0.849571
-0.845646
-0.331027
-0.331532
-0.332772
-0.335734
-0.342618
-0.356407
-0.383113
-0.43576
-0.538958
-0.699466
-0.773233
-0.700272
-0.604421
-0.545817
-0.572413
-0.621311
-0.64679
-0.652954
-0.653211
-0.651918
-0.224013
-0.223801
-0.223694
-0.224032
-0.225692
-0.229553
-0.237294
-0.252524
-0.281388
-0.321722
-0.335306
-0.297954
-0.283278
-0.32009
-0.383402
-0.426861
-0.444501
-0.450609
-0.452746
-0.452851
-0.137092
-0.136529
-0.135781
-0.13485
-0.133765
-0.132238
-0.129868
-0.12603
-0.11931
-0.104585
-0.0777594
-0.0675899
-0.115477
-0.181617
-0.235026
-0.265042
-0.279436
-0.285349
-0.288457
-0.289224
-0.0731349
-0.0725092
-0.0716663
-0.0705014
-0.0686284
-0.065316
-0.0595725
-0.0499349
-0.0344293
-0.011791
0.00670644
0.000210875
-0.0450138
-0.0962862
-0.133785
-0.154554
-0.16422
-0.169231
-0.172109
-0.173004
-0.0301088
-0.0295814
-0.0289165
-0.0280321
-0.0264355
-0.0233368
-0.0178314
-0.00876836
0.00476595
0.0212052
0.0285249
0.0163426
-0.0153161
-0.0486094
-0.072658
-0.0863363
-0.0930367
-0.0965147
-0.0985851
-0.0992711
-0.00365557
-0.00327662
-0.00285143
-0.00239327
-0.00140947
0.000756913
0.00475064
0.0112153
0.020252
0.029486
0.0298853
0.0176917
-0.00319732
-0.0236816
-0.0384669
-0.0470921
-0.0514487
-0.0537106
-0.0550281
-0.0554672
0.0108873
0.0111309
0.0113535
0.011456
0.0118659
0.0130788
0.0155045
0.0194306
0.0245603
0.028723
0.0260908
0.0160104
0.00234953
-0.0102238
-0.0193025
-0.0247594
-0.0276106
-0.0290765
-0.029884
-0.0301466
0.0174414
0.017584
0.0176603
0.0175343
0.0175553
0.0180445
0.019261
0.0212979
0.0237715
0.0250158
0.0215679
0.0139004
0.00495422
-0.00289245
-0.0085655
-0.0120938
-0.0140125
-0.0149829
-0.0154878
-0.0156436
0.0189149
0.0189913
0.0189832
0.0187516
0.0185506
0.0185875
0.0190226
0.0198569
0.0207479
0.0205402
0.0173035
0.0117428
0.0058601
0.000873553
-0.00274564
-0.00506924
-0.00637973
-0.00703469
-0.00734802
-0.00744428
0.0172854
0.0173228
0.0172765
0.0170229
0.0167289
0.0165361
0.0165418
0.0167175
0.0168031
0.0160374
0.0133945
0.00951111
0.00565928
0.0024685
0.000139701
-0.00139639
-0.00228848
-0.00272835
-0.00292631
-0.00298855
0.0138154
0.0138317
0.0137765
0.0135457
0.0132484
0.0129821
0.0128084
0.0126961
0.0124676
0.0116515
0.00972644
0.00716459
0.00472403
0.0027297
0.00126207
0.000269393
-0.000321357
-0.000607446
-0.00073033
-0.000767673
0.0092719
0.00927752
0.00922894
0.00904673
0.00880352
0.00857374
0.00838995
0.00822804
0.00798053
0.00738315
0.00618875
0.00469257
0.00330113
0.00217081
0.00132939
0.000743169
0.000383424
0.000210746
0.000140039
0.000115264
0.00410924
0.00410945
0.00411484
0.00406257
0.00393771
0.00381387
0.00370551
0.00361533
0.00351595
0.00333443
0.00294725
0.00235717
0.00176321
0.00125438
0.000859814
0.000570376
0.000373025
0.000271823
0.000239209
0.000214804
-1.27624
-0.695711
-0.346766
-0.101802
0.0884424
0.236785
0.360144
0.468692
0.583152
0.569112
-0.460271
-0.272836
-0.0823518
0.0777975
0.210485
0.319826
0.410537
0.478628
0.507721
0.513757
-0.134627
-0.0159979
0.107565
0.216115
0.309008
0.386776
0.448564
0.492293
0.520295
0.536774
0.082648
0.163012
0.247598
0.324154
0.390383
0.445913
0.490431
0.524798
0.550908
0.569044
0.241333
0.29843
0.358696
0.414698
0.463779
0.50572
0.540732
0.569492
0.592347
0.610444
0.36626
0.407874
0.454452
0.497236
0.535979
0.570068
0.599459
0.62418
0.643629
0.661423
0.470792
0.503918
0.542574
0.578431
0.611579
0.641453
0.667528
0.689384
0.705889
0.723502
0.56486
0.595201
0.63058
0.663955
0.694956
0.722957
0.747255
0.767131
0.781205
0.798743
0.658101
0.690382
0.726494
0.760275
0.791013
0.818232
0.841333
0.859613
0.871935
0.889643
0.76342
0.800207
0.838501
0.873371
0.90385
0.929905
0.951422
0.968097
0.979603
0.99783
0.893537
0.933787
0.971743
1.00501
1.03315
1.0569
1.07666
1.09223
1.10421
1.12268
1.05485
1.09223
1.12375
1.15037
1.17333
1.19397
1.21265
1.22886
1.24304
1.26106
1.23911
1.26466
1.28477
1.30353
1.32147
1.33833
1.35412
1.37023
1.3875
1.40662
1.42522
1.43704
1.4506
1.46555
1.47938
1.4915
1.50238
1.51388
1.52825
1.54685
1.60865
1.62323
1.62842
1.62896
1.63081
1.63822
1.65219
1.6702
1.68284
1.69637
1.88118
1.82686
1.77968
1.74822
1.7352
1.7398
1.76305
1.80779
1.87517
1.97068
0.31129
0.306609
0.299218
0.287334
0.27436
0.262895
0.253769
0.246948
0.242395
0.240365
0.24143
0.245256
0.251291
0.259496
0.269979
0.282514
0.295529
0.305383
0.311341
0.314728
0.233286
0.240377
0.246369
0.250595
0.251889
0.250139
0.24654
0.242647
0.239558
0.238104
0.239009
0.241886
0.245861
0.250051
0.253132
0.25358
0.250815
0.245629
0.238755
0.232879
0.224107
0.227122
0.2304
0.232918
0.234954
0.236428
0.236782
0.23603
0.234895
0.234297
0.234966
0.236504
0.237982
0.238546
0.237792
0.236126
0.233995
0.231142
0.227822
0.225479
0.2184
0.219866
0.222141
0.224433
0.226131
0.227376
0.228378
0.229032
0.229272
0.229442
0.229911
0.230411
0.230465
0.229963
0.229099
0.227847
0.22597
0.223634
0.22179
0.220707
0.213148
0.213982
0.215511
0.217393
0.219215
0.220715
0.221856
0.222793
0.223591
0.224227
0.224616
0.224657
0.224362
0.223762
0.222759
0.221293
0.219567
0.217881
0.216787
0.216137
0.208193
0.208762
0.209932
0.21148
0.213139
0.214772
0.216241
0.217458
0.21847
0.219292
0.21974
0.219736
0.219325
0.218489
0.217286
0.215893
0.214455
0.213169
0.21239
0.211946
0.20347
0.203893
0.204878
0.206271
0.207788
0.209382
0.210985
0.212463
0.213709
0.214688
0.215256
0.215265
0.214743
0.213807
0.212644
0.211407
0.210162
0.209079
0.208471
0.208151
0.199035
0.199354
0.200208
0.201513
0.202971
0.204464
0.206001
0.207569
0.209051
0.210288
0.210967
0.210976
0.210479
0.209691
0.208737
0.207652
0.20652
0.205579
0.205098
0.204868
0.194891
0.195129
0.195874
0.197096
0.198507
0.199976
0.201472
0.20298
0.204495
0.2059
0.206788
0.207034
0.206822
0.206267
0.205465
0.20451
0.203505
0.202696
0.20232
0.202161
0.191132
0.191297
0.191964
0.19315
0.194534
0.19601
0.197608
0.199278
0.200957
0.202545
0.203719
0.204223
0.204166
0.203706
0.203019
0.202204
0.201304
0.200593
0.200309
0.200217
0.187919
0.188021
0.188525
0.189503
0.190686
0.191979
0.193403
0.195022
0.196821
0.198693
0.20019
0.201036
0.201359
0.20134
0.201038
0.200551
0.199953
0.199488
0.199326
0.199277
0.184901
0.184968
0.185321
0.186077
0.187095
0.188322
0.189772
0.191484
0.193453
0.195627
0.197566
0.198853
0.199538
0.199807
0.199807
0.199646
0.199392
0.199201
0.199136
0.199099
0.181525
0.181595
0.181865
0.182442
0.183306
0.184429
0.185874
0.187711
0.189974
0.192603
0.195055
0.196813
0.197965
0.198608
0.198992
0.199197
0.199273
0.199301
0.199292
0.199252
0.177386
0.177455
0.177711
0.178229
0.179039
0.180191
0.181753
0.183816
0.18644
0.189618
0.192731
0.19511
0.196742
0.197842
0.198569
0.199059
0.199394
0.199551
0.199573
0.199531
0.172344
0.172408
0.172701
0.173299
0.174214
0.17553
0.177359
0.179827
0.183016
0.186937
0.19084
0.193872
0.196024
0.197537
0.198578
0.199294
0.199794
0.200017
0.200065
0.200026
0.166408
0.166471
0.166811
0.167547
0.168655
0.170251
0.172466
0.175458
0.179351
0.184194
0.18909
0.192962
0.195759
0.197738
0.199129
0.200117
0.200695
0.20097
0.20105
0.201013
0.159586
0.159649
0.160046
0.160932
0.162416
0.164331
0.167067
0.170753
0.175568
0.181576
0.187695
0.192573
0.196128
0.198652
0.200423
0.201618
0.202341
0.202703
0.202825
0.202788
0.151728
0.151799
0.152269
0.153352
0.155101
0.157595
0.160963
0.165521
0.171497
0.178969
0.186586
0.192692
0.197168
0.200358
0.202595
0.204064
0.204989
0.205476
0.205638
0.205597
0.142526
0.142617
0.143205
0.144516
0.146622
0.149702
0.153908
0.159623
0.167089
0.176396
0.185863
0.193452
0.199015
0.202989
0.205771
0.207642
0.208833
0.209473
0.209676
0.209625
0.131402
0.131534
0.132287
0.133914
0.136525
0.140343
0.145677
0.152885
0.162259
0.173869
0.185596
0.194957
0.201816
0.206736
0.210169
0.21251
0.214026
0.214839
0.215088
0.215023
0.11766
0.117852
0.118851
0.120931
0.124246
0.129127
0.135949
0.145127
0.156958
0.171435
0.185899
0.197371
0.205774
0.211775
0.21599
0.218887
0.220779
0.221791
0.222094
0.222012
0.100357
0.10065
0.102031
0.10478
0.109148
0.115539
0.124417
0.136219
0.151188
0.169185
0.186906
0.200846
0.211022
0.218313
0.223453
0.227011
0.229345
0.230586
0.230949
0.230845
0.0780161
0.0784896
0.0804821
0.084301
0.0903072
0.0989617
0.110753
0.126067
0.145013
0.167265
0.188781
0.205546
0.217762
0.226547
0.232784
0.237139
0.24001
0.241522
0.241953
0.241823
0.0483321
0.0491674
0.0522433
0.0579091
0.0665993
0.0787411
0.0947103
0.114707
0.138618
0.165889
0.191709
0.211625
0.22613
0.236629
0.244165
0.249489
0.253018
0.254856
0.255362
0.255198
0.00715453
0.00883644
0.0142601
0.0235333
0.0369153
0.054513
0.0763884
0.102453
0.132345
0.165333
0.19587
0.219187
0.236187
0.248611
0.25767
0.264196
0.268576
0.270805
0.271376
0.271171
-0.0531947
-0.0481814
-0.036849
-0.0204115
0.00100889
0.0267399
0.0564618
0.0899363
0.126681
0.165896
0.201387
0.228232
0.247842
0.262332
0.27311
0.281052
0.286484
0.289229
0.289904
0.289647
-0.125595
-0.116475
-0.095655
-0.0685184
-0.0371034
-0.0022806
0.0359096
0.0773306
0.121575
0.167938
0.209537
0.241106
0.264482
0.282113
0.295568
0.305844
0.313047
0.316422
0.317183
0.317267
-0.198009
-0.182286
-0.152297
-0.11516
-0.0743058
-0.0305157
0.016126
0.0655011
0.117274
0.170849
0.218662
0.255027
0.282186
0.302999
0.31924
0.331907
0.340801
0.345041
0.34678
0.34704
-0.256168
-0.237025
-0.201311
-0.156879
-0.108406
-0.0568534
-0.00254836
0.0542558
0.113137
0.173473
0.226955
0.267499
0.297762
0.320952
0.339047
0.353107
0.363204
0.368658
0.370909
0.37124
-0.30364
-0.28249
-0.242584
-0.19289
-0.13848
-0.0806492
-0.0198334
0.0435337
0.108861
0.175359
0.233882
0.277925
0.310569
0.335422
0.354718
0.369753
0.380685
0.386814
0.389265
0.389564
-0.343198
-0.321123
-0.278048
-0.224199
-0.165024
-0.102017
-0.0356895
0.0333841
0.10444
0.176477
0.239465
0.286457
0.320938
0.346934
0.366938
0.382407
0.393662
0.40012
0.402625
0.402918
-0.377588
-0.354882
-0.309386
-0.252127
-0.188982
-0.121559
-0.0504421
0.0236745
0.0998752
0.17696
0.244003
0.293596
0.329627
0.356488
0.376897
0.392484
0.403786
0.410283
0.41279
0.413104
-0.408325
-0.385201
-0.337756
-0.277666
-0.211162
-0.139886
-0.0645186
0.0141387
0.0950694
0.176856
0.247757
0.299847
0.337303
0.364879
0.385592
0.401238
0.412525
0.419109
0.421505
0.421788
-0.436566
-0.413131
-0.364033
-0.301533
-0.232118
-0.157456
-0.0782993
0.00450674
0.0898387
0.176134
0.250791
0.305311
0.344188
0.37253
0.393599
0.409382
0.420665
0.427281
0.429615
0.429735
-0.463167
-0.439325
-0.388873
-0.324262
-0.25227
-0.174611
-0.0920447
-0.00544765
0.084005
0.174626
0.253021
0.310119
0.350591
0.379849
0.401374
0.417344
0.428663
0.435273
0.437545
0.43758
-0.488549
-0.464323
-0.412638
-0.346194
-0.271896
-0.191562
-0.105935
-0.0158742
0.0774376
0.172269
0.254561
0.314456
0.356708
0.387042
0.409168
0.425436
0.436862
0.44342
0.445668
0.445673
-0.513058
-0.48841
-0.435676
-0.367547
-0.291186
-0.208472
-0.120076
-0.0268426
0.0701013
0.169091
0.255352
0.318269
0.362576
0.394214
0.417122
0.433818
0.445422
0.451925
0.454103
0.454073
-0.536883
-0.511817
-0.458182
-0.388449
-0.310256
-0.225405
-0.134518
-0.0383777
0.0619659
0.164947
0.255265
0.321488
0.36818
0.401392
0.425275
0.442528
0.454372
0.460848
0.462905
0.46286
-0.560132
-0.53464
-0.480097
-0.408954
-0.329142
-0.242393
-0.149279
-0.0505106
0.052956
0.159755
0.254213
0.324017
0.373432
0.408532
0.433613
0.451562
0.463701
0.470137
0.472039
0.47194
-0.582853
-0.556924
-0.50146
-0.429097
-0.347854
-0.259423
-0.164338
-0.0632398
0.0430684
0.153493
0.252075
0.325699
0.378211
0.415562
0.4421
0.460875
0.473331
0.479688
0.481404
0.481214
-0.60501
-0.578647
-0.522328
-0.448863
-0.366354
-0.276453
-0.179648
-0.0764968
0.0323585
0.146133
0.248732
0.326353
0.382345
0.422382
0.450698
0.470432
0.483174
0.489374
0.490852
0.490573
-0.626594
-0.59981
-0.54267
-0.468213
-0.384589
-0.293415
-0.195125
-0.0901994
0.0208863
0.137669
0.244107
0.325788
0.385582
0.428828
0.459392
0.480266
0.493175
0.499013
0.500178
0.499812
-0.647511
-0.620326
-0.562431
-0.487101
-0.402504
-0.31023
-0.210683
-0.104262
0.00872619
0.128144
0.238125
0.323816
0.387645
0.434645
0.46815
0.49054
0.503401
0.508463
0.509142
0.508706
-0.667795
-0.640146
-0.581588
-0.505467
-0.420027
-0.326824
-0.226227
-0.118572
-0.00402086
0.117635
0.230761
0.320281
0.388209
0.439433
0.476819
0.501625
0.514379
0.517798
0.517483
0.51702
-0.687311
-0.65927
-0.600088
-0.523261
-0.437097
-0.343115
-0.241674
-0.133039
-0.0172256
0.10625
0.222031
0.31507
0.386958
0.442596
0.484886
0.513794
0.527493
0.528335
0.525287
0.524388
-0.706166
-0.677679
-0.617884
-0.540426
-0.453644
-0.359021
-0.256899
-0.14752
-0.0307518
0.0941173
0.212007
0.308112
0.383653
0.443385
0.491201
0.526367
0.544265
0.544548
0.535669
0.517576
-0.724259
-0.695382
-0.635116
-0.557159
-0.469954
-0.374871
-0.27232
-0.162492
-0.0451415
0.0806606
0.200065
0.298698
0.377717
0.440791
0.493771
0.536923
0.562964
0.566991
0.552273
0.563773
-0.741715
-0.712331
-0.651754
-0.573401
-0.485988
-0.390609
-0.287925
-0.177916
-0.060381
0.065815
0.186078
0.286329
0.368595
0.433791
0.488222
0.536842
0.56611
0.570324
0.512366
0.490434
-0.759112
-0.728974
-0.667537
-0.588781
-0.501325
-0.405826
-0.303522
-0.193525
-0.0761676
0.049826
0.170177
0.270768
0.355818
0.422398
0.470159
0.514862
0.53589
0.506748
0.435495
0.389939
-0.777714
-0.746512
-0.68195
-0.602896
-0.515436
-0.420279
-0.318733
-0.209108
-0.0923586
0.0327879
0.152376
0.252068
0.338139
0.407914
0.449566
0.459407
0.45042
0.394655
0.318376
0.27163
-0.385537
-0.279518
-0.167145
-0.047505
0.075004
0.184257
0.272072
0.123704
-0.794089
-0.777984
-0.740534
-0.673737
-0.591245
-0.500806
-0.402962
-0.298233
-0.187038
-0.0691534
0.0513237
0.158708
0.243856
0.31628
0.367488
0.332757
0.189495
0.0982997
0.0268215
-0.812444
-0.799901
-0.756586
-0.68819
-0.605544
-0.515302
-0.418111
-0.31411
-0.204128
-0.0881355
0.0293797
0.132646
0.212461
0.269124
0.27061
0.164656
0.00761617
-0.107731
-0.202808
-0.833903
-0.821747
-0.775708
-0.706259
-0.623598
-0.533389
-0.436317
-0.332928
-0.224246
-0.110372
0.00345888
0.101271
0.173678
0.212994
0.16689
-0.00273768
-0.185947
-0.335078
-0.468813
-0.855309
-0.843001
-0.795616
-0.725132
-0.642209
-0.552085
-0.455429
-0.353008
-0.245887
-0.134544
-0.0248195
0.0670857
0.131237
0.148527
0.0549596
-0.167408
-0.388718
-0.590315
-0.79056
-0.875916
-0.863995
-0.816006
-0.74466
-0.661432
-0.571386
-0.475272
-0.373937
-0.268539
-0.160032
-0.0548468
0.0305366
0.0854335
0.068359
-0.0821375
-0.322463
-0.575995
-0.811863
-1.03591
-0.896563
-0.885165
-0.837054
-0.765186
-0.681728
-0.591732
-0.496095
-0.395784
-0.292152
-0.186592
-0.0861285
-0.00769917
0.0364652
-0.0168319
-0.21061
-0.453621
-0.711745
-0.950977
-1.09804
-1.19866
-0.918274
-0.907181
-0.859011
-0.786955
-0.703449
-0.613594
-0.518502
-0.419326
-0.317681
-0.215448
-0.120215
-0.0494163
-0.0196171
-0.0984428
-0.331071
-0.564548
-0.794472
-0.975307
-1.02844
-1.06051
-0.941009
-0.930242
-0.882113
-0.810031
-0.726615
-0.637068
-0.54268
-0.444883
-0.345563
-0.247173
-0.157799
-0.0953865
-0.0821037
-0.197346
-0.439926
-0.661165
-0.853959
-0.968986
-1.00408
-1.00451
-0.965065
-0.954414
-0.906466
-0.834365
-0.751141
-0.662039
-0.568558
-0.472379
-0.375734
-0.281677
-0.198859
-0.145084
-0.154925
-0.308965
-0.540085
-0.748295
-0.911665
-0.967982
-0.97608
-0.978857
-0.990337
-0.979678
-0.932058
-0.85989
-0.77694
-0.688411
-0.59602
-0.501679
-0.408062
-0.318772
-0.243302
-0.197956
-0.23817
-0.416753
-0.634651
-0.831755
-0.947949
-0.967732
-0.967025
-0.967527
-1.01655
-1.00588
-0.958449
-0.886466
-0.803839
-0.716016
-0.624873
-0.532588
-0.442327
-0.358235
-0.290632
-0.254667
-0.321309
-0.52466
-0.720287
-0.900564
-0.957631
-0.96271
-0.963354
-0.962182
-1.04318
-1.03253
-0.985333
-0.913748
-0.83156
-0.744552
-0.654813
-0.564781
-0.478096
-0.399682
-0.340038
-0.315883
-0.399883
-0.632027
-0.803816
-0.928604
-0.991616
-0.969485
-0.960563
-0.958173
-1.06933
-1.05924
-1.01249
-0.941213
-0.859657
-0.773563
-0.685357
-0.597754
-0.514729
-0.442469
-0.390772
-0.378087
-0.482154
-0.73756
-0.908756
-0.92977
-0.940156
-0.958099
-0.958884
-0.957915
-1.09463
-1.08481
-1.0393
-0.968355
-0.887487
-0.802435
-0.715839
-0.630766
-0.55138
-0.485393
-0.442269
-0.438966
-0.575743
-0.832348
-1.07962
-1.06217
-1.0522
-1.05263
-1.04989
-1.0437
-1.11818
-1.10867
-1.06417
-0.994416
-0.914273
-0.83036
-0.745399
-0.66277
-0.587039
-0.526603
-0.493271
-0.497151
-0.680161
-0.92426
-1.27363
-1.63875
-1.40057
-1.298
-1.2765
-1.2594
-1.13849
-1.12951
-1.08656
-1.01798
-0.9391
-0.856348
-0.772964
-0.692479
-0.620248
-0.564087
-0.541295
-0.551966
-0.776657
-1.00521
-1.09353
-1.04641
-1.23806
-1.43979
-1.44176
-1.43139
-1.15412
-1.14587
-1.10513
-1.03822
-0.960643
-0.879212
-0.797274
-0.718475
-0.648787
-0.59633
-0.581227
-0.602928
-0.849215
-0.999671
-0.766649
-0.653284
-1.04386
-1.39829
-1.4375
-1.45419
-1.16393
-1.15664
-1.11858
-1.05388
-0.977767
-0.897654
-0.816974
-0.739239
-0.670335
-0.620431
-0.607316
-0.649668
-0.951897
-1.40983
-1.893
-2.30433
-2.586
-2.39854
-1.9895
-1.78615
-1.16629
-1.16027
-1.12572
-1.0638
-0.989387
-0.910516
-0.830613
-0.753106
-0.683137
-0.631297
-0.617536
-0.677003
-1.0703
-1.86117
-2.92799
-3.53343
-3.74276
-3.5371
-3.11105
-2.75725
-1.16107
-1.15607
-1.12554
-1.06714
-0.994635
-0.916917
-0.837236
-0.75863
-0.685703
-0.625931
-0.601232
-0.637597
-0.979193
-1.56348
-2.27517
-2.79535
-2.91376
-2.70828
-2.39432
-2.14378
-1.14595
-1.14221
-1.11686
-1.06339
-0.993319
-0.916508
-0.836444
-0.75556
-0.67658
-0.60547
-0.546763
-0.52177
-0.55178
-0.673699
-0.672704
-0.581898
-0.332747
-0.051382
0.175485
0.307011
-1.12276
-1.12028
-1.10045
-1.05287
-0.98575
-0.909579
-0.82877
-0.744804
-0.658904
-0.569041
-0.474224
-0.382076
-0.197194
0.176044
0.681307
1.23769
1.72451
2.06853
2.25626
2.32897
-1.09359
-1.09216
-1.07847
-1.03714
-0.973018
-0.897237
-0.815878
-0.729403
-0.636896
-0.533599
-0.420117
-0.27771
-0.0979656
0.325746
0.976846
1.63524
2.16357
2.50812
2.68631
2.75697
-1.06124
-1.06057
-1.05268
-1.01818
-0.956102
-0.880924
-0.799764
-0.712818
-0.618502
-0.511855
-0.387748
-0.257827
-0.118557
0.160153
0.703787
1.23261
1.65675
1.93676
2.08596
2.15181
-1.02705
-1.02685
-1.02302
-0.994749
-0.935096
-0.860388
-0.780962
-0.697428
-0.606425
-0.502496
-0.38384
-0.272805
-0.177552
-0.0479546
0.289065
0.650205
0.942502
1.14457
1.2574
1.30785
-0.975147
-0.975874
-0.974398
-0.952176
-0.898788
-0.830338
-0.758095
-0.682817
-0.600308
-0.503942
-0.393072
-0.293743
-0.225053
-0.16659
0.0674907
0.314856
0.51149
0.645659
0.722353
0.758197
-0.891446
-0.892319
-0.890753
-0.875119
-0.836362
-0.783984
-0.726865
-0.665378
-0.595673
-0.509973
-0.404826
-0.308933
-0.245154
-0.204332
-0.0471821
0.116269
0.234716
0.315283
0.356956
0.371728
-0.798167
-0.798408
-0.796014
-0.786453
-0.764032
-0.730964
-0.692192
-0.647547
-0.592918
-0.519815
-0.420593
-0.321904
-0.247027
-0.199922
-0.11193
-0.0233811
0.0490905
0.0956642
0.119701
0.128593
-0.728757
-0.728313
-0.725873
-0.720645
-0.709696
-0.691327
-0.668439
-0.640349
-0.60183
-0.540924
-0.449029
-0.340073
-0.243052
-0.185925
-0.142631
-0.101252
-0.0643988
-0.0363462
-0.0195188
-0.0138453
-0.697367
-0.69675
-0.694898
-0.69215
-0.686737
-0.677777
-0.666671
-0.653764
-0.634297
-0.594232
-0.520098
-0.405851
-0.288917
-0.226305
-0.203444
-0.17143
-0.14135
-0.116101
-0.100622
-0.0957797
-0.695779
-0.695347
-0.694517
-0.6937
-0.692419
-0.691013
-0.691863
-0.697858
-0.709247
-0.717308
-0.687177
-0.570137
-0.426307
-0.352092
-0.326128
-0.283384
-0.234008
-0.191809
-0.166899
-0.160844
-0.709441
-0.709372
-0.709972
-0.711681
-0.715397
-0.723287
-0.74018
-0.774214
-0.837446
-0.934462
-0.998248
-0.879573
-0.676717
-0.558728
-0.507296
-0.429305
-0.34465
-0.276286
-0.236636
-0.231938
-0.722286
-0.72282
-0.725119
-0.729834
-0.739283
-0.758085
-0.794656
-0.865487
-1.00257
-1.23476
-1.45115
-1.33485
-1.03489
-0.830275
-0.71865
-0.596422
-0.473584
-0.381282
-0.336102
-0.334442
-0.717384
-0.718584
-0.722263
-0.72959
-0.744155
-0.772875
-0.827424
-0.93446
-1.14803
-1.52555
-1.89344
-1.79623
-1.40626
-1.12395
-0.960895
-0.784169
-0.645426
-0.5516
-0.517292
-0.515828
-0.680915
-0.682542
-0.686916
-0.695458
-0.712808
-0.746521
-0.810751
-0.937116
-1.18929
-1.64527
-2.07997
-1.98595
-1.58841
-1.30235
-1.11342
-0.944019
-0.840486
-0.788276
-0.768105
-0.761029
-0.607972
-0.609705
-0.61371
-0.621753
-0.638084
-0.670068
-0.731164
-0.851288
-1.09283
-1.52247
-1.90868
-1.81721
-1.51802
-1.29423
-1.11039
-1.00342
-0.963322
-0.960118
-0.946738
-0.935211
-0.505525
-0.506932
-0.509792
-0.515715
-0.528008
-0.552433
-0.599229
-0.690975
-0.875043
-1.2042
-1.50237
-1.46047
-1.27274
-1.09637
-0.956499
-0.903011
-0.919536
-0.932594
-0.926565
-0.918297
-0.388839
-0.389719
-0.391131
-0.394287
-0.401355
-0.415849
-0.443853
-0.498518
-0.607488
-0.806826
-1.0016
-0.987604
-0.870103
-0.741123
-0.680712
-0.699764
-0.741023
-0.756634
-0.756993
-0.754708
-0.275164
-0.275534
-0.275714
-0.276544
-0.279089
-0.284897
-0.29645
-0.318967
-0.363344
-0.445411
-0.53511
-0.523641
-0.450559
-0.413226
-0.442675
-0.501127
-0.534892
-0.546519
-0.549619
-0.549959
-0.177571
-0.177588
-0.177005
-0.176503
-0.176255
-0.176521
-0.177591
-0.180034
-0.185051
-0.192182
-0.184116
-0.165188
-0.159864
-0.210172
-0.27472
-0.325697
-0.349652
-0.359744
-0.363785
-0.365447
-0.102227
-0.10207
-0.101225
-0.100289
-0.0989482
-0.0968001
-0.0932014
-0.0870928
-0.0768573
-0.0596113
-0.0344027
-0.0178107
-0.0443281
-0.104224
-0.158499
-0.192904
-0.211245
-0.218896
-0.222995
-0.225044
-0.0492372
-0.0490377
-0.0482524
-0.0474215
-0.0460784
-0.0435824
-0.0391044
-0.0314306
-0.019092
-0.000964534
0.0176981
0.0203079
-0.00536165
-0.0485867
-0.0857672
-0.108925
-0.120717
-0.126454
-0.129693
-0.131399
-0.0151136
-0.0149417
-0.014351
-0.0138385
-0.0129254
-0.011025
-0.00740019
-0.00117768
0.00843028
0.0210968
0.0306499
0.0259963
0.00577381
-0.0217377
-0.0447119
-0.0593858
-0.0671473
-0.0709791
-0.0731514
-0.0742969
0.00483239
0.00495597
0.00533743
0.00555263
0.00597479
0.00708104
0.00943808
0.0135586
0.0196878
0.0269382
0.0303485
0.0235369
0.00879647
-0.00837516
-0.022371
-0.0314571
-0.036417
-0.0389126
-0.0402858
-0.040985
0.0149553
0.0150337
0.0152478
0.0152564
0.0153075
0.0157576
0.0170134
0.0193435
0.0227274
0.0262203
0.0263645
0.0198152
0.00947137
-0.00133574
-0.00994401
-0.015644
-0.0188832
-0.0205442
-0.0214144
-0.0218344
0.0186711
0.0187159
0.0188187
0.0187161
0.0185338
0.018558
0.0190446
0.0201228
0.0216766
0.0229351
0.0216773
0.0162817
0.0091557
0.00225329
-0.00315449
-0.00680648
-0.0089698
-0.0101045
-0.0106647
-0.0109183
0.0183986
0.0184216
0.01846
0.0183131
0.0180275
0.0178238
0.0178587
0.018189
0.0186884
0.0187922
0.0171428
0.0130402
0.00819551
0.00374319
0.00029025
-0.0020843
-0.00354099
-0.004315
-0.00468293
-0.00484093
0.0157291
0.0157395
0.0157457
0.0155958
0.0152969
0.0150073
0.0148281
0.014782
0.0147664
0.0144013
0.0128849
0.00996469
0.006757
0.00390981
0.00171244
0.000175608
-0.000795779
-0.00131898
-0.00155883
-0.00165021
0.0116525
0.0116561
0.0116489
0.011519
0.0112564
0.0109809
0.0107529
0.0105831
0.0103994
0.00996669
0.00883773
0.00694877
0.00496668
0.00324333
0.00191254
0.000964674
0.000347989
1.1959e-05
-0.000136685
-0.00019324
0.00676103
0.00676055
0.00675049
0.00665624
0.00647045
0.00628042
0.0061154
0.00597887
0.00582866
0.00554318
0.00490735
0.00391651
0.00290487
0.00203521
0.0013612
0.000870994
0.00053992
0.000355664
0.000275186
0.000241685
0.00410639
0.00411443
0.00409991
0.00400467
0.00387562
0.00375725
0.00365967
0.00356997
0.00344204
0.00317058
0.00266562
0.00205389
0.00149528
0.00104303
0.000703294
0.000460221
0.000310553
0.000250552
0.000229829
5.25003e-05
-0.972463
-0.586849
-0.31899
-0.100075
0.0770747
0.219851
0.336364
0.436336
0.506238
0.504962
-0.39634
-0.211611
-0.0523331
0.0888213
0.209492
0.310941
0.394919
0.459628
0.499899
0.516787
-0.0842871
0.028002
0.132917
0.22946
0.31383
0.385662
0.444461
0.489279
0.52171
0.542662
0.121039
0.196376
0.270533
0.339478
0.400419
0.452664
0.496138
0.531134
0.559203
0.578234
0.273308
0.324408
0.382096
0.432899
0.478899
0.519215
0.553875
0.583006
0.607113
0.623231
0.394389
0.4341
0.478316
0.518773
0.555888
0.589464
0.619074
0.644406
0.66526
0.67854
0.496985
0.53151
0.567956
0.603514
0.636537
0.666839
0.693812
0.716793
0.735148
0.746068
0.591698
0.624511
0.659285
0.694022
0.726139
0.755378
0.78111
0.802596
0.818937
0.828258
0.688744
0.724572
0.761395
0.797723
0.830371
0.859169
0.883808
0.903842
0.918576
0.927566
0.802928
0.843957
0.883166
0.920351
0.952532
0.97986
1.00267
1.021
1.03465
1.04489
0.947441
0.990927
1.02848
1.06183
1.08992
1.11384
1.1346
1.15207
1.16613
1.17843
1.12559
1.16269
1.19112
1.21524
1.23641
1.25587
1.27419
1.29134
1.30758
1.32297
1.32318
1.34266
1.35854
1.37484
1.39153
1.40703
1.42071
1.43389
1.44944
1.46736
1.51257
1.52028
1.53214
1.54386
1.55376
1.56297
1.57331
1.5847
1.59606
1.60338
1.73141
1.72968
1.72162
1.70463
1.69328
1.69274
1.70493
1.72979
1.7635
1.79111
2.13995
1.95312
1.85158
1.79426
1.76528
1.75863
1.77393
1.81458
1.89035
2.03664
-0.764858
-0.766262
-0.727102
-0.658253
-0.575785
-0.484515
0.354226
0.423431
0.42229
0.352655
0.284708
0.211295
-0.0471623
-0.298786
-0.609879
-1.02993
-1.50202
)
;

boundaryField
{
    wall-4
    {
        type            zeroGradient;
    }
    pressure-outlet-7
    {
        type            fixedValue;
        value           uniform 0;
    }
    velocity-inlet-6
    {
        type            zeroGradient;
    }
    velocity-inlet-5
    {
        type            zeroGradient;
    }
    frontAndBackPlanes
    {
        type            empty;
    }
}


// ************************************************************************* //
