0.490941 	0.00613049 	3.00282 	0
0.561075 	0.00613049 	3.00282 	0
0.63121 	0.00613049 	3.00282 	0
0.701344 	0.00613049 	3.00282 	0
0.771478 	0.00613049 	3.00282 	0
0.841613 	0.00613049 	3.00282 	0
0.911747 	0.00613049 	3.00282 	0
0.981881 	0.00613049 	3.00282 	0
1.05202 	0.00613049 	3.00282 	0
1.12215 	0.00613049 	3.00282 	0
1.19228 	0.00613049 	3.00282 	0
1.26242 	0.011514 	3.00792 	0
1.33255 	0.011514 	3.00792 	0
1.40269 	0.011514 	3.00792 	0
1.47282 	0.011514 	3.00792 	0
1.54296 	0.011514 	3.00792 	0
1.61309 	0.011514 	3.00792 	0
1.68323 	0.011514 	3.00792 	0
1.75336 	0.011514 	3.00792 	0
1.82349 	0.0147922 	3.02403 	3.02169e-19
1.89363 	0.0147922 	3.02403 	3.02169e-19
1.96376 	0.0147922 	3.02403 	3.02169e-19
2.0339 	0.0147922 	3.02403 	3.02169e-19
2.10403 	0.0147922 	3.02403 	3.02169e-19
2.17417 	0.0147922 	3.02403 	3.02169e-19
2.2443 	0.0147922 	3.02403 	3.02169e-19
2.31443 	0.0147922 	3.02403 	3.02169e-19
2.38457 	0.0147922 	3.02403 	3.02169e-19
2.4547 	0.0147922 	3.02403 	3.02169e-19
2.52484 	0.0147922 	3.02403 	3.02169e-19
2.59497 	0.00730827 	3.03672 	-4.72272e-19
2.66511 	0.00730827 	3.03672 	-4.72272e-19
2.73524 	0.00730827 	3.03672 	-4.72272e-19
2.80538 	0.00730827 	3.03672 	-4.72272e-19
2.87551 	0.00730827 	3.03672 	-4.72272e-19
2.94564 	0.00730827 	3.03672 	-4.72272e-19
3.01578 	0.00730827 	3.03672 	-4.72272e-19
3.08591 	0.00730827 	3.03672 	-4.72272e-19
3.15605 	0.00730827 	3.03672 	-4.72272e-19
3.22618 	0.00730827 	3.03672 	-4.72272e-19
3.29632 	0.0200909 	3.04346 	4.77737e-19
3.36645 	0.0200909 	3.04346 	4.77737e-19
3.43659 	0.0200909 	3.04346 	4.77737e-19
3.50672 	0.0200909 	3.04346 	4.77737e-19
3.57685 	0.0200909 	3.04346 	4.77737e-19
3.64699 	0.0200909 	3.04346 	4.77737e-19
3.71712 	0.0200909 	3.04346 	4.77737e-19
3.78726 	0.0200909 	3.04346 	4.77737e-19
3.85739 	0.0200909 	3.04346 	4.77737e-19
3.92753 	0.0200909 	3.04346 	4.77737e-19
3.99766 	0.0200909 	3.04346 	4.77737e-19
4.06779 	0.00368624 	3.0502 	-1.33004e-20
4.13793 	0.00368624 	3.0502 	-1.33004e-20
4.20806 	0.00368624 	3.0502 	-1.33004e-20
4.2782 	0.00368624 	3.0502 	-1.33004e-20
4.34833 	0.00368624 	3.0502 	-1.33004e-20
4.41847 	0.00368624 	3.0502 	-1.33004e-20
4.4886 	0.0165915 	3.05789 	0
4.55874 	0.0165915 	3.05789 	0
4.62887 	0.0165915 	3.05789 	0
4.699 	0.0165915 	3.05789 	0
4.76914 	0.0165915 	3.05789 	0
4.83927 	0.0165915 	3.05789 	0
4.90941 	0.0165915 	3.05789 	0
4.97954 	0.0165915 	3.05789 	0
5.04968 	0.0165915 	3.05789 	0
5.11981 	0.0165915 	3.05789 	0
5.18994 	0.00583846 	3.06493 	-6.16622e-21
5.26008 	0.00583846 	3.06493 	-6.16622e-21
5.33021 	0.00583846 	3.06493 	-6.16622e-21
5.40035 	0.00583846 	3.06493 	-6.16622e-21
5.47048 	0.00583846 	3.06493 	-6.16622e-21
5.54062 	0.00583846 	3.06493 	-6.16622e-21
5.61075 	0.00583846 	3.06493 	-6.16622e-21
5.68089 	0.0110866 	3.07435 	0
5.75102 	0.0110866 	3.07435 	0
5.82115 	0.0110866 	3.07435 	0
5.89129 	0.0110866 	3.07435 	0
5.96142 	0.0110866 	3.07435 	0
6.03156 	0.0110866 	3.07435 	0
6.10169 	0.0110866 	3.07435 	0
6.17183 	0.0110866 	3.07435 	0
6.24196 	0.0110866 	3.07435 	0
6.3121 	0.00725302 	3.08266 	0
6.38223 	0.00725302 	3.08266 	0
6.45236 	0.00725302 	3.08266 	0
6.5225 	0.00725302 	3.08266 	0
6.59263 	0.00725302 	3.08266 	0
6.66277 	0.00725302 	3.08266 	0
6.7329 	0.00725302 	3.08266 	0
6.80304 	0.00725302 	3.08266 	0
6.87317 	0.00628769 	3.09162 	1.95715e-19
6.9433 	0.00628769 	3.09162 	1.95715e-19
7.01344 	0.00628769 	3.09162 	1.95715e-19
7.08357 	0.00628769 	3.09162 	1.95715e-19
7.15371 	0.00628769 	3.09162 	1.95715e-19
7.22384 	0.00628769 	3.09162 	1.95715e-19
7.29398 	0.00628769 	3.09162 	1.95715e-19
7.36411 	0.00628769 	3.09162 	1.95715e-19
7.43425 	0.00628769 	3.09162 	1.95715e-19
7.50438 	0.00872485 	3.09876 	-1.43452e-18
7.57451 	0.00872485 	3.09876 	-1.43452e-18
7.64465 	0.00872485 	3.09876 	-1.43452e-18
7.71478 	0.00872485 	3.09876 	-1.43452e-18
7.78492 	0.00872485 	3.09876 	-1.43452e-18
7.85505 	0.00872485 	3.09876 	-1.43452e-18
7.92519 	0.00872485 	3.09876 	-1.43452e-18
7.99532 	0.00872485 	3.09876 	-1.43452e-18
8.06545 	0.00200388 	3.10682 	1.3961e-18
8.13559 	0.00200388 	3.10682 	1.3961e-18
8.20572 	0.00200388 	3.10682 	1.3961e-18
8.27586 	0.00200388 	3.10682 	1.3961e-18
8.34599 	0.00200388 	3.10682 	1.3961e-18
8.41613 	0.00200388 	3.10682 	1.3961e-18
8.48626 	0.00200388 	3.10682 	1.3961e-18
8.5564 	0.00200388 	3.10682 	1.3961e-18
8.62653 	0.00200388 	3.10682 	1.3961e-18
8.69666 	0.0170441 	3.118 	1.21634e-18
8.7668 	0.0170441 	3.118 	1.21634e-18
8.83693 	0.0170441 	3.118 	1.21634e-18
8.90707 	0.0170441 	3.118 	1.21634e-18
8.9772 	0.0170441 	3.118 	1.21634e-18
9.04734 	0.0170441 	3.118 	1.21634e-18
9.11747 	0.0170441 	3.118 	1.21634e-18
9.18761 	0.0170441 	3.118 	1.21634e-18
9.25774 	0.00372679 	3.11793 	-1.13741e-18
9.32787 	0.00372679 	3.11793 	-1.13741e-18
9.39801 	0.00372679 	3.11793 	-1.13741e-18
9.46814 	0.00372679 	3.11793 	-1.13741e-18
9.53828 	0.00372679 	3.11793 	-1.13741e-18
9.60841 	0.00372679 	3.11793 	-1.13741e-18
9.67855 	0.00372679 	3.11793 	-1.13741e-18
9.74868 	0.00372679 	3.11793 	-1.13741e-18
9.81881 	0.0167582 	3.12969 	-3.49835e-19
9.88895 	0.0167582 	3.12969 	-3.49835e-19
9.95908 	0.0167582 	3.12969 	-3.49835e-19
10.0292 	0.0167582 	3.12969 	-3.49835e-19
10.0994 	0.0167582 	3.12969 	-3.49835e-19
10.1695 	0.0167582 	3.12969 	-3.49835e-19
10.2396 	0.0167582 	3.12969 	-3.49835e-19
10.3098 	0.0167582 	3.12969 	-3.49835e-19
10.3799 	0.0167582 	3.12969 	-3.49835e-19
10.45 	0.0167582 	3.12969 	-3.49835e-19
10.5202 	0.0167582 	3.12969 	-3.49835e-19
10.5903 	0.0167582 	3.12969 	-3.49835e-19
10.6604 	0.0146144 	3.12567 	5.14893e-19
10.7306 	0.0361181 	3.14011 	0
10.8007 	0.0361181 	3.14011 	0
10.8708 	0.0361181 	3.14011 	0
10.941 	0.0361181 	3.14011 	0
11.0111 	0.0361181 	3.14011 	0
11.0812 	0.0361181 	3.14011 	0
11.1514 	0.0361181 	3.14011 	0
11.2215 	0.0361181 	3.14011 	0
11.2916 	0.0361181 	3.14011 	0
11.3618 	0.0361181 	3.14011 	0
11.4319 	0.0361181 	3.14011 	0
11.502 	0.0361181 	3.14011 	0
11.5722 	0.0361181 	3.14011 	0
11.6423 	0.0361181 	3.14011 	0
11.7124 	0.023423 	3.12943 	0
11.7826 	0.0781852 	3.16137 	5.32736e-19
11.8527 	0.0781852 	3.16137 	5.32736e-19
11.9228 	0.0781852 	3.16137 	5.32736e-19
11.993 	0.0781852 	3.16137 	5.32736e-19
12.0631 	0.0781852 	3.16137 	5.32736e-19
12.1332 	0.0781852 	3.16137 	5.32736e-19
12.2034 	0.0711019 	3.18762 	-2.35079e-19
12.2735 	0.0711019 	3.18762 	-2.35079e-19
12.3437 	0.0711019 	3.18762 	-2.35079e-19
12.4138 	0.0711019 	3.18762 	-2.35079e-19
12.4839 	0.0711019 	3.18762 	-2.35079e-19
12.5541 	0.0711019 	3.18762 	-2.35079e-19
12.6242 	0.0711019 	3.18762 	-2.35079e-19
12.6943 	0.0711019 	3.18762 	-2.35079e-19
12.7645 	0.0711019 	3.18762 	-2.35079e-19
12.8346 	0.0374418 	3.18033 	1.4071e-19
12.9047 	0.139496 	3.22401 	-1.94655e-20
12.9749 	0.139496 	3.22401 	-1.94655e-20
13.045 	0.139496 	3.22401 	-1.94655e-20
13.1151 	0.139496 	3.22401 	-1.94655e-20
13.1853 	0.139496 	3.22401 	-1.94655e-20
13.2554 	0.139496 	3.22401 	-1.94655e-20
13.3255 	0.139496 	3.22401 	-1.94655e-20
13.3957 	0.144521 	3.19491 	8.72039e-19
13.4658 	0.144521 	3.19491 	8.72039e-19
13.5359 	0.144521 	3.19491 	8.72039e-19
13.6061 	0.144521 	3.19491 	8.72039e-19
13.6762 	0.144521 	3.19491 	8.72039e-19
13.7463 	0.144521 	3.19491 	8.72039e-19
13.8165 	0.118531 	2.86928 	-7.10573e-19
13.8866 	0.140192 	2.96351 	1.82497e-19
13.9567 	0.140192 	2.96351 	1.82497e-19
14.0269 	0.249431 	3.03649 	-8.79972e-19
14.097 	0.249431 	3.03649 	-8.79972e-19
14.1671 	0.249431 	3.03649 	-8.79972e-19
14.2373 	0.249431 	3.03649 	-8.79972e-19
14.3074 	0.249431 	3.03649 	-8.79972e-19
14.3776 	0.249431 	3.03649 	-8.79972e-19
14.4477 	0.249431 	3.03649 	-8.79972e-19
14.5178 	0.249431 	3.03649 	-8.79972e-19
14.588 	0.249431 	3.03649 	-8.79972e-19
14.6581 	0.249431 	3.03649 	-8.79972e-19
14.7282 	0.249431 	3.03649 	-8.79972e-19
14.7984 	0.249431 	3.03649 	-8.79972e-19
14.8685 	0.249431 	3.03649 	-8.79972e-19
14.9386 	0.34344 	3.1955 	0
15.0088 	0.34344 	3.1955 	0
15.0789 	0.34344 	3.1955 	0
15.149 	0.34344 	3.1955 	0
15.2192 	0.34344 	3.1955 	0
15.2893 	0.342884 	3.42488 	-4.14246e-19
15.3594 	0.342884 	3.42488 	-4.14246e-19
15.4296 	0.342884 	3.42488 	-4.14246e-19
15.4997 	0.342884 	3.42488 	-4.14246e-19
15.5698 	0.342884 	3.42488 	-4.14246e-19
15.64 	0.342884 	3.42488 	-4.14246e-19
15.7101 	0.397986 	3.49597 	0
15.7802 	0.397986 	3.49597 	0
15.8504 	0.652077 	3.55553 	1.61033e-18
15.9205 	0.652077 	3.55553 	1.61033e-18
15.9906 	0.652077 	3.55553 	1.61033e-18
16.0608 	0.652077 	3.55553 	1.61033e-18
16.1309 	0.652077 	3.55553 	1.61033e-18
16.201 	0.652077 	3.55553 	1.61033e-18
16.2712 	0.652077 	3.55553 	1.61033e-18
16.3413 	0.652077 	3.55553 	1.61033e-18
16.4114 	0.652077 	3.55553 	1.61033e-18
16.4816 	0.652077 	3.55553 	1.61033e-18
16.5517 	0.652077 	3.55553 	1.61033e-18
16.6219 	0.652077 	3.55553 	1.61033e-18
16.692 	0.652077 	3.55553 	1.61033e-18
16.7621 	0.652077 	3.55553 	1.61033e-18
16.8323 	0.879277 	3.12138 	3.35288e-19
16.9024 	0.879277 	3.12138 	3.35288e-19
16.9725 	0.879277 	3.12138 	3.35288e-19
17.0427 	0.879277 	3.12138 	3.35288e-19
17.1128 	0.879277 	3.12138 	3.35288e-19
17.1829 	0.879277 	3.12138 	3.35288e-19
17.2531 	0.879277 	3.12138 	3.35288e-19
17.3232 	0.879277 	3.12138 	3.35288e-19
17.3933 	0.879277 	3.12138 	3.35288e-19
17.4635 	0.879277 	3.12138 	3.35288e-19
17.5336 	0.91891 	3.03828 	-3.72334e-19
17.6037 	0.91891 	3.03828 	-3.72334e-19
17.6739 	0.91891 	3.03828 	-3.72334e-19
17.744 	1.04804 	3.16914 	4.34723e-19
17.8141 	1.04804 	3.16914 	4.34723e-19
17.8843 	1.04804 	3.16914 	4.34723e-19
17.9544 	1.04804 	3.16914 	4.34723e-19
18.0245 	1.04804 	3.16914 	4.34723e-19
18.0947 	1.04804 	3.16914 	4.34723e-19
18.1648 	1.04804 	3.16914 	4.34723e-19
18.2349 	1.04804 	3.16914 	4.34723e-19
18.3051 	1.04804 	3.16914 	4.34723e-19
18.3752 	1.00984 	2.77448 	-3.3053e-19
18.4453 	1.00984 	2.77448 	-3.3053e-19
18.5155 	1.00984 	2.77448 	-3.3053e-19
18.5856 	1.00984 	2.77448 	-3.3053e-19
18.6557 	1.00984 	2.77448 	-3.3053e-19
18.7259 	1.00984 	2.77448 	-3.3053e-19
18.796 	1.00984 	2.77448 	-3.3053e-19
18.8662 	1.04381 	2.82933 	2.3089e-19
18.9363 	1.04381 	2.82933 	2.3089e-19
19.0064 	1.04381 	2.82933 	2.3089e-19
19.0766 	1.04381 	2.82933 	2.3089e-19
19.1467 	1.04381 	2.82933 	2.3089e-19
19.2168 	1.04381 	2.82933 	2.3089e-19
19.287 	1.04381 	2.82933 	2.3089e-19
19.3571 	1.04381 	2.82933 	2.3089e-19
19.4272 	1.04381 	2.82933 	2.3089e-19
19.4974 	1.04381 	2.82933 	2.3089e-19
19.5675 	1.04381 	2.82933 	2.3089e-19
19.6376 	1.04381 	2.82933 	2.3089e-19
19.7078 	1.04381 	2.82933 	2.3089e-19
19.7779 	0.994988 	2.45796 	-7.35842e-20
19.848 	0.994988 	2.45796 	-7.35842e-20
19.9182 	0.994988 	2.45796 	-7.35842e-20
19.9883 	0.994988 	2.45796 	-7.35842e-20
20.0584 	0.994988 	2.45796 	-7.35842e-20
20.1286 	0.994988 	2.45796 	-7.35842e-20
20.1987 	0.994988 	2.45796 	-7.35842e-20
20.2688 	0.997382 	2.45212 	-1.06468e-19
20.339 	0.997382 	2.45212 	-1.06468e-19
20.4091 	0.997382 	2.45212 	-1.06468e-19
20.4792 	0.997382 	2.45212 	-1.06468e-19
20.5494 	0.997382 	2.45212 	-1.06468e-19
20.6195 	0.997382 	2.45212 	-1.06468e-19
20.6896 	0.997382 	2.45212 	-1.06468e-19
20.7598 	0.997382 	2.45212 	-1.06468e-19
20.8299 	0.997382 	2.45212 	-1.06468e-19
20.9 	0.997382 	2.45212 	-1.06468e-19
20.9702 	0.997382 	2.45212 	-1.06468e-19
21.0403 	0.997382 	2.45212 	-1.06468e-19
21.1105 	0.997382 	2.45212 	-1.06468e-19
21.1806 	0.997382 	2.45212 	-1.06468e-19
21.2507 	0.997382 	2.45212 	-1.06468e-19
21.3209 	0.997382 	2.45212 	-1.06468e-19
21.391 	0.997382 	2.45212 	-1.06468e-19
21.4611 	0.706322 	1.92025 	4.7675e-20
21.5313 	0.706322 	1.92025 	4.7675e-20
21.6014 	0.706322 	1.92025 	4.7675e-20
21.6715 	0.620186 	1.42822 	1.69434e-19
21.7417 	0.620186 	1.42822 	1.69434e-19
21.8118 	0.620186 	1.42822 	1.69434e-19
21.8819 	0.620186 	1.42822 	1.69434e-19
21.9521 	0.620186 	1.42822 	1.69434e-19
22.0222 	0.936285 	2.36123 	-2.39525e-19
22.0923 	0.936285 	2.36123 	-2.39525e-19
22.1625 	0.936285 	2.36123 	-2.39525e-19
22.2326 	0.936285 	2.36123 	-2.39525e-19
22.3027 	0.936285 	2.36123 	-2.39525e-19
22.3729 	0.936285 	2.36123 	-2.39525e-19
22.443 	0.936285 	2.36123 	-2.39525e-19
22.5131 	0.936285 	2.36123 	-2.39525e-19
22.5833 	0.936285 	2.36123 	-2.39525e-19
22.6534 	0.936285 	2.36123 	-2.39525e-19
22.7235 	0.936285 	2.36123 	-2.39525e-19
22.7937 	0.936285 	2.36123 	-2.39525e-19
22.8638 	0.936285 	2.36123 	-2.39525e-19
22.9339 	0.936285 	2.36123 	-2.39525e-19
23.0041 	0.936285 	2.36123 	-2.39525e-19
23.0742 	0.936285 	2.36123 	-2.39525e-19
23.1443 	0.936285 	2.36123 	-2.39525e-19
23.2145 	0.936285 	2.36123 	-2.39525e-19
23.2846 	0.936285 	2.36123 	-2.39525e-19
23.3548 	0.936285 	2.36123 	-2.39525e-19
23.4249 	0.936285 	2.36123 	-2.39525e-19
23.495 	0.902926 	2.33814 	2.2128e-20
23.5652 	0.902926 	2.33814 	2.2128e-20
23.6353 	0.902926 	2.33814 	2.2128e-20
23.7054 	0.902926 	2.33814 	2.2128e-20
23.7756 	0.902926 	2.33814 	2.2128e-20
23.8457 	0.902926 	2.33814 	2.2128e-20
23.9158 	0.902926 	2.33814 	2.2128e-20
23.986 	0.8441 	2.21524 	-1.14579e-21
24.0561 	0.8441 	2.21524 	-1.14579e-21
24.1262 	0.8441 	2.21524 	-1.14579e-21
24.1964 	0.8441 	2.21524 	-1.14579e-21
24.2665 	0.8441 	2.21524 	-1.14579e-21
24.3366 	0.8441 	2.21524 	-1.14579e-21
24.4068 	0.8441 	2.21524 	-1.14579e-21
24.4769 	0.8441 	2.21524 	-1.14579e-21
24.547 	0.8441 	2.21524 	-1.14579e-21
24.6172 	0.8441 	2.21524 	-1.14579e-21
24.6873 	0.8441 	2.21524 	-1.14579e-21
24.7574 	0.8441 	2.21524 	-1.14579e-21
24.8276 	0.8441 	2.21524 	-1.14579e-21
24.8977 	0.8441 	2.21524 	-1.14579e-21
24.9678 	0.8441 	2.21524 	-1.14579e-21
25.038 	0.8441 	2.21524 	-1.14579e-21
25.1081 	0.8441 	2.21524 	-1.14579e-21
25.1782 	0.498249 	1.37243 	0
25.2484 	0.498249 	1.37243 	0
25.3185 	0.498249 	1.37243 	0
25.3886 	0.498249 	1.37243 	0
25.4588 	0.498249 	1.37243 	0
25.5289 	0.498249 	1.37243 	0
25.5991 	0.498249 	1.37243 	0
25.6692 	0.498249 	1.37243 	0
25.7393 	0.498249 	1.37243 	0
25.8095 	0.498249 	1.37243 	0
25.8796 	0.498249 	1.37243 	0
25.9497 	0.498249 	1.37243 	0
26.0199 	0.498249 	1.37243 	0
26.09 	0.498249 	1.37243 	0
26.1601 	0.498249 	1.37243 	0
26.2303 	0.492682 	1.38003 	3.44366e-19
26.3004 	0.492682 	1.38003 	3.44366e-19
26.3705 	0.492682 	1.38003 	3.44366e-19
26.4407 	0.492682 	1.38003 	3.44366e-19
26.5108 	0.492682 	1.38003 	3.44366e-19
26.5809 	0.492682 	1.38003 	3.44366e-19
26.6511 	0.492682 	1.38003 	3.44366e-19
26.7212 	0.492682 	1.38003 	3.44366e-19
26.7913 	0.492682 	1.38003 	3.44366e-19
26.8615 	0.492682 	1.38003 	3.44366e-19
26.9316 	0.492682 	1.38003 	3.44366e-19
27.0017 	0.492682 	1.38003 	3.44366e-19
27.0719 	0.492682 	1.38003 	3.44366e-19
27.142 	0.492682 	1.38003 	3.44366e-19
27.2121 	0.492682 	1.38003 	3.44366e-19
27.2823 	0.492682 	1.38003 	3.44366e-19
27.3524 	0.488108 	1.38568 	-3.69281e-19
27.4225 	0.488108 	1.38568 	-3.69281e-19
27.4927 	0.488108 	1.38568 	-3.69281e-19
27.5628 	0.488108 	1.38568 	-3.69281e-19
27.6329 	0.488108 	1.38568 	-3.69281e-19
27.7031 	0.488108 	1.38568 	-3.69281e-19
27.7732 	0.488108 	1.38568 	-3.69281e-19
27.8434 	0.488108 	1.38568 	-3.69281e-19
27.9135 	0.488108 	1.38568 	-3.69281e-19
27.9836 	0.488108 	1.38568 	-3.69281e-19
28.0538 	0.488108 	1.38568 	-3.69281e-19
28.1239 	0.488108 	1.38568 	-3.69281e-19
28.194 	0.488108 	1.38568 	-3.69281e-19
28.2642 	0.488108 	1.38568 	-3.69281e-19
28.3343 	0.488108 	1.38568 	-3.69281e-19
28.4044 	0.488108 	1.38568 	-3.69281e-19
28.4746 	0.488108 	1.38568 	-3.69281e-19
28.5447 	0.488108 	1.38568 	-3.69281e-19
28.6148 	0.488108 	1.38568 	-3.69281e-19
28.685 	0.488108 	1.38568 	-3.69281e-19
28.7551 	0.488108 	1.38568 	-3.69281e-19
28.8252 	0.488108 	1.38568 	-3.69281e-19
28.8954 	0.488108 	1.38568 	-3.69281e-19
28.9655 	0.429664 	1.29196 	-2.23191e-20
29.0356 	0.429664 	1.29196 	-2.23191e-20
29.1058 	0.429664 	1.29196 	-2.23191e-20
29.1759 	0.429664 	1.29196 	-2.23191e-20
29.246 	0.429664 	1.29196 	-2.23191e-20
29.3162 	0.429664 	1.29196 	-2.23191e-20
29.3863 	0.429664 	1.29196 	-2.23191e-20
29.4564 	0.429664 	1.29196 	-2.23191e-20
29.5266 	0.429664 	1.29196 	-2.23191e-20
29.5967 	0.429664 	1.29196 	-2.23191e-20
29.6668 	0.429664 	1.29196 	-2.23191e-20
29.737 	0.429664 	1.29196 	-2.23191e-20
29.8071 	0.429664 	1.29196 	-2.23191e-20
29.8773 	0.429664 	1.29196 	-2.23191e-20
29.9474 	0.429664 	1.29196 	-2.23191e-20
30.0175 	0.429664 	1.29196 	-2.23191e-20
30.0877 	0.429664 	1.29196 	-2.23191e-20
30.1578 	0.429664 	1.29196 	-2.23191e-20
30.2279 	0.429664 	1.29196 	-2.23191e-20
30.2981 	0.429664 	1.29196 	-2.23191e-20
30.3682 	0.429664 	1.29196 	-2.23191e-20
30.4383 	0.429664 	1.29196 	-2.23191e-20
30.5085 	0.429664 	1.29196 	-2.23191e-20
30.5786 	0.429664 	1.29196 	-2.23191e-20
30.6487 	0.429664 	1.29196 	-2.23191e-20
30.7189 	0.429664 	1.29196 	-2.23191e-20
30.789 	0.358754 	1.27771 	5.78968e-19
30.8591 	0.358754 	1.27771 	5.78968e-19
30.9293 	0.358754 	1.27771 	5.78968e-19
30.9994 	0.358754 	1.27771 	5.78968e-19
31.0695 	0.358754 	1.27771 	5.78968e-19
31.1397 	0.358754 	1.27771 	5.78968e-19
31.2098 	0.358754 	1.27771 	5.78968e-19
31.2799 	0.358754 	1.27771 	5.78968e-19
31.3501 	0.358754 	1.27771 	5.78968e-19
31.4202 	0.358754 	1.27771 	5.78968e-19
31.4903 	0.358754 	1.27771 	5.78968e-19
31.5605 	0.358754 	1.27771 	5.78968e-19
31.6306 	0.358754 	1.27771 	5.78968e-19
31.7007 	0.358754 	1.27771 	5.78968e-19
31.7709 	0.358754 	1.27771 	5.78968e-19
31.841 	0.358754 	1.27771 	5.78968e-19
31.9111 	0.358754 	1.27771 	5.78968e-19
31.9813 	0.358754 	1.27771 	5.78968e-19
32.0514 	0.358754 	1.27771 	5.78968e-19
32.1216 	0.358754 	1.27771 	5.78968e-19
32.1917 	0.358754 	1.27771 	5.78968e-19
32.2618 	0.358754 	1.27771 	5.78968e-19
32.332 	0.358754 	1.27771 	5.78968e-19
32.4021 	0.358754 	1.27771 	5.78968e-19
32.4722 	0.358754 	1.27771 	5.78968e-19
32.5424 	0.358754 	1.27771 	5.78968e-19
32.6125 	0.358754 	1.27771 	5.78968e-19
32.6826 	0.358754 	1.27771 	5.78968e-19
32.7528 	0.358754 	1.27771 	5.78968e-19
32.8229 	0.358754 	1.27771 	5.78968e-19
32.893 	0.358754 	1.27771 	5.78968e-19
32.9632 	0.358754 	1.27771 	5.78968e-19
33.0333 	0.358754 	1.27771 	5.78968e-19
33.1034 	0.358754 	1.27771 	5.78968e-19
33.1736 	0.358754 	1.27771 	5.78968e-19
33.2437 	0.358754 	1.27771 	5.78968e-19
33.3138 	0.358754 	1.27771 	5.78968e-19
33.384 	0.358754 	1.27771 	5.78968e-19
33.4541 	0.358754 	1.27771 	5.78968e-19
33.5242 	0.358754 	1.27771 	5.78968e-19
33.5944 	0.358754 	1.27771 	5.78968e-19
33.6645 	0.358754 	1.27771 	5.78968e-19
33.7346 	0.358171 	1.35148 	-3.53857e-19
33.8048 	0.358171 	1.35148 	-3.53857e-19
33.8749 	0.358171 	1.35148 	-3.53857e-19
33.945 	0.358171 	1.35148 	-3.53857e-19
34.0152 	0.358171 	1.35148 	-3.53857e-19
34.0853 	0.358171 	1.35148 	-3.53857e-19
34.1554 	0.269899 	1.30125 	2.73174e-19
34.2256 	0.269899 	1.30125 	2.73174e-19
34.2957 	0.269899 	1.30125 	2.73174e-19
34.3659 	0.269899 	1.30125 	2.73174e-19
34.436 	0.269899 	1.30125 	2.73174e-19
34.5061 	0.269899 	1.30125 	2.73174e-19
34.5763 	0.269899 	1.30125 	2.73174e-19
34.6464 	0.269899 	1.30125 	2.73174e-19
34.7165 	0.252094 	1.61729 	-1.74319e-19
34.7867 	0.252094 	1.61729 	-1.74319e-19
34.8568 	0.252094 	1.61729 	-1.74319e-19
34.9269 	0.252094 	1.61729 	-1.74319e-19
34.9971 	0.252094 	1.61729 	-1.74319e-19
35.0672 	0.252094 	1.61729 	-1.74319e-19
35.1373 	0.252094 	1.61729 	-1.74319e-19
35.2075 	0.252094 	1.61729 	-1.74319e-19
35.2776 	0.252094 	1.61729 	-1.74319e-19
35.3477 	0.252094 	1.61729 	-1.74319e-19
35.4179 	0.252094 	1.61729 	-1.74319e-19
35.488 	0.252094 	1.61729 	-1.74319e-19
35.5581 	0.252094 	1.61729 	-1.74319e-19
35.6283 	0.252094 	1.61729 	-1.74319e-19
35.6984 	0.252094 	1.61729 	-1.74319e-19
35.7685 	0.252094 	1.61729 	-1.74319e-19
35.8387 	0.252094 	1.61729 	-1.74319e-19
35.9088 	0.252094 	1.61729 	-1.74319e-19
35.9789 	0.252094 	1.61729 	-1.74319e-19
36.0491 	0.23913 	1.57613 	0
36.1192 	0.23913 	1.57613 	0
36.1893 	0.23913 	1.57613 	0
36.2595 	0.23913 	1.57613 	0
36.3296 	0.23913 	1.57613 	0
36.3997 	0.23913 	1.57613 	0
36.4699 	0.23913 	1.57613 	0
36.54 	0.23913 	1.57613 	0
36.6102 	0.23913 	1.57613 	0
36.6803 	0.23913 	1.57613 	0
36.7504 	0.23913 	1.57613 	0
36.8206 	0.23913 	1.57613 	0
36.8907 	0.184336 	1.43923 	-2.09987e-19
36.9608 	0.184336 	1.43923 	-2.09987e-19
37.031 	0.184336 	1.43923 	-2.09987e-19
37.1011 	0.184336 	1.43923 	-2.09987e-19
37.1712 	0.184336 	1.43923 	-2.09987e-19
37.2414 	0.184336 	1.43923 	-2.09987e-19
37.3115 	0.184336 	1.43923 	-2.09987e-19
37.3816 	0.184336 	1.43923 	-2.09987e-19
37.4518 	0.184336 	1.43923 	-2.09987e-19
37.5219 	0.184336 	1.43923 	-2.09987e-19
37.592 	0.184336 	1.43923 	-2.09987e-19
37.6622 	0.184336 	1.43923 	-2.09987e-19
37.7323 	0.184336 	1.43923 	-2.09987e-19
37.8024 	0.184336 	1.43923 	-2.09987e-19
37.8726 	0.184336 	1.43923 	-2.09987e-19
37.9427 	0.184336 	1.43923 	-2.09987e-19
38.0128 	0.184336 	1.43923 	-2.09987e-19
38.083 	0.184336 	1.43923 	-2.09987e-19
38.1531 	0.184336 	1.43923 	-2.09987e-19
38.2232 	0.126362 	1.59795 	2.40645e-19
38.2934 	0.126362 	1.59795 	2.40645e-19
38.3635 	0.126362 	1.59795 	2.40645e-19
38.4336 	0.126362 	1.59795 	2.40645e-19
38.5038 	0.126362 	1.59795 	2.40645e-19
38.5739 	0.126362 	1.59795 	2.40645e-19
38.644 	0.126362 	1.59795 	2.40645e-19
38.7142 	0.126362 	1.59795 	2.40645e-19
38.7843 	0.126362 	1.59795 	2.40645e-19
38.8545 	0.126362 	1.59795 	2.40645e-19
38.9246 	0.126362 	1.59795 	2.40645e-19
38.9947 	0.126362 	1.59795 	2.40645e-19
39.0649 	0.126362 	1.59795 	2.40645e-19
39.135 	0.126362 	1.59795 	2.40645e-19
39.2051 	0.116944 	1.56782 	0
39.2753 	0.116944 	1.56782 	0
39.3454 	0.116944 	1.56782 	0
39.4155 	0.116944 	1.56782 	0
39.4857 	0.116944 	1.56782 	0
39.5558 	0.116944 	1.56782 	0
39.6259 	0.116944 	1.56782 	0
39.6961 	0.116944 	1.56782 	0
39.7662 	0.116944 	1.56782 	0
39.8363 	0.116944 	1.56782 	0
39.9065 	0.116944 	1.56782 	0
39.9766 	0.116944 	1.56782 	0
40.0467 	0.116944 	1.56782 	0
40.1169 	0.116944 	1.56782 	0
40.187 	0.116944 	1.56782 	0
40.2571 	0.116944 	1.56782 	0
40.3273 	0.116944 	1.56782 	0
40.3974 	0.116944 	1.56782 	0
40.4675 	0.116944 	1.56782 	0
40.5377 	0.116944 	1.56782 	0
40.6078 	0.116944 	1.56782 	0
40.6779 	0.103204 	1.5097 	1.4245e-19
40.7481 	0.103204 	1.5097 	1.4245e-19
40.8182 	0.103204 	1.5097 	1.4245e-19
40.8883 	0.103204 	1.5097 	1.4245e-19
40.9585 	0.103204 	1.5097 	1.4245e-19
41.0286 	0.103204 	1.5097 	1.4245e-19
41.0988 	0.103204 	1.5097 	1.4245e-19
41.1689 	0.103204 	1.5097 	1.4245e-19
41.239 	0.0813983 	1.51333 	-2.67074e-19
41.3092 	0.0813983 	1.51333 	-2.67074e-19
41.3793 	0.0813983 	1.51333 	-2.67074e-19
41.4494 	0.0813983 	1.51333 	-2.67074e-19
41.5196 	0.0813983 	1.51333 	-2.67074e-19
41.5897 	0.0813983 	1.51333 	-2.67074e-19
41.6598 	0.0813983 	1.51333 	-2.67074e-19
41.73 	0.0813983 	1.51333 	-2.67074e-19
41.8001 	0.0813983 	1.51333 	-2.67074e-19
41.8702 	0.0813983 	1.51333 	-2.67074e-19
41.9404 	0.0813983 	1.51333 	-2.67074e-19
42.0105 	0.0813983 	1.51333 	-2.67074e-19
42.0806 	0.0813983 	1.51333 	-2.67074e-19
42.1508 	0.0813983 	1.51333 	-2.67074e-19
42.2209 	0.0813983 	1.51333 	-2.67074e-19
42.291 	0.0813983 	1.51333 	-2.67074e-19
42.3612 	0.0813983 	1.51333 	-2.67074e-19
42.4313 	0.0813983 	1.51333 	-2.67074e-19
42.5014 	0.0813983 	1.51333 	-2.67074e-19
42.5716 	0.0813983 	1.51333 	-2.67074e-19
42.6417 	0.0813983 	1.51333 	-2.67074e-19
42.7118 	0.0738898 	1.48373 	0
42.782 	0.0738898 	1.48373 	0
42.8521 	0.0738898 	1.48373 	0
42.9222 	0.0738898 	1.48373 	0
42.9924 	0.0404205 	1.57049 	0
43.0625 	0.0404205 	1.57049 	0
43.1327 	0.0404205 	1.57049 	0
43.2028 	0.0404205 	1.57049 	0
43.2729 	0.0404205 	1.57049 	0
43.3431 	0.0404205 	1.57049 	0
43.4132 	0.0404205 	1.57049 	0
43.4833 	0.0404205 	1.57049 	0
43.5535 	0.0404205 	1.57049 	0
43.6236 	0.0404205 	1.57049 	0
43.6937 	0.0404205 	1.57049 	0
43.7639 	0.0404205 	1.57049 	0
43.834 	0.0404205 	1.57049 	0
43.9041 	0.0404205 	1.57049 	0
43.9743 	0.0404205 	1.57049 	0
44.0444 	0.0404205 	1.57049 	0
44.1145 	0.0404205 	1.57049 	0
44.1847 	0.0404205 	1.57049 	0
44.2548 	0.0404205 	1.57049 	0
44.3249 	0.0404205 	1.57049 	0
44.3951 	0.0404205 	1.57049 	0
44.4652 	0.0404205 	1.57049 	0
44.5353 	0.0404205 	1.57049 	0
44.6055 	0.0404205 	1.57049 	0
44.6756 	0.0404205 	1.57049 	0
44.7457 	0.0404205 	1.57049 	0
44.8159 	0.0419126 	1.60773 	0
44.886 	0.0419126 	1.60773 	0
44.9561 	0.0419126 	1.60773 	0
45.0263 	0.0419126 	1.60773 	0
45.0964 	0.0419126 	1.60773 	0
45.1665 	0.0419126 	1.60773 	0
45.2367 	0.0419126 	1.60773 	0
45.3068 	0.0419126 	1.60773 	0
45.377 	0.0419126 	1.60773 	0
45.4471 	0.0419126 	1.60773 	0
45.5172 	0.0419126 	1.60773 	0
45.5874 	0.0419126 	1.60773 	0
45.6575 	0.0419126 	1.60773 	0
45.7276 	0.0419126 	1.60773 	0
45.7978 	0.0419126 	1.60773 	0
45.8679 	0.0419126 	1.60773 	0
45.938 	0.0419126 	1.60773 	0
46.0082 	0.0419126 	1.60773 	0
46.0783 	0.0419126 	1.60773 	0
46.1484 	0.0419126 	1.60773 	0
46.2186 	0.0419126 	1.60773 	0
46.2887 	0.0419126 	1.60773 	0
46.3588 	0.0419126 	1.60773 	0
46.429 	0.0419126 	1.60773 	0
46.4991 	0.0419126 	1.60773 	0
46.5692 	0.0419126 	1.60773 	0
46.6394 	0.051653 	1.604 	-3.89511e-19
46.7095 	0.051653 	1.604 	-3.89511e-19
46.7796 	0.051653 	1.604 	-3.89511e-19
46.8498 	0.051653 	1.604 	-3.89511e-19
46.9199 	0.051653 	1.604 	-3.89511e-19
46.99 	0.051653 	1.604 	-3.89511e-19
47.0602 	0.051653 	1.604 	-3.89511e-19
47.1303 	0.051653 	1.604 	-3.89511e-19
47.2004 	0.051653 	1.604 	-3.89511e-19
47.2706 	0.051653 	1.604 	-3.89511e-19
47.3407 	0.051653 	1.604 	-3.89511e-19
47.4108 	0.051653 	1.604 	-3.89511e-19
47.481 	0.0933705 	1.58838 	5.13225e-19
47.5511 	0.0933705 	1.58838 	5.13225e-19
47.6213 	0.0933705 	1.58838 	5.13225e-19
47.6914 	0.0933705 	1.58838 	5.13225e-19
47.7615 	0.0933705 	1.58838 	5.13225e-19
47.8317 	0.0933705 	1.58838 	5.13225e-19
47.9018 	0.0933705 	1.58838 	5.13225e-19
47.9719 	0.0933705 	1.58838 	5.13225e-19
48.0421 	0.0933705 	1.58838 	5.13225e-19
48.1122 	0.0933705 	1.58838 	5.13225e-19
48.1823 	0.0933705 	1.58838 	5.13225e-19
48.2525 	0.0933705 	1.58838 	5.13225e-19
48.3226 	0.0933705 	1.58838 	5.13225e-19
48.3927 	0.0933705 	1.58838 	5.13225e-19
48.4629 	0.0933705 	1.58838 	5.13225e-19
48.533 	0.0933705 	1.58838 	5.13225e-19
48.6031 	0.0933705 	1.58838 	5.13225e-19
48.6733 	0.0933705 	1.58838 	5.13225e-19
48.7434 	0.157445 	1.57145 	0
48.8135 	0.157445 	1.57145 	0
48.8837 	0.157445 	1.57145 	0
48.9538 	0.157445 	1.57145 	0
49.0239 	0.157445 	1.57145 	0
49.0941 	0.157445 	1.57145 	0
49.1642 	0.157445 	1.57145 	0
49.2343 	0.157445 	1.57145 	0
49.3045 	0.157445 	1.57145 	0
49.3746 	0.157445 	1.57145 	0
49.4447 	0.157445 	1.57145 	0
49.5149 	0.157445 	1.57145 	0
49.585 	0.157445 	1.57145 	0
49.6551 	0.157445 	1.57145 	0
49.7253 	0.157445 	1.57145 	0
49.7954 	0.157445 	1.57145 	0
49.8656 	0.157445 	1.57145 	0
49.9357 	0.157445 	1.57145 	0
50.0058 	0.157445 	1.57145 	0
50.076 	0.157445 	1.57145 	0
50.1461 	0.157445 	1.57145 	0
50.2162 	0.157445 	1.57145 	0
50.2864 	0.157445 	1.57145 	0
50.3565 	0.157445 	1.57145 	0
50.4266 	0.157445 	1.57145 	0
50.4968 	0.0457937 	2.023 	2.73846e-19
50.5669 	0.0457937 	2.023 	2.73846e-19
50.637 	0.0457937 	2.023 	2.73846e-19
50.7072 	0.0457937 	2.023 	2.73846e-19
50.7773 	0.0457937 	2.023 	2.73846e-19
50.8474 	0.0457937 	2.023 	2.73846e-19
50.9176 	0.0457937 	2.023 	2.73846e-19
50.9877 	0.0277865 	2.11087 	-1.77742e-19
51.0578 	0.0277865 	2.11087 	-1.77742e-19
51.128 	0.141943 	1.79159 	-1.38986e-19
51.1981 	0.141943 	1.79159 	-1.38986e-19
51.2682 	0.141943 	1.79159 	-1.38986e-19
51.3384 	0.141943 	1.79159 	-1.38986e-19
51.4085 	0.141943 	1.79159 	-1.38986e-19
51.4786 	0.141943 	1.79159 	-1.38986e-19
51.5488 	0.141943 	1.79159 	-1.38986e-19
51.6189 	0.141943 	1.79159 	-1.38986e-19
51.689 	0.141943 	1.79159 	-1.38986e-19
51.7592 	0.141943 	1.79159 	-1.38986e-19
51.8293 	0.141943 	1.79159 	-1.38986e-19
51.8994 	0.141943 	1.79159 	-1.38986e-19
51.9696 	0.141943 	1.79159 	-1.38986e-19
52.0397 	0.141943 	1.79159 	-1.38986e-19
52.1099 	0.141943 	1.79159 	-1.38986e-19
52.18 	0.141943 	1.79159 	-1.38986e-19
52.2501 	0.141943 	1.79159 	-1.38986e-19
52.3203 	0.141943 	1.79159 	-1.38986e-19
52.3904 	0.141943 	1.79159 	-1.38986e-19
52.4605 	0.141943 	1.79159 	-1.38986e-19
52.5307 	0.141943 	1.79159 	-1.38986e-19
52.6008 	0.141943 	1.79159 	-1.38986e-19
52.6709 	0.141943 	1.79159 	-1.38986e-19
52.7411 	0.141943 	1.79159 	-1.38986e-19
52.8112 	0.141943 	1.79159 	-1.38986e-19
52.8813 	0.141943 	1.79159 	-1.38986e-19
52.9515 	0.141943 	1.79159 	-1.38986e-19
53.0216 	0.141943 	1.79159 	-1.38986e-19
53.0917 	0.141943 	1.79159 	-1.38986e-19
53.1619 	0.141943 	1.79159 	-1.38986e-19
53.232 	0.141943 	1.79159 	-1.38986e-19
53.3021 	0.141943 	1.79159 	-1.38986e-19
53.3723 	0.141943 	1.79159 	-1.38986e-19
53.4424 	0.0673968 	2.07664 	-3.34632e-19
53.5125 	0.0673968 	2.07664 	-3.34632e-19
53.5827 	0.0673968 	2.07664 	-3.34632e-19
53.6528 	0.0673968 	2.07664 	-3.34632e-19
53.7229 	0.0673968 	2.07664 	-3.34632e-19
53.7931 	0.0673968 	2.07664 	-3.34632e-19
53.8632 	0.0673968 	2.07664 	-3.34632e-19
53.9333 	0.0673968 	2.07664 	-3.34632e-19
54.0035 	0.0673968 	2.07664 	-3.34632e-19
54.0736 	0.0673968 	2.07664 	-3.34632e-19
54.1437 	0.0673968 	2.07664 	-3.34632e-19
54.2139 	0.0673968 	2.07664 	-3.34632e-19
54.284 	0.0673968 	2.07664 	-3.34632e-19
54.3542 	-0.0367569 	2.07142 	4.06447e-19
54.4243 	-0.0367569 	2.07142 	4.06447e-19
54.4944 	-0.0367569 	2.07142 	4.06447e-19
54.5646 	-0.0367569 	2.07142 	4.06447e-19
54.6347 	-0.0367569 	2.07142 	4.06447e-19
54.7048 	-0.0367569 	2.07142 	4.06447e-19
54.775 	-0.0367569 	2.07142 	4.06447e-19
54.8451 	-0.0367569 	2.07142 	4.06447e-19
54.9152 	-0.0367569 	2.07142 	4.06447e-19
54.9854 	-0.0367569 	2.07142 	4.06447e-19
55.0555 	-0.0367569 	2.07142 	4.06447e-19
55.1256 	-0.0621625 	2.07054 	0
55.1958 	-0.0621625 	2.07054 	0
55.2659 	-0.0621625 	2.07054 	0
55.336 	-0.0621625 	2.07054 	0
55.4062 	-0.0621625 	2.07054 	0
55.4763 	-0.0621625 	2.07054 	0
55.5464 	-0.0621625 	2.07054 	0
55.6166 	-0.0621625 	2.07054 	0
55.6867 	-0.0621625 	2.07054 	0
55.7568 	-0.0621625 	2.07054 	0
55.827 	-0.0621625 	2.07054 	0
55.8971 	-0.0621625 	2.07054 	0
55.9672 	-0.0621625 	2.07054 	0
56.0374 	-0.0621625 	2.07054 	0
56.1075 	-0.0621625 	2.07054 	0
56.1776 	-0.0621625 	2.07054 	0
56.2478 	-0.0621625 	2.07054 	0
56.3179 	-0.0621625 	2.07054 	0
56.3881 	-0.182977 	2.24633 	-1.11929e-19
56.4582 	-0.182977 	2.24633 	-1.11929e-19
56.5283 	-0.182977 	2.24633 	-1.11929e-19
56.5985 	-0.182977 	2.24633 	-1.11929e-19
56.6686 	-0.182977 	2.24633 	-1.11929e-19
56.7387 	-0.182977 	2.24633 	-1.11929e-19
56.8089 	-0.182977 	2.24633 	-1.11929e-19
56.879 	-0.182977 	2.24633 	-1.11929e-19
56.9491 	-0.239732 	2.27278 	2.73619e-19
57.0193 	-0.239732 	2.27278 	2.73619e-19
57.0894 	-0.239732 	2.27278 	2.73619e-19
57.1595 	-0.239732 	2.27278 	2.73619e-19
57.2297 	-0.239732 	2.27278 	2.73619e-19
57.2998 	-0.239732 	2.27278 	2.73619e-19
57.3699 	-0.239732 	2.27278 	2.73619e-19
57.4401 	-0.239732 	2.27278 	2.73619e-19
57.5102 	-0.239732 	2.27278 	2.73619e-19
57.5803 	-0.239732 	2.27278 	2.73619e-19
57.6505 	-0.239732 	2.27278 	2.73619e-19
57.7206 	-0.239732 	2.27278 	2.73619e-19
57.7907 	-0.239732 	2.27278 	2.73619e-19
57.8609 	-0.239732 	2.27278 	2.73619e-19
57.931 	-0.239732 	2.27278 	2.73619e-19
58.0011 	-0.239732 	2.27278 	2.73619e-19
58.0713 	-0.239732 	2.27278 	2.73619e-19
58.1414 	-0.239732 	2.27278 	2.73619e-19
58.2115 	-0.239732 	2.27278 	2.73619e-19
58.2817 	-0.239732 	2.27278 	2.73619e-19
58.3518 	-0.239732 	2.27278 	2.73619e-19
58.4219 	-0.239732 	2.27278 	2.73619e-19
58.4921 	-0.239732 	2.27278 	2.73619e-19
58.5622 	-0.280963 	2.27998 	0
58.6324 	-0.280963 	2.27998 	0
58.7025 	-0.280963 	2.27998 	0
58.7726 	-0.280963 	2.27998 	0
58.8428 	-0.280963 	2.27998 	0
58.9129 	-0.36515 	2.17168 	-1.48983e-19
58.983 	-0.36515 	2.17168 	-1.48983e-19
59.0532 	-0.36515 	2.17168 	-1.48983e-19
59.1233 	-0.36515 	2.17168 	-1.48983e-19
59.1934 	-0.36515 	2.17168 	-1.48983e-19
59.2636 	-0.36515 	2.17168 	-1.48983e-19
59.3337 	-0.36515 	2.17168 	-1.48983e-19
59.4038 	-0.36515 	2.17168 	-1.48983e-19
59.474 	-0.36515 	2.17168 	-1.48983e-19
59.5441 	-0.36515 	2.17168 	-1.48983e-19
59.6142 	-0.36515 	2.17168 	-1.48983e-19
59.6844 	-0.36515 	2.17168 	-1.48983e-19
59.7545 	-0.36515 	2.17168 	-1.48983e-19
59.8246 	-0.36515 	2.17168 	-1.48983e-19
59.8948 	-0.36515 	2.17168 	-1.48983e-19
59.9649 	-0.36515 	2.17168 	-1.48983e-19
60.035 	-0.36515 	2.17168 	-1.48983e-19
60.1052 	-0.36515 	2.17168 	-1.48983e-19
60.1753 	-0.36515 	2.17168 	-1.48983e-19
60.2454 	-0.36515 	2.17168 	-1.48983e-19
60.3156 	-0.36515 	2.17168 	-1.48983e-19
60.3857 	-0.36515 	2.17168 	-1.48983e-19
60.4558 	-0.36515 	2.17168 	-1.48983e-19
60.526 	-0.36515 	2.17168 	-1.48983e-19
60.5961 	-0.36515 	2.17168 	-1.48983e-19
60.6662 	-0.390145 	2.02685 	-5.447e-20
60.7364 	-0.390145 	2.02685 	-5.447e-20
60.8065 	-0.390145 	2.02685 	-5.447e-20
60.8767 	-0.390145 	2.02685 	-5.447e-20
60.9468 	-0.390145 	2.02685 	-5.447e-20
61.0169 	-0.390145 	2.02685 	-5.447e-20
61.0871 	-0.390145 	2.02685 	-5.447e-20
61.1572 	-0.390145 	2.02685 	-5.447e-20
61.2273 	-0.390145 	2.02685 	-5.447e-20
61.2975 	-0.390145 	2.02685 	-5.447e-20
61.3676 	-0.390145 	2.02685 	-5.447e-20
61.4377 	-0.390145 	2.02685 	-5.447e-20
61.5079 	-0.390145 	2.02685 	-5.447e-20
61.578 	-0.390145 	2.02685 	-5.447e-20
61.6481 	-0.370897 	1.92198 	-2.88046e-19
61.7183 	-0.370897 	1.92198 	-2.88046e-19
61.7884 	-0.390478 	1.8978 	-1.32023e-19
61.8585 	-0.390478 	1.8978 	-1.32023e-19
61.9287 	-0.390478 	1.8978 	-1.32023e-19
61.9988 	-0.390478 	1.8978 	-1.32023e-19
62.0689 	-0.390478 	1.8978 	-1.32023e-19
62.1391 	-0.390478 	1.8978 	-1.32023e-19
62.2092 	-0.303589 	2.12385 	0
62.2793 	-0.303589 	2.12385 	0
62.3495 	-0.303589 	2.12385 	0
62.4196 	-0.303589 	2.12385 	0
62.4897 	-0.303589 	2.12385 	0
62.5599 	-0.303589 	2.12385 	0
62.63 	-0.303589 	2.12385 	0
62.7001 	-0.303589 	2.12385 	0
62.7703 	-0.303589 	2.12385 	0
62.8404 	-0.303589 	2.12385 	0
62.9105 	-0.303589 	2.12385 	0
62.9807 	-0.303589 	2.12385 	0
63.0508 	-0.303589 	2.12385 	0
63.121 	-0.303589 	2.12385 	0
63.1911 	-0.303589 	2.12385 	0
63.2612 	-0.303589 	2.12385 	0
63.3314 	-0.303589 	2.12385 	0
63.4015 	-0.303589 	2.12385 	0
63.4716 	-0.303589 	2.12385 	0
63.5418 	-0.303589 	2.12385 	0
63.6119 	-0.303589 	2.12385 	0
63.682 	-0.303589 	2.12385 	0
63.7522 	-0.303589 	2.12385 	0
63.8223 	-0.303589 	2.12385 	0
63.8924 	-0.303589 	2.12385 	0
63.9626 	-0.303589 	2.12385 	0
64.0327 	-0.303589 	2.12385 	0
64.1028 	-0.303589 	2.12385 	0
64.173 	-0.303953 	2.08092 	1.06149e-20
64.2431 	-0.303953 	2.08092 	1.06149e-20
64.3132 	-0.303953 	2.08092 	1.06149e-20
64.3834 	-0.303953 	2.08092 	1.06149e-20
64.4535 	-0.303953 	2.08092 	1.06149e-20
64.5236 	-0.303953 	2.08092 	1.06149e-20
64.5938 	-0.303953 	2.08092 	1.06149e-20
64.6639 	-0.303953 	2.08092 	1.06149e-20
64.734 	-0.303953 	2.08092 	1.06149e-20
64.8042 	-0.303953 	2.08092 	1.06149e-20
64.8743 	-0.268925 	2.03641 	0
64.9444 	-0.268925 	2.03641 	0
65.0146 	-0.268925 	2.03641 	0
65.0847 	-0.268925 	2.03641 	0
65.1548 	-0.268925 	2.03641 	0
65.225 	-0.268925 	2.03641 	0
65.2951 	-0.268925 	2.03641 	0
65.3653 	-0.268925 	2.03641 	0
65.4354 	-0.268925 	2.03641 	0
65.5055 	-0.268925 	2.03641 	0
65.5757 	-0.268925 	2.03641 	0
65.6458 	-0.268925 	2.03641 	0
65.7159 	-0.268925 	2.03641 	0
65.7861 	-0.268925 	2.03641 	0
65.8562 	-0.268925 	2.03641 	0
65.9263 	-0.268925 	2.03641 	0
65.9965 	-0.268925 	2.03641 	0
66.0666 	-0.268925 	2.03641 	0
66.1367 	-0.268925 	2.03641 	0
66.2069 	-0.268925 	2.03641 	0
66.277 	-0.268925 	2.03641 	0
66.3471 	-0.268925 	2.03641 	0
66.4173 	-0.268925 	2.03641 	0
66.4874 	-0.268925 	2.03641 	0
66.5575 	-0.268925 	2.03641 	0
66.6277 	-0.268925 	2.03641 	0
66.6978 	-0.268925 	2.03641 	0
66.7679 	-0.268925 	2.03641 	0
66.8381 	-0.268925 	2.03641 	0
66.9082 	-0.268925 	2.03641 	0
66.9783 	-0.24176 	1.89886 	0
67.0485 	-0.24176 	1.89886 	0
67.1186 	-0.24176 	1.89886 	0
67.1887 	-0.24176 	1.89886 	0
67.2589 	-0.24176 	1.89886 	0
67.329 	-0.24176 	1.89886 	0
67.3991 	-0.22419 	1.89187 	0
67.4693 	-0.22419 	1.89187 	0
67.5394 	-0.159696 	1.93085 	0
67.6096 	-0.159696 	1.93085 	0
67.6797 	-0.159696 	1.93085 	0
67.7498 	-0.159696 	1.93085 	0
67.82 	-0.159696 	1.93085 	0
67.8901 	-0.159696 	1.93085 	0
67.9602 	-0.159696 	1.93085 	0
68.0304 	-0.159696 	1.93085 	0
68.1005 	-0.159696 	1.93085 	0
68.1706 	-0.159696 	1.93085 	0
68.2408 	-0.159696 	1.93085 	0
68.3109 	-0.159696 	1.93085 	0
68.381 	-0.159696 	1.93085 	0
68.4512 	-0.159696 	1.93085 	0
68.5213 	-0.159696 	1.93085 	0
68.5914 	-0.159696 	1.93085 	0
68.6616 	-0.159696 	1.93085 	0
68.7317 	-0.159696 	1.93085 	0
68.8018 	-0.159696 	1.93085 	0
68.872 	-0.159696 	1.93085 	0
68.9421 	-0.159696 	1.93085 	0
69.0122 	-0.159696 	1.93085 	0
