0.490941 	0.823803
0.561075 	0.823803
0.63121 	0.823803
0.701344 	0.823803
0.771478 	0.823803
0.841613 	0.823803
0.911747 	0.823803
0.981881 	0.823803
1.05202 	0.823803
1.12215 	0.823803
1.19228 	0.823803
1.26242 	0.72704
1.33255 	0.72704
1.40269 	0.72704
1.47282 	0.72704
1.54296 	0.72704
1.61309 	0.72704
1.68323 	0.72704
1.75336 	0.72704
1.82349 	0.468894
1.89363 	0.468894
1.96376 	0.468894
2.0339 	0.468894
2.10403 	0.468894
2.17417 	0.468894
2.2443 	0.468894
2.31443 	0.468894
2.38457 	0.468894
2.4547 	0.468894
2.52484 	0.468894
2.59497 	0.304676
2.66511 	0.304676
2.73524 	0.304676
2.80538 	0.304676
2.87551 	0.304676
2.94564 	0.304676
3.01578 	0.304676
3.08591 	0.304676
3.15605 	0.304676
3.22618 	0.304676
3.29632 	0.360594
3.36645 	0.360594
3.43659 	0.360594
3.50672 	0.360594
3.57685 	0.360594
3.64699 	0.360594
3.71712 	0.360594
3.78726 	0.360594
3.85739 	0.360594
3.92753 	0.360594
3.99766 	0.360594
4.06779 	0.641311
4.13793 	0.641311
4.20806 	0.641311
4.2782 	0.641311
4.34833 	0.641311
4.41847 	0.641311
4.4886 	0.457143
4.55874 	0.457143
4.62887 	0.457143
4.699 	0.457143
4.76914 	0.457143
4.83927 	0.457143
4.90941 	0.457143
4.97954 	0.457143
5.04968 	0.457143
5.11981 	0.457143
5.18994 	0.441679
5.26008 	0.441679
5.33021 	0.441679
5.40035 	0.441679
5.47048 	0.441679
5.54062 	0.441679
5.61075 	0.441679
5.68089 	0.390748
5.75102 	0.390748
5.82115 	0.390748
5.89129 	0.390748
5.96142 	0.390748
6.03156 	0.390748
6.10169 	0.390748
6.17183 	0.390748
6.24196 	0.390748
6.3121 	0.402949
6.38223 	0.402949
6.45236 	0.402949
6.5225 	0.402949
6.59263 	0.402949
6.66277 	0.402949
6.7329 	0.402949
6.80304 	0.402949
6.87317 	0.333098
6.9433 	0.333098
7.01344 	0.333098
7.08357 	0.333098
7.15371 	0.333098
7.22384 	0.333098
7.29398 	0.333098
7.36411 	0.333098
7.43425 	0.333098
7.50438 	0.340394
7.57451 	0.340394
7.64465 	0.340394
7.71478 	0.340394
7.78492 	0.340394
7.85505 	0.340394
7.92519 	0.340394
7.99532 	0.340394
8.06545 	0.270674
8.13559 	0.270674
8.20572 	0.270674
8.27586 	0.270674
8.34599 	0.270674
8.41613 	0.270674
8.48626 	0.270674
8.5564 	0.270674
8.62653 	0.270674
8.69666 	0.173349
8.7668 	0.173349
8.83693 	0.173349
8.90707 	0.173349
8.9772 	0.173349
9.04734 	0.173349
9.11747 	0.173349
9.18761 	0.173349
9.25774 	0.0590658
9.32787 	0.0590658
9.39801 	0.0590658
9.46814 	0.0590658
9.53828 	0.0590658
9.60841 	0.0590658
9.67855 	0.0590658
9.74868 	0.0590658
9.81881 	0.225204
9.88895 	0.225204
9.95908 	0.225204
10.0292 	0.225204
10.0994 	0.225204
10.1695 	0.225204
10.2396 	0.225204
10.3098 	0.225204
10.3799 	0.225204
10.45 	0.225204
10.5202 	0.225204
10.5903 	0.225204
10.6604 	0.328828
10.7306 	0.23662
10.8007 	0.23662
10.8708 	0.23662
10.941 	0.23662
11.0111 	0.23662
11.0812 	0.23662
11.1514 	0.23662
11.2215 	0.23662
11.2916 	0.23662
11.3618 	0.23662
11.4319 	0.23662
11.502 	0.23662
11.5722 	0.23662
11.6423 	0.23662
11.7124 	0.176
11.7826 	0.221013
11.8527 	0.221013
11.9228 	0.221013
11.993 	0.221013
12.0631 	0.221013
12.1332 	0.221013
12.2034 	0.231714
12.2735 	0.231714
12.3437 	0.231714
12.4138 	0.231714
12.4839 	0.231714
12.5541 	0.231714
12.6242 	0.231714
12.6943 	0.231714
12.7645 	0.231714
12.8346 	0.218614
12.9047 	0.199097
12.9749 	0.199097
13.045 	0.199097
13.1151 	0.199097
13.1853 	0.199097
13.2554 	0.199097
13.3255 	0.199097
13.3957 	0.355677
13.4658 	0.355677
13.5359 	0.355677
13.6061 	0.355677
13.6762 	0.355677
13.7463 	0.355677
13.8165 	0.538169
13.8866 	0.794059
13.9567 	0.794059
14.0269 	0.42399
14.097 	0.42399
14.1671 	0.42399
14.2373 	0.42399
14.3074 	0.42399
14.3776 	0.42399
14.4477 	0.42399
14.5178 	0.42399
14.588 	0.42399
14.6581 	0.42399
14.7282 	0.42399
14.7984 	0.42399
14.8685 	0.42399
14.9386 	0.539945
15.0088 	0.539945
15.0789 	0.539945
15.149 	0.539945
15.2192 	0.539945
15.2893 	0.204865
15.3594 	0.204865
15.4296 	0.204865
15.4997 	0.204865
15.5698 	0.204865
15.64 	0.204865
15.7101 	0.207135
15.7802 	0.207135
15.8504 	0.490693
15.9205 	0.490693
15.9906 	0.490693
16.0608 	0.490693
16.1309 	0.490693
16.201 	0.490693
16.2712 	0.490693
16.3413 	0.490693
16.4114 	0.490693
16.4816 	0.490693
16.5517 	0.490693
16.6219 	0.490693
16.692 	0.490693
16.7621 	0.490693
16.8323 	0.741819
16.9024 	0.741819
16.9725 	0.741819
17.0427 	0.741819
17.1128 	0.741819
17.1829 	0.741819
17.2531 	0.741819
17.3232 	0.741819
17.3933 	0.741819
17.4635 	0.741819
17.5336 	0.767549
17.6037 	0.767549
17.6739 	0.767549
17.744 	0.592384
17.8141 	0.592384
17.8843 	0.592384
17.9544 	0.592384
18.0245 	0.592384
18.0947 	0.592384
18.1648 	0.592384
18.2349 	0.592384
18.3051 	0.592384
18.3752 	0.884552
18.4453 	0.884552
18.5155 	0.884552
18.5856 	0.884552
18.6557 	0.884552
18.7259 	0.884552
18.796 	0.884552
18.8662 	0.913777
18.9363 	0.913777
19.0064 	0.913777
19.0766 	0.913777
19.1467 	0.913777
19.2168 	0.913777
19.287 	0.913777
19.3571 	0.913777
19.4272 	0.913777
19.4974 	0.913777
19.5675 	0.913777
19.6376 	0.913777
19.7078 	0.913777
19.7779 	0.928113
19.848 	0.928113
19.9182 	0.928113
19.9883 	0.928113
20.0584 	0.928113
20.1286 	0.928113
20.1987 	0.928113
20.2688 	0.889917
20.339 	0.889917
20.4091 	0.889917
20.4792 	0.889917
20.5494 	0.889917
20.6195 	0.889917
20.6896 	0.889917
20.7598 	0.889917
20.8299 	0.889917
20.9 	0.889917
20.9702 	0.889917
21.0403 	0.889917
21.1105 	0.889917
21.1806 	0.889917
21.2507 	0.889917
21.3209 	0.889917
21.391 	0.889917
21.4611 	0.97326
21.5313 	0.97326
21.6014 	0.97326
21.6715 	0.94522
21.7417 	0.94522
21.8118 	0.94522
21.8819 	0.94522
21.9521 	0.94522
22.0222 	0.878942
22.0923 	0.878942
22.1625 	0.878942
22.2326 	0.878942
22.3027 	0.878942
22.3729 	0.878942
22.443 	0.878942
22.5131 	0.878942
22.5833 	0.878942
22.6534 	0.878942
22.7235 	0.878942
22.7937 	0.878942
22.8638 	0.878942
22.9339 	0.878942
23.0041 	0.878942
23.0742 	0.878942
23.1443 	0.878942
23.2145 	0.878942
23.2846 	0.878942
23.3548 	0.878942
23.4249 	0.878942
23.495 	0.891377
23.5652 	0.891377
23.6353 	0.891377
23.7054 	0.891377
23.7756 	0.891377
23.8457 	0.891377
23.9158 	0.891377
23.986 	0.847502
24.0561 	0.847502
24.1262 	0.847502
24.1964 	0.847502
24.2665 	0.847502
24.3366 	0.847502
24.4068 	0.847502
24.4769 	0.847502
24.547 	0.847502
24.6172 	0.847502
24.6873 	0.847502
24.7574 	0.847502
24.8276 	0.847502
24.8977 	0.847502
24.9678 	0.847502
25.038 	0.847502
25.1081 	0.847502
25.1782 	0.745053
25.2484 	0.745053
25.3185 	0.745053
25.3886 	0.745053
25.4588 	0.745053
25.5289 	0.745053
25.5991 	0.745053
25.6692 	0.745053
25.7393 	0.745053
25.8095 	0.745053
25.8796 	0.745053
25.9497 	0.745053
26.0199 	0.745053
26.09 	0.745053
26.1601 	0.745053
26.2303 	0.715763
26.3004 	0.715763
26.3705 	0.715763
26.4407 	0.715763
26.5108 	0.715763
26.5809 	0.715763
26.6511 	0.715763
26.7212 	0.715763
26.7913 	0.715763
26.8615 	0.715763
26.9316 	0.715763
27.0017 	0.715763
27.0719 	0.715763
27.142 	0.715763
27.2121 	0.715763
27.2823 	0.715763
27.3524 	0.737499
27.4225 	0.737499
27.4927 	0.737499
27.5628 	0.737499
27.6329 	0.737499
27.7031 	0.737499
27.7732 	0.737499
27.8434 	0.737499
27.9135 	0.737499
27.9836 	0.737499
28.0538 	0.737499
28.1239 	0.737499
28.194 	0.737499
28.2642 	0.737499
28.3343 	0.737499
28.4044 	0.737499
28.4746 	0.737499
28.5447 	0.737499
28.6148 	0.737499
28.685 	0.737499
28.7551 	0.737499
28.8252 	0.737499
28.8954 	0.737499
28.9655 	0.685721
29.0356 	0.685721
29.1058 	0.685721
29.1759 	0.685721
29.246 	0.685721
29.3162 	0.685721
29.3863 	0.685721
29.4564 	0.685721
29.5266 	0.685721
29.5967 	0.685721
29.6668 	0.685721
29.737 	0.685721
29.8071 	0.685721
29.8773 	0.685721
29.9474 	0.685721
30.0175 	0.685721
30.0877 	0.685721
30.1578 	0.685721
30.2279 	0.685721
30.2981 	0.685721
30.3682 	0.685721
30.4383 	0.685721
30.5085 	0.685721
30.5786 	0.685721
30.6487 	0.685721
30.7189 	0.685721
30.789 	0.541393
30.8591 	0.541393
30.9293 	0.541393
30.9994 	0.541393
31.0695 	0.541393
31.1397 	0.541393
31.2098 	0.541393
31.2799 	0.541393
31.3501 	0.541393
31.4202 	0.541393
31.4903 	0.541393
31.5605 	0.541393
31.6306 	0.541393
31.7007 	0.541393
31.7709 	0.541393
31.841 	0.541393
31.9111 	0.541393
31.9813 	0.541393
32.0514 	0.541393
32.1216 	0.541393
32.1917 	0.541393
32.2618 	0.541393
32.332 	0.541393
32.4021 	0.541393
32.4722 	0.541393
32.5424 	0.541393
32.6125 	0.541393
32.6826 	0.541393
32.7528 	0.541393
32.8229 	0.541393
32.893 	0.541393
32.9632 	0.541393
33.0333 	0.541393
33.1034 	0.541393
33.1736 	0.541393
33.2437 	0.541393
33.3138 	0.541393
33.384 	0.541393
33.4541 	0.541393
33.5242 	0.541393
33.5944 	0.541393
33.6645 	0.541393
33.7346 	0.411781
33.8048 	0.411781
33.8749 	0.411781
33.945 	0.411781
34.0152 	0.411781
34.0853 	0.411781
34.1554 	0.300625
34.2256 	0.300625
34.2957 	0.300625
34.3659 	0.300625
34.436 	0.300625
34.5061 	0.300625
34.5763 	0.300625
34.6464 	0.300625
34.7165 	0.469425
34.7867 	0.469425
34.8568 	0.469425
34.9269 	0.469425
34.9971 	0.469425
35.0672 	0.469425
35.1373 	0.469425
35.2075 	0.469425
35.2776 	0.469425
35.3477 	0.469425
35.4179 	0.469425
35.488 	0.469425
35.5581 	0.469425
35.6283 	0.469425
35.6984 	0.469425
35.7685 	0.469425
35.8387 	0.469425
35.9088 	0.469425
35.9789 	0.469425
36.0491 	0.565815
36.1192 	0.565815
36.1893 	0.565815
36.2595 	0.565815
36.3296 	0.565815
36.3997 	0.565815
36.4699 	0.565815
36.54 	0.565815
36.6102 	0.565815
36.6803 	0.565815
36.7504 	0.565815
36.8206 	0.565815
36.8907 	0.420392
36.9608 	0.420392
37.031 	0.420392
37.1011 	0.420392
37.1712 	0.420392
37.2414 	0.420392
37.3115 	0.420392
37.3816 	0.420392
37.4518 	0.420392
37.5219 	0.420392
37.592 	0.420392
37.6622 	0.420392
37.7323 	0.420392
37.8024 	0.420392
37.8726 	0.420392
37.9427 	0.420392
38.0128 	0.420392
38.083 	0.420392
38.1531 	0.420392
38.2232 	0.440953
38.2934 	0.440953
38.3635 	0.440953
38.4336 	0.440953
38.5038 	0.440953
38.5739 	0.440953
38.644 	0.440953
38.7142 	0.440953
38.7843 	0.440953
38.8545 	0.440953
38.9246 	0.440953
38.9947 	0.440953
39.0649 	0.440953
39.135 	0.440953
39.2051 	0.326141
39.2753 	0.326141
39.3454 	0.326141
39.4155 	0.326141
39.4857 	0.326141
39.5558 	0.326141
39.6259 	0.326141
39.6961 	0.326141
39.7662 	0.326141
39.8363 	0.326141
39.9065 	0.326141
39.9766 	0.326141
40.0467 	0.326141
40.1169 	0.326141
40.187 	0.326141
40.2571 	0.326141
40.3273 	0.326141
40.3974 	0.326141
40.4675 	0.326141
40.5377 	0.326141
40.6078 	0.326141
40.6779 	0.349216
40.7481 	0.349216
40.8182 	0.349216
40.8883 	0.349216
40.9585 	0.349216
41.0286 	0.349216
41.0988 	0.349216
41.1689 	0.349216
41.239 	0.351783
41.3092 	0.351783
41.3793 	0.351783
41.4494 	0.351783
41.5196 	0.351783
41.5897 	0.351783
41.6598 	0.351783
41.73 	0.351783
41.8001 	0.351783
41.8702 	0.351783
41.9404 	0.351783
42.0105 	0.351783
42.0806 	0.351783
42.1508 	0.351783
42.2209 	0.351783
42.291 	0.351783
42.3612 	0.351783
42.4313 	0.351783
42.5014 	0.351783
42.5716 	0.351783
42.6417 	0.351783
42.7118 	0.289662
42.782 	0.289662
42.8521 	0.289662
42.9222 	0.289662
42.9924 	0.298858
43.0625 	0.298858
43.1327 	0.298858
43.2028 	0.298858
43.2729 	0.298858
43.3431 	0.298858
43.4132 	0.298858
43.4833 	0.298858
43.5535 	0.298858
43.6236 	0.298858
43.6937 	0.298858
43.7639 	0.298858
43.834 	0.298858
43.9041 	0.298858
43.9743 	0.298858
44.0444 	0.298858
44.1145 	0.298858
44.1847 	0.298858
44.2548 	0.298858
44.3249 	0.298858
44.3951 	0.298858
44.4652 	0.298858
44.5353 	0.298858
44.6055 	0.298858
44.6756 	0.298858
44.7457 	0.298858
44.8159 	0.29387
44.886 	0.29387
44.9561 	0.29387
45.0263 	0.29387
45.0964 	0.29387
45.1665 	0.29387
45.2367 	0.29387
45.3068 	0.29387
45.377 	0.29387
45.4471 	0.29387
45.5172 	0.29387
45.5874 	0.29387
45.6575 	0.29387
45.7276 	0.29387
45.7978 	0.29387
45.8679 	0.29387
45.938 	0.29387
46.0082 	0.29387
46.0783 	0.29387
46.1484 	0.29387
46.2186 	0.29387
46.2887 	0.29387
46.3588 	0.29387
46.429 	0.29387
46.4991 	0.29387
46.5692 	0.29387
46.6394 	0.234564
46.7095 	0.234564
46.7796 	0.234564
46.8498 	0.234564
46.9199 	0.234564
46.99 	0.234564
47.0602 	0.234564
47.1303 	0.234564
47.2004 	0.234564
47.2706 	0.234564
47.3407 	0.234564
47.4108 	0.234564
47.481 	0.275111
47.5511 	0.275111
47.6213 	0.275111
47.6914 	0.275111
47.7615 	0.275111
47.8317 	0.275111
47.9018 	0.275111
47.9719 	0.275111
48.0421 	0.275111
48.1122 	0.275111
48.1823 	0.275111
48.2525 	0.275111
48.3226 	0.275111
48.3927 	0.275111
48.4629 	0.275111
48.533 	0.275111
48.6031 	0.275111
48.6733 	0.275111
48.7434 	0.263718
48.8135 	0.263718
48.8837 	0.263718
48.9538 	0.263718
49.0239 	0.263718
49.0941 	0.263718
49.1642 	0.263718
49.2343 	0.263718
49.3045 	0.263718
49.3746 	0.263718
49.4447 	0.263718
49.5149 	0.263718
49.585 	0.263718
49.6551 	0.263718
49.7253 	0.263718
49.7954 	0.263718
49.8656 	0.263718
49.9357 	0.263718
50.0058 	0.263718
50.076 	0.263718
50.1461 	0.263718
50.2162 	0.263718
50.2864 	0.263718
50.3565 	0.263718
50.4266 	0.263718
50.4968 	0.217722
50.5669 	0.217722
50.637 	0.217722
50.7072 	0.217722
50.7773 	0.217722
50.8474 	0.217722
50.9176 	0.217722
50.9877 	0.176537
51.0578 	0.176537
51.128 	0.308037
51.1981 	0.308037
51.2682 	0.308037
51.3384 	0.308037
51.4085 	0.308037
51.4786 	0.308037
51.5488 	0.308037
51.6189 	0.308037
51.689 	0.308037
51.7592 	0.308037
51.8293 	0.308037
51.8994 	0.308037
51.9696 	0.308037
52.0397 	0.308037
52.1099 	0.308037
52.18 	0.308037
52.2501 	0.308037
52.3203 	0.308037
52.3904 	0.308037
52.4605 	0.308037
52.5307 	0.308037
52.6008 	0.308037
52.6709 	0.308037
52.7411 	0.308037
52.8112 	0.308037
52.8813 	0.308037
52.9515 	0.308037
53.0216 	0.308037
53.0917 	0.308037
53.1619 	0.308037
53.232 	0.308037
53.3021 	0.308037
53.3723 	0.308037
53.4424 	0.202633
53.5125 	0.202633
53.5827 	0.202633
53.6528 	0.202633
53.7229 	0.202633
53.7931 	0.202633
53.8632 	0.202633
53.9333 	0.202633
54.0035 	0.202633
54.0736 	0.202633
54.1437 	0.202633
54.2139 	0.202633
54.284 	0.202633
54.3542 	0.0548149
54.4243 	0.0548149
54.4944 	0.0548149
54.5646 	0.0548149
54.6347 	0.0548149
54.7048 	0.0548149
54.775 	0.0548149
54.8451 	0.0548149
54.9152 	0.0548149
54.9854 	0.0548149
55.0555 	0.0548149
55.1256 	0.058158
55.1958 	0.058158
55.2659 	0.058158
55.336 	0.058158
55.4062 	0.058158
55.4763 	0.058158
55.5464 	0.058158
55.6166 	0.058158
55.6867 	0.058158
55.7568 	0.058158
55.827 	0.058158
55.8971 	0.058158
55.9672 	0.058158
56.0374 	0.058158
56.1075 	0.058158
56.1776 	0.058158
56.2478 	0.058158
56.3179 	0.058158
56.3881 	0.237955
56.4582 	0.237955
56.5283 	0.237955
56.5985 	0.237955
56.6686 	0.237955
56.7387 	0.237955
56.8089 	0.237955
56.879 	0.237955
56.9491 	0.192687
57.0193 	0.192687
57.0894 	0.192687
57.1595 	0.192687
57.2297 	0.192687
57.2998 	0.192687
57.3699 	0.192687
57.4401 	0.192687
57.5102 	0.192687
57.5803 	0.192687
57.6505 	0.192687
57.7206 	0.192687
57.7907 	0.192687
57.8609 	0.192687
57.931 	0.192687
58.0011 	0.192687
58.0713 	0.192687
58.1414 	0.192687
58.2115 	0.192687
58.2817 	0.192687
58.3518 	0.192687
58.4219 	0.192687
58.4921 	0.192687
58.5622 	0.147027
58.6324 	0.147027
58.7025 	0.147027
58.7726 	0.147027
58.8428 	0.147027
58.9129 	0.325287
58.983 	0.325287
59.0532 	0.325287
59.1233 	0.325287
59.1934 	0.325287
59.2636 	0.325287
59.3337 	0.325287
59.4038 	0.325287
59.474 	0.325287
59.5441 	0.325287
59.6142 	0.325287
59.6844 	0.325287
59.7545 	0.325287
59.8246 	0.325287
59.8948 	0.325287
59.9649 	0.325287
60.035 	0.325287
60.1052 	0.325287
60.1753 	0.325287
60.2454 	0.325287
60.3156 	0.325287
60.3857 	0.325287
60.4558 	0.325287
60.526 	0.325287
60.5961 	0.325287
60.6662 	0.30572
60.7364 	0.30572
60.8065 	0.30572
60.8767 	0.30572
60.9468 	0.30572
61.0169 	0.30572
61.0871 	0.30572
61.1572 	0.30572
61.2273 	0.30572
61.2975 	0.30572
61.3676 	0.30572
61.4377 	0.30572
61.5079 	0.30572
61.578 	0.30572
61.6481 	0.148568
61.7183 	0.148568
61.7884 	0.0188277
61.8585 	0.0188277
61.9287 	0.0188277
61.9988 	0.0188277
62.0689 	0.0188277
62.1391 	0.0188277
62.2092 	0.040829
62.2793 	0.040829
62.3495 	0.040829
62.4196 	0.040829
62.4897 	0.040829
62.5599 	0.040829
62.63 	0.040829
62.7001 	0.040829
62.7703 	0.040829
62.8404 	0.040829
62.9105 	0.040829
62.9807 	0.040829
63.0508 	0.040829
63.121 	0.040829
63.1911 	0.040829
63.2612 	0.040829
63.3314 	0.040829
63.4015 	0.040829
63.4716 	0.040829
63.5418 	0.040829
63.6119 	0.040829
63.682 	0.040829
63.7522 	0.040829
63.8223 	0.040829
63.8924 	0.040829
63.9626 	0.040829
64.0327 	0.040829
64.1028 	0.040829
64.173 	0.116807
64.2431 	0.116807
64.3132 	0.116807
64.3834 	0.116807
64.4535 	0.116807
64.5236 	0.116807
64.5938 	0.116807
64.6639 	0.116807
64.734 	0.116807
64.8042 	0.116807
64.8743 	0.083542
64.9444 	0.083542
65.0146 	0.083542
65.0847 	0.083542
65.1548 	0.083542
65.225 	0.083542
65.2951 	0.083542
65.3653 	0.083542
65.4354 	0.083542
65.5055 	0.083542
65.5757 	0.083542
65.6458 	0.083542
65.7159 	0.083542
65.7861 	0.083542
65.8562 	0.083542
65.9263 	0.083542
65.9965 	0.083542
66.0666 	0.083542
66.1367 	0.083542
66.2069 	0.083542
66.277 	0.083542
66.3471 	0.083542
66.4173 	0.083542
66.4874 	0.083542
66.5575 	0.083542
66.6277 	0.083542
66.6978 	0.083542
66.7679 	0.083542
66.8381 	0.083542
66.9082 	0.083542
66.9783 	-0.0255309
67.0485 	-0.0255309
67.1186 	-0.0255309
67.1887 	-0.0255309
67.2589 	-0.0255309
67.329 	-0.0255309
67.3991 	-0.00717827
67.4693 	-0.00717827
67.5394 	-0.00155216
67.6096 	-0.00155216
67.6797 	-0.00155216
67.7498 	-0.00155216
67.82 	-0.00155216
67.8901 	-0.00155216
67.9602 	-0.00155216
68.0304 	-0.00155216
68.1005 	-0.00155216
68.1706 	-0.00155216
68.2408 	-0.00155216
68.3109 	-0.00155216
68.381 	-0.00155216
68.4512 	-0.00155216
68.5213 	-0.00155216
68.5914 	-0.00155216
68.6616 	-0.00155216
68.7317 	-0.00155216
68.8018 	-0.00155216
68.872 	-0.00155216
68.9421 	-0.00155216
69.0122 	-0.00155216
