/*--------------------------------*- C++ -*----------------------------------*\
| =========                 |                                                 |
| \\      /  F ield         | OpenFOAM: The Open Source CFD Toolbox           |
|  \\    /   O peration     | Version:  v2012                                 |
|   \\  /    A nd           | Website:  www.openfoam.com                      |
|    \\/     M anipulation  |                                                 |
\*---------------------------------------------------------------------------*/
FoamFile
{
    version     2.0;
    format      ascii;
    class       volScalarField;
    location    "40";
    object      p;
}
// * * * * * * * * * * * * * * * * * * * * * * * * * * * * * * * * * * * * * //

dimensions      [0 2 -2 0 0 0 0];


internalField   nonuniform List<scalar> 
8800
(
0.883057
0.835004
0.796624
0.767975
0.74734
0.732569
0.721943
0.714411
0.709534
0.707418
0.708639
0.712805
0.719445
0.728761
0.741501
0.759078
0.783516
0.817124
0.859566
0.916691
0.715596
0.7228
0.731234
0.734643
0.732719
0.727183
0.720452
0.714263
0.709468
0.706563
0.706229
0.708696
0.713172
0.719144
0.726037
0.732643
0.736767
0.736248
0.73018
0.721199
0.69232
0.698495
0.702687
0.706039
0.708527
0.709306
0.708173
0.705994
0.703911
0.702942
0.703849
0.706199
0.708997
0.711189
0.711703
0.710159
0.707301
0.703655
0.699118
0.695332
0.687211
0.689909
0.692623
0.694923
0.696555
0.697861
0.698741
0.698905
0.698589
0.698485
0.699172
0.700275
0.701023
0.700929
0.700109
0.698896
0.697133
0.694623
0.692191
0.690661
0.682052
0.683472
0.685265
0.687308
0.689044
0.690327
0.691321
0.692149
0.692767
0.693288
0.693855
0.694245
0.694223
0.693831
0.693103
0.691874
0.690157
0.688262
0.686932
0.686109
0.677089
0.678001
0.67923
0.680799
0.682434
0.683934
0.685171
0.686198
0.687126
0.687958
0.68855
0.68877
0.688642
0.688154
0.68724
0.68599
0.68461
0.683323
0.682492
0.681949
0.672278
0.672942
0.673893
0.67518
0.676576
0.678023
0.679432
0.680698
0.681825
0.682839
0.683549
0.683812
0.683643
0.68306
0.68218
0.68117
0.680115
0.679163
0.678567
0.678168
0.667597
0.668108
0.668882
0.669997
0.671255
0.672606
0.674021
0.675441
0.676788
0.678009
0.67888
0.679221
0.679077
0.678584
0.677891
0.677095
0.676266
0.675544
0.675098
0.674788
0.662985
0.663392
0.664039
0.665031
0.666217
0.667514
0.668918
0.670415
0.671946
0.673408
0.674486
0.674973
0.674981
0.674677
0.674183
0.673578
0.672933
0.67239
0.672052
0.671802
0.658366
0.658696
0.659256
0.66017
0.661307
0.662586
0.664015
0.665592
0.667287
0.66901
0.670358
0.67109
0.671334
0.671248
0.670952
0.670538
0.670061
0.669664
0.669408
0.669201
0.653661
0.653934
0.654433
0.655301
0.656419
0.657718
0.659208
0.660902
0.662789
0.664798
0.666496
0.667561
0.668094
0.668254
0.668169
0.667941
0.667628
0.667356
0.667166
0.66699
0.648792
0.64902
0.64948
0.650334
0.651473
0.652835
0.654432
0.656301
0.658452
0.660825
0.662952
0.664408
0.665268
0.6657
0.66584
0.665799
0.665643
0.66548
0.665343
0.66519
0.643682
0.643873
0.644314
0.645183
0.646386
0.647857
0.649618
0.651732
0.654229
0.657068
0.659717
0.661635
0.662868
0.663602
0.66399
0.664139
0.664141
0.664079
0.663987
0.663852
0.638248
0.638408
0.638844
0.639757
0.641064
0.642692
0.644675
0.647106
0.650043
0.653474
0.656757
0.659224
0.660899
0.661988
0.662659
0.66303
0.663187
0.66322
0.663168
0.663046
0.632389
0.632523
0.632969
0.633953
0.635405
0.63724
0.639511
0.642337
0.645813
0.649957
0.654027
0.657178
0.6594
0.660909
0.661909
0.662525
0.662856
0.662986
0.662973
0.66286
0.625993
0.626099
0.626567
0.627648
0.629292
0.631404
0.634058
0.637401
0.641562
0.646594
0.651622
0.655594
0.658461
0.660458
0.66182
0.66272
0.663255
0.663492
0.663516
0.66341
0.618908
0.618998
0.619492
0.620699
0.622592
0.625055
0.628191
0.632196
0.637237
0.643385
0.649575
0.654518
0.658137
0.660729
0.662548
0.663768
0.664523
0.664871
0.664932
0.66483
0.610906
0.610987
0.611542
0.612891
0.615083
0.617987
0.621732
0.626544
0.632649
0.640154
0.647766
0.653908
0.658464
0.661771
0.664153
0.665778
0.666799
0.667275
0.667375
0.667273
0.601713
0.601766
0.602394
0.603951
0.606539
0.610016
0.614535
0.620388
0.627843
0.637025
0.646372
0.653945
0.659589
0.663744
0.666805
0.668918
0.670256
0.67088
0.671021
0.670916
0.59098
0.591015
0.591739
0.593575
0.596663
0.600874
0.606392
0.613581
0.622753
0.634024
0.64544
0.654694
0.661648
0.666814
0.670651
0.673355
0.675078
0.67587
0.676048
0.675934
0.578131
0.578155
0.579008
0.58121
0.584956
0.590124
0.59694
0.605829
0.617129
0.630937
0.644875
0.656154
0.664651
0.671023
0.675807
0.67923
0.681402
0.682381
0.682591
0.682461
0.562336
0.562356
0.563416
0.566161
0.57084
0.577349
0.585945
0.597113
0.611174
0.62812
0.645002
0.658568
0.668811
0.67655
0.68242
0.686646
0.689315
0.690486
0.69072
0.690566
0.542409
0.542436
0.543838
0.547427
0.553491
0.561915
0.572966
0.587142
0.604669
0.625399
0.64573
0.661943
0.674164
0.68345
0.690518
0.69566
0.698851
0.700204
0.70045
0.700266
0.516546
0.516607
0.51861
0.523608
0.531869
0.54316
0.557721
0.575943
0.597855
0.623097
0.647349
0.666465
0.680847
0.691809
0.70018
0.706294
0.709998
0.711501
0.711741
0.711523
0.481727
0.481915
0.485156
0.49277
0.504788
0.520511
0.5401
0.563651
0.590949
0.621423
0.650018
0.672257
0.68893
0.701678
0.711444
0.71854
0.722697
0.724291
0.724497
0.724244
0.432216
0.43326
0.439793
0.452781
0.471334
0.493906
0.520433
0.550726
0.584384
0.620699
0.653933
0.679424
0.69845
0.713016
0.724249
0.732281
0.736797
0.738389
0.738529
0.738238
0.359261
0.366673
0.381791
0.404743
0.432996
0.464721
0.499731
0.537815
0.57857
0.6213
0.659611
0.6887
0.710404
0.727095
0.740009
0.749089
0.754028
0.755694
0.75583
0.755583
0.280988
0.297864
0.322339
0.355939
0.394373
0.435411
0.479017
0.525141
0.57348
0.623441
0.667927
0.701707
0.726989
0.74653
0.761756
0.772296
0.777703
0.779379
0.779558
0.779465
0.215312
0.235335
0.267697
0.310243
0.357611
0.407442
0.459384
0.51339
0.569162
0.626148
0.676538
0.714699
0.743295
0.765442
0.782581
0.794022
0.799661
0.801672
0.801901
0.801894
0.161531
0.183454
0.221211
0.270156
0.324529
0.381709
0.441012
0.502246
0.565001
0.628646
0.684591
0.726803
0.758363
0.782709
0.801301
0.8138
0.820402
0.82232
0.822592
0.822629
0.116756
0.139863
0.181303
0.235312
0.295336
0.35856
0.424143
0.491767
0.560871
0.630688
0.691785
0.737697
0.771885
0.798122
0.818027
0.831435
0.838593
0.840746
0.84115
0.841209
0.0784626
0.102246
0.14652
0.204477
0.269256
0.33762
0.408644
0.481919
0.556756
0.63223
0.698073
0.747342
0.783828
0.81157
0.832362
0.846414
0.854034
0.856632
0.857153
0.857233
0.044685
0.0689073
0.115408
0.176675
0.245445
0.318283
0.394131
0.472485
0.552552
0.633258
0.703507
0.755833
0.794296
0.823189
0.844657
0.859156
0.867164
0.87013
0.870777
0.870863
0.0140037
0.0386037
0.0869236
0.151031
0.223252
0.30002
0.380185
0.463169
0.548089
0.633717
0.708127
0.763274
0.803461
0.833333
0.855321
0.87022
0.878489
0.881683
0.882384
0.88245
-0.0144617
0.0104873
0.0603119
0.126875
0.202166
0.282431
0.366484
0.453722
0.543193
0.633519
0.711935
0.769771
0.811543
0.842277
0.864663
0.879817
0.888256
0.89158
0.8923
0.89233
-0.0414207
-0.0160944
0.0352274
0.103794
0.181832
0.265217
0.352798
0.44396
0.537715
0.632569
0.714921
0.775413
0.818745
0.850325
0.873156
0.888479
0.897014
0.900415
0.901154
0.901152
-0.0671973
-0.0414659
0.0110166
0.081536
0.161997
0.248179
0.338963
0.433751
0.531548
0.630789
0.717063
0.780263
0.825237
0.857721
0.881017
0.896552
0.90512
0.908455
0.90921
0.9092
-0.092168
-0.0658881
-0.0124682
0.0598648
0.142486
0.231174
0.324876
0.423007
0.524606
0.628098
0.71833
0.784377
0.831137
0.864644
0.888457
0.904181
0.912761
0.91605
0.916704
0.916645
-0.116432
-0.0897616
-0.0352555
0.0386637
0.12319
0.214131
0.310477
0.411683
0.51684
0.624442
0.718691
0.787782
0.836537
0.871209
0.895613
0.911529
0.920054
0.923224
0.923782
0.923653
-0.140117
-0.112919
-0.0574421
0.0178578
0.104077
0.19703
0.295751
0.399758
0.508223
0.619772
0.718083
0.790463
0.841484
0.877516
0.902576
0.918644
0.92702
0.929985
0.930413
0.930231
-0.163328
-0.135532
-0.0791364
-0.00258143
0.0851351
0.179877
0.280722
0.387258
0.498759
0.61405
0.716432
0.792353
0.84599
0.883644
0.909437
0.925582
0.933688
0.936348
0.936639
0.93642
-0.186086
-0.157623
-0.100345
-0.0226464
0.0664006
0.162706
0.265439
0.374227
0.488474
0.607248
0.71366
0.793354
0.850018
0.889671
0.916334
0.932414
0.94003
0.942277
0.942417
0.942172
-0.208235
-0.179138
-0.121008
-0.0423073
0.0479072
0.145587
0.249964
0.36074
0.477425
0.599391
0.709696
0.793348
0.853462
0.895645
0.923483
0.939348
0.946108
0.947731
0.947697
0.947444
-0.22975
-0.20005
-0.141119
-0.0615133
0.0297146
0.128581
0.23439
0.346875
0.465696
0.590509
0.704495
0.792189
0.85615
0.901518
0.931162
0.946862
0.952216
0.952738
0.952435
0.95223
-0.250702
-0.220322
-0.160655
-0.080233
0.0118864
0.111772
0.218804
0.332738
0.45338
0.580672
0.698017
0.78973
0.857832
0.907056
0.939533
0.955773
0.959346
0.957757
0.956662
0.95667
-0.270919
-0.239943
-0.179556
-0.0984048
-0.005519
0.0952462
0.203304
0.318441
0.440597
0.569986
0.690261
0.785826
0.858212
0.911773
0.948298
0.966854
0.969657
0.965161
0.961533
0.960703
-0.290494
-0.258909
-0.197839
-0.11606
-0.0225371
0.0789559
0.187832
0.303922
0.427275
0.558378
0.681088
0.780212
0.856962
0.915002
0.956472
0.979885
0.98517
0.980079
0.969794
0.959246
-0.309354
-0.277211
-0.215636
-0.133398
-0.0394641
0.0625597
0.171963
0.288685
0.41286
0.545192
0.669827
0.772054
0.853442
0.915752
0.961762
0.991494
1.00051
0.990686
0.971075
0.962262
-0.327322
-0.294854
-0.232771
-0.150214
-0.0560039
0.0463891
0.15592
0.273065
0.397672
0.530707
0.656614
0.760922
0.847055
0.912913
0.959363
0.988898
1.0017
0.979382
0.912254
0.882128
-0.343927
-0.31305
-0.248868
-0.165961
-0.0713904
0.0309615
0.140004
0.257312
0.381962
0.515083
0.641469
0.746533
0.836768
0.906086
0.945102
0.967196
0.963658
0.912234
0.843227
0.801207
-0.394243
-0.330052
-0.263613
-0.181502
-0.0868942
0.0150133
0.124238
0.241209
0.365422
0.497919
0.623885
0.728525
0.81902
0.894947
0.907778
0.911784
0.871419
0.805853
0.73036
0.688522
-0.361472
-0.344677
-0.285561
-0.203256
-0.110001
-0.00832711
0.100022
0.216242
0.339317
0.470066
0.593667
0.696008
0.777382
0.856608
0.851043
0.745056
0.645354
0.575194
0.503788
0.537913
-0.393226
-0.363057
-0.302675
-0.22116
-0.127852
-0.0264444
0.0820543
0.197613
0.319596
0.448469
0.569119
0.667539
0.740505
0.782715
0.738607
0.596621
0.474693
0.386763
0.290456
0.343197
-0.417391
-0.384802
-0.322672
-0.240998
-0.147686
-0.0464076
0.0619675
0.176677
0.297239
0.423661
0.540486
0.633164
0.696607
0.70511
0.603627
0.437083
0.290615
0.17581
0.0486818
0.0856614
-0.441103
-0.40711
-0.343675
-0.261214
-0.167804
-0.0666842
0.041183
0.15491
0.273855
0.397474
0.50964
0.595754
0.643813
0.621346
0.46743
0.276751
0.0941792
-0.0687041
-0.253549
-0.260517
-0.464334
-0.429869
-0.365533
-0.282397
-0.188813
-0.0879018
0.0193319
0.13196
0.249046
0.369524
0.476429
0.555391
0.585072
0.527463
0.337963
0.13066
-0.0787987
-0.256773
-0.505129
-0.774581
-0.487912
-0.45339
-0.388537
-0.304939
-0.211161
-0.110402
-0.00373054
0.107781
0.222921
0.340064
0.441499
0.512049
0.522593
0.414757
0.224803
0.0151149
-0.188
-0.351562
-0.427008
-0.54082
-0.512794
-0.478152
-0.413019
-0.329182
-0.235351
-0.134834
-0.0288164
0.0814153
0.194303
0.307635
0.403202
0.463368
0.449607
0.307328
0.123685
-0.0692703
-0.235651
-0.326255
-0.349005
-0.365697
-0.539253
-0.50447
-0.439146
-0.355223
-0.261517
-0.161405
-0.0562794
0.0523748
0.162599
0.271487
0.360751
0.407577
0.375349
0.207059
0.0319134
-0.135911
-0.26297
-0.301071
-0.313637
-0.314818
-0.567498
-0.532504
-0.466972
-0.383052
-0.289605
-0.190114
-0.0861312
0.0206138
0.127746
0.231589
0.313826
0.34617
0.295617
0.114178
-0.0517662
-0.200314
-0.277057
-0.293811
-0.295004
-0.294846
-0.597584
-0.562296
-0.496512
-0.412659
-0.31962
-0.220941
-0.118367
-0.0138784
0.0897507
0.188016
0.262281
0.283094
0.197636
0.0291497
-0.129167
-0.2495
-0.285113
-0.284453
-0.284474
-0.283939
-0.629215
-0.59371
-0.527657
-0.443946
-0.35146
-0.253816
-0.152942
-0.0510686
0.0486389
0.140879
0.206788
0.211755
0.106149
-0.0505871
-0.191025
-0.266456
-0.275947
-0.277804
-0.277825
-0.277562
-0.661827
-0.626199
-0.560157
-0.476677
-0.384921
-0.288562
-0.189683
-0.0908146
0.00458504
0.0904705
0.147952
0.138069
0.0234244
-0.119838
-0.236106
-0.270922
-0.276337
-0.274664
-0.273552
-0.272965
-0.694952
-0.659211
-0.593537
-0.51044
-0.419636
-0.324831
-0.228281
-0.132809
-0.0421347
0.0374039
0.0847783
0.0658374
-0.0529443
-0.178258
-0.268513
-0.28303
-0.274985
-0.273886
-0.272699
-0.271675
-0.727728
-0.692122
-0.626885
-0.544602
-0.455033
-0.36211
-0.268242
-0.176531
-0.0910636
-0.0177417
0.0196272
-0.00353713
-0.121506
-0.221661
-0.283087
-0.286022
-0.279835
-0.27427
-0.271981
-0.271288
-0.758571
-0.723792
-0.659275
-0.578208
-0.490296
-0.399647
-0.308845
-0.221222
-0.141386
-0.074498
-0.041561
-0.082911
-0.181269
-0.256386
-0.279535
-0.294406
-0.282134
-0.270658
-0.268222
-0.267678
-0.785914
-0.752125
-0.68966
-0.610075
-0.524344
-0.436418
-0.349123
-0.265896
-0.191864
-0.132203
-0.100042
-0.168326
-0.250338
-0.256773
-0.282284
-0.296311
-0.307917
-0.309366
-0.30697
-0.304736
-0.807697
-0.77565
-0.715682
-0.638806
-0.555817
-0.47117
-0.38783
-0.309314
-0.241094
-0.189609
-0.160453
-0.252816
-0.355931
-0.31607
-0.289577
-0.373923
-0.435683
-0.452358
-0.442118
-0.434055
-0.821775
-0.792371
-0.735795
-0.662416
-0.583101
-0.50241
-0.423501
-0.349951
-0.287524
-0.244607
-0.2219
-0.336765
-0.53224
-0.694321
-0.650169
-0.60449
-0.587612
-0.578909
-0.565625
-0.561066
-0.825522
-0.800042
-0.747991
-0.679112
-0.604405
-0.52848
-0.454406
-0.386024
-0.329168
-0.294027
-0.276156
-0.411256
-0.660599
-1.06766
-1.07
-0.729267
-0.569715
-0.549258
-0.553775
-0.554794
-0.817153
-0.796352
-0.750177
-0.687267
-0.618153
-0.547656
-0.478717
-0.415399
-0.363589
-0.333908
-0.317274
-0.414832
-0.431194
-0.443537
-0.472934
-0.509581
-0.561912
-0.555147
-0.552104
-0.550476
-0.794281
-0.778302
-0.740636
-0.685648
-0.623223
-0.558647
-0.494785
-0.435759
-0.387763
-0.360688
-0.35767
-0.333305
-0.136313
0.276211
0.301175
-0.118763
-0.422381
-0.489732
-0.511492
-0.512316
-0.758982
-0.748382
-0.719807
-0.674343
-0.619451
-0.560931
-0.501616
-0.445296
-0.39899
-0.372064
-0.376821
-0.400815
-0.498017
-0.729293
-1.15762
-1.45549
-1.38213
-1.0605
-0.84786
-0.830168
-0.716924
-0.710837
-0.691915
-0.655774
-0.608515
-0.555115
-0.499069
-0.443528
-0.394112
-0.365051
-0.376894
-0.560497
-1.08106
-1.79485
-2.20804
-2.46057
-2.38989
-2.14027
-1.86129
-1.69313
-0.676326
-0.672856
-0.662443
-0.634968
-0.593432
-0.543373
-0.488184
-0.430146
-0.373527
-0.327253
-0.315081
-0.425157
-0.73329
-1.11902
-1.4254
-1.44726
-1.24661
-0.984308
-0.759606
-0.640543
-0.643998
-0.641876
-0.636613
-0.616695
-0.579206
-0.529404
-0.471829
-0.407088
-0.336906
-0.256513
-0.175996
-0.0671845
0.0571385
0.352742
0.724225
1.12826
1.48694
1.71991
1.83415
1.87497
-0.617034
-0.616167
-0.61482
-0.602981
-0.569147
-0.517589
-0.454636
-0.380892
-0.295965
-0.193039
-0.0632476
0.105089
0.428256
0.893891
1.4563
1.95965
2.33882
2.57803
2.6959
2.73034
-0.59944
-0.598968
-0.598852
-0.592729
-0.56313
-0.509097
-0.439709
-0.358346
-0.262281
-0.149947
-0.0168133
0.119548
0.363009
0.839614
1.39348
1.90401
2.28674
2.50823
2.60563
2.63177
-0.586133
-0.585617
-0.585444
-0.583946
-0.559702
-0.503757
-0.428236
-0.341428
-0.242584
-0.130144
-0.0111916
0.117006
0.272642
0.673561
1.14639
1.54931
1.84931
2.01888
2.09321
2.11315
-0.578551
-0.576883
-0.575876
-0.577008
-0.558296
-0.499775
-0.418246
-0.327189
-0.229565
-0.121127
-0.0121931
0.0995945
0.213207
0.475048
0.828525
1.12102
1.33826
1.46002
1.51252
1.52502
-0.582891
-0.582097
-0.584512
-0.586864
-0.563208
-0.493358
-0.404106
-0.310269
-0.214875
-0.113311
-0.0182433
0.0683193
0.146767
0.320013
0.556424
0.756397
0.904503
0.98767
1.02345
1.03107
-0.582041
-0.586575
-0.594624
-0.592544
-0.556195
-0.472844
-0.37825
-0.285947
-0.197713
-0.108913
-0.0324093
0.0312221
0.083889
0.203562
0.365838
0.49555
0.589085
0.640514
0.6618
0.665675
-0.520587
-0.527924
-0.537429
-0.532875
-0.49312
-0.415548
-0.331236
-0.250843
-0.176739
-0.10378
-0.0412646
0.00537525
0.0455761
0.120296
0.227864
0.312999
0.371155
0.401382
0.412998
0.414284
-0.371019
-0.376977
-0.38408
-0.381814
-0.355835
-0.309565
-0.256769
-0.201729
-0.146974
-0.0915296
-0.0446969
-0.0133534
0.0146024
0.0663516
0.133471
0.187657
0.223658
0.242457
0.250071
0.250068
-0.191991
-0.195386
-0.200949
-0.205211
-0.20216
-0.190378
-0.170636
-0.144522
-0.112846
-0.0763174
-0.0450351
-0.0243968
-0.00280344
0.0319134
0.0747148
0.10869
0.130526
0.141798
0.145986
0.145523
-0.0523679
-0.0540946
-0.0591752
-0.069711
-0.0831709
-0.0938441
-0.0974109
-0.092805
-0.0795082
-0.0587503
-0.037915
-0.021806
-0.00838726
0.0156174
0.0428822
0.0636241
0.0764191
0.0825214
0.0841883
0.0832684
0.0242143
0.0231743
0.0183835
0.00628102
-0.0124854
-0.0315882
-0.0459125
-0.0527997
-0.0512714
-0.0416274
-0.0286759
-0.0170731
-0.00728839
0.00879156
0.0262594
0.0383583
0.0456584
0.0489503
0.0496328
0.0485965
0.0541171
0.0533283
0.0493972
0.0389714
0.0220344
0.00327582
-0.0133033
-0.0250141
-0.0299822
-0.0274643
-0.019667
-0.00994368
-0.000903261
0.00912095
0.0185914
0.0253376
0.0294538
0.0313259
0.0315005
0.0304053
0.0586967
0.0581177
0.0552771
0.0476308
0.0347008
0.0193064
0.00440944
-0.00767751
-0.0152215
-0.0167297
-0.0124198
-0.00335996
0.00615083
0.0117692
0.0148899
0.0181514
0.0206492
0.0221132
0.022213
0.0210965
0.052354
0.0519337
0.0500141
0.0448775
0.0358984
0.0245454
0.0126227
0.00186816
-0.00624822
-0.0100768
-0.0083137
-0.00182545
0.00647797
0.00867966
0.00896204
0.0112705
0.0140225
0.0158831
0.0161413
0.0149704
0.0426988
0.0423837
0.0411253
0.0378588
0.0319647
0.0240487
0.0151006
0.006238
-0.00155438
-0.00713932
-0.00908133
-0.00704443
-0.00366934
-0.0043322
-0.00298409
0.00103512
0.00506749
0.00751963
0.00794784
0.00681221
0.0333368
0.0330861
0.0322648
0.0302689
0.0265656
0.0212579
0.0147481
0.00763267
0.000336091
-0.00671474
-0.0129962
-0.0181017
-0.0223957
-0.0244827
-0.0198627
-0.0131718
-0.00767452
-0.00481778
-0.00424811
-0.0052095
0.0257585
0.0255468
0.0249894
0.0237689
0.0214828
0.0179822
0.0133164
0.00768885
0.00106522
-0.00700614
-0.0173555
-0.0300747
-0.0415494
-0.042927
-0.034275
-0.0257011
-0.0201767
-0.0177891
-0.0174208
-0.0181306
0.0203487
0.0201695
0.0197649
0.0189822
0.01756
0.0152557
0.0119419
0.00757649
0.00195154
-0.00625435
-0.0190616
-0.0367843
-0.0528589
-0.0516656
-0.0405853
-0.0317561
-0.027199
-0.0255831
-0.0253305
-0.0257878
0.016832
0.0166886
0.0163931
0.015849
0.0149739
0.0134549
0.0111511
0.00799429
0.00364541
-0.0033453
-0.0148608
-0.0323526
-0.0473195
-0.0435203
-0.0329584
-0.0260108
-0.0231703
-0.0227014
-0.0226961
-0.0230341
0.0145883
0.0144733
0.0142489
0.01382
0.0132777
0.0123398
0.010978
0.00901618
0.00629782
0.0023827
-0.00466306
-0.0155737
-0.023772
-0.0185902
-0.0123243
-0.00949854
-0.00877852
-0.00873699
-0.00884053
-0.00920267
0.0130492
0.0129674
0.0128302
0.0125467
0.0121087
0.011736
0.0110059
0.0103297
0.00979875
0.00922494
0.0090073
0.00844202
0.00885908
0.0134445
0.0142191
0.0131772
0.0126183
0.0124785
0.0120941
0.0115958
0.0116508
0.0115843
0.0115168
0.0113354
0.0111368
0.0108436
0.0109428
0.011107
0.0121636
0.0155823
0.0229273
0.0329791
0.0415959
0.0437257
0.0400614
0.0359623
0.0346387
0.0344162
0.0336868
0.0330876
0.00997581
0.00994304
0.00998335
0.0100016
0.00992671
0.00986278
0.0102214
0.0112429
0.0136277
0.0195681
0.0323491
0.0524033
0.0701278
0.0677669
0.0582421
0.0525593
0.0515348
0.051588
0.0504896
0.0497182
0.00764143
0.00762746
0.00770721
0.00782613
0.00788943
0.0081132
0.00832933
0.00949818
0.0123992
0.0191495
0.0335341
0.0575101
0.077409
0.0738609
0.0620883
0.0567792
0.0572262
0.0576871
0.0562848
0.0553314
0.00450933
0.00445447
0.00452205
0.00471927
0.00478232
0.00479274
0.00511793
0.00601241
0.00809629
0.0136276
0.0240457
0.0447067
0.0605597
0.0546283
0.0464059
0.045365
0.0466617
0.0476188
0.04571
0.0444501
0.00111949
0.00102589
0.000877457
0.000626098
0.000499918
0.00052635
0.00053705
0.000748167
0.00135284
0.00244857
0.00393836
0.0071752
0.013141
0.0200362
0.0164652
0.0143987
0.0115096
0.00819538
0.00926249
0.00935249
-0.0616357
0.129522
0.33455
0.506047
0.643483
0.752488
0.843432
0.919564
0.950427
0.934218
0.27075
0.396496
0.527933
0.641579
0.737529
0.817229
0.881362
0.926229
0.949539
0.962296
0.494814
0.579961
0.669225
0.748777
0.817132
0.874233
0.919421
0.952663
0.977002
0.994813
0.657139
0.717412
0.780265
0.838251
0.888499
0.931055
0.965991
0.99418
1.017
1.03523
0.784124
0.827407
0.875081
0.918925
0.95801
0.992114
1.02132
1.0459
1.06589
1.08381
0.888988
0.922456
0.961385
0.997188
1.03
1.05949
1.08532
1.1072
1.12436
1.14194
0.9822
1.01132
1.04565
1.07808
1.1082
1.13556
1.15955
1.17951
1.1942
1.21164
1.07118
1.10075
1.13489
1.16719
1.19692
1.22364
1.24665
1.26516
1.27787
1.29533
1.16675
1.20042
1.23693
1.27073
1.30084
1.32705
1.34901
1.36614
1.37762
1.39542
1.28177
1.32039
1.35867
1.39292
1.42222
1.44692
1.46723
1.48296
1.4943
1.51265
1.42656
1.46607
1.50166
1.53209
1.55767
1.57974
1.59877
1.6143
1.62696
1.64509
1.60135
1.63341
1.65921
1.68157
1.70163
1.72038
1.73801
1.75457
1.77032
1.78851
1.78898
1.80654
1.82207
1.83867
1.85484
1.86939
1.88242
1.89639
1.91348
1.93316
1.97058
1.98155
1.99371
2.0045
2.01375
2.02331
2.0342
2.04579
2.05574
2.07092
2.18162
2.18363
2.16848
2.15324
2.14686
2.15253
2.17114
2.20155
2.23369
2.26444
2.48751
2.35046
2.27418
2.2321
2.21466
2.21869
2.24605
2.30219
2.40565
2.62093
0.779348
0.775971
0.770041
0.76023
0.747281
0.73485
0.724527
0.716562
0.710879
0.70756
0.707142
0.709835
0.714918
0.722141
0.73156
0.743235
0.756357
0.768342
0.775795
0.780512
0.697369
0.703253
0.710156
0.71539
0.718229
0.71789
0.714972
0.711029
0.707433
0.705102
0.704891
0.707037
0.710683
0.715008
0.718933
0.720918
0.719793
0.715692
0.709792
0.702746
0.689734
0.69208
0.695425
0.698325
0.700533
0.702321
0.703262
0.702981
0.701917
0.700971
0.701074
0.702439
0.704206
0.705446
0.705461
0.704268
0.702443
0.700088
0.696924
0.693957
0.684614
0.685701
0.687562
0.689935
0.691884
0.69326
0.694334
0.695162
0.695588
0.695778
0.696195
0.696908
0.697393
0.697313
0.696752
0.695851
0.694424
0.69235
0.690226
0.688808
0.679551
0.680206
0.68131
0.683021
0.684813
0.686411
0.687652
0.688642
0.689513
0.690267
0.690913
0.691346
0.691418
0.691155
0.690548
0.68948
0.688011
0.686415
0.685076
0.684289
0.674668
0.675123
0.675902
0.677188
0.678668
0.680181
0.681618
0.682863
0.683937
0.684919
0.685728
0.686171
0.686211
0.685862
0.685104
0.684047
0.682864
0.681694
0.680763
0.680238
0.669927
0.670268
0.670873
0.67193
0.673204
0.674559
0.675975
0.677378
0.678678
0.679855
0.680832
0.681384
0.681441
0.68106
0.680364
0.679507
0.678597
0.677689
0.676993
0.676608
0.665291
0.665555
0.666043
0.666942
0.668093
0.669363
0.670724
0.672166
0.673632
0.675036
0.676224
0.676919
0.677059
0.676797
0.676285
0.67563
0.674907
0.67421
0.673688
0.673394
0.660686
0.660896
0.661301
0.66209
0.663162
0.664383
0.665727
0.667202
0.668786
0.670407
0.671848
0.672758
0.673094
0.673036
0.672727
0.672264
0.671722
0.671199
0.67081
0.670579
0.656034
0.656202
0.656549
0.657266
0.658292
0.659489
0.660853
0.662396
0.66411
0.665955
0.667693
0.668908
0.669523
0.669715
0.669621
0.669352
0.66899
0.668619
0.668339
0.668155
0.651256
0.651391
0.651696
0.65237
0.65338
0.654599
0.656023
0.657677
0.659573
0.661684
0.663788
0.665392
0.666341
0.666816
0.66696
0.666891
0.666702
0.666472
0.666282
0.666134
0.646276
0.646384
0.64666
0.647316
0.648345
0.649631
0.651162
0.652985
0.655135
0.657598
0.660156
0.662225
0.663562
0.664349
0.664754
0.664898
0.664879
0.664783
0.664669
0.664551
0.641014
0.641098
0.641357
0.64202
0.643106
0.6445
0.646189
0.648246
0.650734
0.65366
0.656788
0.659404
0.661189
0.662338
0.663033
0.663412
0.663572
0.663603
0.663557
0.663463
0.635381
0.635443
0.635693
0.636383
0.637559
0.639105
0.641007
0.643363
0.646261
0.649748
0.653574
0.656871
0.659211
0.660801
0.661839
0.662488
0.662844
0.663008
0.663027
0.662953
0.629268
0.629308
0.629555
0.630291
0.631595
0.633345
0.635531
0.638275
0.6417
0.64589
0.65057
0.654696
0.657703
0.659814
0.661242
0.662188
0.662784
0.66309
0.663173
0.663119
0.622555
0.622568
0.622815
0.62362
0.62509
0.627104
0.629654
0.632905
0.637007
0.642075
0.647807
0.652942
0.656743
0.659465
0.661355
0.662647
0.663511
0.663975
0.664126
0.664088
0.615035
0.615039
0.615301
0.61619
0.617872
0.620206
0.623224
0.627107
0.632061
0.638245
0.645276
0.651602
0.656347
0.659807
0.66227
0.663998
0.665167
0.665804
0.666026
0.666003
0.606458
0.606428
0.606732
0.607748
0.609687
0.612437
0.61604
0.62071
0.6267
0.63421
0.642821
0.650653
0.656568
0.660918
0.664073
0.666346
0.667888
0.668736
0.669038
0.669029
0.596539
0.596484
0.596829
0.598015
0.60029
0.603579
0.60794
0.613642
0.621
0.630237
0.640788
0.650355
0.65761
0.663001
0.666971
0.669876
0.671864
0.672958
0.673346
0.673349
0.584804
0.584723
0.585139
0.586552
0.589255
0.593235
0.598567
0.605573
0.614618
0.625949
0.638858
0.650556
0.659449
0.666102
0.671053
0.674717
0.677248
0.678633
0.679114
0.67912
0.57056
0.570455
0.570991
0.572721
0.576007
0.580926
0.587571
0.596318
0.607573
0.62155
0.637311
0.651484
0.662248
0.670344
0.676446
0.681003
0.684164
0.685873
0.686445
0.686447
0.55281
0.552684
0.553419
0.555637
0.559786
0.566053
0.574531
0.585632
0.599752
0.617022
0.636182
0.653231
0.666126
0.675871
0.683279
0.688821
0.692679
0.694726
0.69538
0.69537
0.530088
0.529953
0.531028
0.534026
0.539511
0.547797
0.558902
0.573225
0.591064
0.612379
0.635545
0.655865
0.671157
0.682714
0.691555
0.698216
0.702813
0.70519
0.705907
0.705875
0.500055
0.499951
0.501647
0.506029
0.513801
0.525287
0.540296
0.559089
0.58173
0.607957
0.635713
0.659631
0.677501
0.691012
0.701376
0.709226
0.714551
0.717207
0.717956
0.717895
0.45861
0.458683
0.46176
0.469027
0.481034
0.497768
0.518573
0.543391
0.572021
0.603986
0.636849
0.664635
0.685214
0.700758
0.712744
0.721826
0.727806
0.730638
0.731365
0.731266
0.398071
0.399288
0.406828
0.420567
0.440324
0.465389
0.494345
0.526837
0.562562
0.600951
0.639259
0.671025
0.694353
0.711944
0.725525
0.735758
0.742304
0.745155
0.74575
0.745612
0.325541
0.327702
0.342201
0.365947
0.396504
0.43137
0.469228
0.509955
0.553357
0.598932
0.643691
0.680558
0.707656
0.728188
0.743978
0.755762
0.76311
0.766163
0.766854
0.76684
0.250909
0.257447
0.278967
0.31283
0.353671
0.398107
0.444872
0.493894
0.545074
0.597976
0.649413
0.691618
0.722645
0.746288
0.764693
0.778278
0.786319
0.78912
0.789658
0.789744
0.190233
0.198798
0.224933
0.265846
0.314614
0.367153
0.421929
0.478717
0.537319
0.597274
0.655091
0.702294
0.73695
0.763346
0.78377
0.798626
0.807031
0.810266
0.811307
0.811468
0.140672
0.149839
0.179485
0.225534
0.280359
0.339404
0.400909
0.464524
0.529883
0.596397
0.660196
0.712042
0.749968
0.778771
0.80094
0.816925
0.826235
0.83016
0.831412
0.831599
0.0989994
0.108416
0.140449
0.190439
0.250205
0.314645
0.381838
0.451384
0.522775
0.595284
0.6646
0.720707
0.761578
0.792444
0.816027
0.832951
0.843081
0.847496
0.848923
0.849112
0.0627806
0.072296
0.106112
0.159262
0.223122
0.292158
0.364312
0.439097
0.515912
0.59389
0.668302
0.728318
0.771815
0.804374
0.828948
0.846507
0.857291
0.862143
0.863725
0.863948
0.0304193
0.039967
0.0751344
0.130999
0.198292
0.271282
0.347825
0.42732
0.509086
0.592134
0.671317
0.734971
0.7808
0.814773
0.840129
0.858245
0.869456
0.874669
0.876345
0.876583
0.000724286
0.010316
0.0465748
0.104779
0.175024
0.251511
0.331953
0.415722
0.502067
0.58989
0.673616
0.740717
0.78869
0.823898
0.849913
0.868409
0.879877
0.885358
0.887099
0.887333
-0.0270835
-0.0174448
0.0198391
0.0799709
0.152853
0.232455
0.316392
0.40406
0.494665
0.587024
0.67515
0.745607
0.795642
0.832005
0.85863
0.877425
0.889044
0.89465
0.896399
0.896648
-0.0535022
-0.0437881
-0.00559927
0.0562156
0.131468
0.213832
0.300926
0.392161
0.486737
0.583427
0.675861
0.749667
0.801787
0.839336
0.866595
0.885718
0.897482
0.903116
0.904853
0.904985
-0.0789634
-0.0690902
-0.0300809
0.0332564
0.110631
0.195459
0.285401
0.379904
0.478187
0.579007
0.675687
0.752913
0.807229
0.846073
0.87403
0.893483
0.905367
0.910957
0.912634
0.912764
-0.103686
-0.0935837
-0.0538772
0.0109419
0.0901884
0.177208
0.26973
0.367221
0.468942
0.5737
0.674577
0.755349
0.812045
0.85234
0.881093
0.900906
0.912882
0.918411
0.919982
0.920079
-0.127749
-0.117441
-0.0769748
-0.0108284
0.0700541
0.159031
0.25387
0.354076
0.458973
0.56745
0.672475
0.756953
0.816274
0.858229
0.887897
0.908094
0.920098
0.925477
0.926909
0.926943
-0.151292
-0.140693
-0.09949
-0.0321347
0.0501973
0.140914
0.237819
0.340474
0.448278
0.560243
0.66932
0.757663
0.819911
0.863806
0.894536
0.91511
0.927059
0.932206
0.933433
0.933389
-0.174293
-0.163407
-0.121485
-0.0530127
0.0306242
0.122877
0.221616
0.326456
0.436883
0.552066
0.665056
0.757385
0.822901
0.869108
0.901113
0.922049
0.933768
0.938523
0.939512
0.939405
-0.196808
-0.185595
-0.142905
-0.0734347
0.011359
0.104956
0.205309
0.312085
0.424843
0.542942
0.659643
0.756024
0.825138
0.874128
0.907764
0.929073
0.940304
0.944433
0.945114
0.944946
-0.218645
-0.207185
-0.163738
-0.0933587
-0.00754699
0.0872258
0.188969
0.297435
0.412236
0.532932
0.653063
0.753481
0.826479
0.878782
0.914629
0.936512
0.94692
0.949974
0.950192
0.94997
-0.239946
-0.22813
-0.183971
-0.112766
-0.0260588
0.069731
0.17269
0.282589
0.39915
0.522124
0.645331
0.749655
0.82673
0.882865
0.921738
0.944857
0.954286
0.955509
0.954768
0.954456
-0.260552
-0.248408
-0.203576
-0.131607
-0.0440977
0.0525581
0.156557
0.267672
0.3857
0.510589
0.636497
0.744458
0.825686
0.886042
0.928829
0.954514
0.963718
0.962494
0.959471
0.958277
-0.280516
-0.268061
-0.222501
-0.14983
-0.0616266
0.0357767
0.140656
0.252764
0.372
0.498472
0.626644
0.737816
0.823145
0.887865
0.935178
0.965144
0.976516
0.974368
0.967384
0.957632
-0.299759
-0.28706
-0.24083
-0.167598
-0.0788649
0.0190991
0.124639
0.237451
0.357583
0.485246
0.615217
0.729108
0.818551
0.887798
0.939749
0.975412
0.99242
0.992319
0.98208
0.976048
-0.318233
-0.305393
-0.258564
-0.184866
-0.0957991
0.00253998
0.108533
0.221716
0.342417
0.470804
0.602053
0.717971
0.811229
0.885066
0.940239
0.979969
1.00004
1.00484
0.967758
0.919613
-0.335636
-0.322395
-0.27565
-0.201536
-0.112481
-0.0140009
0.0923132
0.205685
0.326567
0.455208
0.587097
0.704223
0.800169
0.879187
0.934648
0.968252
0.988995
0.975032
0.918171
0.85602
-0.353789
-0.337884
-0.291807
-0.216999
-0.128596
-0.0301555
0.0757021
0.189412
0.31016
0.438615
0.570342
0.687733
0.784062
0.871162
0.921057
0.966507
0.93854
0.895738
0.826749
0.759467
-0.341245
-0.321005
-0.27092
-0.19162
-0.0977422
0.00416086
0.115377
0.232115
0.355989
0.487998
0.613474
0.717751
0.806456
0.897438
0.937046
0.865957
0.819485
0.756847
0.685114
0.637584
-0.361068
-0.347974
-0.310938
-0.241305
-0.153395
-0.0557758
0.050288
0.163491
0.283526
0.410809
0.540713
0.65649
0.749221
0.831988
0.901673
0.89532
0.782087
0.700032
0.63794
0.557219
-0.382496
-0.368119
-0.326233
-0.255382
-0.167033
-0.0697765
0.03512
0.147386
0.266462
0.392324
0.520428
0.634111
0.723703
0.793563
0.821122
0.747158
0.611944
0.518975
0.445036
0.359007
-0.404181
-0.391644
-0.345667
-0.273594
-0.185226
-0.0877081
0.0171483
0.129124
0.247319
0.371688
0.496934
0.606124
0.688045
0.741624
0.720317
0.593454
0.446729
0.333225
0.237579
0.105621
-0.427878
-0.415197
-0.367085
-0.293818
-0.205266
-0.107743
-0.00301335
0.108389
0.225477
0.347955
0.469766
0.573624
0.647419
0.679859
0.622322
0.444575
0.270102
0.123058
-0.0137237
-0.20114
-0.450951
-0.438474
-0.389161
-0.314759
-0.225762
-0.128306
-0.0239547
0.0866054
0.202329
0.322539
0.440484
0.538388
0.603539
0.604917
0.497389
0.302907
0.0971549
-0.093568
-0.265332
-0.651375
-0.474193
-0.461953
-0.412063
-0.336864
-0.247491
-0.150021
-0.0460594
0.0636376
0.17788
0.295581
0.409328
0.500559
0.554364
0.52378
0.374986
0.176254
-0.0378729
-0.237539
-0.406371
-0.709429
-0.498376
-0.486268
-0.436061
-0.360361
-0.270729
-0.173246
-0.0696349
0.0392194
0.151922
0.266932
0.376259
0.460213
0.500116
0.451346
0.264417
0.0716811
-0.12754
-0.293592
-0.360896
-0.398085
-0.524039
-0.512051
-0.461547
-0.385565
-0.295876
-0.19855
-0.0954502
0.0123277
0.12316
0.23498
0.339275
0.415114
0.439742
0.356877
0.165193
-0.0163859
-0.183032
-0.288799
-0.323716
-0.332755
-0.551406
-0.539396
-0.488675
-0.412498
-0.32288
-0.225888
-0.123519
-0.0170851
0.0915021
0.199611
0.298175
0.365685
0.36579
0.252397
0.074649
-0.092836
-0.232134
-0.287451
-0.299157
-0.303269
-0.580607
-0.568536
-0.517509
-0.441174
-0.351733
-0.255253
-0.153838
-0.049057
0.0569118
0.160853
0.252946
0.311677
0.287174
0.154218
-0.00977298
-0.166183
-0.264309
-0.291268
-0.289083
-0.289334
-0.611378
-0.599548
-0.548016
-0.471552
-0.382389
-0.286593
-0.186385
-0.0835668
0.0194031
0.118716
0.203842
0.251792
0.216162
0.0628459
-0.0867179
-0.22427
-0.266195
-0.276395
-0.280276
-0.280606
-0.643572
-0.631682
-0.579967
-0.503459
-0.414702
-0.319786
-0.22105
-0.120523
-0.0209607
0.0733418
0.151079
0.188034
0.145969
-0.0162417
-0.154867
-0.250269
-0.290151
-0.278495
-0.275858
-0.275425
-0.676661
-0.664723
-0.613104
-0.536561
-0.448367
-0.354562
-0.257578
-0.159694
-0.0639641
0.0250437
0.0950297
0.12287
0.0616183
-0.0860348
-0.21073
-0.262905
-0.274534
-0.274963
-0.273333
-0.272462
-0.709887
-0.698011
-0.646363
-0.570296
-0.482899
-0.390475
-0.295575
-0.200684
-0.109221
-0.0258171
0.0368345
0.0499428
-0.0214002
-0.145526
-0.249138
-0.272666
-0.274039
-0.27559
-0.274329
-0.272945
-0.742018
-0.730523
-0.679073
-0.603848
-0.517567
-0.426869
-0.334419
-0.242878
-0.156057
-0.0787889
-0.0217424
-0.0239006
-0.0978754
-0.196203
-0.27162
-0.321398
-0.293113
-0.275829
-0.269973
-0.269276
-0.771588
-0.760574
-0.710168
-0.635945
-0.551373
-0.462838
-0.373259
-0.285442
-0.203526
-0.132903
-0.0805579
-0.0931136
-0.178219
-0.232897
-0.281524
-0.284872
-0.288715
-0.282784
-0.278104
-0.277279
-0.796954
-0.786623
-0.737652
-0.665396
-0.583068
-0.497186
-0.410974
-0.327285
-0.25044
-0.186653
-0.140796
-0.16014
-0.266777
-0.291685
-0.230265
-0.289364
-0.340136
-0.366389
-0.366696
-0.36126
-0.815803
-0.806382
-0.759643
-0.690224
-0.611048
-0.528539
-0.446179
-0.367043
-0.295399
-0.238425
-0.201518
-0.226468
-0.371379
-0.463994
-0.393052
-0.439713
-0.507391
-0.542829
-0.531825
-0.514228
-0.826101
-0.817543
-0.774144
-0.708535
-0.633456
-0.555214
-0.477344
-0.403034
-0.336738
-0.286272
-0.259164
-0.291513
-0.484739
-0.788501
-1.03705
-0.810814
-0.629784
-0.573226
-0.565532
-0.563888
-0.824087
-0.81691
-0.779377
-0.718487
-0.648557
-0.575498
-0.502685
-0.433433
-0.372432
-0.327588
-0.311623
-0.340536
-0.508487
-0.771513
-0.945444
-0.741079
-0.636057
-0.580773
-0.563761
-0.557857
-0.807978
-0.803102
-0.772988
-0.718676
-0.654938
-0.587923
-0.520557
-0.456218
-0.399912
-0.359324
-0.35168
-0.359619
-0.327301
-0.0777583
0.1479
-0.0869622
-0.415404
-0.524349
-0.531166
-0.530612
-0.778179
-0.774594
-0.753219
-0.708265
-0.652098
-0.591661
-0.529829
-0.46965
-0.416582
-0.378577
-0.368284
-0.362031
-0.29671
-0.0765187
0.0507022
-0.303197
-0.522307
-0.581865
-0.551743
-0.551447
-0.738555
-0.736281
-0.723147
-0.68893
-0.640942
-0.587071
-0.530143
-0.473014
-0.42039
-0.381609
-0.369838
-0.427238
-0.638009
-1.18411
-1.74962
-2.15419
-2.1926
-1.92609
-1.60996
-1.38859
-0.695983
-0.694725
-0.687642
-0.664629
-0.62483
-0.575833
-0.522414
-0.466185
-0.411035
-0.36369
-0.347967
-0.402506
-0.757293
-1.30786
-1.85814
-2.16962
-2.21086
-2.02909
-1.77915
-1.59948
-0.658834
-0.658124
-0.65487
-0.639693
-0.607185
-0.561903
-0.509131
-0.450345
-0.388151
-0.325664
-0.270982
-0.220161
-0.305276
-0.369364
-0.358146
-0.196405
0.0915506
0.373599
0.589061
0.716121
-0.629866
-0.628953
-0.627422
-0.620218
-0.593734
-0.549831
-0.494205
-0.429492
-0.355957
-0.272737
-0.16803
-0.0487246
0.174899
0.514872
1.00174
1.5066
1.92751
2.21822
2.38528
2.46197
-0.607566
-0.60703
-0.60642
-0.603987
-0.584825
-0.541441
-0.480954
-0.409452
-0.324748
-0.226381
-0.103682
0.0391635
0.244605
0.640506
1.18256
1.74358
2.20773
2.52458
2.69153
2.75255
-0.592606
-0.59229
-0.592058
-0.5916
-0.579101
-0.536434
-0.47138
-0.392832
-0.301939
-0.196163
-0.078347
0.0567532
0.187106
0.515357
1.02812
1.52447
1.93844
2.20758
2.34265
2.39145
-0.581188
-0.580531
-0.579314
-0.57973
-0.573785
-0.533993
-0.464269
-0.379762
-0.286447
-0.182098
-0.0694396
0.0499897
0.166892
0.379826
0.788107
1.1721
1.47582
1.67477
1.77377
1.80949
-0.580206
-0.578667
-0.577519
-0.579456
-0.575133
-0.533031
-0.456056
-0.366211
-0.271527
-0.171224
-0.0651096
0.0360478
0.13385
0.265246
0.538757
0.810992
1.02582
1.16666
1.23525
1.25928
-0.586691
-0.585858
-0.589944
-0.593977
-0.584608
-0.529223
-0.440111
-0.345815
-0.252834
-0.158919
-0.0658876
0.0133611
0.0831334
0.170227
0.358532
0.539044
0.67904
0.772059
0.816575
0.832107
-0.562164
-0.564932
-0.574576
-0.580088
-0.561382
-0.495783
-0.403913
-0.313082
-0.228526
-0.147598
-0.0706531
-0.0100849
0.0430566
0.097238
0.226936
0.348047
0.436271
0.493529
0.519627
0.527617
-0.453437
-0.457818
-0.46795
-0.471
-0.452972
-0.400837
-0.332149
-0.262127
-0.194997
-0.130451
-0.0690734
-0.0223225
0.0150845
0.0500839
0.134661
0.213482
0.269495
0.303797
0.319158
0.32339
-0.278727
-0.282133
-0.288025
-0.292789
-0.287011
-0.264305
-0.231861
-0.193578
-0.151999
-0.107321
-0.0637967
-0.0299131
-0.0058361
0.016703
0.074696
0.123395
0.158497
0.180007
0.189857
0.192389
-0.113508
-0.115477
-0.119093
-0.125968
-0.133527
-0.137812
-0.135674
-0.125431
-0.107462
-0.082469
-0.054184
-0.0303705
-0.0143339
0.00494132
0.0392226
0.0710641
0.0925762
0.104695
0.109948
0.110768
-0.00613635
-0.00729136
-0.00981412
-0.0179993
-0.0333539
-0.0513141
-0.0649357
-0.0713248
-0.0689176
-0.0582288
-0.0413811
-0.0258634
-0.0138073
-0.000525724
0.0229202
0.042137
0.0545271
0.0614998
0.064118
0.0641154
0.044038
0.0432984
0.041191
0.0335162
0.0181004
-0.00162687
-0.0200173
-0.0334302
-0.0396191
-0.0380525
-0.0293317
-0.0184414
-0.00873092
0.000776407
0.0152514
0.0265861
0.033895
0.0377894
0.0390068
0.0386181
0.0587597
0.0582941
0.0566896
0.0507558
0.0383906
0.0216899
0.00465064
-0.00975385
-0.0192896
-0.0226841
-0.0191145
-0.010909
-0.00123773
0.00686097
0.0140502
0.0192476
0.0230478
0.0255001
0.0262763
0.025726
0.0564376
0.0561521
0.0550052
0.0508951
0.0421535
0.0297447
0.0160303
0.00324305
-0.00664908
-0.0123268
-0.0119513
-0.00612673
0.00323014
0.0105101
0.0118042
0.0135343
0.0163584
0.0183869
0.0193291
0.0187329
0.0477299
0.0475482
0.0467526
0.0440798
0.0383184
0.0297255
0.0195687
0.00926351
0.00023056
-0.00638044
-0.00880221
-0.00615991
-4.03569e-05
0.00393795
0.00337444
0.00528663
0.0084989
0.0113651
0.0125994
0.012025
0.0379061
0.037771
0.0372131
0.0355344
0.0319205
0.0262423
0.0190498
0.0111641
0.00332887
-0.00379603
-0.00904246
-0.0116532
-0.0122322
-0.0134295
-0.0133749
-0.00871471
-0.00326636
0.000642653
0.00228927
0.0018539
0.0293278
0.0292078
0.0288
0.0277474
0.0255504
0.0219186
0.016964
0.0110081
0.00433455
-0.00301326
-0.0109557
-0.0195649
-0.0282775
-0.0348003
-0.0314994
-0.0236495
-0.0167091
-0.0126255
-0.0110045
-0.0113073
0.0228314
0.0227127
0.0223948
0.0217033
0.0203566
0.0180527
0.0146705
0.0102566
0.00473951
-0.002237
-0.0122423
-0.0261303
-0.0426906
-0.0512058
-0.0442504
-0.0340063
-0.0268645
-0.0234659
-0.0224613
-0.0226016
0.0184284
0.0183152
0.0180686
0.017581
0.0167311
0.0152433
0.01297
0.00980323
0.00545227
-0.000750785
-0.0103974
-0.0264436
-0.0457111
-0.0539224
-0.0441096
-0.0338636
-0.0279805
-0.0256627
-0.0254315
-0.0255343
0.0156311
0.0155296
0.0153479
0.0149963
0.0144358
0.013487
0.0120012
0.00983753
0.00684199
0.00245943
-0.00485726
-0.017269
-0.0328181
-0.037147
-0.0279996
-0.0208586
-0.0178896
-0.0170026
-0.0169353
-0.0170635
0.0138033
0.0137105
0.0135861
0.0133324
0.0129235
0.0123614
0.0114719
0.0102912
0.00873515
0.00687407
0.00422626
-0.000807527
-0.0069678
-0.00597076
-0.00155296
0.00139945
0.00147613
0.00139406
0.00128091
0.000946591
0.0123887
0.0123051
0.0122395
0.0120913
0.0118292
0.011432
0.0112086
0.0109141
0.0109551
0.0116141
0.014202
0.0185288
0.0229935
0.0280434
0.0288582
0.0265086
0.0242636
0.0236427
0.0233656
0.0227693
0.010946
0.0108749
0.0108521
0.0108037
0.010648
0.0105693
0.0104363
0.0108556
0.0119883
0.0151712
0.0223496
0.035777
0.051175
0.0588265
0.0537234
0.0475301
0.044527
0.0439424
0.0435086
0.0426281
0.00899096
0.00892086
0.0089284
0.00901752
0.00905828
0.00913126
0.0092172
0.0099626
0.0117065
0.0157379
0.025419
0.0447976
0.0684682
0.0781627
0.0670246
0.0586792
0.056345
0.0561603
0.0554313
0.0543506
0.00618599
0.00609353
0.0061094
0.00625894
0.0064189
0.00653852
0.00699192
0.00737809
0.00901519
0.0130572
0.0226023
0.0409483
0.0654614
0.0726229
0.0617932
0.0556991
0.0544208
0.055597
0.0544088
0.0529014
0.00107128
0.000966577
0.000762539
0.000534368
0.000512829
0.000517228
0.000560719
0.00100488
0.00192865
0.00308103
0.00509679
0.0103521
0.016379
0.0180665
0.0154103
0.0133594
0.00931501
0.00868923
0.00972528
0.0321599
-0.98303
-0.356246
0.0704154
0.32551
0.513111
0.657349
0.770544
0.864459
0.963124
1.03982
-0.020681
0.18283
0.359652
0.511266
0.637842
0.7416
0.826505
0.89533
0.936935
0.942889
0.320744
0.439131
0.55051
0.652361
0.740053
0.814114
0.874625
0.920191
0.950226
0.968682
0.533397
0.613306
0.690417
0.76229
0.825315
0.878981
0.923035
0.957638
0.984574
1.00369
0.688438
0.742928
0.802177
0.854839
0.901918
0.942763
0.977404
1.00626
1.0302
1.04711
0.811435
0.852637
0.898291
0.93883
0.976156
1.00964
1.03897
1.06418
1.08528
1.09943
0.914256
0.949321
0.985759
1.02044
1.05279
1.08251
1.10901
1.13186
1.15057
1.16228
1.00768
1.03931
1.07257
1.10545
1.13632
1.16475
1.19
1.21144
1.22819
1.23797
1.09882
1.13189
1.16647
1.20068
1.23209
1.26041
1.28502
1.30533
1.32045
1.32932
1.20081
1.2388
1.27654
1.31281
1.34491
1.37271
1.39611
1.41497
1.42882
1.43825
1.32763
1.37042
1.40943
1.44495
1.47522
1.50079
1.5223
1.53981
1.55323
1.56448
1.48903
1.53061
1.56418
1.59322
1.61764
1.63914
1.65871
1.67608
1.69105
1.70478
1.67953
1.70897
1.73058
1.74972
1.76799
1.78534
1.80147
1.81717
1.83387
1.85112
1.87612
1.88675
1.89902
1.91356
1.9281
1.94101
1.9523
1.96313
1.97585
1.99141
2.06311
2.07269
2.08231
2.08433
2.08489
2.08909
2.09991
2.11625
2.13359
2.13829
2.36775
2.30888
2.25716
2.21713
2.19474
2.19067
2.20421
2.23793
2.29391
2.37324
0.914086
0.856977
0.814582
0.781044
0.75671
0.739287
0.726779
0.717799
0.711624
0.708074
0.707615
0.710427
0.715843
0.723772
0.734678
0.749639
0.770401
0.799134
0.837572
0.885657
0.718467
0.727493
0.733632
0.734238
0.730251
0.723846
0.717244
0.711679
0.707763
0.706037
0.707147
0.710702
0.715977
0.72251
0.729483
0.735186
0.737221
0.733884
0.725518
0.718331
0.69402
0.696117
0.70071
0.704455
0.707453
0.709191
0.708949
0.707139
0.704866
0.703216
0.703155
0.704918
0.70761
0.710238
0.711694
0.711144
0.70882
0.705588
0.701472
0.697033
0.687846
0.688745
0.691245
0.693875
0.695803
0.697245
0.698384
0.698919
0.69877
0.698458
0.698725
0.699725
0.700732
0.701082
0.700578
0.699543
0.698105
0.695946
0.693328
0.6913
0.68241
0.682874
0.684278
0.686317
0.688238
0.689742
0.690849
0.691762
0.692487
0.693024
0.693567
0.694092
0.694285
0.694063
0.693514
0.692554
0.691053
0.689184
0.687504
0.686474
0.677339
0.677628
0.678538
0.679999
0.681627
0.683217
0.684591
0.685704
0.686674
0.687559
0.68829
0.688705
0.688745
0.688445
0.687745
0.686641
0.685297
0.683938
0.682839
0.682208
0.672465
0.672669
0.673351
0.674509
0.675872
0.6773
0.678744
0.680089
0.681278
0.682352
0.683241
0.683733
0.683779
0.683396
0.682643
0.681681
0.680646
0.679614
0.678812
0.678366
0.667742
0.667896
0.668437
0.669407
0.670613
0.671923
0.673311
0.674739
0.676131
0.677421
0.678498
0.679114
0.6792
0.678862
0.678253
0.6775
0.676684
0.675882
0.675281
0.674945
0.663099
0.66322
0.663663
0.6645
0.665608
0.666854
0.668205
0.66966
0.671185
0.672698
0.674007
0.674798
0.675024
0.674857
0.674446
0.67389
0.673253
0.672642
0.672192
0.671931
0.658456
0.658554
0.658927
0.659675
0.660721
0.66193
0.663284
0.664788
0.666431
0.668162
0.669745
0.670794
0.67126
0.671322
0.671118
0.670754
0.670298
0.669847
0.669516
0.66931
0.653732
0.653812
0.654135
0.654826
0.65584
0.657048
0.65844
0.660031
0.661826
0.663793
0.665703
0.667105
0.667882
0.66821
0.668234
0.668065
0.667786
0.667482
0.667249
0.667084
0.648848
0.648913
0.649202
0.649861
0.650875
0.652129
0.653604
0.655333
0.657346
0.659622
0.661941
0.663765
0.664901
0.665527
0.665799
0.665834
0.665729
0.665558
0.665406
0.665274
0.643724
0.643778
0.644043
0.644696
0.645749
0.647092
0.648698
0.65063
0.652937
0.655615
0.658442
0.660774
0.662324
0.663286
0.663831
0.664087
0.664153
0.664113
0.664034
0.663929
0.638276
0.63832
0.638572
0.63924
0.640367
0.641842
0.643635
0.645832
0.648513
0.651707
0.655165
0.658102
0.660147
0.661504
0.662367
0.66288
0.663129
0.663214
0.6632
0.663117
0.632406
0.63244
0.632687
0.633391
0.634626
0.636277
0.638315
0.64085
0.643993
0.64781
0.65204
0.655733
0.658392
0.66023
0.661461
0.66227
0.662719
0.662941
0.662991
0.662928
0.625994
0.626018
0.626267
0.627026
0.628406
0.630291
0.632655
0.635637
0.639376
0.643977
0.649154
0.653762
0.65715
0.659554
0.661204
0.662327
0.663029
0.663404
0.663522
0.663477
0.618899
0.618922
0.619171
0.619997
0.621566
0.623753
0.626528
0.630076
0.634583
0.640182
0.646532
0.652232
0.656475
0.659544
0.661722
0.663223
0.6642
0.664739
0.664926
0.664897
0.610877
0.610893
0.611184
0.612099
0.613898
0.616443
0.619744
0.623992
0.629428
0.636237
0.644016
0.651057
0.656365
0.660252
0.663062
0.665047
0.666362
0.667094
0.667356
0.667343
0.601669
0.601674
0.601984
0.603033
0.605133
0.608165
0.61213
0.61728
0.623909
0.632229
0.641761
0.650428
0.656982
0.661827
0.665393
0.667964
0.669682
0.670643
0.67099
0.67099
0.590915
0.590914
0.591262
0.592492
0.594977
0.598627
0.60345
0.609759
0.617911
0.628144
0.639815
0.650391
0.658428
0.664426
0.668882
0.672128
0.674339
0.675571
0.676008
0.676015
0.578041
0.578036
0.578445
0.579907
0.5829
0.587362
0.593303
0.601106
0.611173
0.623742
0.638012
0.65091
0.660711
0.668067
0.673598
0.677673
0.680475
0.682015
0.682546
0.682553
0.562216
0.562207
0.562716
0.564538
0.568264
0.57387
0.581358
0.591189
0.603785
0.619324
0.63671
0.652263
0.664054
0.672951
0.67971
0.684719
0.688181
0.690053
0.690673
0.690673
0.542249
0.542238
0.542913
0.545314
0.55015
0.557417
0.567081
0.579652
0.595503
0.614687
0.635774
0.654416
0.668486
0.67912
0.687253
0.693316
0.697505
0.699713
0.700407
0.700389
0.516328
0.516319
0.517293
0.520687
0.527335
0.537154
0.550008
0.566381
0.586474
0.610136
0.635524
0.657601
0.674165
0.68669
0.696306
0.703517
0.708451
0.710966
0.711708
0.711665
0.481411
0.481423
0.483054
0.488382
0.49828
0.512202
0.529825
0.551414
0.576894
0.605889
0.63614
0.661967
0.681183
0.695718
0.706915
0.715336
0.720982
0.723739
0.724484
0.724403
0.431746
0.431992
0.435751
0.445521
0.461489
0.482153
0.506716
0.53517
0.567224
0.602329
0.637885
0.667654
0.689611
0.706202
0.719032
0.728683
0.734966
0.737861
0.738546
0.738413
0.359847
0.362206
0.373196
0.392419
0.418429
0.448491
0.481887
0.518476
0.557976
0.599837
0.641179
0.675277
0.70031
0.719275
0.734012
0.74505
0.75205
0.755152
0.75585
0.755729
0.283186
0.289401
0.308841
0.338236
0.374866
0.414644
0.456977
0.501864
0.549164
0.598416
0.646539
0.686113
0.715217
0.737366
0.754662
0.767687
0.775577
0.778858
0.779547
0.779525
0.217414
0.223915
0.250021
0.288073
0.333657
0.382349
0.433254
0.486252
0.541203
0.597673
0.652342
0.697086
0.729969
0.755058
0.774632
0.789086
0.797463
0.800998
0.801872
0.8019
0.163585
0.170543
0.200531
0.244724
0.297003
0.352949
0.411223
0.471538
0.533604
0.596903
0.657761
0.707332
0.743664
0.771315
0.792715
0.808369
0.817751
0.821787
0.822528
0.822615
0.118792
0.126068
0.15857
0.207314
0.264923
0.32676
0.391202
0.457875
0.52633
0.595906
0.662519
0.716539
0.755979
0.785865
0.808839
0.825539
0.835724
0.840122
0.841028
0.841185
0.0804737
0.0879169
0.122157
0.174361
0.23641
0.303222
0.37296
0.445194
0.51936
0.594657
0.666565
0.724664
0.766885
0.798645
0.8228
0.840207
0.850956
0.855796
0.856991
0.857204
0.0466617
0.0542053
0.0896908
0.144805
0.210538
0.281604
0.356007
0.433204
0.51254
0.593092
0.669921
0.731784
0.776479
0.809775
0.834777
0.852745
0.863912
0.869111
0.870586
0.870835
0.01595
0.0235905
0.0600726
0.117697
0.186552
0.26133
0.339869
0.421546
0.505642
0.591106
0.672581
0.737976
0.784893
0.819502
0.845214
0.863627
0.87511
0.880564
0.882184
0.882437
-0.0125311
-0.0048086
0.0325884
0.092274
0.16387
0.24195
0.32418
0.409938
0.498449
0.588564
0.674502
0.743287
0.792294
0.828084
0.854413
0.873107
0.884801
0.890391
0.892113
0.892337
-0.0394552
-0.0316247
0.00662046
0.0680018
0.142119
0.223136
0.308683
0.398172
0.490796
0.585342
0.675632
0.747758
0.798826
0.835774
0.862719
0.881712
0.893513
0.899199
0.900972
0.901185
-0.065228
-0.0572559
-0.0182012
0.0446721
0.121027
0.204652
0.2932
0.386105
0.482563
0.581341
0.675904
0.751406
0.804606
0.842787
0.870389
0.889703
0.901619
0.90727
0.908994
0.909258
-0.0901656
-0.0820363
-0.0422673
0.0220453
0.100395
0.186347
0.277607
0.373637
0.47367
0.576484
0.675268
0.754248
0.809727
0.849275
0.877621
0.897266
0.909265
0.914891
0.916542
0.916718
-0.114405
-0.106011
-0.0657033
1.41357e-05
0.0801091
0.168133
0.261841
0.360723
0.464064
0.570708
0.673667
0.756273
0.814247
0.855341
0.88454
0.904557
0.9166
0.922125
0.923667
0.923749
-0.138027
-0.129516
-0.0884364
-0.0215208
0.0601132
0.149981
0.24588
0.347345
0.453731
0.563979
0.671046
0.757437
0.818182
0.861068
0.891249
0.911645
0.923659
0.928984
0.930348
0.93035
-0.16114
-0.152427
-0.110652
-0.0426173
0.0403927
0.1319
0.229748
0.333529
0.442674
0.55628
0.667339
0.757662
0.821504
0.866504
0.897838
0.918606
0.930485
0.935485
0.936621
0.936552
-0.183757
-0.174844
-0.132342
-0.0632761
0.0209631
0.113915
0.213479
0.319321
0.430945
0.547629
0.662503
0.756854
0.824131
0.87167
0.904434
0.925556
0.937085
0.941587
0.942449
0.94231
-0.205818
-0.196699
-0.153451
-0.0834566
0.00186787
0.0960723
0.197149
0.304794
0.418613
0.538053
0.656506
0.754916
0.825942
0.876522
0.911177
0.932733
0.943606
0.947288
0.947779
0.947579
-0.227262
-0.217934
-0.173971
-0.103131
-0.0168463
0.0784472
0.180827
0.290036
0.405753
0.527631
0.649344
0.751742
0.826764
0.880924
0.918173
0.940557
0.950472
0.952732
0.952581
0.952324
-0.248091
-0.238542
-0.193885
-0.122263
-0.0351344
0.0611136
0.164607
0.275143
0.392468
0.516442
0.641057
0.74724
0.826393
0.884604
0.92533
0.949532
0.958671
0.958691
0.957033
0.956583
-0.268236
-0.258473
-0.213155
-0.140806
-0.0529302
0.0441259
0.148571
0.26021
0.378872
0.504597
0.631692
0.741328
0.824624
0.887163
0.932173
0.959793
0.969702
0.967615
0.963004
0.960771
-0.287723
-0.277758
-0.231759
-0.158766
-0.0702633
0.0274635
0.132695
0.245201
0.364934
0.492058
0.621185
0.733785
0.821174
0.888134
0.937817
0.970514
0.984313
0.983374
0.975224
0.958544
-0.306569
-0.296431
-0.249799
-0.176322
-0.0873795
0.0108102
0.116592
0.22964
0.350094
0.478175
0.608859
0.723862
0.815294
0.886823
0.940671
0.978749
0.998393
0.997327
0.988549
0.950334
-0.325018
-0.314231
-0.267232
-0.193316
-0.104145
-0.00570276
0.10046
0.213756
0.334593
0.463166
0.594817
0.711446
0.806266
0.882544
0.938322
0.976336
0.99703
0.998369
0.9468
0.887952
-0.34437
-0.329922
-0.283896
-0.209612
-0.120786
-0.022276
0.0840416
0.197554
0.318409
0.447002
0.578916
0.696312
0.792799
0.875296
0.92879
0.953119
0.969137
0.942171
0.877856
0.813126
-0.364612
-0.363606
-0.304594
-0.222836
-0.134465
-0.0362078
0.0678411
0.181697
0.302272
0.43048
0.561778
0.678855
0.774478
0.867567
0.892804
0.901567
0.895235
0.839928
0.768669
0.698617
-0.340658
-0.337494
-0.279944
-0.198609
-0.10527
-0.00347058
0.105506
0.222026
0.345522
0.476946
0.601671
0.705265
0.790762
0.880845
0.901284
0.811483
0.733437
0.670127
0.599988
0.459234
-0.380464
-0.353275
-0.293531
-0.211595
-0.118299
-0.0167582
0.0916263
0.20754
0.330129
0.460027
0.582244
0.682872
0.759735
0.820642
0.795746
0.673762
0.560739
0.482328
0.400669
0.24247
-0.405554
-0.37389
-0.312517
-0.231053
-0.13773
-0.0364117
0.0720904
0.187241
0.308541
0.436226
0.555079
0.650768
0.719347
0.745103
0.672882
0.517246
0.385297
0.286594
0.175271
-0.04912
-0.429683
-0.396041
-0.333123
-0.251049
-0.157698
-0.0564882
0.0516759
0.165909
0.285683
0.410741
0.525322
0.614735
0.671084
0.663583
0.535066
0.355987
0.192945
0.0565468
-0.0979016
-0.462073
-0.453043
-0.418538
-0.35451
-0.271649
-0.178156
-0.0771324
0.0304164
0.143605
0.26165
0.383735
0.493329
0.575943
0.614908
0.578025
0.401529
0.200822
-0.00251673
-0.1733
-0.419576
-0.953206
-0.47627
-0.441671
-0.37693
-0.293509
-0.199816
-0.098991
0.00794746
0.120009
0.236126
0.354938
0.459106
0.533923
0.554803
0.47127
0.279047
0.068475
-0.141345
-0.325878
-0.50126
-1.08654
-0.50051
-0.465764
-0.400636
-0.31685
-0.223011
-0.122352
-0.0159912
0.0949207
0.208981
0.324293
0.422831
0.488331
0.486736
0.359799
0.172996
-0.0302481
-0.218093
-0.341745
-0.372866
-0.418057
-0.526175
-0.491312
-0.425942
-0.341999
-0.248192
-0.147858
-0.0422519
0.067232
0.178832
0.290015
0.382475
0.436156
0.412355
0.256381
0.0767489
-0.102954
-0.248415
-0.307475
-0.328784
-0.333948
-0.553588
-0.518497
-0.452934
-0.368942
-0.27533
-0.175499
-0.0709111
0.0368253
0.145559
0.251983
0.337826
0.377078
0.338236
0.159562
-0.0107518
-0.167718
-0.275428
-0.300325
-0.302459
-0.302985
-0.582867
-0.547441
-0.481647
-0.397662
-0.304383
-0.205273
-0.101963
0.00369842
0.10913
0.210235
0.28852
0.315168
0.247342
0.0707699
-0.0909379
-0.22741
-0.275556
-0.288462
-0.289358
-0.288994
-0.613887
-0.578073
-0.51204
-0.428138
-0.335327
-0.23714
-0.135381
-0.0321496
0.0695617
0.164856
0.234822
0.248539
0.149985
-0.0117907
-0.160481
-0.265735
-0.278422
-0.279362
-0.280645
-0.280364
-0.646175
-0.610274
-0.543927
-0.460191
-0.368013
-0.270982
-0.17107
-0.0706496
0.0269522
0.116023
0.177609
0.17474
0.0640557
-0.0861146
-0.215061
-0.25848
-0.27546
-0.276255
-0.275602
-0.275266
-0.679376
-0.643105
-0.576942
-0.493508
-0.402163
-0.306545
-0.208793
-0.111572
-0.0184781
0.0642012
0.116712
0.101553
-0.0161346
-0.149458
-0.252249
-0.287682
-0.278351
-0.273997
-0.27283
-0.272107
-0.712552
-0.676297
-0.610537
-0.527567
-0.437305
-0.343399
-0.248151
-0.154516
-0.0663848
0.0100476
0.0517131
0.0315013
-0.0887584
-0.199309
-0.277363
-0.273085
-0.274914
-0.275144
-0.273563
-0.272496
-0.744669
-0.708995
-0.643493
-0.561603
-0.472753
-0.38092
-0.288538
-0.198831
-0.116145
-0.0459735
-0.0118993
-0.0419409
-0.151999
-0.240216
-0.279823
-0.294493
-0.281901
-0.271839
-0.269442
-0.268913
-0.774188
-0.7395
-0.675093
-0.594523
-0.507557
-0.418222
-0.329122
-0.243657
-0.166719
-0.103342
-0.0711288
-0.125861
-0.212124
-0.258785
-0.280716
-0.289915
-0.285777
-0.279896
-0.277418
-0.276467
-0.799409
-0.766197
-0.703486
-0.625074
-0.54051
-0.454153
-0.368791
-0.28788
-0.216756
-0.161125
-0.130204
-0.210492
-0.29538
-0.266693
-0.277053
-0.31902
-0.356729
-0.368683
-0.363718
-0.359194
-0.818082
-0.787062
-0.726747
-0.651483
-0.570116
-0.487353
-0.40617
-0.330119
-0.264801
-0.217647
-0.191936
-0.295177
-0.428505
-0.448428
-0.40404
-0.475228
-0.533304
-0.5407
-0.520139
-0.512274
-0.827979
-0.79971
-0.7431
-0.671826
-0.594623
-0.516235
-0.4397
-0.368712
-0.309112
-0.270346
-0.250861
-0.377382
-0.619493
-0.945676
-0.942162
-0.701835
-0.588154
-0.568356
-0.564154
-0.564566
-0.826573
-0.802117
-0.750652
-0.684329
-0.612321
-0.539053
-0.467541
-0.401725
-0.3475
-0.315507
-0.298515
-0.428969
-0.617356
-0.893771
-0.853928
-0.674983
-0.603815
-0.569236
-0.560088
-0.556793
-0.810094
-0.791761
-0.747799
-0.687585
-0.621789
-0.554258
-0.487904
-0.426894
-0.377134
-0.349288
-0.346527
-0.37145
-0.226807
0.0683786
0.055014
-0.272394
-0.501977
-0.52864
-0.53132
-0.529291
-0.779946
-0.76704
-0.732912
-0.681093
-0.622289
-0.560899
-0.499418
-0.441975
-0.395252
-0.368924
-0.368047
-0.337699
-0.216442
0.0735881
-0.111933
-0.436114
-0.576559
-0.567124
-0.542206
-0.557814
-0.740032
-0.731788
-0.708519
-0.666033
-0.614508
-0.558955
-0.501515
-0.445861
-0.398733
-0.371116
-0.381921
-0.50671
-0.86424
-1.49935
-1.96137
-2.23543
-2.07424
-1.76609
-1.47695
-1.37218
-0.697146
-0.692596
-0.678445
-0.646306
-0.601175
-0.549778
-0.494571
-0.438267
-0.385728
-0.350788
-0.356776
-0.545403
-1.01219
-1.6133
-2.03427
-2.23304
-2.1317
-1.91155
-1.65813
-1.58316
-0.659588
-0.65727
-0.649334
-0.625361
-0.585895
-0.536364
-0.48044
-0.419659
-0.357211
-0.29457
-0.248614
-0.250883
-0.348933
-0.375014
-0.299242
-0.0621723
0.240138
0.491803
0.664601
0.748238
-0.629429
-0.628355
-0.625497
-0.609502
-0.573576
-0.523119
-0.463149
-0.39383
-0.315898
-0.222222
-0.111849
0.0569937
0.322755
0.743591
1.26007
1.73142
2.09009
2.31546
2.43332
2.47619
-0.607351
-0.606666
-0.60606
-0.597362
-0.56569
-0.512946
-0.446802
-0.368881
-0.277576
-0.168327
-0.0316468
0.114621
0.419347
0.895989
1.46986
1.9914
2.38674
2.62482
2.73254
2.76149
-0.592478
-0.592123
-0.592145
-0.588415
-0.561286
-0.506115
-0.433516
-0.349301
-0.250833
-0.137759
-0.0119644
0.120387
0.310469
0.76537
1.28162
1.74646
2.0926
2.28927
2.37527
2.39837
-0.580978
-0.579926
-0.579186
-0.579456
-0.558649
-0.501731
-0.423356
-0.334282
-0.23598
-0.125127
-0.0114651
0.110135
0.242915
0.572179
0.99018
1.33409
1.59028
1.73466
1.79765
1.8143
-0.579545
-0.577871
-0.57811
-0.579969
-0.559895
-0.497148
-0.412152
-0.319393
-0.222594
-0.11718
-0.0140762
0.0854679
0.18115
0.390975
0.680983
0.925889
1.10706
1.20832
1.25145
1.2618
-0.585816
-0.587208
-0.592397
-0.592914
-0.56364
-0.486305
-0.393207
-0.299242
-0.206526
-0.110471
-0.0249407
0.0493363
0.112595
0.258136
0.453088
0.614088
0.732857
0.799135
0.82699
0.833305
-0.562594
-0.569346
-0.578571
-0.575347
-0.534519
-0.450689
-0.357954
-0.270048
-0.188122
-0.107242
-0.0381222
0.0166424
0.062758
0.157482
0.291097
0.395964
0.469805
0.509407
0.525476
0.52748
-0.454618
-0.462612
-0.470812
-0.465645
-0.430822
-0.367187
-0.297184
-0.22816
-0.162871
-0.098247
-0.0430413
-0.00450346
0.0293072
0.0906044
0.175703
0.244401
0.28968
0.313427
0.322252
0.322791
-0.280166
-0.284845
-0.291027
-0.291789
-0.277501
-0.248913
-0.21333
-0.173164
-0.130091
-0.0842102
-0.0456925
-0.0201791
0.00380271
0.0467237
0.100103
0.142701
0.171088
0.186081
0.191846
0.191666
-0.114549
-0.116905
-0.12215
-0.129967
-0.136136
-0.137787
-0.13145
-0.117422
-0.0957793
-0.0677747
-0.0421765
-0.0233389
-0.00669624
0.0218007
0.0560931
0.0831137
0.0998072
0.108019
0.110778
0.110017
-0.00688619
-0.00807515
-0.013033
-0.0249133
-0.0424747
-0.0588367
-0.0690746
-0.0712212
-0.0645422
-0.0498618
-0.0333454
-0.0197862
-0.00870718
0.0114364
0.0333381
0.0490698
0.0587184
0.063242
0.0643837
0.0633775
0.0435903
0.0426791
0.0382456
0.0267091
0.0083953
-0.0111966
-0.0274378
-0.0374684
-0.0397796
-0.0341804
-0.0240863
-0.013737
-0.00467916
0.0081278
0.0213954
0.0307043
0.0362994
0.0386484
0.0389936
0.0379254
0.0585002
0.0578206
0.0544342
0.0453616
0.0303219
0.0130395
-0.00294885
-0.0152046
-0.0218085
-0.0215906
-0.0156875
-0.00632148
0.00305301
0.0107201
0.0168112
0.0213089
0.0245126
0.0260796
0.0261638
0.0250513
0.0562992
0.0558026
0.0534457
0.0471162
0.0362627
0.0229253
0.0094472
-0.00211107
-0.0101359
-0.0128894
-0.00975089
-0.00183944
0.00766658
0.0114442
0.012303
0.0149403
0.0175181
0.0190425
0.0192238
0.0180647
0.0476566
0.0472936
0.0457341
0.0416128
0.0343008
0.0247648
0.0143764
0.00454504
-0.00346157
-0.00820017
-0.0081726
-0.00344715
0.0027597
0.00339585
0.00397077
0.00677275
0.0101526
0.0121919
0.0125409
0.011374
0.0378599
0.03758
0.0365637
0.0340013
0.0293076
0.022795
0.015153
0.00720316
-0.000349898
-0.00671651
-0.0108074
-0.0120723
-0.0123877
-0.0141509
-0.0113763
-0.00592602
-0.00100273
0.00170857
0.00230997
0.00124688
0.0292877
0.0290573
0.0283816
0.0268199
0.0239116
0.019596
0.0140861
0.00775693
0.000761051
-0.00688362
-0.0153453
-0.0240934
-0.0326415
-0.0343479
-0.0276622
-0.0199081
-0.0142834
-0.0115155
-0.0109717
-0.0118202
0.0227879
0.0225882
0.0221074
0.021135
0.0193327
0.0164937
0.0125939
0.00762342
0.00149496
-0.00683865
-0.0187665
-0.0345598
-0.0488633
-0.0489762
-0.0389369
-0.0298758
-0.0247943
-0.0227356
-0.0224152
-0.0229821
0.0183823
0.018215
0.0178615
0.017217
0.0160853
0.0142017
0.0114997
0.00779139
0.00273054
-0.00498695
-0.0177484
-0.0361933
-0.0525354
-0.0499186
-0.038527
-0.0303793
-0.0264525
-0.0254793
-0.0254258
-0.0258122
0.0155853
0.0154546
0.0151962
0.0147463
0.0140228
0.0128337
0.0109989
0.00847237
0.00491105
-0.000872545
-0.0104087
-0.0252562
-0.0375
-0.032762
-0.0239533
-0.0190232
-0.0172441
-0.0169464
-0.0169494
-0.0172774
0.0137571
0.0136575
0.0134798
0.0131518
0.0126074
0.0119791
0.0109179
0.00957681
0.00790013
0.00576666
0.00195441
-0.0041341
-0.00789549
-0.00342568
0.000515867
0.00150471
0.00144224
0.00134958
0.00115189
0.000744758
0.0123425
0.0122739
0.0121861
0.011967
0.0116871
0.0113115
0.011057
0.010882
0.0111685
0.0126105
0.0162054
0.0208462
0.0251147
0.0292525
0.0279417
0.0251299
0.0238246
0.0235505
0.0230733
0.0225598
0.0109022
0.0108612
0.01084
0.010712
0.0106333
0.0104408
0.010631
0.0112762
0.0131989
0.01806
0.0283925
0.043967
0.0577277
0.0573239
0.0502983
0.0454922
0.0441308
0.0438567
0.043027
0.0423814
0.0089465
0.00891519
0.00896417
0.0090754
0.00902999
0.00917933
0.00939876
0.0106839
0.0132694
0.0197462
0.0338997
0.056858
0.0766433
0.0733233
0.061752
0.0567513
0.056202
0.0559676
0.0548175
0.0540398
0.00613152
0.00608458
0.00617151
0.00634809
0.00648066
0.00661217
0.00709349
0.00796746
0.0105982
0.0170892
0.0302167
0.0533572
0.072638
0.0669442
0.0578619
0.0549331
0.055018
0.055217
0.0535139
0.0524387
0.00277191
0.00267473
0.00263799
0.00263244
0.00271322
0.00274683
0.00274614
0.00317718
0.00436762
0.00667712
0.0124021
0.0218499
0.0371746
0.0428389
0.0341952
0.0296001
0.0310879
0.0335269
0.0334892
0.0314451
-0.6232
-0.105937
0.208428
0.423716
0.589216
0.716292
0.819911
0.910417
1.01387
1.0047
0.116187
0.274516
0.438866
0.577713
0.692446
0.786063
0.863183
0.920665
0.943935
0.950132
0.392689
0.495289
0.603243
0.697962
0.778759
0.846105
0.89942
0.936885
0.961052
0.978087
0.582173
0.652549
0.727397
0.794977
0.853334
0.90222
0.941459
0.971893
0.995714
1.01427
0.724044
0.77574
0.829036
0.879183
0.92312
0.960839
0.992513
1.0188
1.04025
1.05861
0.838683
0.876258
0.918961
0.957941
0.99341
1.02482
1.0521
1.07526
1.09377
1.11173
0.936734
0.967479
1.00341
1.03691
1.06801
1.09619
1.12092
1.14178
1.15766
1.17533
1.02671
1.05557
1.08925
1.12115
1.15088
1.17781
1.20124
1.22047
1.23411
1.25165
1.11741
1.14878
1.18388
1.21674
1.24668
1.27321
1.29575
1.3136
1.32562
1.3433
1.22115
1.25748
1.29514
1.32939
1.35935
1.38498
1.40613
1.42252
1.43382
1.45202
1.35016
1.39016
1.42782
1.46072
1.48854
1.51203
1.53157
1.54696
1.5588
1.57724
1.51108
1.54789
1.57938
1.60589
1.62867
1.64916
1.66771
1.6838
1.6979
1.7159
1.69513
1.72042
1.7403
1.75895
1.7768
1.79358
1.80929
1.82533
1.84256
1.86165
1.88092
1.89262
1.90611
1.92099
1.93478
1.94684
1.95765
1.9691
1.98343
2.00201
2.06421
2.07874
2.08389
2.08444
2.08627
2.09361
2.10751
2.12548
2.13809
2.1516
2.33667
2.28232
2.23512
2.20362
2.19053
2.19511
2.21838
2.26309
2.33045
2.42595
0.777871
0.773186
0.765787
0.753892
0.740905
0.729425
0.720287
0.713461
0.708926
0.706957
0.70813
0.712082
0.718234
0.726533
0.737092
0.749686
0.762744
0.772627
0.778597
0.781995
0.699889
0.706971
0.712948
0.717157
0.718432
0.71666
0.713037
0.709137
0.706073
0.704688
0.705707
0.70871
0.712805
0.717106
0.720278
0.720796
0.718084
0.712943
0.706096
0.700227
0.690741
0.693744
0.696994
0.69948
0.701484
0.702927
0.703257
0.702495
0.701374
0.700849
0.70164
0.703327
0.70495
0.705638
0.70499
0.703413
0.701359
0.698568
0.695286
0.692946
0.68507
0.686522
0.68875
0.690983
0.692624
0.693819
0.694785
0.695422
0.695684
0.695937
0.696546
0.697211
0.697432
0.697081
0.696352
0.695226
0.693462
0.691221
0.689431
0.688347
0.679847
0.680666
0.682126
0.683916
0.685648
0.687071
0.688164
0.689089
0.689902
0.690609
0.691173
0.69143
0.691327
0.690905
0.690079
0.688786
0.687221
0.68567
0.684643
0.683985
0.674883
0.675439
0.676509
0.677914
0.679422
0.680914
0.682263
0.683412
0.684436
0.685364
0.686007
0.68624
0.686091
0.685535
0.684604
0.683467
0.682267
0.681171
0.680475
0.680014
0.670091
0.670508
0.671363
0.672558
0.673869
0.67526
0.676681
0.67804
0.679278
0.68039
0.681176
0.681474
0.681302
0.680744
0.67995
0.679054
0.678127
0.677297
0.676782
0.676432
0.665419
0.665746
0.666452
0.667499
0.668715
0.67003
0.671435
0.672898
0.674344
0.675683
0.676651
0.677052
0.676971
0.676566
0.675973
0.675272
0.674544
0.673917
0.673529
0.673251
0.660787
0.661052
0.661652
0.662601
0.663756
0.665036
0.666446
0.667981
0.669595
0.671185
0.672389
0.672987
0.673106
0.672908
0.672512
0.671999
0.671449
0.670983
0.670687
0.67046
0.656114
0.656334
0.656861
0.65775
0.658869
0.660147
0.6616
0.663231
0.665015
0.666877
0.66839
0.66928
0.669664
0.669697
0.669504
0.669183
0.668797
0.668466
0.668244
0.668053
0.651319
0.651505
0.651984
0.652843
0.653962
0.655282
0.656818
0.658592
0.660603
0.662782
0.664684
0.665938
0.666629
0.666922
0.666948
0.666809
0.666585
0.666372
0.666209
0.666045
0.646324
0.646484
0.646934
0.647795
0.648957
0.650361
0.652032
0.654015
0.656328
0.658918
0.661293
0.662974
0.664014
0.664592
0.664854
0.664902
0.664835
0.664728
0.664614
0.664471
0.641049
0.64119
0.64163
0.642522
0.643767
0.645302
0.647165
0.649432
0.65214
0.655262
0.658212
0.660389
0.661831
0.662733
0.663257
0.66351
0.6636
0.663589
0.663518
0.66339
0.635403
0.635528
0.635972
0.636922
0.63829
0.640004
0.64212
0.644737
0.647927
0.651695
0.655353
0.658147
0.660087
0.661377
0.662205
0.66269
0.662948
0.663034
0.663001
0.662884
0.629277
0.629389
0.629848
0.630884
0.632419
0.634374
0.636823
0.639892
0.643693
0.64826
0.652785
0.656325
0.658858
0.6606
0.661765
0.662523
0.662971
0.663156
0.66316
0.663052
0.622556
0.622641
0.623132
0.624285
0.626036
0.628301
0.631179
0.634837
0.639412
0.644968
0.650551
0.654994
0.658221
0.660501
0.66206
0.66313
0.66379
0.664084
0.664125
0.664022
0.615015
0.61512
0.615648
0.616947
0.618962
0.621617
0.625042
0.629434
0.634989
0.64179
0.648651
0.654154
0.658217
0.661148
0.663207
0.664651
0.665549
0.665958
0.666037
0.665936
0.606421
0.606519
0.607128
0.60861
0.610963
0.614118
0.618223
0.623521
0.630251
0.638542
0.646989
0.653829
0.658912
0.662625
0.665305
0.667207
0.668395
0.668943
0.669061
0.668959
0.596482
0.596584
0.597294
0.59902
0.601809
0.605609
0.6106
0.617091
0.62537
0.635551
0.645877
0.654243
0.660506
0.665137
0.668543
0.670985
0.672519
0.673224
0.67338
0.673272
0.584725
0.584844
0.585694
0.587742
0.591086
0.595713
0.601833
0.609814
0.619981
0.632453
0.64508
0.655317
0.663016
0.668758
0.67303
0.676126
0.678081
0.678963
0.679155
0.679035
0.570455
0.570615
0.571679
0.574163
0.578262
0.58401
0.591649
0.601604
0.614206
0.629509
0.64486
0.65724
0.666582
0.673606
0.6789
0.682764
0.685197
0.68627
0.68649
0.68635
0.552674
0.552911
0.554314
0.557456
0.562652
0.569989
0.579717
0.592287
0.607981
0.626735
0.645278
0.660128
0.671333
0.679819
0.686258
0.690977
0.693924
0.695186
0.695423
0.695257
0.529914
0.530301
0.532256
0.536435
0.543302
0.552969
0.565626
0.581682
0.601279
0.624175
0.646412
0.664047
0.677324
0.687425
0.695128
0.700797
0.704269
0.705703
0.705943
0.705745
0.499836
0.500529
0.50346
0.509466
0.51909
0.532323
0.549191
0.56991
0.594392
0.622167
0.648545
0.669197
0.684706
0.696536
0.705588
0.712236
0.716193
0.717755
0.717978
0.717749
0.458359
0.459785
0.464829
0.474423
0.48886
0.507642
0.530459
0.557212
0.587581
0.620913
0.651803
0.675662
0.693499
0.707137
0.71763
0.725241
0.72958
0.731185
0.731366
0.731109
0.397878
0.402304
0.412948
0.429681
0.452296
0.47937
0.510116
0.544266
0.581405
0.620803
0.656412
0.683536
0.703729
0.71916
0.731058
0.73954
0.744139
0.745632
0.745721
0.745458
0.325327
0.333592
0.353124
0.380437
0.413484
0.449867
0.489162
0.531261
0.575819
0.622188
0.663617
0.695083
0.718593
0.736602
0.750344
0.760064
0.765084
0.766686
0.766878
0.766779
0.252482
0.266258
0.29483
0.332519
0.375493
0.42112
0.469
0.519131
0.571233
0.624745
0.672229
0.70824
0.735208
0.756062
0.772133
0.783066
0.788254
0.789491
0.78973
0.789742
0.192318
0.209707
0.244064
0.289469
0.340453
0.39418
0.449958
0.50769
0.567033
0.627412
0.680627
0.720861
0.75098
0.774225
0.791927
0.803727
0.809031
0.811003
0.811424
0.811505
0.142792
0.162249
0.200987
0.252116
0.309398
0.369759
0.432336
0.496875
0.562893
0.629692
0.688272
0.732376
0.765291
0.790599
0.809749
0.82247
0.828656
0.831043
0.831548
0.831654
0.101091
0.121723
0.163756
0.219416
0.28189
0.347797
0.416197
0.486734
0.55878
0.631491
0.695011
0.742647
0.778022
0.805053
0.825356
0.838887
0.845825
0.848489
0.849056
0.849166
0.0648255
0.0862235
0.130886
0.190199
0.257046
0.327739
0.401251
0.477133
0.554644
0.632782
0.700868
0.751699
0.789214
0.81755
0.838625
0.852772
0.860307
0.863225
0.863889
0.863993
0.0324166
0.0543496
0.101137
0.163581
0.234127
0.309003
0.387074
0.467797
0.550336
0.633538
0.705895
0.759657
0.799005
0.828399
0.850093
0.864694
0.872684
0.87582
0.87653
0.876612
0.00272204
0.0250564
0.0735998
0.138755
0.212548
0.291127
0.373288
0.458448
0.54568
0.633684
0.710112
0.766615
0.807604
0.837912
0.860067
0.875003
0.883295
0.886547
0.887294
0.88734
-0.0251236
-0.00236404
0.0477825
0.115174
0.191883
0.27376
0.359623
0.448866
0.540511
0.633124
0.713514
0.772676
0.815223
0.846373
0.868961
0.884105
0.892503
0.895855
0.89661
0.89663
-0.0515758
-0.0283666
0.0231079
0.0925469
0.171831
0.256659
0.345882
0.438896
0.534705
0.631769
0.716083
0.777916
0.822054
0.854071
0.877116
0.892493
0.900956
0.904331
0.905
0.904935
-0.0770194
-0.0532878
-0.00075932
0.0706088
0.152179
0.239653
0.331936
0.428432
0.52816
0.629547
0.717792
0.782392
0.828239
0.861216
0.884752
0.900341
0.908833
0.91213
0.912789
0.912689
-0.101687
-0.0775069
-0.0239125
0.0491881
0.13279
0.222641
0.317699
0.417404
0.520812
0.626381
0.718614
0.786155
0.83388
0.867948
0.892039
0.907836
0.916328
0.919532
0.920112
0.919983
-0.12573
-0.101055
-0.0464045
0.0281959
0.11359
0.205569
0.303137
0.405782
0.512628
0.622224
0.7185
0.789204
0.839051
0.874375
0.899093
0.915073
0.923481
0.926519
0.926998
0.92683
-0.149217
-0.123987
-0.0683479
0.00757879
0.0945648
0.188443
0.288259
0.393568
0.503587
0.617032
0.717382
0.791498
0.843779
0.880583
0.905993
0.9221
0.930338
0.93313
0.933469
0.933264
-0.172125
-0.146406
-0.0898087
-0.0126743
0.0757261
0.171277
0.273096
0.380797
0.493704
0.610774
0.715177
0.792958
0.848056
0.886652
0.912852
0.928973
0.936848
0.939297
0.939503
0.939271
-0.194522
-0.168266
-0.110748
-0.0325375
0.0571075
0.154122
0.257708
0.367526
0.483032
0.603445
0.711821
0.793475
0.85181
0.892653
0.919846
0.93582
0.94305
0.945006
0.945059
0.944811
-0.216306
-0.189523
-0.131134
-0.0519767
0.0387562
0.137053
0.242175
0.353837
0.471635
0.595065
0.707247
0.792912
0.854904
0.898591
0.927226
0.942963
0.949083
0.950232
0.950086
0.949848
-0.237489
-0.210136
-0.150964
-0.0709406
0.0207406
0.120139
0.226586
0.339833
0.459595
0.585696
0.70141
0.791123
0.857124
0.904341
0.935251
0.951056
0.955512
0.955132
0.954551
0.954388
-0.257984
-0.23011
-0.170187
-0.0893865
0.00311529
0.103462
0.211023
0.325594
0.447028
0.575424
0.69429
0.787958
0.858194
0.909548
0.943905
0.96099
0.963895
0.960795
0.958652
0.9583
-0.277854
-0.249421
-0.188754
-0.10726
-0.0140457
0.0871072
0.195607
0.311258
0.434062
0.564354
0.685908
0.783281
0.857809
0.913596
0.952507
0.973094
0.976615
0.971205
0.963381
0.946601
-0.297035
-0.268075
-0.206807
-0.124769
-0.0310448
0.0707361
0.179912
0.29635
0.420164
0.551939
0.675688
0.776455
0.855503
0.915763
0.959761
0.986277
0.994061
0.988604
0.974005
0.987455
-0.315624
-0.286007
-0.224306
-0.141873
-0.0478258
0.0544017
0.163945
0.280898
0.405329
0.538084
0.66345
0.766873
0.850622
0.914807
0.961824
0.992419
1.0051
0.996798
0.93812
0.924091
-0.334262
-0.303622
-0.240987
-0.158234
-0.0639065
0.0385309
0.147903
0.265172
0.389857
0.523009
0.649265
0.754112
0.842484
0.909995
0.953502
0.98252
0.986958
0.951275
0.883725
0.843372
-0.354282
-0.322401
-0.256396
-0.173394
-0.0787246
0.0233937
0.132196
0.249397
0.373892
0.506782
0.633087
0.738078
0.829241
0.901026
0.948294
0.943311
0.922029
0.861746
0.790516
0.747642
0.0610101
0.174747
0.295132
0.423002
0.553501
0.669641
0.763451
0.62288
-0.372649
-0.357009
-0.3181
-0.248115
-0.159991
-0.0627125
0.0426289
0.155237
0.274777
0.40136
0.530512
0.645643
0.737343
0.814612
0.8664
0.827508
0.693297
0.608486
0.541244
-0.39261
-0.379747
-0.335465
-0.263991
-0.175608
-0.0782012
0.0266134
0.138719
0.257373
0.382519
0.509288
0.620923
0.707061
0.769478
0.769498
0.669639
0.530591
0.428453
0.341524
-0.415865
-0.403376
-0.356214
-0.283604
-0.195192
-0.0976585
0.00718456
0.118934
0.23661
0.360091
0.483674
0.590283
0.668145
0.711564
0.673818
0.518673
0.35946
0.230876
0.116304
-0.439343
-0.426753
-0.377975
-0.304161
-0.215401
-0.117921
-0.013364
0.097639
0.214059
0.335444
0.455382
0.55637
0.626309
0.64474
0.561085
0.372503
0.1821
0.0108451
-0.152785
-0.462289
-0.450016
-0.400412
-0.325624
-0.236451
-0.138988
-0.034849
0.0752689
0.190261
0.309228
0.425091
0.519733
0.579747
0.563085
0.434749
0.236554
0.0233002
-0.171789
-0.353651
-0.48581
-0.473781
-0.423789
-0.348376
-0.258866
-0.161366
-0.0575726
0.0517215
0.165235
0.281657
0.39328
0.481036
0.528048
0.487738
0.318509
0.122225
-0.0880826
-0.280058
-0.395409
-0.464579
-0.510691
-0.498799
-0.448482
-0.372718
-0.283064
-0.185634
-0.0822576
0.0260942
0.137904
0.251389
0.358295
0.438341
0.470836
0.407437
0.213425
0.0249263
-0.157752
-0.293601
-0.336281
-0.360465
-0.537089
-0.525298
-0.474754
-0.398781
-0.309137
-0.211967
-0.109192
-0.00205271
0.107702
0.217735
0.319267
0.391134
0.404898
0.303817
0.119209
-0.055286
-0.208412
-0.289895
-0.309704
-0.314943
-0.565285
-0.553488
-0.502708
-0.426574
-0.337065
-0.240316
-0.138388
-0.0327494
0.0745801
0.180672
0.276088
0.3396
0.325665
0.202822
0.0317255
-0.131296
-0.250487
-0.293846
-0.294122
-0.295226
-0.595195
-0.583508
-0.532368
-0.456098
-0.366833
-0.270671
-0.169832
-0.0659881
0.03853
0.140223
0.228888
0.282822
0.250419
0.107049
-0.0495665
-0.200651
-0.266283
-0.283083
-0.284419
-0.284305
-0.626661
-0.614971
-0.56362
-0.487259
-0.398337
-0.302963
-0.203453
-0.101734
-0.000424097
0.0964334
0.177938
0.220358
0.182731
0.0224726
-0.12365
-0.238653
-0.284344
-0.277932
-0.277819
-0.277749
-0.6592
-0.647396
-0.596215
-0.519798
-0.431373
-0.336993
-0.239089
-0.139836
-0.0421337
0.0495523
0.123482
0.156209
0.105053
-0.0524402
-0.185167
-0.263507
-0.279563
-0.275452
-0.274021
-0.273252
-0.692288
-0.680405
-0.629472
-0.553291
-0.465543
-0.3724
-0.276412
-0.179978
-0.0863263
-7.35503e-05
0.0661619
0.0876344
0.0192161
-0.117212
-0.235381
-0.258027
-0.27031
-0.274105
-0.273354
-0.272141
-0.724835
-0.713082
-0.662537
-0.587026
-0.500249
-0.40865
-0.314921
-0.221657
-0.132472
-0.0520668
0.0076054
0.0127757
-0.0594285
-0.173165
-0.260313
-0.302171
-0.285497
-0.276945
-0.272753
-0.271569
-0.755278
-0.744199
-0.694558
-0.619968
-0.534622
-0.444961
-0.353882
-0.264153
-0.179757
-0.105763
-0.0508929
-0.0590287
-0.136598
-0.217509
-0.285068
-0.308509
-0.28996
-0.275243
-0.268587
-0.268136
-0.782614
-0.771863
-0.724171
-0.650878
-0.567537
-0.480281
-0.392312
-0.306506
-0.227106
-0.159882
-0.110273
-0.126789
-0.2218
-0.25657
-0.26009
-0.277947
-0.303861
-0.30974
-0.308031
-0.306026
-0.804365
-0.794306
-0.748911
-0.678363
-0.597588
-0.513325
-0.428952
-0.34749
-0.273233
-0.212838
-0.171126
-0.19313
-0.317055
-0.357732
-0.244331
-0.333143
-0.40813
-0.449184
-0.448512
-0.436572
-0.81857
-0.809548
-0.767266
-0.700198
-0.623019
-0.542547
-0.462347
-0.385584
-0.316611
-0.262927
-0.230847
-0.258567
-0.433
-0.628627
-0.699056
-0.624101
-0.594212
-0.583929
-0.572017
-0.561836
-0.822663
-0.815215
-0.777129
-0.714669
-0.64199
-0.566237
-0.490818
-0.419017
-0.355407
-0.307882
-0.285461
-0.319025
-0.514931
-0.868057
-1.23088
-0.880661
-0.623649
-0.552677
-0.551634
-0.554254
-0.815193
-0.809113
-0.776392
-0.719909
-0.652943
-0.582743
-0.512606
-0.445865
-0.387318
-0.344849
-0.332341
-0.35354
-0.434358
-0.438949
-0.451046
-0.480778
-0.545598
-0.559189
-0.553215
-0.551297
-0.792528
-0.788126
-0.76247
-0.714525
-0.654807
-0.590874
-0.526275
-0.464139
-0.40972
-0.370591
-0.36066
-0.355107
-0.261946
0.0541233
0.413196
0.094883
-0.303932
-0.469359
-0.502002
-0.51434
-0.757488
-0.754736
-0.736819
-0.698646
-0.647579
-0.590343
-0.531055
-0.472572
-0.420143
-0.382345
-0.370773
-0.38972
-0.438098
-0.588449
-0.943569
-1.35937
-1.4642
-1.22829
-0.930742
-0.81741
-0.715569
-0.713913
-0.704014
-0.675531
-0.63326
-0.582179
-0.52714
-0.470822
-0.417337
-0.37555
-0.36335
-0.431567
-0.775893
-1.45351
-2.02585
-2.37146
-2.45344
-2.28224
-1.99105
-1.753
-0.675323
-0.674279
-0.66957
-0.650934
-0.615642
-0.568939
-0.516238
-0.459216
-0.401154
-0.3469
-0.318492
-0.319732
-0.578301
-0.913264
-1.30826
-1.46918
-1.36114
-1.11623
-0.859066
-0.687735
-0.643307
-0.642672
-0.64018
-0.62925
-0.599764
-0.555447
-0.501597
-0.440039
-0.372492
-0.299349
-0.215662
-0.127491
-0.0153575
0.187337
0.539776
0.923934
1.32106
1.62002
1.78888
1.86005
-0.617328
-0.616645
-0.615717
-0.611487
-0.588803
-0.545178
-0.487137
-0.41917
-0.339762
-0.248331
-0.130883
0.00743571
0.246175
0.644224
1.1732
1.72205
2.16618
2.4753
2.64963
2.71994
-0.599607
-0.599196
-0.598846
-0.597604
-0.58178
-0.538439
-0.475758
-0.400627
-0.312074
-0.208711
-0.0873223
0.0530367
0.21492
0.583485
1.11747
1.66094
2.11541
2.41583
2.5688
2.62376
-0.586258
-0.585899
-0.585392
-0.585549
-0.576351
-0.534937
-0.467704
-0.385998
-0.293709
-0.187908
-0.0730081
0.0547689
0.1748
0.446606
0.917519
1.35812
1.71539
1.94849
2.065
2.1072
-0.578966
-0.577806
-0.576035
-0.576641
-0.572527
-0.533402
-0.46064
-0.373439
-0.279267
-0.176887
-0.066869
0.0437786
0.15379
0.318731
0.656428
0.983673
1.24106
1.40979
1.49263
1.52212
-0.583749
-0.582204
-0.583039
-0.586233
-0.580994
-0.532684
-0.449653
-0.357251
-0.262826
-0.165017
-0.0645551
0.0260029
0.109133
0.216378
0.440641
0.662727
0.8377
0.953514
1.00984
1.02986
-0.582517
-0.583445
-0.590947
-0.596023
-0.580784
-0.518408
-0.425575
-0.331313
-0.241429
-0.153376
-0.0685776
0.000251426
0.0604062
0.129599
0.287808
0.435653
0.546704
0.6196
0.653837
0.665347
-0.519907
-0.523061
-0.533423
-0.538239
-0.518896
-0.456856
-0.372973
-0.290139
-0.213433
-0.140141
-0.0706945
-0.0170125
0.0288168
0.0715374
0.17607
0.274393
0.344845
0.389272
0.408827
0.414741
-0.369485
-0.373496
-0.380522
-0.385249
-0.372357
-0.334074
-0.283571
-0.229184
-0.174249
-0.119226
-0.066769
-0.0269083
0.00296111
0.0308639
0.101397
0.16323
0.207589
0.234931
0.247394
0.250753
-0.190738
-0.193401
-0.197976
-0.203715
-0.204941
-0.197172
-0.181499
-0.158251
-0.129376
-0.0950104
-0.0595127
-0.0307202
-0.0103216
0.0089168
0.0539855
0.0934165
0.120944
0.137292
0.144537
0.146269
-0.0515399
-0.0530459
-0.0560112
-0.0637601
-0.0764354
-0.0893204
-0.0966331
-0.0962801
-0.0871311
-0.0700309
-0.0479049
-0.0287096
-0.0149525
0.00162492
0.029688
0.0544116
0.0708519
0.080145
0.0837314
0.0840141
0.0247661
0.0238677
0.0215444
0.0133845
-0.0025997
-0.0224569
-0.0396338
-0.0504574
-0.0530805
-0.0475106
-0.0351445
-0.0223314
-0.011653
-0.000771781
0.0180375
0.0330168
0.0425081
0.0477249
0.04953
0.0493077
0.0544621
0.0538726
0.0520158
0.0451513
0.0310628
0.0125563
-0.00553163
-0.0199847
-0.0283937
-0.0297772
-0.023927
-0.0145808
-0.00494353
0.00361868
0.0142594
0.0223363
0.0276659
0.0306329
0.0315828
0.0310891
0.0588866
0.0585241
0.0571651
0.052189
0.0416825
0.0270989
0.0115793
-0.00218286
-0.0120905
-0.016879
-0.0151154
-0.00793842
0.00183357
0.0093768
0.013502
0.0165239
0.019429
0.0215793
0.0223256
0.0217569
0.0524529
0.0522301
0.0512777
0.0479508
0.0408
0.0304034
0.0185182
0.00693831
-0.00259487
-0.00888455
-0.00987772
-0.0054409
0.00266572
0.00876683
0.00862432
0.0100329
0.0127058
0.0151115
0.0162231
0.0156312
0.0427543
0.0426027
0.0419392
0.0398161
0.0352199
0.0282053
0.0196163
0.0105677
0.00215014
-0.00476295
-0.00857728
-0.00837399
-0.0052002
-0.003665
-0.0041779
-0.00105635
0.00312411
0.00658284
0.00798075
0.00744871
0.0333775
0.033254
0.032782
0.0314609
0.0286384
0.024094
0.0181076
0.0112365
0.00397084
-0.0032852
-0.00992929
-0.0155242
-0.0204589
-0.024108
-0.022797
-0.016494
-0.0101553
-0.00593542
-0.00426898
-0.00464804
0.0257995
0.025682
0.0253281
0.0244914
0.0227781
0.0198848
0.0157782
0.0106249
0.00450215
-0.00276999
-0.0117923
-0.0233384
-0.0358888
-0.0441796
-0.0389959
-0.029699
-0.022488
-0.018666
-0.0174442
-0.0176827
0.0203927
0.020279
0.0200049
0.0194331
0.01837
0.0165292
0.0137214
0.00991883
0.00499516
-0.00163466
-0.0118671
-0.0274911
-0.0459624
-0.0548287
-0.0461657
-0.0356469
-0.0290207
-0.0261193
-0.0253834
-0.025463
0.0168771
0.0167727
0.0165664
0.0161592
0.0154767
0.0143086
0.0124026
0.00970679
0.00595668
0.000608619
-0.00810334
-0.0230898
-0.0412925
-0.0478854
-0.0381385
-0.0288072
-0.0242211
-0.022745
-0.0227046
-0.0227939
0.0146342
0.0145375
0.0143822
0.0140619
0.0135275
0.0128936
0.0117235
0.010061
0.00775725
0.00449659
-0.00057279
-0.00974237
-0.0208503
-0.0225622
-0.0152039
-0.010364
-0.00901354
-0.00871035
-0.00878247
-0.00899531
0.0130939
0.013009
0.0129133
0.0127006
0.0123773
0.0119292
0.0113582
0.0106513
0.0100403
0.00955935
0.00915216
0.00881646
0.00818955
0.0113975
0.0140489
0.0138078
0.0127838
0.0125452
0.0123221
0.0118181
0.0116981
0.0116136
0.011556
0.0114411
0.011215
0.0109292
0.0109772
0.0109389
0.0114479
0.0134757
0.018663
0.0278423
0.037228
0.0437492
0.042211
0.0376798
0.035003
0.0345282
0.0341104
0.0333221
0.0100223
0.00994766
0.00995806
0.0100105
0.0100047
0.00990117
0.00985623
0.0106812
0.0121795
0.0159329
0.024869
0.041853
0.0629337
0.0703223
0.0630152
0.0547893
0.0517118
0.0516014
0.0511104
0.0500142
0.00768503
0.0076206
0.00765741
0.00776623
0.00784886
0.00797806
0.008347
0.00875713
0.0106634
0.0150562
0.025064
0.0445786
0.0699291
0.0787665
0.0672536
0.0588083
0.0566065
0.0577523
0.0570589
0.0557094
0.00456068
0.00447086
0.00446875
0.00461576
0.00477998
0.0047628
0.00493061
0.00545211
0.00688997
0.0100197
0.0179605
0.033699
0.0550933
0.0599469
0.0498875
0.0450582
0.0456602
0.0478667
0.0466883
0.0449943
0.0027146
0.00265086
0.00262862
0.00266632
0.00274676
0.00272159
0.00285584
0.00366497
0.00533736
0.00931231
0.0163177
0.0298195
0.0416508
0.0385949
0.031017
0.0294989
0.0327659
0.0339363
0.0328659
0.0096954
-0.326209
0.00872109
0.233343
0.42403
0.577919
0.700846
0.799686
0.884
0.942771
0.938121
0.169178
0.326022
0.464285
0.587057
0.691712
0.779281
0.851335
0.906578
0.940314
0.954283
0.43549
0.533138
0.62543
0.710427
0.784347
0.847105
0.898372
0.937398
0.965808
0.985002
0.615666
0.681315
0.748505
0.810261
0.864334
0.910734
0.949453
0.980805
1.00641
1.0243
0.752786
0.799698
0.85174
0.897552
0.939088
0.975681
1.00731
1.03415
1.05666
1.07204
0.864448
0.90224
0.942333
0.979662
1.01398
1.04519
1.07288
1.09676
1.11661
1.12934
0.961765
0.994623
1.02863
1.06215
1.09345
1.12226
1.14802
1.17007
1.18776
1.19829
1.05274
1.08449
1.11789
1.15136
1.1824
1.2107
1.23565
1.25653
1.27243
1.28147
1.14748
1.18273
1.21879
1.2543
1.28625
1.31445
1.33859
1.35823
1.37267
1.38146
1.26019
1.30096
1.33981
1.37644
1.40816
1.43512
1.45762
1.47569
1.48916
1.49926
1.40384
1.4469
1.48439
1.51756
1.54539
1.56908
1.58966
1.60699
1.62092
1.63313
1.58169
1.61871
1.64676
1.67076
1.6918
1.71114
1.72934
1.74641
1.76257
1.77791
1.77906
1.79845
1.81416
1.83031
1.84691
1.86235
1.87596
1.88908
1.90459
1.92247
1.96806
1.97581
1.98768
1.99935
2.00922
2.01839
2.02864
2.03996
2.0513
2.05859
2.18693
2.18519
2.17709
2.16009
2.14869
2.14809
2.16026
2.18509
2.21877
2.24637
2.59544
2.40861
2.30705
2.24965
2.22063
2.21397
2.22924
2.26987
2.34564
2.49193
-0.342258
-0.343572
-0.303572
-0.231648
-0.143362
-0.045329
0.852061
0.917125
0.915326
0.842464
0.773283
0.702511
0.473693
0.251547
-0.0137824
-0.364983
-0.727147
)
;

boundaryField
{
    wall-4
    {
        type            zeroGradient;
    }
    pressure-outlet-7
    {
        type            fixedValue;
        value           uniform 0;
    }
    velocity-inlet-6
    {
        type            zeroGradient;
    }
    velocity-inlet-5
    {
        type            zeroGradient;
    }
    frontAndBackPlanes
    {
        type            empty;
    }
}


// ************************************************************************* //
