/*--------------------------------*- C++ -*----------------------------------*\
| =========                 |                                                 |
| \\      /  F ield         | OpenFOAM: The Open Source CFD Toolbox           |
|  \\    /   O peration     | Version:  v2012                                 |
|   \\  /    A nd           | Website:  www.openfoam.com                      |
|    \\/     M anipulation  |                                                 |
\*---------------------------------------------------------------------------*/
FoamFile
{
    version     2.0;
    format      ascii;
    class       volScalarField;
    location    "11";
    object      p;
}
// * * * * * * * * * * * * * * * * * * * * * * * * * * * * * * * * * * * * * //

dimensions      [0 2 -2 0 0 0 0];


internalField   nonuniform List<scalar> 
8800
(
0.434411
0.386415
0.348116
0.319585
0.299111
0.284529
0.274118
0.266796
0.262067
0.25998
0.260971
0.264789
0.271049
0.28
0.29244
0.309772
0.334025
0.367503
0.40985
0.466939
0.266773
0.274028
0.28259
0.286151
0.284415
0.279117
0.272667
0.26671
0.262081
0.259225
0.258775
0.260972
0.2651
0.270695
0.277201
0.283448
0.287303
0.28658
0.280333
0.271227
0.243136
0.249426
0.253854
0.25749
0.260276
0.261361
0.260518
0.258595
0.256655
0.255619
0.256341
0.258355
0.260721
0.262468
0.262564
0.260625
0.257413
0.253443
0.248691
0.244872
0.237688
0.240487
0.243603
0.246335
0.248327
0.249905
0.251056
0.251491
0.251371
0.251311
0.251718
0.25236
0.252622
0.252069
0.250845
0.249215
0.246965
0.243956
0.241188
0.239672
0.232373
0.23387
0.236319
0.239122
0.241488
0.243207
0.244429
0.245364
0.246053
0.246536
0.246819
0.246808
0.246416
0.245641
0.244412
0.242521
0.239991
0.23726
0.235452
0.234703
0.228443
0.22923
0.231204
0.233594
0.235928
0.238149
0.23998
0.241279
0.242168
0.242775
0.243122
0.243072
0.242489
0.241291
0.239471
0.237356
0.235101
0.232856
0.231557
0.231254
0.226898
0.227291
0.228413
0.229866
0.23135
0.232737
0.234114
0.235489
0.236678
0.237555
0.237917
0.2377
0.237037
0.236113
0.235077
0.233822
0.232464
0.231187
0.23049
0.23035
0.225445
0.225657
0.226289
0.2272
0.228243
0.229521
0.23086
0.232118
0.233266
0.234218
0.234728
0.234705
0.234255
0.233461
0.23251
0.231666
0.230865
0.230167
0.229805
0.229731
0.223224
0.223338
0.223701
0.224289
0.224998
0.225767
0.226799
0.227951
0.229121
0.230187
0.230855
0.23101
0.230809
0.230442
0.230045
0.229578
0.229154
0.228792
0.228616
0.228573
0.220326
0.220386
0.220649
0.221118
0.221666
0.222501
0.223331
0.224342
0.225481
0.226652
0.227555
0.228025
0.228147
0.228041
0.227832
0.227638
0.227359
0.22712
0.227024
0.227004
0.217111
0.217147
0.217344
0.217733
0.218246
0.218904
0.219733
0.220766
0.221997
0.223358
0.224536
0.225288
0.22569
0.225865
0.225872
0.225784
0.225645
0.225528
0.225492
0.225481
0.213561
0.213588
0.213742
0.214059
0.21452
0.215145
0.215979
0.217069
0.218433
0.220047
0.221572
0.222673
0.223379
0.223799
0.224017
0.224107
0.224114
0.224101
0.224105
0.224096
0.209614
0.209642
0.209783
0.210074
0.210524
0.211174
0.212082
0.213313
0.214913
0.216887
0.218841
0.220333
0.221344
0.222012
0.222424
0.222665
0.222794
0.222863
0.222894
0.222886
0.205201
0.205224
0.205381
0.205683
0.206166
0.206889
0.207929
0.209379
0.211312
0.213755
0.216237
0.218178
0.219566
0.220505
0.221121
0.221509
0.221744
0.221877
0.221932
0.221923
0.20025
0.200277
0.200452
0.2008
0.201361
0.202214
0.203462
0.205224
0.207608
0.210659
0.213801
0.216311
0.218116
0.219358
0.220188
0.220725
0.221061
0.221252
0.221328
0.221318
0.194645
0.194677
0.19489
0.195311
0.195995
0.19704
0.19858
0.200766
0.203742
0.207574
0.211549
0.21474
0.217041
0.21864
0.219717
0.220419
0.220861
0.221114
0.221213
0.221201
0.188226
0.188266
0.188535
0.189062
0.18992
0.191231
0.193166
0.195916
0.199662
0.20449
0.209499
0.213523
0.216434
0.21846
0.219827
0.220722
0.221285
0.221608
0.221733
0.221719
0.180782
0.180834
0.181178
0.181853
0.182949
0.184622
0.187081
0.190569
0.19531
0.2014
0.207701
0.212752
0.216404
0.218947
0.220664
0.221787
0.222495
0.222899
0.223056
0.223039
0.172019
0.172087
0.172534
0.173413
0.17484
0.177008
0.180156
0.184602
0.190624
0.19831
0.206218
0.212531
0.217088
0.22026
0.222402
0.223804
0.224684
0.225185
0.22538
0.225358
0.161529
0.161618
0.162207
0.163365
0.165241
0.168046
0.172127
0.177862
0.185534
0.195236
0.205133
0.212991
0.218651
0.22259
0.225251
0.226993
0.228084
0.228701
0.228941
0.228913
0.148755
0.148877
0.149662
0.151209
0.153702
0.157413
0.162762
0.170167
0.17997
0.192206
0.204546
0.214282
0.221279
0.226151
0.229451
0.231615
0.232971
0.233734
0.234027
0.233988
0.13291
0.133085
0.134151
0.136269
0.139647
0.144612
0.151672
0.161332
0.173892
0.189285
0.204588
0.216575
0.225181
0.231187
0.235273
0.23797
0.239667
0.240616
0.240978
0.240924
0.112815
0.113068
0.114575
0.117574
0.122264
0.129052
0.138554
0.151244
0.167331
0.186594
0.20542
0.22006
0.230579
0.237959
0.243019
0.246392
0.248536
0.249734
0.250173
0.250104
0.0865693
0.0869558
0.0892405
0.0937378
0.10053
0.110127
0.123123
0.139874
0.160414
0.184319
0.207232
0.224919
0.237667
0.246702
0.25298
0.257234
0.259988
0.261548
0.262122
0.262026
0.0509256
0.0516306
0.0555167
0.0628241
0.0732255
0.0872248
0.105226
0.127348
0.153377
0.182691
0.210192
0.231273
0.246553
0.25755
0.265367
0.270813
0.274447
0.276546
0.277316
0.277186
-0.000346707
0.00175354
0.00974634
0.0227699
0.0395132
0.0602782
0.0851909
0.114106
0.14661
0.181964
0.214415
0.239129
0.257175
0.270417
0.280131
0.287209
0.292196
0.295282
0.296459
0.296275
-0.0773726
-0.0667501
-0.0485102
-0.0252567
0.00100998
0.0307679
0.06409
0.100792
0.140465
0.182421
0.220288
0.249079
0.270374
0.28641
0.29867
0.308187
0.315521
0.320625
0.323032
0.323311
-0.159002
-0.136194
-0.107203
-0.0735998
-0.0375881
0.00122617
0.042965
0.0875775
0.134782
0.184044
0.228338
0.262254
0.287773
0.3075
0.323138
0.335815
0.346163
0.355037
0.359777
0.360229
-0.222905
-0.197493
-0.160184
-0.118358
-0.0738746
-0.0267559
0.022962
0.0751684
0.12958
0.185701
0.235822
0.274139
0.303019
0.325432
0.343248
0.357675
0.36937
0.378762
0.383271
0.383919
-0.274005
-0.246436
-0.204622
-0.156945
-0.106013
-0.0521607
0.00438998
0.063341
0.124298
0.186669
0.241898
0.283727
0.314936
0.338848
0.357557
0.372477
0.384478
0.393807
0.39856
0.399246
-0.315206
-0.287018
-0.24181
-0.189849
-0.134065
-0.0748943
-0.0126748
0.0521191
0.118884
0.186809
0.246491
0.291247
0.324222
0.349146
0.368385
0.383502
0.395486
0.404596
0.409438
0.410145
-0.349992
-0.321578
-0.274013
-0.218661
-0.1589
-0.0952957
-0.028299
0.0415451
0.113505
0.186565
0.25039
0.297762
0.332233
0.357939
0.377494
0.392636
0.404511
0.413389
0.418223
0.418948
-0.380473
-0.352025
-0.302637
-0.244589
-0.181543
-0.114161
-0.0429633
0.0314255
0.108144
0.18594
0.253609
0.303442
0.339329
0.365768
0.385642
0.400854
0.412648
0.421394
0.426151
0.426887
-0.408045
-0.379506
-0.328784
-0.268473
-0.20266
-0.132031
-0.0571416
0.0213036
0.102373
0.184693
0.256211
0.308587
0.345972
0.373228
0.393488
0.408828
0.420594
0.429254
0.433901
0.434635
-0.433598
-0.404949
-0.353082
-0.290868
-0.22271
-0.149298
-0.0711776
0.0109566
0.0961438
0.182896
0.25832
0.31339
0.352432
0.380636
0.401386
0.416928
0.428724
0.437268
0.441808
0.44259
-0.457788
-0.428961
-0.376104
-0.312246
-0.242061
-0.166202
-0.0851843
0.000320725
0.0893693
0.180434
0.259884
0.317892
0.358837
0.388188
0.409568
0.425405
0.437286
0.445773
0.450178
0.450995
-0.480868
-0.451826
-0.398071
-0.332906
-0.260931
-0.182916
-0.0993314
-0.010778
0.0818875
0.177202
0.260831
0.322072
0.36523
0.395979
0.418174
0.434429
0.446465
0.454941
0.459214
0.459998
-0.503193
-0.473819
-0.419303
-0.353017
-0.279489
-0.199606
-0.113744
-0.0224135
0.0736365
0.173098
0.261044
0.325834
0.37157
0.404037
0.427281
0.444117
0.45642
0.464933
0.469068
0.469779
-0.524797
-0.495123
-0.440067
-0.372651
-0.297785
-0.21628
-0.128419
-0.0346057
0.0645662
0.168019
0.260374
0.329025
0.377748
0.412311
0.436901
0.454522
0.467218
0.475828
0.479851
0.48041
-0.545754
-0.515754
-0.460224
-0.391831
-0.315828
-0.232935
-0.143347
-0.0473502
0.0546595
0.161896
0.258665
0.331446
0.383573
0.420688
0.446981
0.465636
0.478869
0.487654
0.4916
0.491966
-0.566133
-0.535764
-0.47979
-0.410565
-0.33362
-0.249547
-0.158486
-0.060598
0.0439376
0.154687
0.255776
0.332872
0.388788
0.42894
0.457387
0.477398
0.491375
0.5004
0.504267
0.50442
-0.585975
-0.555284
-0.498751
-0.428839
-0.351093
-0.266053
-0.173765
-0.0742807
0.0324516
0.146375
0.251595
0.333056
0.39306
0.436744
0.46792
0.489694
0.504627
0.513945
0.517653
0.517615
-0.605111
-0.574087
-0.517061
-0.4466
-0.368195
-0.282365
-0.189103
-0.088303
0.0202823
0.136998
0.246019
0.331752
0.396036
0.443761
0.478341
0.50246
0.518582
0.528138
0.531563
0.531287
-0.623513
-0.592178
-0.534732
-0.463789
-0.384862
-0.298416
-0.204397
-0.102571
0.00753198
0.126614
0.239016
0.328772
0.397357
0.449478
0.488216
0.515614
0.533368
0.542878
0.545635
0.545074
-0.641215
-0.6095
-0.551723
-0.480373
-0.401026
-0.314124
-0.21955
-0.116964
-0.00568513
0.115323
0.230609
0.323994
0.396619
0.453189
0.496818
0.528902
0.549533
0.55864
0.559429
0.558385
-0.658082
-0.626106
-0.567978
-0.496283
-0.41663
-0.329412
-0.234467
-0.131362
-0.0192269
0.103263
0.220863
0.31735
0.39355
0.45414
0.502941
0.541337
0.567629
0.577946
0.574218
0.570851
-0.674207
-0.641932
-0.583507
-0.511544
-0.431705
-0.344327
-0.249206
-0.145828
-0.0331609
0.0903756
0.209679
0.308623
0.387916
0.451598
0.504913
0.550578
0.586157
0.605038
0.600013
0.581085
-0.689541
-0.657007
-0.59843
-0.526317
-0.446516
-0.359172
-0.264157
-0.160836
-0.0480367
0.0759887
0.196346
0.296943
0.378889
0.444395
0.49956
0.550739
0.593889
0.615423
0.603715
0.581668
-0.703967
-0.671425
-0.612595
-0.540387
-0.460822
-0.373639
-0.279095
-0.176051
-0.063511
0.0604552
0.181117
0.282243
0.366125
0.432575
0.483182
0.532199
0.568626
0.574736
0.50979
0.46658
-0.717084
-0.685912
-0.625534
-0.553169
-0.474015
-0.387288
-0.293756
-0.191246
-0.0793411
0.0439756
0.164069
0.264618
0.349025
0.417196
0.45732
0.485534
0.505781
0.465882
0.389223
0.339753
-0.763523
-0.697737
-0.637128
-0.565853
-0.487201
-0.401231
-0.308169
-0.206631
-0.0958121
0.0262126
0.144823
0.243785
0.325983
0.398811
0.416906
0.415597
0.388264
0.320881
0.231373
0.182802
-0.724847
-0.709934
-0.653302
-0.584497
-0.506134
-0.421193
-0.329718
-0.229774
-0.120985
-0.00164896
0.11303
0.207683
0.282613
0.343759
0.351502
0.224085
0.102224
0.0169036
-0.0711778
-0.0190405
-0.751925
-0.72404
-0.667575
-0.598335
-0.520763
-0.436632
-0.345689
-0.247125
-0.140071
-0.0230878
0.0878442
0.177379
0.245448
0.278206
0.221265
0.0429818
-0.118855
-0.2341
-0.361702
-0.2759
-0.771316
-0.740351
-0.683387
-0.613792
-0.536719
-0.453242
-0.363129
-0.266185
-0.161222
-0.047229
0.0592522
0.142241
0.201
0.205473
0.0750238
-0.162901
-0.364094
-0.519706
-0.697949
-0.621075
-0.789372
-0.757043
-0.699312
-0.629304
-0.552525
-0.469728
-0.380815
-0.285586
-0.182857
-0.0723022
0.0290231
0.104971
0.151415
0.115394
-0.0973271
-0.378562
-0.639269
-0.872386
-1.13442
-1.09423
-0.805915
-0.773653
-0.715377
-0.64514
-0.568676
-0.486659
-0.399127
-0.305706
-0.205451
-0.0984738
-0.00284731
0.0652965
0.0942352
0.00848355
-0.266624
-0.586174
-0.905988
-1.1893
-1.56035
-1.87767
-0.821975
-0.790107
-0.731797
-0.661561
-0.585447
-0.504239
-0.41807
-0.326575
-0.22897
-0.125697
-0.0360227
0.0232607
0.0329177
-0.106379
-0.421266
-0.756943
-1.10172
-1.37693
-1.52903
-1.8045
-0.838124
-0.806622
-0.748678
-0.678678
-0.603064
-0.522826
-0.438201
-0.348911
-0.254271
-0.155136
-0.0720989
-0.0233341
-0.0357532
-0.243311
-0.562731
-0.884556
-1.19601
-1.38586
-1.41978
-1.45601
-0.854605
-0.823497
-0.765913
-0.696358
-0.621429
-0.542386
-0.459647
-0.373014
-0.281867
-0.187316
-0.111223
-0.0745968
-0.119553
-0.383063
-0.693564
-0.979499
-1.2428
-1.3747
-1.38626
-1.3841
-0.871507
-0.840692
-0.783402
-0.714373
-0.640277
-0.562701
-0.482182
-0.398695
-0.311645
-0.2219
-0.153132
-0.129966
-0.214674
-0.517959
-0.826276
-1.06162
-1.26591
-1.3571
-1.34347
-1.33534
-0.888591
-0.85796
-0.800937
-0.732466
-0.659386
-0.583489
-0.505646
-0.425898
-0.343563
-0.258809
-0.197342
-0.189644
-0.322801
-0.658179
-0.970584
-1.12968
-1.17426
-1.25792
-1.30616
-1.31582
-0.905468
-0.874953
-0.818143
-0.750221
-0.678306
-0.604419
-0.529729
-0.454247
-0.377836
-0.297757
-0.242219
-0.251672
-0.440377
-0.823633
-1.15672
-1.28793
-1.22727
-1.3274
-1.39041
-1.40703
-0.92134
-0.891133
-0.83442
-0.767085
-0.69648
-0.624858
-0.553781
-0.483601
-0.414049
-0.338555
-0.28659
-0.308861
-0.560282
-1.04036
-1.44969
-1.74609
-1.64401
-1.60693
-1.61449
-1.62044
-0.935619
-0.905588
-0.848946
-0.782452
-0.713142
-0.64406
-0.577219
-0.513634
-0.450871
-0.382787
-0.329267
-0.359015
-0.67187
-1.26404
-1.77822
-2.11784
-1.99197
-1.8923
-1.87531
-1.87573
-0.947351
-0.917512
-0.86131
-0.795256
-0.727369
-0.661095
-0.599234
-0.543595
-0.491655
-0.431436
-0.372402
-0.411905
-0.769133
-1.37493
-1.91101
-2.21238
-2.21274
-2.15373
-2.13149
-2.13639
-0.955228
-0.925447
-0.869735
-0.804309
-0.737993
-0.674775
-0.618574
-0.573031
-0.537312
-0.492727
-0.435245
-0.484645
-0.85009
-1.43489
-2.05426
-2.49217
-2.67108
-2.63431
-2.49804
-2.44703
-0.957888
-0.928452
-0.873082
-0.808362
-0.743659
-0.683704
-0.634022
-0.601481
-0.591163
-0.584993
-0.552715
-0.595656
-0.923383
-1.46674
-2.09122
-2.67252
-2.91815
-2.8886
-2.70412
-2.57349
-0.954132
-0.924883
-0.869784
-0.80603
-0.742915
-0.68626
-0.643819
-0.627835
-0.656735
-0.737475
-0.791526
-0.794988
-0.923923
-1.24936
-1.65361
-2.12287
-2.28787
-2.18217
-1.94564
-1.80658
-0.942535
-0.91342
-0.859125
-0.795966
-0.734314
-0.680575
-0.645325
-0.649069
-0.736372
-0.978056
-1.20762
-1.06627
-0.860909
-0.726372
-0.582554
-0.483372
-0.398325
-0.233705
-0.0599818
0.0249893
-0.921635
-0.892779
-0.83922
-0.777031
-0.716398
-0.664674
-0.635155
-0.658241
-0.817984
-1.28911
-1.77608
-1.34729
-0.744218
-0.0635896
0.569738
1.03735
1.38182
1.57238
1.67094
1.70339
-0.890696
-0.862036
-0.809457
-0.748194
-0.687979
-0.636679
-0.609111
-0.641456
-0.850419
-1.49981
-2.17438
-1.49216
-0.57577
0.37613
1.13574
1.67838
2.01534
2.15695
2.21
2.22163
-0.849113
-0.820918
-0.769332
-0.708873
-0.648315
-0.594754
-0.56231
-0.585111
-0.773677
-1.36954
-1.89601
-1.14755
-0.2464
0.620648
1.22407
1.61214
1.83457
1.94322
1.99247
2.00398
-0.796312
-0.768676
-0.718978
-0.6595
-0.598239
-0.540556
-0.49668
-0.491368
-0.59108
-0.908004
-1.03986
-0.459888
0.203826
0.773048
1.14553
1.38249
1.52421
1.60694
1.65106
1.65675
-0.731113
-0.705881
-0.658997
-0.601408
-0.540258
-0.478888
-0.422866
-0.383808
-0.384567
-0.429976
-0.328123
0.0682227
0.485969
0.801206
1.01698
1.16276
1.2605
1.32603
1.35848
1.36534
-0.655804
-0.632678
-0.590725
-0.536591
-0.477246
-0.414544
-0.350412
-0.287396
-0.226013
-0.142229
0.0294679
0.280683
0.53229
0.719622
0.855912
0.954943
1.02699
1.07669
1.10516
1.11411
-0.570035
-0.554116
-0.51519
-0.466036
-0.410989
-0.350585
-0.284539
-0.211743
-0.126657
-0.0102469
0.14902
0.321271
0.475321
0.59432
0.683769
0.75154
0.803247
0.840427
0.861254
0.867001
-0.461275
-0.453304
-0.425717
-0.386252
-0.340192
-0.287662
-0.227439
-0.157751
-0.0736087
0.0369502
0.171011
0.301351
0.411681
0.497152
0.561051
0.607791
0.641425
0.665764
0.680631
0.684043
-0.35343
-0.349842
-0.331375
-0.302659
-0.267552
-0.225652
-0.17538
-0.114711
-0.0395699
0.0573039
0.167825
0.26895
0.351412
0.414146
0.45979
0.491977
0.513877
0.527692
0.534442
0.53597
-0.251387
-0.24958
-0.23907
-0.22036
-0.195909
-0.165015
-0.125931
-0.076455
-0.0133351
0.0679177
0.157353
0.235982
0.29805
0.344141
0.376718
0.398699
0.412763
0.421039
0.424876
0.425286
-0.159266
-0.159035
-0.154026
-0.143857
-0.129008
-0.108342
-0.0800521
-0.0419379
0.00848342
0.0740875
0.14559
0.206875
0.253947
0.287925
0.311272
0.326397
0.335426
0.340236
0.34214
0.342135
-0.0839863
-0.0846269
-0.0840493
-0.0805177
-0.073158
-0.0604102
-0.0408392
-0.0125938
0.0264622
0.0781806
0.134435
0.181723
0.217342
0.242509
0.25918
0.269487
0.275345
0.278174
0.279126
0.278982
-0.0302835
-0.0311946
-0.0327264
-0.0332364
-0.0305347
-0.0233615
-0.0102675
0.0102679
0.0398679
0.079848
0.123399
0.159711
0.186522
0.205009
0.217054
0.224342
0.228212
0.229873
0.230346
0.230171
0.00428919
0.00346984
0.00155874
6.98375e-05
0.000554342
0.00426604
0.0126475
0.0272184
0.0493516
0.0799287
0.113339
0.140952
0.16114
0.174948
0.183679
0.18868
0.191174
0.192091
0.192265
0.192095
0.0253027
0.0247139
0.023153
0.0217077
0.0216453
0.0239089
0.0295213
0.0397718
0.0560131
0.0790829
0.104528
0.125562
0.140672
0.150713
0.156906
0.160386
0.16199
0.162432
0.162435
0.162289
0.0378328
0.037444
0.0363787
0.0352993
0.0350935
0.0365382
0.0405383
0.0480662
0.0601067
0.077379
0.0965266
0.112257
0.123468
0.130894
0.135418
0.137833
0.138836
0.139011
0.138941
0.138822
0.0453563
0.0451017
0.0444058
0.0436816
0.0435483
0.0445336
0.0473163
0.0527531
0.0616911
0.0746485
0.0890434
0.10087
0.109256
0.114716
0.117946
0.11962
0.120261
0.120309
0.120221
0.120126
0.0496483
0.0494765
0.0490001
0.0485007
0.0484274
0.0491789
0.0512451
0.0552375
0.0618176
0.0714662
0.0822469
0.0910606
0.0972505
0.101238
0.103571
0.104741
0.105145
0.105125
0.105036
0.104959
0.0515841
0.0514634
0.0511147
0.0507421
0.0506784
0.0512155
0.0527268
0.0556831
0.0605852
0.0677685
0.075796
0.0823506
0.0869318
0.0898591
0.0915378
0.0923512
0.0926018
0.0925501
0.0924671
0.0924056
0.0517199
0.0516345
0.0513801
0.051104
0.0510581
0.0514549
0.052568
0.0547452
0.0583708
0.0637134
0.0696917
0.0745557
0.0779344
0.0800669
0.0812717
0.0818349
0.0819841
0.0819182
0.0818445
0.0817953
0.050508
0.0504463
0.0502617
0.0500586
0.0500251
0.0503187
0.051143
0.052759
0.0554467
0.0594128
0.0638443
0.0674391
0.0699227
0.0714764
0.0723397
0.0727275
0.0728112
0.0727423
0.0726788
0.0726395
0.0483032
0.0482572
0.0481235
0.0479766
0.0479545
0.0481736
0.0487836
0.049978
0.0519702
0.0549096
0.0581904
0.0608435
0.0626668
0.0637956
0.0644113
0.0646759
0.0647181
0.0646527
0.0645989
0.0645675
0.0453759
0.0453407
0.0452434
0.0451376
0.0451239
0.0452878
0.0457403
0.0466239
0.0480973
0.0502686
0.0526921
0.054645
0.0559781
0.0567957
0.0572333
0.0574125
0.057429
0.0573695
0.0573243
0.0572993
0.0419209
0.0418935
0.0418208
0.0417428
0.0417328
0.0418536
0.0421875
0.0428395
0.0439259
0.0455295
0.0473162
0.0487479
0.0497181
0.0503072
0.0506162
0.0507355
0.0507363
0.0506833
0.0506454
0.0506256
0.0380771
0.0380555
0.0379995
0.0379399
0.0379305
0.0380179
0.0382621
0.0387413
0.0395408
0.0407195
0.042029
0.0430749
0.0437789
0.0442016
0.0444181
0.0444959
0.0444874
0.0444411
0.0444094
0.0443935
0.0339427
0.0339255
0.0338816
0.0338347
0.0338249
0.0338862
0.0340627
0.0344114
0.0349951
0.0358567
0.036813
0.0375743
0.0380829
0.0383833
0.0385322
0.03858
0.0385663
0.0385268
0.0385005
0.0384878
0.0295914
0.0295776
0.0295427
0.0295047
0.0294935
0.0295342
0.0296592
0.0299103
0.0303338
0.0309599
0.0316536
0.0322023
0.0325652
0.0327758
0.0328764
0.0329038
0.0328872
0.0328532
0.0328315
0.0328215
0.0250786
0.0250676
0.0250396
0.025008
0.0249952
0.02502
0.0251064
0.0252845
0.025587
0.0260359
0.026532
0.0269224
0.0271781
0.0273236
0.0273903
0.0274044
0.0273866
0.0273574
0.0273396
0.027332
0.020446
0.0204373
0.0204144
0.0203878
0.0203745
0.0203882
0.0204456
0.0205686
0.0207802
0.0210957
0.0214447
0.0217183
0.021895
0.0219932
0.0220342
0.0220378
0.0220195
0.0219945
0.0219798
0.0219738
0.0157236
0.0157167
0.0156985
0.0156765
0.0156636
0.0156692
0.0157049
0.0157859
0.0159279
0.0161423
0.0163792
0.0165639
0.016682
0.0167447
0.0167678
0.0167654
0.0167482
0.0167272
0.0167151
0.0167105
0.0109363
0.0109312
0.0109167
0.0108988
0.0108866
0.0108868
0.0109071
0.0109569
0.0110468
0.0111816
0.0113316
0.0114467
0.0115183
0.0115546
0.0115658
0.0115602
0.0115451
0.0115283
0.0115192
0.0115159
0.00610014
0.00609661
0.00608644
0.00607411
0.00606539
0.00606353
0.00607253
0.00609798
0.00614494
0.00621577
0.00629335
0.00635261
0.00638888
0.00640712
0.00641139
0.00640575
0.00639365
0.0063803
0.00637361
0.0063718
0.00122753
0.00122718
0.00122569
0.00122054
0.00121667
0.00121465
0.00121523
0.00121835
0.00122478
0.00123545
0.00124982
0.00126334
0.00127273
0.00127809
0.00128011
0.00127966
0.00127719
0.00127324
0.00126934
0.00126808
-0.838659
-0.564085
-0.276584
-0.0520978
0.130347
0.278301
0.404858
0.511512
0.558716
0.542761
-0.367212
-0.193526
-0.0182734
0.131263
0.258066
0.364979
0.452252
0.514721
0.548273
0.559801
-0.0621654
0.050632
0.16599
0.268935
0.357813
0.432522
0.491915
0.535632
0.566157
0.582844
0.146056
0.222584
0.303229
0.376296
0.439804
0.493535
0.537345
0.571943
0.598494
0.615992
0.301187
0.355648
0.41334
0.467215
0.514866
0.556037
0.590818
0.619421
0.641775
0.659211
0.42395
0.463634
0.509405
0.551435
0.589723
0.623685
0.653016
0.677423
0.696138
0.713471
0.527695
0.560559
0.599545
0.635861
0.669359
0.699549
0.725764
0.747331
0.763076
0.780435
0.623366
0.655268
0.692237
0.726989
0.758826
0.787321
0.811757
0.831311
0.844737
0.86221
0.723067
0.758168
0.79638
0.83172
0.863144
0.890466
0.913328
0.931131
0.943109
0.960963
0.840647
0.88018
0.919436
0.954594
0.98472
1.01011
1.031
1.04717
1.05885
1.07726
0.986963
1.02701
1.0632
1.09415
1.12023
1.14276
1.16215
1.17798
1.19086
1.20906
1.16273
1.19508
1.22123
1.24392
1.26429
1.28329
1.30115
1.31788
1.33377
1.35202
1.35093
1.36867
1.38441
1.40121
1.41754
1.43222
1.44537
1.45945
1.47664
1.49637
1.5328
1.54387
1.55614
1.56701
1.57634
1.58604
1.59708
1.60875
1.61874
1.63393
1.7441
1.74614
1.73101
1.71586
1.70962
1.71534
1.73397
1.76443
1.7966
1.82736
2.05002
1.913
1.83681
1.79483
1.77736
1.78145
1.80886
1.865
1.96848
2.18378
0.330621
0.327277
0.321435
0.31176
0.298986
0.286755
0.276643
0.268887
0.26338
0.260141
0.25963
0.262017
0.26674
0.273597
0.282682
0.294063
0.306934
0.318722
0.326039
0.330687
0.248424
0.254344
0.261387
0.2668
0.269847
0.269757
0.267135
0.263499
0.260121
0.257841
0.257497
0.259384
0.262637
0.266511
0.269998
0.271615
0.270198
0.265848
0.259751
0.252587
0.240309
0.24266
0.246293
0.249579
0.252166
0.254321
0.255606
0.25559
0.254692
0.253781
0.253743
0.254831
0.256223
0.257043
0.256596
0.254927
0.252645
0.249841
0.24627
0.243134
0.235027
0.236084
0.238262
0.24115
0.243567
0.245259
0.246523
0.247549
0.248229
0.248625
0.248943
0.249165
0.249104
0.248562
0.247656
0.246379
0.244452
0.241783
0.239153
0.237579
0.230054
0.230551
0.232178
0.234857
0.237539
0.239933
0.241786
0.24304
0.243893
0.244482
0.244902
0.245112
0.244928
0.244283
0.242998
0.241031
0.238599
0.235951
0.233706
0.232779
0.227518
0.227711
0.228711
0.230522
0.232423
0.234234
0.235992
0.237609
0.238915
0.23986
0.240433
0.2405
0.240031
0.239035
0.237683
0.236146
0.234425
0.23263
0.231168
0.230698
0.226246
0.226346
0.226887
0.227925
0.229109
0.230442
0.231742
0.233019
0.234223
0.235268
0.235961
0.236117
0.235786
0.235117
0.234252
0.23316
0.232139
0.231134
0.230362
0.230118
0.224446
0.224499
0.224796
0.225414
0.226208
0.227133
0.228282
0.22953
0.230763
0.231883
0.232711
0.233015
0.23283
0.232321
0.231622
0.230949
0.230338
0.22977
0.22938
0.229256
0.221826
0.221849
0.222029
0.222456
0.223041
0.223685
0.224491
0.225485
0.226591
0.227727
0.228703
0.229252
0.22938
0.229241
0.228999
0.22879
0.228438
0.228094
0.227877
0.227817
0.218758
0.218765
0.218889
0.219231
0.219737
0.220369
0.221144
0.22208
0.223186
0.224424
0.22561
0.22644
0.226853
0.227
0.226953
0.226724
0.226585
0.226377
0.226257
0.226233
0.215381
0.215382
0.215474
0.215736
0.216152
0.216701
0.217421
0.218354
0.219523
0.220916
0.222373
0.223525
0.224247
0.224659
0.224865
0.224921
0.224891
0.224819
0.224782
0.224777
0.211642
0.211644
0.211719
0.211944
0.212318
0.212854
0.213596
0.214599
0.215908
0.21754
0.219356
0.220896
0.221959
0.222639
0.223056
0.223288
0.223398
0.223442
0.223467
0.223473
0.207472
0.207468
0.207555
0.207771
0.208143
0.208704
0.209517
0.210655
0.212191
0.21417
0.21644
0.218448
0.219872
0.220861
0.221504
0.221908
0.222151
0.222289
0.222361
0.222377
0.2028
0.202794
0.202887
0.20313
0.203543
0.204181
0.205126
0.206477
0.208335
0.210774
0.213624
0.216194
0.218075
0.219393
0.220281
0.22086
0.221225
0.221444
0.221556
0.22158
0.197542
0.197534
0.197646
0.19793
0.19842
0.199185
0.20033
0.201983
0.20428
0.20732
0.21091
0.214178
0.216601
0.218301
0.219462
0.220231
0.220723
0.221022
0.221173
0.221205
0.191553
0.191542
0.191682
0.192035
0.192642
0.19359
0.195013
0.197076
0.199953
0.203773
0.208296
0.212427
0.215492
0.217661
0.219146
0.220132
0.220768
0.221155
0.22135
0.221391
0.184651
0.184637
0.184816
0.185266
0.186034
0.187233
0.189031
0.19164
0.195275
0.200096
0.205795
0.210995
0.214851
0.217583
0.219455
0.220702
0.221507
0.222
0.222245
0.222297
0.176586
0.176567
0.176802
0.177383
0.178371
0.179902
0.182198
0.18553
0.190154
0.196255
0.203433
0.209958
0.214783
0.218201
0.220544
0.222105
0.223117
0.223737
0.224046
0.224109
0.167016
0.166993
0.167305
0.168065
0.169348
0.171325
0.174311
0.1786
0.184491
0.192224
0.201253
0.209411
0.215424
0.219677
0.222592
0.224538
0.225804
0.226584
0.226971
0.227048
0.155468
0.155443
0.155866
0.156877
0.158564
0.161171
0.16506
0.170597
0.17817
0.187985
0.19932
0.209476
0.216936
0.222206
0.225819
0.228233
0.229809
0.230788
0.231276
0.231372
0.141263
0.141234
0.141827
0.143204
0.145467
0.148942
0.154081
0.161339
0.171099
0.183553
0.197726
0.210304
0.219505
0.226006
0.230471
0.233459
0.235414
0.236635
0.237245
0.237367
0.123407
0.123381
0.124248
0.126177
0.129297
0.134052
0.140982
0.150561
0.163188
0.178969
0.196596
0.212059
0.223333
0.231317
0.236824
0.240526
0.242955
0.244479
0.24525
0.245402
0.100402
0.100405
0.101732
0.104532
0.10899
0.115687
0.125196
0.137998
0.154397
0.174323
0.196073
0.214906
0.228606
0.238359
0.245152
0.249766
0.252821
0.254752
0.25574
0.255938
0.0698172
0.0699239
0.0720843
0.0764112
0.0831487
0.0929458
0.106314
0.12359
0.144855
0.169813
0.196346
0.219006
0.235472
0.247299
0.255669
0.261472
0.265393
0.267912
0.269197
0.269452
0.0271448
0.0275574
0.0316376
0.0391913
0.0501965
0.0651721
0.0842968
0.107608
0.134931
0.165772
0.19765
0.224489
0.243997
0.258183
0.268451
0.275799
0.280947
0.284401
0.286191
0.286517
-0.0358513
-0.0337813
-0.0241893
-0.00965563
0.00933698
0.0325586
0.0597281
0.0907025
0.125177
0.162576
0.200156
0.231361
0.254066
0.270806
0.283246
0.292516
0.299363
0.304198
0.306915
0.307283
-0.111477
-0.107685
-0.0897569
-0.0639472
-0.0344202
-0.00173138
0.0341912
0.0733444
0.115491
0.160156
0.204423
0.241159
0.268251
0.288734
0.304525
0.316873
0.326681
0.334025
0.337233
0.338678
-0.188593
-0.178384
-0.151764
-0.115811
-0.076756
-0.0349294
0.00958405
0.0567773
0.106519
0.15843
0.209403
0.251643
0.282983
0.306985
0.325859
0.340999
0.353264
0.36285
0.368495
0.37081
-0.246498
-0.235222
-0.203638
-0.161226
-0.114834
-0.0654708
-0.0134399
0.0411142
0.0979242
0.156566
0.213654
0.260657
0.295339
0.321751
0.342348
0.358665
0.371687
0.381799
0.388023
0.390491
-0.292981
-0.281303
-0.246351
-0.199356
-0.14764
-0.0925016
-0.0343562
0.0264555
0.0895113
0.154223
0.216713
0.267663
0.304846
0.332794
0.354286
0.371098
0.384365
0.394597
0.400895
0.403323
-0.331055
-0.319476
-0.282559
-0.232053
-0.176188
-0.116454
-0.0532806
0.0128602
0.0813768
0.151501
0.218899
0.273406
0.312723
0.341888
0.364008
0.381066
0.394333
0.404487
0.410747
0.413087
-0.363887
-0.35245
-0.314113
-0.260903
-0.201663
-0.138067
-0.0706201
0.000149447
0.0735656
0.148692
0.220652
0.278404
0.319624
0.349825
0.372433
0.389656
0.402918
0.412996
0.419255
0.4215
-0.393068
-0.381774
-0.342458
-0.287065
-0.225043
-0.158186
-0.0870037
-0.0120926
0.0657659
0.145477
0.221746
0.282686
0.325822
0.357094
0.38024
0.397682
0.410989
0.42101
0.427284
0.429445
-0.419771
-0.408553
-0.368421
-0.311223
-0.246891
-0.177254
-0.102845
-0.0242922
0.0576118
0.141712
0.222278
0.286502
0.331677
0.36413
0.387904
0.405632
0.419038
0.429047
0.435323
0.437394
-0.444762
-0.433589
-0.392731
-0.333984
-0.267689
-0.19567
-0.118436
-0.0365803
0.04909
0.137394
0.222241
0.289898
0.33732
0.371144
0.395689
0.413804
0.427365
0.437389
0.443675
0.445628
-0.468477
-0.457297
-0.415824
-0.355769
-0.287769
-0.213645
-0.133902
-0.0490848
0.0400461
0.132355
0.221524
0.292851
0.342802
0.378257
0.403766
0.422399
0.436194
0.446287
0.452541
0.454435
-0.491269
-0.480027
-0.437966
-0.376811
-0.307342
-0.231383
-0.149433
-0.0619682
0.0303617
0.12651
0.22002
0.295276
0.348099
0.385501
0.412224
0.431545
0.445684
0.455893
0.462126
0.463974
-0.513342
-0.501955
-0.459302
-0.397306
-0.32651
-0.248981
-0.165098
-0.0752573
0.0199922
0.119785
0.217614
0.297037
0.353107
0.392827
0.421073
0.441306
0.455933
0.466347
0.472555
0.474377
-0.534714
-0.523172
-0.480046
-0.417265
-0.345317
-0.26643
-0.180879
-0.088958
0.00892255
0.112115
0.214195
0.29797
0.35765
0.400101
0.430242
0.451672
0.466983
0.477706
0.483922
0.4857
-0.555516
-0.543767
-0.500265
-0.436678
-0.363778
-0.283743
-0.196765
-0.103046
-0.00283146
0.103484
0.209658
0.297881
0.3615
0.407141
0.439622
0.46259
0.478813
0.489986
0.49626
0.497912
-0.575677
-0.563731
-0.519902
-0.455571
-0.381872
-0.30087
-0.212693
-0.117455
-0.0152218
0.0938943
0.203915
0.296564
0.364383
0.413711
0.449058
0.473977
0.49135
0.503078
0.509434
0.510927
-0.595237
-0.583076
-0.538837
-0.47391
-0.399547
-0.317752
-0.22859
-0.132098
-0.0281659
0.0833896
0.196933
0.293859
0.366002
0.419434
0.458227
0.485659
0.504547
0.516933
0.523308
0.524573
-0.61402
-0.601742
-0.55707
-0.491652
-0.416738
-0.334303
-0.24438
-0.146885
-0.0415637
0.0720583
0.188709
0.289649
0.366051
0.423784
0.466652
0.497405
0.518366
0.531443
0.537577
0.538492
-0.632133
-0.619673
-0.574607
-0.508771
-0.433406
-0.350471
-0.259964
-0.161718
-0.0553059
0.060011
0.179286
0.283825
0.364254
0.426264
0.473718
0.508858
0.532975
0.546931
0.552107
0.552224
-0.649448
-0.636796
-0.591428
-0.525206
-0.449472
-0.366173
-0.275255
-0.176473
-0.0692695
0.0473448
0.168769
0.276346
0.360434
0.426438
0.478599
0.519218
0.54841
0.564598
0.567564
0.565054
-0.666006
-0.653196
-0.607467
-0.540914
-0.464896
-0.381349
-0.290171
-0.191066
-0.0833284
0.0342262
0.157292
0.267264
0.354493
0.423906
0.480214
0.526779
0.563489
0.586069
0.588983
0.577038
-0.681749
-0.668827
-0.62281
-0.556021
-0.479867
-0.396266
-0.305037
-0.2059
-0.0979535
0.0201145
0.14425
0.255929
0.345748
0.417936
0.476928
0.528675
0.574173
0.607287
0.61449
0.60923
-0.696662
-0.683601
-0.6375
-0.570476
-0.494368
-0.410919
-0.319818
-0.220967
-0.113154
0.00494387
0.129525
0.242137
0.333649
0.408098
0.466826
0.519249
0.566737
0.601404
0.591929
0.530312
-0.710563
-0.697007
-0.651497
-0.584273
-0.508481
-0.425399
-0.33453
-0.23614
-0.128837
-0.0111734
0.113145
0.225849
0.317771
0.394178
0.450152
0.491482
0.531557
0.542175
0.492645
0.420771
-0.725024
-0.710327
-0.664471
-0.597108
-0.522019
-0.439331
-0.349379
-0.251343
-0.144838
-0.0280221
0.0952549
0.207016
0.29757
0.376596
0.430143
0.468123
0.458078
0.430016
0.356363
0.276341
-0.708152
-0.689125
-0.643511
-0.574759
-0.496249
-0.4105
-0.316082
-0.215072
-0.10492
0.0162594
0.133838
0.231813
0.312068
0.388012
0.453131
0.372414
0.321793
0.254636
0.169659
0.112861
-0.726213
-0.71143
-0.678471
-0.616847
-0.54284
-0.461048
-0.371765
-0.275132
-0.170302
-0.0555762
0.0648028
0.172828
0.258586
0.33136
0.396188
0.388023
0.273722
0.175658
0.103402
0.00363609
-0.743631
-0.72913
-0.690029
-0.627609
-0.553652
-0.472749
-0.385045
-0.28991
-0.186623
-0.0738447
0.0441791
0.148839
0.230923
0.291724
0.313566
0.233039
0.0584053
-0.0596534
-0.153767
-0.260608
-0.760836
-0.748773
-0.705071
-0.641843
-0.567941
-0.487461
-0.400406
-0.306294
-0.204563
-0.0939188
0.0206368
0.12003
0.195193
0.242243
0.211743
0.0477947
-0.154616
-0.306407
-0.435872
-0.603474
-0.7792
-0.766865
-0.721581
-0.65744
-0.583652
-0.503626
-0.41733
-0.324497
-0.224635
-0.116623
-0.00613834
0.0872115
0.154107
0.184257
0.0989607
-0.143015
-0.391576
-0.595462
-0.785975
-1.0308
-0.796264
-0.78419
-0.738142
-0.673117
-0.599379
-0.519873
-0.434602
-0.343316
-0.245565
-0.140375
-0.034093
0.0526924
0.10997
0.115249
-0.0351028
-0.333733
-0.63575
-0.922784
-1.1735
-1.70304
-0.812397
-0.800866
-0.754753
-0.689237
-0.615636
-0.536677
-0.452481
-0.362875
-0.267367
-0.165075
-0.0632456
0.016337
0.0632603
0.0281998
-0.188464
-0.508917
-0.848718
-1.16701
-1.45057
-2.02086
-0.828424
-0.817325
-0.771376
-0.705905
-0.632551
-0.554199
-0.47112
-0.383258
-0.290101
-0.191054
-0.0941551
-0.0227799
0.0127198
-0.067377
-0.335062
-0.655954
-0.998209
-1.29792
-1.43279
-1.48292
-0.844807
-0.834048
-0.788374
-0.723136
-0.650242
-0.572689
-0.490987
-0.405222
-0.314888
-0.219526
-0.12785
-0.0654948
-0.0462149
-0.167228
-0.477996
-0.781532
-1.08199
-1.32399
-1.3888
-1.40429
-0.861521
-0.851112
-0.805687
-0.740756
-0.66845
-0.591908
-0.51188
-0.428611
-0.341593
-0.250309
-0.164182
-0.111367
-0.112111
-0.277252
-0.614724
-0.895148
-1.14626
-1.34341
-1.3808
-1.36405
-0.878602
-0.868363
-0.823163
-0.758539
-0.686943
-0.611622
-0.533573
-0.453198
-0.369959
-0.283323
-0.202932
-0.160745
-0.185307
-0.406843
-0.754348
-1.00724
-1.17155
-1.26592
-1.30938
-1.31736
-0.89568
-0.885583
-0.840519
-0.776195
-0.705395
-0.631513
-0.555774
-0.47881
-0.399965
-0.318664
-0.243538
-0.21237
-0.267434
-0.555085
-0.906825
-1.15252
-1.15775
-1.20139
-1.30403
-1.34049
-0.9122
-0.902307
-0.857293
-0.793238
-0.723312
-0.651082
-0.578074
-0.505178
-0.431216
-0.356326
-0.28548
-0.263147
-0.351017
-0.726196
-1.10898
-1.42365
-1.434
-1.42733
-1.47439
-1.498
-0.927524
-0.917849
-0.8728
-0.809042
-0.740076
-0.669646
-0.599723
-0.531631
-0.464811
-0.396798
-0.328737
-0.310189
-0.428991
-0.8983
-1.39523
-1.84583
-1.9415
-1.78102
-1.75105
-1.75005
-0.940725
-0.931231
-0.886174
-0.822898
-0.754852
-0.686347
-0.61996
-0.557718
-0.500306
-0.440744
-0.37551
-0.355311
-0.495822
-1.03426
-1.61588
-2.0576
-2.15799
-2.04203
-2.00216
-1.9972
-0.950759
-0.941395
-0.896465
-0.833599
-0.766538
-0.700162
-0.637771
-0.582576
-0.535711
-0.489597
-0.42898
-0.409517
-0.553814
-1.11245
-1.6953
-2.18495
-2.37576
-2.40307
-2.32716
-2.28883
-0.956371
-0.947183
-0.90237
-0.8399
-0.773912
-0.709813
-0.651839
-0.604982
-0.573
-0.549315
-0.510039
-0.486804
-0.642332
-1.17461
-1.78166
-2.41595
-2.79941
-2.89516
-2.75833
-2.60467
-0.956232
-0.947166
-0.90255
-0.840513
-0.775619
-0.713819
-0.660631
-0.623845
-0.613536
-0.632224
-0.656579
-0.651355
-0.761656
-1.16078
-1.66515
-2.25874
-2.66276
-2.74083
-2.58713
-2.41523
-0.948911
-0.939954
-0.895562
-0.834043
-0.770252
-0.710612
-0.662192
-0.636914
-0.656967
-0.754944
-0.920849
-0.964899
-0.895107
-0.948339
-1.0887
-1.29278
-1.44105
-1.38764
-1.19255
-1.01341
-0.933068
-0.924224
-0.880047
-0.819232
-0.756472
-0.698507
-0.654146
-0.640376
-0.696975
-0.921535
-1.33241
-1.39728
-1.00136
-0.629714
-0.158431
0.227671
0.491809
0.701981
0.867321
0.960065
-0.907599
-0.898822
-0.854982
-0.795031
-0.733052
-0.675967
-0.633842
-0.627702
-0.716297
-1.07431
-1.83151
-1.87133
-1.05032
-0.240412
0.590331
1.22135
1.70796
1.9668
2.06869
2.09916
-0.871897
-0.863145
-0.819724
-0.760655
-0.69912
-0.64165
-0.598842
-0.591448
-0.68293
-1.07926
-1.96337
-1.89652
-0.893896
0.0394878
0.9071
1.48017
1.8573
2.04961
2.12923
2.15455
-0.825247
-0.816908
-0.774047
-0.715955
-0.654596
-0.595295
-0.546326
-0.526468
-0.588134
-0.877041
-1.4521
-1.21343
-0.421208
0.371588
0.977321
1.36427
1.60206
1.73335
1.80203
1.83059
-0.767553
-0.76013
-0.718497
-0.66155
-0.600808
-0.539504
-0.483101
-0.443225
-0.447604
-0.554184
-0.709733
-0.409705
0.114622
0.611831
0.958921
1.18846
1.33606
1.43008
1.48723
1.51368
-0.698187
-0.691981
-0.653196
-0.598725
-0.539715
-0.47798
-0.415747
-0.357798
-0.312341
-0.283709
-0.202437
0.032059
0.374337
0.661718
0.861788
1.00399
1.10477
1.17749
1.22622
1.25142
-0.61641
-0.610454
-0.577021
-0.528531
-0.473853
-0.413921
-0.349861
-0.282139
-0.209967
-0.122825
0.0140166
0.208956
0.416785
0.590026
0.718366
0.814065
0.886532
0.943536
0.987185
1.00756
-0.518718
-0.514337
-0.491671
-0.451029
-0.402626
-0.348432
-0.287927
-0.219998
-0.141739
-0.0435496
0.0889005
0.241337
0.381258
0.49485
0.580848
0.64501
0.693143
0.72793
0.752255
0.765448
-0.406759
-0.405542
-0.392171
-0.362377
-0.324907
-0.281108
-0.229821
-0.169625
-0.0975056
-0.00683079
0.108296
0.230624
0.336237
0.420432
0.483667
0.529628
0.56229
0.585129
0.599481
0.604857
-0.301124
-0.301229
-0.293752
-0.273755
-0.24701
-0.214181
-0.173809
-0.124203
-0.0624991
0.0159449
0.112557
0.20976
0.290192
0.352537
0.39825
0.430416
0.452109
0.465882
0.473646
0.476503
-0.20318
-0.203818
-0.199911
-0.188664
-0.171883
-0.149565
-0.120236
-0.0819107
-0.0320684
0.0324251
0.111227
0.188156
0.249841
0.296388
0.329597
0.352167
0.366683
0.375306
0.379703
0.380993
-0.118509
-0.119365
-0.118562
-0.114094
-0.10547
-0.0920273
-0.0722821
-0.0442859
-0.00588497
0.045358
0.10817
0.168632
0.215932
0.250759
0.275
0.290839
0.300438
0.305713
0.308099
0.308643
-0.0540798
-0.0548611
-0.0557979
-0.0557949
-0.0531587
-0.0461084
-0.0334028
-0.0135088
0.0153882
0.0550648
0.104101
0.150981
0.187083
0.213139
0.230686
0.24183
0.248369
0.251696
0.252999
0.253215
-0.0106526
-0.0112549
-0.0126992
-0.0145644
-0.0147038
-0.0116874
-0.00403658
0.00972029
0.0310651
0.0613292
0.099165
0.135167
0.162501
0.181891
0.194854
0.202878
0.207315
0.209371
0.210056
0.210106
0.016329
0.015913
0.0146456
0.0127378
0.0118899
0.0132388
0.0178512
0.0271284
0.0425739
0.0653463
0.0942276
0.121711
0.142458
0.156984
0.166375
0.171961
0.174931
0.176165
0.176439
0.176398
0.0324891
0.0322094
0.0313153
0.0298551
0.0290119
0.0297308
0.0328971
0.0395076
0.0507173
0.0676326
0.0894369
0.110268
0.125795
0.136454
0.143274
0.147278
0.149282
0.149982
0.15003
0.149957
0.0421694
0.041976
0.0413961
0.0404085
0.0397899
0.0401892
0.0423184
0.0470723
0.0553878
0.0680466
0.0843993
0.100027
0.111634
0.119591
0.124604
0.127431
0.128767
0.129157
0.129107
0.12903
0.047905
0.0477693
0.0473885
0.0467294
0.0463271
0.046652
0.0481959
0.0516075
0.0576651
0.0670686
0.0793557
0.0910912
0.0997728
0.105626
0.109246
0.111254
0.11216
0.112373
0.112289
0.112219
0.0509212
0.050825
0.0505569
0.0500828
0.0497901
0.0500268
0.0511706
0.0537084
0.058206
0.0651845
0.0743373
0.0830755
0.0895062
0.0938186
0.0964612
0.0978907
0.0984991
0.098603
0.0985062
0.0984441
0.0518812
0.0518122
0.0516183
0.0512669
0.0510472
0.0512151
0.0520456
0.0539029
0.0572257
0.0624247
0.069238
0.0757558
0.0805224
0.0836972
0.0856115
0.0866242
0.0870315
0.0870707
0.0869764
0.0869234
0.0512836
0.0512328
0.0510938
0.0508365
0.050675
0.0508011
0.0514173
0.0527937
0.0552543
0.0591021
0.0641712
0.0690011
0.0725227
0.0748473
0.0762344
0.0769503
0.0772181
0.0772175
0.0771296
0.0770848
0.0495305
0.0494921
0.0493916
0.049204
0.049086
0.0491796
0.0496349
0.0506531
0.0524774
0.0553322
0.0590912
0.0626637
0.0652601
0.066961
0.067963
0.0684671
0.0686413
0.0686207
0.0685435
0.0685061
0.0469321
0.0469023
0.0468289
0.0466931
0.0466089
0.0466807
0.0470194
0.0477736
0.0491225
0.0512351
0.0540173
0.0566553
0.0585652
0.0598057
0.0605272
0.0608806
0.0609915
0.060961
0.060894
0.0608624
0.0437173
0.043694
0.0436388
0.0435394
0.0434788
0.0435335
0.0437848
0.0443425
0.0453395
0.0469006
0.0489533
0.0508964
0.0522955
0.0531964
0.0537129
0.0539583
0.054027
0.0539942
0.053938
0.0539118
0.0400501
0.0400316
0.0399891
0.0399145
0.0398691
0.0399086
0.0400928
0.0405036
0.0412382
0.0423884
0.0438994
0.0453272
0.0463464
0.0469985
0.0473671
0.0475365
0.0475761
0.0475424
0.0474946
0.047473
0.0360481
0.0360335
0.0360002
0.0359429
0.035907
0.0359336
0.0360672
0.0363667
0.0369043
0.0377475
0.0388547
0.0398977
0.0406392
0.041109
0.0413691
0.0414836
0.0415034
0.0414708
0.0414309
0.0414133
0.0317962
0.0317848
0.0317584
0.0317129
0.0316826
0.0316981
0.0317922
0.0320082
0.0323992
0.0330142
0.0338213
0.0345793
0.0351148
0.03545
0.0356317
0.0357065
0.0357131
0.0356822
0.0356482
0.0356339
0.027357
0.0273482
0.0273271
0.0272902
0.027264
0.0272711
0.0273354
0.0274886
0.0277695
0.0282132
0.0287957
0.0293407
0.0297227
0.0299585
0.0300831
0.0301311
0.0301299
0.0301023
0.030074
0.0300623
0.0227785
0.0227716
0.0227544
0.0227243
0.0227013
0.0227023
0.0227443
0.0228507
0.0230488
0.0233635
0.0237773
0.0241636
0.0244321
0.0245951
0.0246783
0.0247064
0.0246998
0.0246755
0.0246523
0.0246429
0.018097
0.0180918
0.0180781
0.0180534
0.0180332
0.0180296
0.0180549
0.0181256
0.0182609
0.0184785
0.0187659
0.0190336
0.0192182
0.0193284
0.019381
0.0193946
0.0193839
0.0193612
0.0193414
0.0193338
0.0133391
0.0133352
0.0133242
0.013304
0.0132863
0.01328
0.0132937
0.0133379
0.0134255
0.0135682
0.0137582
0.0139341
0.0140543
0.0141239
0.0141552
0.0141604
0.014149
0.0141293
0.0141127
0.0141067
0.00852451
0.00852168
0.00851349
0.00849822
0.00848425
0.00847757
0.0084834
0.00850846
0.0085604
0.00864532
0.00875687
0.00886009
0.00892854
0.00896704
0.00898316
0.00898319
0.00897263
0.00895721
0.00894441
0.00893977
0.00122713
0.00122704
0.00122328
0.00121835
0.00121534
0.00121464
0.00121641
0.00122103
0.00122955
0.00124277
0.00125726
0.0012685
0.00127589
0.00127945
0.00128019
0.00127855
0.00127542
0.00127099
0.00126868
0.00381754
-2.05619
-1.15643
-0.628272
-0.296806
-0.0476677
0.145408
0.300758
0.434852
0.568272
0.655636
-0.775941
-0.486819
-0.243599
-0.0414646
0.125221
0.264063
0.380047
0.475424
0.535966
0.549187
-0.295234
-0.13493
0.0118193
0.14509
0.259874
0.35763
0.438298
0.499793
0.540798
0.56381
-0.00959028
0.0934382
0.191463
0.283438
0.364181
0.433173
0.489848
0.534187
0.567769
0.589668
0.185881
0.257024
0.327
0.392707
0.451306
0.501949
0.544537
0.579487
0.607538
0.626276
0.334072
0.382299
0.437845
0.486546
0.53141
0.571122
0.605454
0.634483
0.658178
0.673593
0.452549
0.49142
0.534435
0.5743
0.611267
0.644938
0.674591
0.699862
0.720243
0.732848
0.55506
0.589643
0.626674
0.662893
0.696618
0.727507
0.754761
0.777749
0.795602
0.806029
0.652296
0.6872
0.723947
0.760206
0.793415
0.82327
0.849137
0.870448
0.88631
0.895632
0.758024
0.797083
0.836106
0.873615
0.90683
0.93558
0.95977
0.979277
0.993619
1.00335
0.88704
0.93052
0.970296
1.0065
1.03744
1.06361
1.08561
1.10355
1.11731
1.12876
1.04981
1.09176
1.12578
1.15523
1.18003
1.20191
1.2218
1.23944
1.25463
1.2685
1.24114
1.27081
1.29269
1.31208
1.33057
1.34811
1.36442
1.38027
1.39711
1.41444
1.43821
1.44893
1.46134
1.47604
1.4907
1.50369
1.51511
1.52607
1.53889
1.55451
1.62549
1.63512
1.64478
1.64682
1.64741
1.65173
1.66269
1.67913
1.69652
1.70124
1.93029
1.87146
1.81977
1.77971
1.75744
1.75346
1.767
1.80074
1.85677
1.93612
0.465434
0.408354
0.36603
0.332589
0.308395
0.291151
0.278843
0.270083
0.264094
0.260643
0.260091
0.262591
0.267637
0.275189
0.285758
0.300449
0.320995
0.349573
0.387901
0.435914
0.269652
0.27878
0.285062
0.285836
0.282057
0.275922
0.26958
0.264219
0.260419
0.25866
0.259573
0.262811
0.267718
0.273871
0.280458
0.285848
0.287647
0.284128
0.275593
0.26835
0.244825
0.246961
0.251744
0.255767
0.259051
0.261095
0.261151
0.259622
0.25756
0.255955
0.255751
0.25726
0.259553
0.261736
0.26276
0.261803
0.259104
0.255529
0.251142
0.246562
0.238283
0.239207
0.242008
0.245076
0.247409
0.249159
0.250563
0.251375
0.251465
0.251295
0.251453
0.252046
0.252575
0.252442
0.251509
0.25008
0.248186
0.245525
0.242456
0.240268
0.23265
0.233122
0.234963
0.23776
0.240392
0.242431
0.243865
0.244931
0.245742
0.246316
0.246705
0.246858
0.246656
0.246074
0.245094
0.24355
0.241307
0.238587
0.236187
0.234982
0.228543
0.228747
0.230082
0.232405
0.234775
0.237075
0.239139
0.240695
0.241773
0.242501
0.242982
0.243152
0.242847
0.241968
0.240433
0.238422
0.236239
0.233943
0.232028
0.231356
0.226941
0.227035
0.227765
0.229125
0.230622
0.232048
0.233421
0.234818
0.236118
0.237165
0.237811
0.23787
0.237413
0.236585
0.235613
0.234474
0.233142
0.231798
0.230735
0.230397
0.225466
0.225516
0.22592
0.226724
0.227698
0.228873
0.230193
0.231503
0.232711
0.233781
0.234534
0.234776
0.234523
0.233897
0.232983
0.232072
0.231265
0.230491
0.229932
0.229756
0.223236
0.223261
0.223486
0.223975
0.224624
0.225351
0.22627
0.227366
0.228545
0.22968
0.23058
0.230984
0.23094
0.230634
0.23023
0.229808
0.22937
0.228954
0.228677
0.228591
0.220328
0.22034
0.220487
0.220866
0.221377
0.222068
0.222898
0.223819
0.224903
0.226074
0.227146
0.227841
0.228118
0.228116
0.227957
0.227755
0.227506
0.227224
0.227054
0.227014
0.217109
0.217115
0.21722
0.217518
0.217978
0.218556
0.219292
0.220225
0.22136
0.222673
0.223984
0.224963
0.225523
0.225796
0.225888
0.225825
0.225718
0.225577
0.225501
0.225488
0.213556
0.213564
0.213645
0.213883
0.214272
0.214809
0.215533
0.21649
0.217718
0.219215
0.22084
0.222182
0.223071
0.223616
0.223928
0.224074
0.224117
0.224106
0.224102
0.224103
0.209606
0.209612
0.209695
0.209909
0.210277
0.21082
0.211591
0.212653
0.214066
0.21586
0.217888
0.219646
0.220891
0.221718
0.222243
0.222562
0.22274
0.222833
0.222883
0.222894
0.205191
0.205196
0.205286
0.205512
0.205899
0.206493
0.207364
0.208598
0.210282
0.212475
0.215018
0.217295
0.218927
0.220083
0.220847
0.221338
0.221642
0.221821
0.221913
0.221933
0.200237
0.200243
0.200344
0.200603
0.20105
0.201745
0.202781
0.204272
0.206334
0.209054
0.212253
0.215149
0.217304
0.218797
0.219816
0.220486
0.220914
0.221172
0.221303
0.221331
0.194628
0.194635
0.194759
0.195073
0.195615
0.196464
0.197738
0.199583
0.20215
0.205556
0.209586
0.213264
0.215991
0.217917
0.219233
0.220106
0.220667
0.221008
0.22118
0.221217
0.188204
0.188213
0.18837
0.188763
0.189442
0.190509
0.192109
0.194427
0.197657
0.201947
0.207025
0.211663
0.215104
0.217543
0.219213
0.220323
0.221038
0.221473
0.221691
0.221739
0.180754
0.180766
0.180967
0.18147
0.182339
0.183702
0.185739
0.188681
0.192775
0.198195
0.204591
0.210419
0.214736
0.217795
0.219892
0.221287
0.222184
0.22273
0.223004
0.223063
0.171982
0.171998
0.17226
0.172914
0.174046
0.175818
0.178441
0.182197
0.187409
0.194271
0.20232
0.209617
0.215007
0.218824
0.22144
0.223179
0.224297
0.224976
0.225315
0.225389
0.161481
0.161501
0.161846
0.162706
0.1642
0.166511
0.169901
0.17477
0.181446
0.19015
0.200264
0.209367
0.216067
0.220806
0.224055
0.226217
0.227605
0.228444
0.22886
0.228951
0.148691
0.14872
0.149181
0.150328
0.152325
0.155378
0.159857
0.166184
0.174763
0.185813
0.198489
0.209796
0.218084
0.223943
0.227967
0.230651
0.232377
0.233417
0.233931
0.234038
0.132828
0.132871
0.133496
0.135063
0.137788
0.1419
0.147847
0.156156
0.167251
0.181277
0.197097
0.211057
0.221251
0.228463
0.233433
0.236767
0.238924
0.240223
0.240857
0.240988
0.112706
0.112768
0.113647
0.115873
0.119694
0.125356
0.133432
0.144487
0.158878
0.176626
0.196234
0.213325
0.225771
0.234606
0.240735
0.244883
0.247594
0.24924
0.250028
0.250185
0.0864109
0.0865057
0.0878332
0.0912078
0.096827
0.104938
0.116177
0.131032
0.149706
0.172028
0.19609
0.216785
0.231829
0.242584
0.250134
0.255322
0.258773
0.260902
0.261937
0.262133
0.0506753
0.0508512
0.0531427
0.0587762
0.0676155
0.0797503
0.0957249
0.1158
0.139935
0.167728
0.196867
0.221578
0.239536
0.252512
0.2618
0.268345
0.272833
0.275674
0.277068
0.277329
-0.000731255
-0.000152408
0.00504054
0.015763
0.03067
0.0493976
0.0722474
0.0992058
0.129995
0.164052
0.198749
0.22776
0.248858
0.26431
0.275655
0.283959
0.289943
0.29398
0.296078
0.296485
-0.0763611
-0.0729202
-0.0584983
-0.0372398
-0.0125003
0.0154861
0.0470448
0.0821037
0.120369
0.161301
0.202048
0.235805
0.260508
0.278949
0.292945
0.303726
0.312126
0.318371
0.322159
0.323369
-0.156246
-0.148235
-0.122557
-0.090635
-0.0558684
-0.0184735
0.0218053
0.065007
0.110978
0.159305
0.206992
0.246567
0.275884
0.29825
0.31576
0.329806
0.341274
0.350775
0.35827
0.360106
-0.220524
-0.212267
-0.179779
-0.139519
-0.0963689
-0.0505534
-0.00212209
0.0488718
0.102238
0.157587
0.211692
0.256416
0.289552
0.314911
0.33484
0.350843
0.363863
0.374334
0.381783
0.383764
-0.271552
-0.262655
-0.226536
-0.18112
-0.131768
-0.0793361
-0.0240939
0.033707
0.0937306
0.155491
0.215372
0.264425
0.300425
0.327665
0.348764
0.365434
0.378829
0.389488
0.396911
0.399118
-0.312859
-0.303832
-0.265642
-0.21626
-0.162295
-0.104775
-0.0440138
0.0195678
0.0854428
0.152917
0.217891
0.270655
0.308941
0.33753
0.359375
0.376394
0.389864
0.400399
0.407724
0.410036
-0.347705
-0.338664
-0.299226
-0.246869
-0.189173
-0.127433
-0.0620584
0.00645201
0.0774699
0.150145
0.219872
0.276032
0.316312
0.346001
0.36837
0.385541
0.398942
0.409315
0.416494
0.418854
-0.37826
-0.369259
-0.328974
-0.274241
-0.213522
-0.148239
-0.078866
-0.00596762
0.0697247
0.147185
0.221305
0.280638
0.322804
0.353528
0.376398
0.393747
0.407131
0.417404
0.424422
0.426815
-0.405885
-0.39689
-0.35595
-0.299327
-0.236079
-0.167785
-0.0949327
-0.0181529
0.061757
0.143679
0.2221
0.284667
0.328801
0.360644
0.384091
0.40168
0.415108
0.425294
0.432189
0.434577
-0.431468
-0.422468
-0.380975
-0.32271
-0.257356
-0.186496
-0.110638
-0.0303955
0.0534257
0.139648
0.222355
0.288274
0.334539
0.367648
0.391788
0.409705
0.423239
0.43342
0.440125
0.442516
-0.455629
-0.446586
-0.404604
-0.344939
-0.277771
-0.204672
-0.126148
-0.0427731
0.0446657
0.134984
0.221984
0.291453
0.340101
0.374704
0.399704
0.418067
0.431778
0.441977
0.448524
0.450913
-0.478709
-0.469597
-0.427177
-0.366337
-0.297581
-0.22251
-0.14163
-0.0554553
0.0353027
0.129553
0.220883
0.294152
0.345502
0.381882
0.407962
0.426921
0.440906
0.451164
0.457616
0.459942
-0.500992
-0.491767
-0.448898
-0.387094
-0.31695
-0.240181
-0.157234
-0.0685453
0.0252783
0.123279
0.218953
0.296267
0.350672
0.389179
0.416614
0.436365
0.45076
0.461161
0.467542
0.469745
-0.522538
-0.513226
-0.469829
-0.407334
-0.335937
-0.257705
-0.172961
-0.082044
0.014558
0.116082
0.21606
0.297633
0.35547
0.396506
0.425645
0.446435
0.4614
0.472039
0.478404
0.48043
-0.54348
-0.534007
-0.490321
-0.427019
-0.354572
-0.275092
-0.188801
-0.0959449
0.00314075
0.107929
0.212088
0.298072
0.359694
0.403718
0.434968
0.457104
0.472832
0.483817
0.490217
0.492062
-0.56384
-0.554215
-0.510238
-0.446176
-0.372857
-0.29232
-0.204717
-0.110202
-0.00894435
0.0988106
0.206948
0.297394
0.363101
0.410558
0.444403
0.468273
0.485033
0.496499
0.502943
0.504625
-0.583584
-0.573815
-0.529514
-0.464801
-0.390754
-0.309333
-0.220643
-0.124743
-0.0216227
0.088763
0.20059
0.295418
0.365389
0.41669
0.453691
0.479799
0.497896
0.50997
0.51643
0.517906
-0.602653
-0.592768
-0.548078
-0.482849
-0.408196
-0.326067
-0.236494
-0.139475
-0.0348049
0.0778351
0.192982
0.29197
0.366249
0.42174
0.462523
0.491544
0.511386
0.524141
0.5305
0.531673
-0.620992
-0.611021
-0.565952
-0.500288
-0.425131
-0.342438
-0.252193
-0.154297
-0.0483928
0.0661276
0.184148
0.28694
0.365403
0.425266
0.470386
0.503223
0.525578
0.539064
0.544898
0.54554
-0.638639
-0.628563
-0.583122
-0.517073
-0.44151
-0.358373
-0.267645
-0.169104
-0.0622664
0.0537477
0.174171
0.28029
0.362608
0.426704
0.476518
0.514281
0.540647
0.555414
0.559642
0.558876
-0.655498
-0.645246
-0.599569
-0.533152
-0.457264
-0.373822
-0.282766
-0.183798
-0.0762977
0.0408325
0.163145
0.272013
0.357738
0.425558
0.479895
0.5235
0.556193
0.574934
0.577082
0.57178
-0.671568
-0.661244
-0.615235
-0.548531
-0.472418
-0.388809
-0.297581
-0.198416
-0.090522
0.0273521
0.151025
0.261946
0.350538
0.42144
0.479334
0.528769
0.570037
0.598105
0.605163
0.589415
-0.686918
-0.676455
-0.630262
-0.563342
-0.487177
-0.403623
-0.312444
-0.213404
-0.105486
0.0126546
0.137096
0.249336
0.340146
0.413512
0.472763
0.525724
0.574264
0.607092
0.617969
0.575863
-0.701821
-0.690602
-0.64463
-0.577461
-0.501436
-0.418161
-0.327165
-0.228528
-0.120928
-0.00298945
0.121548
0.234305
0.32623
0.401716
0.459163
0.507822
0.55272
0.581629
0.547
0.477911
-0.717364
-0.703081
-0.658221
-0.59096
-0.515457
-0.432575
-0.341956
-0.243766
-0.13683
-0.0195475
0.10435
0.216754
0.308229
0.385801
0.440475
0.468763
0.500617
0.493107
0.428819
0.35287
-0.732951
-0.734648
-0.671502
-0.601619
-0.526939
-0.444501
-0.356337
-0.258494
-0.152463
-0.0362003
0.0862532
0.197037
0.286286
0.367634
0.411538
0.388199
0.408059
0.357404
0.277484
0.192786
-0.705867
-0.7039
-0.649381
-0.580834
-0.502365
-0.417004
-0.324732
-0.224226
-0.114773
0.00545145
0.121708
0.218244
0.295831
0.368037
0.409726
0.303734
0.214121
0.1414
0.0569457
-0.123346
-0.741427
-0.716698
-0.659969
-0.590913
-0.512935
-0.42841
-0.337222
-0.23793
-0.129938
-0.0116938
0.101182
0.193476
0.265173
0.312041
0.286423
0.137635
-0.00633156
-0.106556
-0.210327
-0.412494
-0.761929
-0.732218
-0.675471
-0.606044
-0.528763
-0.444982
-0.354394
-0.256623
-0.15059
-0.0350443
0.0737631
0.160132
0.223667
0.242779
0.153662
-0.0584547
-0.237289
-0.368766
-0.516888
-0.804821
-0.78086
-0.748817
-0.691372
-0.62155
-0.544628
-0.461478
-0.371922
-0.275829
-0.171971
-0.0596641
0.0442979
0.123802
0.176715
0.163304
-0.010356
-0.270351
-0.499785
-0.686344
-0.905626
-1.37687
-0.798076
-0.765497
-0.707333
-0.637151
-0.560529
-0.478106
-0.389876
-0.295534
-0.193999
-0.0852339
0.0133139
0.0854742
0.123769
0.063423
-0.182663
-0.484648
-0.780792
-1.04763
-1.37364
-2.28903
-0.814261
-0.782053
-0.723549
-0.653284
-0.57699
-0.495375
-0.408532
-0.316069
-0.217127
-0.111987
-0.0193306
0.0444765
0.0640036
-0.0475695
-0.34647
-0.676859
-1.0133
-1.30888
-1.62743
-2.72527
-0.830365
-0.798493
-0.740217
-0.67004
-0.594152
-0.5134
-0.42797
-0.337525
-0.24135
-0.140106
-0.053622
0.000493681
0.000443886
-0.173097
-0.493442
-0.826107
-1.16082
-1.39095
-1.4491
-1.52321
-0.846711
-0.815183
-0.757303
-0.687466
-0.612171
-0.532503
-0.448777
-0.360757
-0.267788
-0.170902
-0.0913592
-0.0486341
-0.0757243
-0.314242
-0.629145
-0.933598
-1.22004
-1.37937
-1.40039
-1.40897
-0.863477
-0.832264
-0.774683
-0.705345
-0.630815
-0.55247
-0.470794
-0.385678
-0.2965
-0.204354
-0.13185
-0.102066
-0.165356
-0.4508
-0.759687
-1.02018
-1.26426
-1.37105
-1.36883
-1.36113
-0.88056
-0.849568
-0.792245
-0.723438
-0.649826
-0.573063
-0.493816
-0.412126
-0.327332
-0.24007
-0.175061
-0.159723
-0.266581
-0.58699
-0.897116
-1.09243
-1.24144
-1.29694
-1.31585
-1.3155
-0.897681
-0.866808
-0.80969
-0.741428
-0.66891
-0.593975
-0.517666
-0.439966
-0.360422
-0.278106
-0.219804
-0.221337
-0.380961
-0.735788
-1.05396
-1.18151
-1.13192
-1.25686
-1.3287
-1.34413
-0.914169
-0.883549
-0.826539
-0.758818
-0.687536
-0.614752
-0.541812
-0.468801
-0.3959
-0.317894
-0.264585
-0.28143
-0.500491
-0.925124
-1.2841
-1.48089
-1.42357
-1.45317
-1.48888
-1.50132
-0.929495
-0.899034
-0.84208
-0.77504
-0.705064
-0.634681
-0.565622
-0.498611
-0.432123
-0.360171
-0.308603
-0.33419
-0.617851
-1.16078
-1.62774
-1.97586
-1.83947
-1.75875
-1.7489
-1.74966
-0.942705
-0.912464
-0.855635
-0.789261
-0.720642
-0.652928
-0.588495
-0.528756
-0.470743
-0.406416
-0.349287
-0.382087
-0.726261
-1.33525
-1.86139
-2.17354
-2.0924
-2.01128
-1.99843
-2.00042
-0.952754
-0.922683
-0.866151
-0.800334
-0.733228
-0.668454
-0.609322
-0.558355
-0.513641
-0.459522
-0.399761
-0.444642
-0.812686
-1.40269
-1.97618
-2.31266
-2.40206
-2.36481
-2.30196
-2.29684
-0.958256
-0.928524
-0.872191
-0.807055
-0.741554
-0.679945
-0.626894
-0.587342
-0.562995
-0.533411
-0.483802
-0.533519
-0.888039
-1.46615
-2.10762
-2.64793
-2.88205
-2.84778
-2.67144
-2.57205
-0.957989
-0.928585
-0.872544
-0.808091
-0.7442
-0.685906
-0.6398
-0.615144
-0.622238
-0.651386
-0.65125
-0.684824
-0.938839
-1.40351
-1.95195
-2.515
-2.73543
-2.6837
-2.47538
-2.39433
-0.950604
-0.921492
-0.86571
-0.802097
-0.739714
-0.684591
-0.645799
-0.639383
-0.695038
-0.845883
-0.976677
-0.923862
-0.893109
-1.01611
-1.18134
-1.39532
-1.4362
-1.30302
-1.08835
-0.966676
-0.934658
-0.905822
-0.85052
-0.787779
-0.726623
-0.674039
-0.641961
-0.655869
-0.778815
-1.13215
-1.48013
-1.20781
-0.819218
-0.39313
0.042931
0.379369
0.599341
0.793523
0.923706
0.978293
-0.909062
-0.880496
-0.825861
-0.763977
-0.703591
-0.652295
-0.624374
-0.654074
-0.845695
-1.42368
-2.04135
-1.46136
-0.663036
0.193464
0.93003
1.48363
1.86703
2.02987
2.09058
2.10341
-0.873303
-0.844948
-0.791021
-0.729917
-0.66957
-0.617558
-0.590361
-0.619371
-0.826333
-1.47869
-2.14691
-1.38444
-0.450026
0.530616
1.22223
1.69279
1.97329
2.09916
2.14672
2.15707
-0.826765
-0.798787
-0.7459
-0.685472
-0.624469
-0.568926
-0.531094
-0.54181
-0.691772
-1.16539
-1.49606
-0.813288
-0.0170908
0.707545
1.19229
1.49992
1.67814
1.77363
1.82088
1.83311
-0.769165
-0.742588
-0.69095
-0.631483
-0.570111
-0.510357
-0.460165
-0.437432
-0.484613
-0.649868
-0.629014
-0.153905
0.377274
0.803778
1.08616
1.27058
1.38848
1.46265
1.50272
1.51852
-0.699848
-0.676405
-0.626786
-0.569796
-0.509224
-0.446832
-0.386
-0.333108
-0.296883
-0.259403
-0.115264
0.20419
0.530458
0.769887
0.939115
1.05852
1.14411
1.20457
1.24258
1.25387
-0.618241
-0.597159
-0.553731
-0.50196
-0.444575
-0.382497
-0.31658
-0.246962
-0.16984
-0.0622761
0.107633
0.314258
0.509631
0.658739
0.769636
0.852595
0.916618
0.967271
1.00079
1.00958
-0.517541
-0.505999
-0.47263
-0.427695
-0.376329
-0.319135
-0.255077
-0.182602
-0.0961701
0.0191807
0.165551
0.313676
0.441692
0.540858
0.615273
0.671172
0.711952
0.741308
0.760543
0.767321
-0.406635
-0.40121
-0.378503
-0.344482
-0.303878
-0.256542
-0.201033
-0.135405
-0.0552074
0.0489302
0.170995
0.285764
0.381084
0.454415
0.508547
0.547384
0.574774
0.593465
0.603247
0.605122
-0.301318
-0.299163
-0.284694
-0.261134
-0.231446
-0.195077
-0.150334
-0.0951546
-0.0258144
0.0633975
0.162978
0.25213
0.323574
0.377282
0.415823
0.442407
0.459865
0.47044
0.475621
0.476537
-0.203757
-0.202717
-0.195076
-0.180917
-0.161487
-0.135901
-0.102364
-0.0586353
-0.00191982
0.0713404
0.151435
0.220862
0.27493
0.314496
0.342045
0.360298
0.371621
0.37797
0.380668
0.38081
-0.119027
-0.119321
-0.116809
-0.110319
-0.0994253
-0.083048
-0.05944
-0.026546
0.0179677
0.076394
0.139978
0.193883
0.234812
0.264065
0.283842
0.296299
0.303523
0.307205
0.308551
0.308456
-0.0544803
-0.0553204
-0.0560234
-0.0549097
-0.0502489
-0.0405336
-0.0244567
-0.000302757
0.0337647
0.0793057
0.128854
0.170338
0.2013
0.22285
0.236943
0.245589
0.250367
0.252535
0.253212
0.253046
-0.0109319
-0.0118273
-0.0137046
-0.0149375
-0.0136673
-0.00852245
0.00200199
0.0193581
0.0450008
0.08002
0.11822
0.149883
0.173102
0.189086
0.199402
0.205473
0.208579
0.209832
0.210141
0.209965
0.0161447
0.0154378
0.0136551
0.0121203
0.0122409
0.0150663
0.0218233
0.0340026
0.0529981
0.0795997
0.108778
0.132913
0.150439
0.162248
0.169567
0.173717
0.175723
0.176372
0.176446
0.176287
0.032364
0.0318834
0.0305782
0.0293023
0.0291346
0.0309579
0.0357119
0.0444698
0.0584083
0.0783701
0.10048
0.118689
0.131679
0.140277
0.145579
0.14849
0.149759
0.150045
0.150002
0.14987
0.0420793
0.0417652
0.0409044
0.0400145
0.0398309
0.040993
0.0443156
0.0507345
0.0611378
0.076102
0.0926892
0.106321
0.11603
0.122423
0.126248
0.128252
0.129053
0.129152
0.129069
0.128963
0.047839
0.0476312
0.0470617
0.0464678
0.046376
0.0472411
0.0496271
0.0542621
0.0619177
0.0731084
0.085587
0.0958116
0.103022
0.107678
0.11042
0.111821
0.112332
0.112341
0.112252
0.112166
0.050873
0.0507293
0.050323
0.049893
0.0498248
0.0504618
0.0522359
0.0556795
0.0613599
0.0696821
0.0789807
0.0865785
0.0919015
0.095322
0.0973038
0.0982789
0.0985976
0.0985587
0.0984717
0.098403
0.0518459
0.0517442
0.0514459
0.0511249
0.0510703
0.05153
0.0528229
0.0553561
0.059574
0.0657717
0.0727032
0.0783547
0.0822917
0.0847906
0.0862122
0.0868897
0.0870843
0.0870241
0.0869461
0.0868913
0.0512572
0.0511848
0.0509682
0.0507318
0.0506929
0.051035
0.0519935
0.05387
0.0569892
0.0615932
0.066742
0.0709246
0.0738214
0.0756421
0.0766626
0.0771298
0.0772415
0.0771721
0.0771034
0.0770598
0.0495104
0.0494573
0.0493004
0.0491273
0.0490996
0.0493523
0.0500609
0.0514496
0.0537653
0.0571806
0.0609949
0.0640836
0.0662123
0.0675374
0.068267
0.0685876
0.0686478
0.0685798
0.0685214
0.0684864
0.0469166
0.0468766
0.0467629
0.046638
0.0466202
0.0468095
0.0473349
0.0483625
0.0500761
0.0526034
0.0554244
0.0577015
0.0592612
0.0602224
0.0607423
0.0609606
0.0609882
0.060925
0.0608751
0.060847
0.0437052
0.0436744
0.0435904
0.0434995
0.043488
0.0436291
0.0440183
0.044778
0.0460438
0.0479103
0.0499906
0.0516639
0.0528022
0.053496
0.0538637
0.0540104
0.0540191
0.0539637
0.0539222
0.0538996
0.0400406
0.0400162
0.0399526
0.0398847
0.0398755
0.0399786
0.0402646
0.0408245
0.0417569
0.0431323
0.0446636
0.0458873
0.0467137
0.0472134
0.0474724
0.0475693
0.0475652
0.0475162
0.0474815
0.0474635
0.0360407
0.0360214
0.0359721
0.0359198
0.0359105
0.0359841
0.0361924
0.0366012
0.0372846
0.038293
0.0394127
0.0403058
0.0409049
0.0412613
0.0414415
0.0415029
0.0414913
0.0414487
0.0414201
0.041406
0.0317905
0.0317752
0.0317361
0.031694
0.0316832
0.0317333
0.0318821
0.0321785
0.0326766
0.0334118
0.0342275
0.0348746
0.035305
0.0355574
0.0356801
0.0357167
0.0357006
0.0356632
0.0356393
0.0356283
0.0273527
0.0273405
0.0273091
0.0272744
0.0272623
0.0272945
0.0273988
0.0276107
0.0279694
0.0285009
0.029088
0.0295518
0.029857
0.0300327
0.030115
0.0301354
0.0301181
0.0300864
0.0300666
0.0300579
0.0227752
0.0227653
0.0227398
0.0227109
0.022698
0.022717
0.0227879
0.0229367
0.0231905
0.0235677
0.0239849
0.0243125
0.0245255
0.0246452
0.024698
0.0247065
0.0246889
0.0246624
0.0246463
0.0246395
0.0180946
0.0180869
0.0180662
0.018042
0.0180288
0.0180379
0.0180836
0.018184
0.0183586
0.0186202
0.01891
0.0191361
0.0192817
0.0193609
0.0193918
0.0193916
0.0193733
0.0193499
0.0193365
0.0193314
0.0133373
0.0133313
0.0133146
0.0132943
0.0132813
0.0132838
0.0133113
0.0133755
0.0134895
0.0136621
0.0138529
0.0140012
0.0140948
0.0141436
0.0141605
0.0141564
0.0141397
0.0141197
0.0141087
0.014105
0.00852319
0.00851875
0.00850624
0.0084907
0.00847973
0.00847862
0.00849313
0.00853061
0.00859869
0.00870027
0.00881283
0.00889857
0.00895104
0.00897754
0.00898492
0.00897893
0.00896518
0.00894985
0.0089413
0.00893853
0.00366764
0.0036661
0.00366229
0.00365383
0.00364533
0.00364038
0.00364113
0.00365055
0.0036714
0.00370618
0.00375175
0.00379402
0.00382298
0.00383936
0.00384544
0.00384324
0.00383631
0.00382693
0.00381986
0.00381671
-1.4983
-0.849998
-0.450347
-0.166148
0.0536058
0.225695
0.370511
0.499133
0.630627
0.610465
-0.586214
-0.360243
-0.137066
0.0458458
0.197927
0.324539
0.43071
0.51152
0.547834
0.553171
-0.199352
-0.0607389
0.0808669
0.204715
0.310839
0.400176
0.471636
0.522626
0.554819
0.570601
0.0511208
0.142806
0.238769
0.32529
0.400178
0.463079
0.513499
0.552186
0.580785
0.598429
0.229157
0.292849
0.360596
0.423
0.477638
0.524234
0.562918
0.594352
0.618709
0.63649
0.36595
0.412355
0.46252
0.509603
0.551939
0.588954
0.620627
0.647022
0.667442
0.685028
0.477471
0.513174
0.554757
0.593156
0.62857
0.660293
0.687804
0.710715
0.727864
0.745372
0.575934
0.607818
0.645085
0.680078
0.712467
0.741626
0.766834
0.787389
0.801894
0.8194
0.671892
0.705169
0.742412
0.777206
0.808797
0.836736
0.860402
0.879123
0.891742
0.909454
0.778883
0.816403
0.855333
0.890778
0.921768
0.948256
0.970132
0.987098
0.998804
1.01705
0.909887
0.950651
0.989036
1.0226
1.05108
1.07511
1.09511
1.11088
1.123
1.1415
1.07203
1.10926
1.14119
1.1681
1.19125
1.21209
1.23094
1.24729
1.26156
1.27962
1.25684
1.2824
1.30253
1.32143
1.33949
1.35644
1.37232
1.3885
1.40584
1.42499
1.44304
1.45488
1.4685
1.48355
1.49742
1.50958
1.52053
1.5321
1.5465
1.56512
1.62662
1.64119
1.64637
1.64694
1.64885
1.65633
1.67035
1.68839
1.70104
1.71456
1.89923
1.84492
1.79771
1.76624
1.75328
1.7579
1.78117
1.82593
1.89332
1.98883
0.329158
0.324528
0.317244
0.305505
0.292708
0.281435
0.27251
0.265882
0.261482
0.259523
0.260475
0.264088
0.269869
0.277817
0.288061
0.300382
0.313216
0.322931
0.328799
0.332153
0.250942
0.258126
0.264261
0.268668
0.270168
0.26867
0.265357
0.26173
0.258811
0.257372
0.258205
0.260873
0.26454
0.268384
0.27115
0.27134
0.268361
0.262995
0.255982
0.250069
0.241286
0.244441
0.248055
0.250925
0.253301
0.255103
0.255745
0.255199
0.254188
0.253604
0.254189
0.255541
0.256763
0.25701
0.255887
0.253843
0.251334
0.248103
0.244502
0.242155
0.235432
0.237022
0.239701
0.242446
0.244484
0.245921
0.247063
0.247935
0.248443
0.248794
0.249073
0.249191
0.248895
0.24815
0.247082
0.245523
0.243198
0.240372
0.238227
0.237171
0.230227
0.231171
0.23347
0.236209
0.238781
0.240933
0.242475
0.243499
0.244213
0.24471
0.24505
0.245077
0.244676
0.243735
0.242099
0.239865
0.237297
0.234691
0.233098
0.232603
0.227579
0.228063
0.229582
0.231476
0.233333
0.235116
0.236822
0.238303
0.239425
0.240206
0.240537
0.240339
0.239596
0.238404
0.236931
0.23531
0.233526
0.231794
0.230828
0.230634
0.226277
0.226535
0.227373
0.228507
0.229749
0.231102
0.232383
0.233632
0.234773
0.235676
0.236112
0.236001
0.235491
0.234695
0.233742
0.232642
0.231631
0.230688
0.230185
0.230084
0.224462
0.224602
0.225072
0.225799
0.226657
0.227679
0.228904
0.230152
0.231338
0.232358
0.232938
0.232978
0.232608
0.231987
0.231275
0.230634
0.230043
0.229543
0.229291
0.229234
0.221832
0.221908
0.222214
0.222737
0.223364
0.224031
0.224969
0.226025
0.22716
0.228264
0.229044
0.229362
0.229338
0.229098
0.22894
0.228607
0.228258
0.227964
0.227833
0.227803
0.218757
0.218804
0.219033
0.21947
0.220028
0.220748
0.221589
0.22261
0.223791
0.225053
0.226087
0.226691
0.226952
0.227027
0.226798
0.226677
0.226477
0.226302
0.226239
0.226226
0.215378
0.21541
0.215582
0.215928
0.216406
0.217038
0.217858
0.218908
0.220195
0.221668
0.22301
0.223932
0.224487
0.224785
0.224909
0.224917
0.224855
0.224794
0.224779
0.22477
0.211635
0.211667
0.211813
0.212112
0.212564
0.213196
0.214061
0.215213
0.216683
0.218464
0.220192
0.221479
0.222335
0.222877
0.223191
0.223355
0.223425
0.223456
0.223474
0.223466
0.207463
0.207499
0.207643
0.207936
0.208396
0.209075
0.210041
0.211369
0.213123
0.215316
0.217522
0.219234
0.220417
0.221217
0.221731
0.222046
0.22223
0.222332
0.222376
0.222367
0.202789
0.202825
0.202989
0.203312
0.203829
0.204609
0.205744
0.207336
0.209479
0.212206
0.214997
0.2172
0.218798
0.219883
0.220603
0.221065
0.22135
0.221513
0.221578
0.221568
0.197527
0.197571
0.197765
0.198146
0.198763
0.199703
0.201084
0.203043
0.205702
0.209119
0.212655
0.215493
0.217527
0.21894
0.219888
0.220505
0.220893
0.221115
0.221202
0.221191
0.191534
0.191589
0.19183
0.192303
0.193066
0.194232
0.195953
0.198402
0.201738
0.206037
0.2105
0.214084
0.216675
0.218477
0.219692
0.220487
0.220988
0.221275
0.221387
0.221373
0.184626
0.184697
0.185005
0.185605
0.186571
0.188044
0.19022
0.193316
0.197529
0.20295
0.20857
0.213079
0.21634
0.218611
0.220144
0.221151
0.221788
0.222151
0.222291
0.222274
0.176553
0.176647
0.177047
0.17782
0.179057
0.180938
0.183717
0.187665
0.193011
0.199855
0.206917
0.212566
0.216647
0.219487
0.221406
0.222668
0.22347
0.223928
0.224103
0.22408
0.166974
0.1671
0.167627
0.168634
0.170233
0.172673
0.176275
0.181323
0.188118
0.19676
0.205614
0.212663
0.217743
0.221278
0.223667
0.225242
0.226247
0.226824
0.227042
0.227011
0.155414
0.155588
0.156296
0.157627
0.159729
0.162935
0.167595
0.174108
0.182788
0.193693
0.204756
0.213512
0.21981
0.22419
0.227152
0.229109
0.230365
0.231091
0.231364
0.231325
0.141191
0.141439
0.142417
0.144211
0.147026
0.151274
0.157417
0.165882
0.176981
0.190714
0.20447
0.215284
0.223049
0.228456
0.23212
0.234544
0.236105
0.237016
0.237355
0.237311
0.12331
0.123685
0.125083
0.127567
0.131435
0.137215
0.145408
0.156469
0.17068
0.187909
0.2049
0.218161
0.227682
0.234336
0.238866
0.241873
0.243817
0.244957
0.245387
0.245333
0.100276
0.100884
0.102953
0.106523
0.112019
0.120056
0.131152
0.145728
0.16392
0.185406
0.206204
0.222317
0.233908
0.242072
0.24769
0.251458
0.25391
0.255362
0.25592
0.25585
0.0696631
0.0707272
0.0739865
0.079439
0.0876258
0.0991518
0.114437
0.13371
0.156876
0.183402
0.208556
0.227903
0.241881
0.251854
0.258845
0.263634
0.26681
0.26871
0.269428
0.26934
0.0269793
0.0291113
0.0350292
0.0442255
0.0571628
0.0741938
0.0954085
0.120755
0.149911
0.182185
0.212133
0.235012
0.251652
0.263734
0.272439
0.278611
0.282873
0.285517
0.286498
0.286369
-0.0358575
-0.0297437
-0.0174567
-0.000731648
0.020417
0.0456233
0.074709
0.107479
0.143496
0.182027
0.217019
0.243585
0.263056
0.277478
0.288219
0.296208
0.302024
0.305864
0.307353
0.307042
-0.111033
-0.100246
-0.0774448
-0.0496225
-0.0185274
0.0157592
0.053303
0.0939861
0.137456
0.183107
0.224249
0.25568
0.279171
0.297117
0.311061
0.322041
0.330782
0.336107
0.33811
0.338728
-0.186005
-0.16689
-0.134325
-0.0967069
-0.0562553
-0.0130929
0.0327576
0.0812489
0.132128
0.184894
0.232184
0.268402
0.295728
0.316949
0.333821
0.347441
0.358473
0.366109
0.370195
0.370924
-0.243798
-0.221438
-0.183127
-0.138528
-0.0905879
-0.0398829
0.0134264
0.0691403
0.126923
0.186256
0.239039
0.279227
0.309384
0.332652
0.350958
0.365533
0.377146
0.385441
0.389745
0.390567
-0.290348
-0.266046
-0.223677
-0.174076
-0.120565
-0.0639007
-0.00438288
0.0576016
0.121565
0.186794
0.244298
0.28763
0.31976
0.344206
0.363183
0.378116
0.389867
0.398332
0.402554
0.403413
-0.328532
-0.303518
-0.258255
-0.204755
-0.146884
-0.0853928
-0.0206822
0.0467205
0.116141
0.18668
0.248482
0.294586
0.328338
0.353674
0.373068
0.388108
0.399784
0.408213
0.412357
0.413177
-0.361487
-0.336021
-0.288576
-0.231982
-0.170494
-0.104923
-0.0357571
0.0364236
0.110822
0.186302
0.252069
0.300669
0.335846
0.36191
0.381605
0.39671
0.408341
0.416704
0.42082
0.421582
-0.390758
-0.365026
-0.315945
-0.256814
-0.192308
-0.123237
-0.0501208
0.0263636
0.105298
0.185362
0.254949
0.306042
0.342664
0.3695
0.389552
0.404775
0.416391
0.42472
0.42881
0.429505
-0.417474
-0.391588
-0.341095
-0.279875
-0.212828
-0.140749
-0.0641992
0.0161313
0.0992967
0.183848
0.257308
0.311008
0.349197
0.376906
0.397392
0.412791
0.424452
0.43274
0.436829
0.43739
-0.442528
-0.416405
-0.36471
-0.301704
-0.232492
-0.157816
-0.0782018
0.00566267
0.0928188
0.181747
0.259157
0.315658
0.355617
0.384367
0.405408
0.421063
0.432799
0.441088
0.445138
0.445565
-0.466277
-0.439919
-0.387192
-0.32269
-0.251569
-0.174593
-0.0922513
-0.00518166
0.0857026
0.178911
0.260431
0.320006
0.362014
0.392031
0.413788
0.429802
0.441678
0.449965
0.453999
0.45433
-0.489066
-0.462425
-0.408785
-0.343051
-0.270269
-0.191283
-0.106521
-0.0165439
0.077845
0.175252
0.261027
0.323991
0.368391
0.399962
0.422646
0.439155
0.45125
0.459561
0.463574
0.463838
-0.51109
-0.484131
-0.429781
-0.362917
-0.288689
-0.207962
-0.121063
-0.0284531
0.0691905
0.170668
0.26081
0.327498
0.374665
0.408141
0.432017
0.449203
0.461632
0.470037
0.473967
0.47422
-0.532454
-0.505161
-0.450232
-0.382319
-0.306854
-0.224625
-0.135866
-0.0409192
0.0597081
0.165078
0.25964
0.33034
0.380685
0.416459
0.441863
0.459966
0.472879
0.481437
0.485294
0.485522
-0.553216
-0.525556
-0.47009
-0.401272
-0.324774
-0.241263
-0.150904
-0.0539206
0.0493935
0.158418
0.257367
0.332293
0.386232
0.424773
0.452103
0.471406
0.484987
0.493794
0.497558
0.497706
-0.573327
-0.545383
-0.489362
-0.419779
-0.342411
-0.25783
-0.166124
-0.0673966
0.038277
0.150659
0.253839
0.333111
0.391046
0.432892
0.462622
0.483456
0.49787
0.506978
0.510658
0.51065
-0.592825
-0.564596
-0.507996
-0.437801
-0.359704
-0.27425
-0.181443
-0.0812666
0.0264366
0.141812
0.248969
0.332572
0.394764
0.440446
0.47318
0.496019
0.511491
0.520906
0.524425
0.524213
-0.611557
-0.583081
-0.525986
-0.455282
-0.376598
-0.290437
-0.196769
-0.0954268
0.0139641
0.131916
0.242692
0.330463
0.396954
0.446875
0.483396
0.508982
0.525819
0.535366
0.538492
0.538058
-0.629624
-0.600805
-0.543323
-0.472173
-0.393019
-0.306323
-0.212002
-0.10976
0.000963955
0.121064
0.23498
0.326612
0.397245
0.45162
0.492732
0.522244
0.541203
0.550484
0.552494
0.55174
-0.646857
-0.617813
-0.559949
-0.488422
-0.408911
-0.32183
-0.227056
-0.124176
-0.0124313
0.109373
0.22588
0.320909
0.395364
0.454006
0.500288
0.535302
0.55833
0.567493
0.566296
0.564463
-0.663392
-0.634039
-0.575818
-0.503977
-0.424206
-0.336881
-0.241815
-0.138535
-0.0260803
0.0969859
0.215512
0.313304
0.391107
0.453351
0.504599
0.546499
0.577036
0.590151
0.58431
0.564551
-0.679111
-0.649503
-0.591052
-0.519012
-0.43917
-0.351788
-0.256685
-0.153304
-0.0405213
0.0833222
0.203241
0.303135
0.383833
0.448595
0.503431
0.552268
0.593421
0.615258
0.605979
0.619093
-0.694174
-0.664212
-0.605624
-0.533472
-0.453765
-0.366489
-0.271641
-0.168438
-0.0557295
0.0683359
0.188961
0.289975
0.372961
0.439037
0.493016
0.54435
0.585096
0.60992
0.558006
0.52783
-0.709197
-0.678514
-0.619262
-0.546988
-0.467606
-0.380602
-0.286491
-0.183673
-0.0713981
0.0523067
0.172797
0.273777
0.358119
0.425188
0.470976
0.513557
0.543443
0.524947
0.455022
0.405636
-0.725201
-0.692791
-0.631363
-0.559172
-0.480278
-0.393932
-0.300901
-0.198826
-0.0874071
0.0353382
0.154813
0.254688
0.338527
0.408592
0.447002
0.458378
0.451915
0.396002
0.31368
0.264149
-0.362404
-0.264952
-0.159387
-0.0437247
0.0776068
0.186724
0.273784
0.0907135
-0.735923
-0.718932
-0.683861
-0.622073
-0.54814
-0.466883
-0.378504
-0.282719
-0.178678
-0.0649196
0.054416
0.161063
0.245526
0.313034
0.357741
0.31777
0.161577
0.0575135
-0.0250635
-0.751682
-0.739044
-0.697188
-0.634322
-0.560368
-0.479682
-0.392354
-0.297737
-0.195192
-0.0834282
0.0329799
0.135155
0.214073
0.268349
0.264848
0.141016
-0.0448965
-0.179837
-0.293605
-0.770031
-0.757752
-0.713278
-0.649627
-0.575785
-0.495531
-0.408807
-0.315283
-0.214446
-0.105069
0.0074905
0.103936
0.17517
0.214454
0.156004
-0.0470753
-0.269947
-0.444914
-0.603556
-0.787757
-0.775454
-0.729828
-0.665247
-0.591479
-0.511709
-0.425905
-0.333815
-0.234994
-0.12839
-0.0199844
0.0701231
0.132537
0.151642
0.0363954
-0.239694
-0.514314
-0.756623
-0.9964
-0.804279
-0.79242
-0.746384
-0.681098
-0.607429
-0.528185
-0.443462
-0.353011
-0.256368
-0.15261
-0.0485075
0.0347924
0.0870794
0.0739208
-0.112201
-0.424979
-0.749392
-1.05243
-1.33781
-0.820131
-0.808872
-0.762945
-0.697483
-0.623981
-0.545298
-0.461639
-0.372877
-0.278492
-0.17774
-0.07828
-0.00264226
0.0391606
-0.0187471
-0.261558
-0.585239
-0.932406
-1.25347
-1.46312
-1.6235
-0.836329
-0.825418
-0.779723
-0.714457
-0.641315
-0.563331
-0.480908
-0.394039
-0.302226
-0.204982
-0.11066
-0.0437102
-0.0155544
-0.116851
-0.407118
-0.721651
-1.04653
-1.315
-1.40857
-1.44271
-0.852758
-0.842263
-0.796879
-0.731904
-0.659291
-0.582221
-0.501309
-0.416748
-0.328019
-0.234631
-0.145649
-0.0879486
-0.0782453
-0.220045
-0.546013
-0.838838
-1.11694
-1.33326
-1.39119
-1.38478
-0.869648
-0.859344
-0.814287
-0.749624
-0.677671
-0.601719
-0.522636
-0.440765
-0.355557
-0.266512
-0.183256
-0.13554
-0.147745
-0.340096
-0.682929
-0.950422
-1.17122
-1.32274
-1.34847
-1.3388
-0.886721
-0.876509
-0.831739
-0.767382
-0.696201
-0.621556
-0.544626
-0.465873
-0.384762
-0.300686
-0.223023
-0.18622
-0.225473
-0.478202
-0.827398
-1.07333
-1.15404
-1.22439
-1.28798
-1.31446
-0.903591
-0.893422
-0.848865
-0.784797
-0.714442
-0.641373
-0.566953
-0.491935
-0.415459
-0.337167
-0.264281
-0.237871
-0.309866
-0.637504
-0.998265
-1.26738
-1.23048
-1.2732
-1.36655
-1.40231
-0.919378
-0.909556
-0.865116
-0.801292
-0.731872
-0.660528
-0.58901
-0.518402
-0.447673
-0.376169
-0.306916
-0.287071
-0.391341
-0.815411
-1.24343
-1.63888
-1.70757
-1.61044
-1.61009
-1.61892
-0.933579
-0.924089
-0.879762
-0.816231
-0.747763
-0.678272
-0.610057
-0.544724
-0.482162
-0.418295
-0.351106
-0.332597
-0.466141
-0.97087
-1.53146
-1.9932
-2.09347
-1.92377
-1.88038
-1.87502
-0.945316
-0.935923
-0.891316
-0.828697
-0.761135
-0.693676
-0.629232
-0.5704
-0.518082
-0.46432
-0.399825
-0.379583
-0.522393
-1.07739
-1.65885
-2.10333
-2.22711
-2.1888
-2.13967
-2.1264
-0.953297
-0.943919
-0.899633
-0.837347
-0.770826
-0.705579
-0.645348
-0.594123
-0.554087
-0.517542
-0.464703
-0.442284
-0.592418
-1.14782
-1.73896
-2.3168
-2.60536
-2.67956
-2.55831
-2.45919
-0.956085
-0.946755
-0.902882
-0.840978
-0.775535
-0.712604
-0.656984
-0.614945
-0.592807
-0.586804
-0.571655
-0.553747
-0.702104
-1.18537
-1.77111
-2.41472
-2.83306
-2.93829
-2.80135
-2.62519
-0.952399
-0.942914
-0.899856
-0.838134
-0.77388
-0.713198
-0.662443
-0.631269
-0.635051
-0.687849
-0.772455
-0.787831
-0.83036
-1.07544
-1.43791
-1.89876
-2.24381
-2.2636
-2.06074
-1.86061
-0.940873
-0.931393
-0.888607
-0.827553
-0.764459
-0.705756
-0.659509
-0.640202
-0.678123
-0.83394
-1.10604
-1.17307
-0.949004
-0.80246
-0.648274
-0.522605
-0.454234
-0.322533
-0.140672
-0.00515334
-0.920047
-0.910654
-0.868214
-0.808249
-0.745983
-0.688616
-0.645687
-0.636568
-0.710907
-1.0075
-1.59241
-1.64507
-1.03608
-0.421835
0.280058
0.820698
1.22675
1.49363
1.62992
1.69321
-0.888937
-0.879707
-0.83788
-0.778999
-0.717399
-0.660338
-0.618419
-0.612851
-0.7082
-1.10341
-1.96653
-1.96955
-1.01044
-0.0991898
0.785393
1.42853
1.87775
2.1019
2.19045
2.21862
-0.847322
-0.83835
-0.797271
-0.739373
-0.678104
-0.619844
-0.574246
-0.56203
-0.644117
-1.00384
-1.77593
-1.61368
-0.689568
0.212525
0.956317
1.43992
1.74156
1.89868
1.97325
2.00181
-0.79446
-0.785867
-0.746121
-0.689647
-0.628678
-0.568324
-0.515656
-0.486165
-0.520249
-0.718597
-1.06794
-0.785517
-0.131916
0.512452
0.97911
1.27799
1.46258
1.57111
1.63365
1.65723
-0.72918
-0.72072
-0.685114
-0.630758
-0.57096
-0.509197
-0.449506
-0.399858
-0.376977
-0.406501
-0.42243
-0.137175
0.28322
0.659639
0.919095
1.09716
1.21642
1.29666
1.34659
1.36388
-0.653856
-0.646656
-0.613876
-0.564357
-0.507314
-0.44607
-0.38238
-0.318397
-0.256792
-0.191124
-0.0689563
0.147656
0.412435
0.634071
0.793252
0.909385
0.993909
1.05461
1.09308
1.1123
-0.56861
-0.564604
-0.536826
-0.491328
-0.439144
-0.381374
-0.318172
-0.249041
-0.171412
-0.0744132
0.0641635
0.235806
0.402408
0.539183
0.6423
0.719951
0.779215
0.823761
0.852922
0.865659
-0.461773
-0.45937
-0.441941
-0.406893
-0.363876
-0.314714
-0.258497
-0.193907
-0.117969
-0.0226472
0.101527
0.238297
0.359643
0.457479
0.531562
0.586301
0.625984
0.654607
0.674669
0.683559
-0.353283
-0.353
-0.342722
-0.317866
-0.285841
-0.247517
-0.201599
-0.146488
-0.0792656
0.00567227
0.111498
0.220639
0.312749
0.385157
0.438889
0.477347
0.504039
0.521688
0.531867
0.535623
-0.250927
-0.251175
-0.24573
-0.23048
-0.208841
-0.181353
-0.146586
-0.102641
-0.046787
0.0247238
0.1123
0.198789
0.269147
0.322972
0.361936
0.388848
0.406562
0.417508
0.423453
0.42543
-0.158703
-0.159535
-0.157298
-0.149498
-0.137063
-0.119518
-0.0952742
-0.0623566
-0.0184228
0.0392575
0.109772
0.178099
0.232179
0.272422
0.300769
0.319714
0.331536
0.338253
0.341477
0.342322
-0.0835282
-0.0843617
-0.0845982
-0.0827455
-0.0774394
-0.0675379
-0.051604
-0.0279266
0.00545533
0.0506806
0.106319
0.159615
0.20094
0.231116
0.251765
0.264989
0.272865
0.277053
0.278817
0.279163
-0.0299455
-0.0306422
-0.0319613
-0.0332769
-0.0323826
-0.0276118
-0.0176557
-0.00104559
0.0238495
0.0585413
0.101654
0.142803
0.17426
0.196686
0.211717
0.221196
0.226617
0.229244
0.230204
0.230327
0.00451757
0.0040099
0.00260553
0.000623711
-2.44925e-05
0.00191291
0.00776108
0.0190573
0.0372652
0.063579
0.0966852
0.12813
0.151925
0.168757
0.179857
0.186556
0.190171
0.191771
0.192226
0.192221
0.0254529
0.0251134
0.0240289
0.0223154
0.0214265
0.0224186
0.0262133
0.0339654
0.0470668
0.0666966
0.0918272
0.115814
0.133816
0.146251
0.154205
0.158923
0.161371
0.162308
0.162449
0.162387
0.0379386
0.0377064
0.0369836
0.0357748
0.0350315
0.0355459
0.0381501
0.0437917
0.0534618
0.0680802
0.0869597
0.104992
0.118388
0.127593
0.133464
0.136837
0.138469
0.13899
0.138975
0.138898
0.0454334
0.0452715
0.0448048
0.0440016
0.0435039
0.0438571
0.0456422
0.0496403
0.0567355
0.0676693
0.0818504
0.09541
0.105468
0.112307
0.11656
0.118938
0.120038
0.12033
0.120258
0.120185
0.0497047
0.0495906
0.0492738
0.0487206
0.0483832
0.0486677
0.0500067
0.0529531
0.0581634
0.0662499
0.0768663
0.0869927
0.0944645
0.0994819
0.102575
0.104272
0.105014
0.105166
0.105072
0.105006
0.0516252
0.051544
0.0513159
0.0509069
0.0506517
0.0508475
0.051818
0.0539884
0.0578601
0.0638907
0.0717829
0.0793334
0.0848709
0.0885758
0.0908263
0.0920298
0.0925285
0.0925962
0.0924996
0.092442
0.0517503
0.0516915
0.0515275
0.0512262
0.0510375
0.0511834
0.0518991
0.0534965
0.0563523
0.0608239
0.0667053
0.0723189
0.0764181
0.0791349
0.0807643
0.0816163
0.0819475
0.0819645
0.0818729
0.0818238
0.050531
0.050487
0.050369
0.0501487
0.0500099
0.0501178
0.0506474
0.051832
0.0539525
0.0572675
0.0616323
0.065786
0.0688105
0.0707992
0.0719787
0.07258
0.072797
0.0727854
0.072703
0.0726618
0.0483209
0.048287
0.0482011
0.0480415
0.047942
0.0480243
0.0484171
0.0492934
0.0508617
0.0533177
0.0565533
0.0596242
0.0618522
0.0633055
0.0641557
0.0645777
0.0647171
0.0646909
0.0646194
0.0645849
0.0453897
0.0453631
0.0452996
0.0451841
0.0451134
0.0451765
0.0454686
0.0461175
0.0472774
0.0490939
0.0514837
0.0537487
0.0553839
0.056442
0.057053
0.0573479
0.0574353
0.0574027
0.0573414
0.0573129
0.0419316
0.0419108
0.0418626
0.0417771
0.041725
0.0417716
0.0419872
0.0424657
0.0433215
0.044662
0.0464248
0.0480919
0.0492867
0.0500532
0.05049
0.0506941
0.0507464
0.0507119
0.0506597
0.0506361
0.0380854
0.0380691
0.0380316
0.0379662
0.0379258
0.0379583
0.0381154
0.0384665
0.0390959
0.040082
0.0413761
0.0425966
0.0434661
0.0440205
0.0443305
0.0444704
0.0444993
0.0444655
0.0444213
0.0444018
0.0339492
0.0339363
0.0339067
0.0338556
0.0338228
0.0338439
0.0339563
0.0342112
0.0346703
0.0353906
0.0363366
0.0372267
0.0378577
0.0382552
0.0384729
0.0385657
0.0385785
0.0385472
0.0385104
0.0384943
0.0295964
0.0295863
0.0295626
0.0295218
0.029494
0.0295053
0.0295835
0.0297658
0.0300978
0.0306211
0.0313081
0.0319522
0.0324052
0.0326866
0.0328371
0.032897
0.0328993
0.0328704
0.0328396
0.0328265
0.0250824
0.0250746
0.0250556
0.0250225
0.024998
0.0250014
0.0250535
0.0251818
0.0254182
0.0257929
0.0262851
0.0267448
0.0270657
0.0272624
0.0273647
0.0274024
0.0273982
0.0273719
0.0273462
0.0273357
0.0204489
0.0204429
0.0204275
0.0204003
0.0203785
0.0203769
0.0204101
0.0204973
0.0206619
0.0209248
0.0212712
0.0215942
0.0218178
0.0219524
0.0220194
0.0220394
0.0220304
0.0220067
0.0219852
0.0219766
0.0157257
0.0157211
0.015709
0.015687
0.0156682
0.0156633
0.0156823
0.0157386
0.0158484
0.016026
0.0162614
0.0164802
0.0166307
0.0167192
0.0167601
0.016769
0.016758
0.0167374
0.0167196
0.0167126
0.0109378
0.0109346
0.0109251
0.0109075
0.0108915
0.0108846
0.0108938
0.0109277
0.0109962
0.0111084
0.0112571
0.0113949
0.0114874
0.0115402
0.0115626
0.0115646
0.0115534
0.0115363
0.0115225
0.0115174
0.00610113
0.00609897
0.0060923
0.00608006
0.00606899
0.00606336
0.0060663
0.0060828
0.0061185
0.00617757
0.00625475
0.00632595
0.00637336
0.00639991
0.00641073
0.00640947
0.00640022
0.00638662
0.00637589
0.00637264
0.00366674
0.00366489
0.00365841
0.00364922
0.00364243
0.00363984
0.00364462
0.00365938
0.00368688
0.00372886
0.00377467
0.00381014
0.00383261
0.00384362
0.00384519
0.00384028
0.00383164
0.00382278
0.00381833
0.00126846
-1.18387
-0.735902
-0.413943
-0.159467
0.043031
0.20768
0.343712
0.461508
0.545618
0.548476
-0.508098
-0.288148
-0.102597
0.0596234
0.197316
0.313867
0.411239
0.487054
0.535018
0.554844
-0.139957
-0.010092
0.109534
0.219257
0.315123
0.396975
0.464217
0.515594
0.5525
0.575212
0.0952545
0.180709
0.263371
0.34098
0.409261
0.467902
0.516666
0.555674
0.586391
0.60661
0.264305
0.321817
0.384684
0.441019
0.491864
0.536249
0.574218
0.605845
0.631617
0.648506
0.396211
0.438555
0.487113
0.530845
0.571095
0.607265
0.638949
0.665836
0.687742
0.70156
0.504931
0.541274
0.580325
0.61806
0.652982
0.684908
0.713201
0.737162
0.756186
0.767491
0.603544
0.637609
0.673863
0.709983
0.743291
0.773534
0.800091
0.8222
0.838978
0.848574
0.703077
0.739685
0.777398
0.814544
0.847932
0.877334
0.902484
0.92291
0.937937
0.947108
0.818652
0.860275
0.900092
0.937663
0.970267
0.997984
1.02112
1.0397
1.05355
1.06391
0.964015
1.00755
1.04563
1.07938
1.10771
1.13188
1.15287
1.17052
1.18472
1.19711
1.14292
1.18023
1.2086
1.23295
1.25432
1.27393
1.29237
1.30964
1.32596
1.34142
1.34093
1.36049
1.37639
1.39275
1.40955
1.42512
1.43885
1.45209
1.4677
1.48566
1.53026
1.53807
1.55006
1.56183
1.57176
1.58103
1.59145
1.60289
1.61427
1.6216
1.74941
1.74768
1.73961
1.72265
1.71138
1.71089
1.72307
1.74795
1.78166
1.80928
2.15794
1.97112
1.86962
1.81236
1.78334
1.7767
1.79204
1.83267
1.90846
2.05478
-0.708926
-0.710781
-0.672615
-0.608782
-0.534497
-0.452224
0.350571
0.422102
0.418581
0.346568
0.270322
0.189044
-0.107432
-0.40912
-0.774467
-1.27198
-1.91317
)
;

boundaryField
{
    wall-4
    {
        type            zeroGradient;
    }
    pressure-outlet-7
    {
        type            fixedValue;
        value           uniform 0;
    }
    velocity-inlet-6
    {
        type            zeroGradient;
    }
    velocity-inlet-5
    {
        type            zeroGradient;
    }
    frontAndBackPlanes
    {
        type            empty;
    }
}


// ************************************************************************* //
