/*--------------------------------*- C++ -*----------------------------------*\
| =========                 |                                                 |
| \\      /  F ield         | OpenFOAM: The Open Source CFD Toolbox           |
|  \\    /   O peration     | Version:  v2012                                 |
|   \\  /    A nd           | Website:  www.openfoam.com                      |
|    \\/     M anipulation  |                                                 |
\*---------------------------------------------------------------------------*/
FoamFile
{
    version     2.0;
    format      ascii;
    class       volScalarField;
    location    "39";
    object      p;
}
// * * * * * * * * * * * * * * * * * * * * * * * * * * * * * * * * * * * * * //

dimensions      [0 2 -2 0 0 0 0];


internalField   nonuniform List<scalar> 
8800
(
0.935036
0.886983
0.848603
0.819954
0.799319
0.784547
0.77392
0.766386
0.761506
0.759387
0.760602
0.764765
0.771401
0.780714
0.793452
0.811028
0.835465
0.869072
0.911514
0.968639
0.767575
0.77478
0.783213
0.786623
0.784698
0.779161
0.772429
0.766239
0.761442
0.758533
0.758196
0.760657
0.765129
0.771098
0.777989
0.784593
0.788715
0.788196
0.782127
0.773145
0.744301
0.750476
0.754668
0.75802
0.760507
0.761285
0.760151
0.75797
0.755884
0.75491
0.755813
0.758157
0.760952
0.763141
0.763653
0.762106
0.759247
0.7556
0.751062
0.747277
0.739193
0.741892
0.744605
0.746905
0.748537
0.749841
0.750719
0.750882
0.750563
0.750454
0.751135
0.752233
0.752976
0.752879
0.752057
0.750841
0.749076
0.746564
0.744132
0.742602
0.734037
0.735457
0.73725
0.739293
0.741028
0.74231
0.743303
0.744128
0.744742
0.745257
0.745818
0.746202
0.746174
0.745778
0.745047
0.743815
0.742096
0.7402
0.738869
0.738046
0.729077
0.729989
0.731218
0.732788
0.734423
0.735922
0.737157
0.738181
0.739105
0.739931
0.740515
0.740727
0.740593
0.740099
0.739181
0.737926
0.736544
0.735254
0.734422
0.733879
0.72427
0.724934
0.725885
0.727173
0.728568
0.730015
0.731423
0.732687
0.733809
0.734815
0.735516
0.735769
0.735592
0.735002
0.734116
0.7331
0.732041
0.731086
0.730489
0.73009
0.719594
0.720106
0.72088
0.721996
0.723254
0.724605
0.726019
0.727437
0.728779
0.729992
0.730852
0.73118
0.731026
0.730523
0.729822
0.729019
0.728184
0.727458
0.72701
0.7267
0.714989
0.715396
0.716044
0.717038
0.718224
0.719522
0.720926
0.72242
0.723946
0.725398
0.726462
0.726935
0.72693
0.726613
0.726109
0.725494
0.724841
0.724293
0.723953
0.723703
0.71038
0.71071
0.711271
0.712187
0.713325
0.714605
0.716032
0.717606
0.719295
0.721005
0.722336
0.723051
0.72328
0.723179
0.72287
0.722445
0.721958
0.721555
0.721297
0.721091
0.705687
0.705959
0.70646
0.707331
0.708451
0.709752
0.711241
0.71293
0.71481
0.716804
0.718482
0.719527
0.72004
0.720183
0.720081
0.719839
0.719513
0.719233
0.719041
0.718866
0.700836
0.701063
0.701524
0.702381
0.703524
0.704888
0.706484
0.708348
0.710489
0.712843
0.714947
0.716381
0.717218
0.717627
0.717748
0.717687
0.717515
0.717343
0.717205
0.717053
0.695752
0.695941
0.696383
0.697256
0.698463
0.699936
0.701696
0.703807
0.706295
0.709116
0.711738
0.713625
0.714828
0.715534
0.715896
0.716023
0.716003
0.71593
0.715837
0.715704
0.69035
0.690508
0.690945
0.691861
0.693173
0.694801
0.696781
0.699203
0.702124
0.70553
0.708783
0.711218
0.712864
0.713922
0.714564
0.714908
0.715041
0.715062
0.715009
0.714889
0.684534
0.684664
0.68511
0.686097
0.687553
0.689389
0.691655
0.69447
0.697929
0.702047
0.706082
0.709193
0.711378
0.712852
0.713818
0.714403
0.714707
0.714824
0.714809
0.7147
0.678197
0.678299
0.678767
0.679849
0.681494
0.683603
0.686248
0.689578
0.693716
0.698713
0.703702
0.707638
0.710464
0.712423
0.713745
0.714608
0.715115
0.715338
0.715361
0.715259
0.671188
0.671272
0.671761
0.672967
0.674856
0.677311
0.680437
0.684425
0.689446
0.695563
0.701706
0.706595
0.710169
0.71272
0.714498
0.715678
0.716402
0.716735
0.716797
0.716699
0.663263
0.66334
0.663892
0.665234
0.667415
0.670304
0.674026
0.678807
0.684871
0.692327
0.699898
0.706003
0.710517
0.713784
0.71613
0.717721
0.718711
0.719175
0.719277
0.719181
0.654175
0.654222
0.654846
0.656393
0.658964
0.662418
0.666911
0.672739
0.680166
0.689309
0.698598
0.706111
0.711705
0.715813
0.718832
0.720913
0.722227
0.722843
0.722986
0.722886
0.643553
0.643585
0.644301
0.646117
0.649171
0.653343
0.65882
0.665963
0.675084
0.686301
0.697669
0.706881
0.713794
0.718924
0.72273
0.725407
0.727115
0.727905
0.728086
0.727976
0.630794
0.630818
0.631662
0.633837
0.637541
0.642664
0.649437
0.658285
0.669542
0.6833
0.697182
0.708402
0.716849
0.723178
0.727933
0.731332
0.733497
0.734478
0.734691
0.734564
0.61506
0.615082
0.616135
0.618854
0.623492
0.629955
0.638504
0.649625
0.663636
0.680531
0.697355
0.71087
0.721063
0.728755
0.734583
0.738782
0.741443
0.742619
0.742857
0.742704
0.595169
0.5952
0.596598
0.600167
0.606189
0.614566
0.625569
0.639698
0.657177
0.677857
0.698135
0.714293
0.726459
0.735685
0.742705
0.747814
0.750996
0.752355
0.752606
0.752424
0.569316
0.569382
0.57139
0.576377
0.58461
0.595854
0.610373
0.628555
0.650427
0.675624
0.699826
0.718883
0.733205
0.744099
0.752412
0.758477
0.762169
0.763682
0.763931
0.763715
0.534499
0.534695
0.537948
0.545561
0.557555
0.573237
0.592789
0.616302
0.643564
0.673999
0.702551
0.724741
0.741356
0.754032
0.763739
0.770789
0.774941
0.776553
0.776771
0.77652
0.484989
0.486045
0.4926
0.505597
0.524133
0.546676
0.573171
0.603431
0.637057
0.673341
0.706541
0.73199
0.750968
0.765477
0.776639
0.78465
0.789187
0.790808
0.790962
0.790672
0.41206
0.419498
0.434655
0.457618
0.48585
0.517536
0.552512
0.590565
0.631293
0.674001
0.712293
0.741359
0.763031
0.77968
0.792568
0.801668
0.806664
0.808381
0.808536
0.808291
0.333831
0.350737
0.375263
0.408874
0.447263
0.488258
0.531824
0.577917
0.626239
0.676201
0.720703
0.754492
0.779769
0.799304
0.814544
0.825165
0.8307
0.832464
0.832665
0.832579
0.268204
0.288246
0.320662
0.36321
0.410509
0.460283
0.512178
0.566153
0.621916
0.678921
0.729348
0.767552
0.79618
0.818354
0.835519
0.847077
0.852927
0.855048
0.85529
0.855284
0.214456
0.236396
0.274195
0.32312
0.377427
0.434531
0.493777
0.554972
0.617718
0.681383
0.737381
0.779654
0.811267
0.835631
0.854211
0.866836
0.873659
0.875712
0.876012
0.876054
0.169716
0.192817
0.234213
0.288263
0.348221
0.411364
0.476881
0.544461
0.613549
0.683386
0.744534
0.790508
0.824715
0.850895
0.870748
0.88426
0.891669
0.893988
0.894433
0.8945
0.13147
0.15522
0.19951
0.257416
0.322139
0.390426
0.461378
0.534605
0.609423
0.684911
0.750799
0.800101
0.836556
0.864175
0.884879
0.899031
0.906886
0.909674
0.910255
0.910347
0.0977768
0.121944
0.168426
0.22966
0.298359
0.371118
0.44689
0.525192
0.605241
0.685958
0.756234
0.808551
0.846924
0.87567
0.897062
0.911686
0.919934
0.923074
0.92377
0.923861
0.0672273
0.0917568
0.14003
0.20407
0.276218
0.352904
0.43299
0.515923
0.600826
0.686457
0.760863
0.815951
0.855999
0.885699
0.907598
0.922599
0.9311
0.934453
0.935204
0.935279
0.0389418
0.06381
0.113572
0.18001
0.25521
0.335378
0.419351
0.506538
0.595987
0.686302
0.764679
0.822411
0.864011
0.894567
0.916878
0.932123
0.940757
0.944248
0.945027
0.945062
0.0121957
0.0374346
0.0886271
0.15707
0.234965
0.318233
0.405728
0.496837
0.590565
0.685386
0.767662
0.828014
0.87116
0.902569
0.925336
0.940759
0.949491
0.953039
0.953842
0.95384
-0.0133531
0.0122946
0.0646338
0.134947
0.215226
0.301263
0.391953
0.486682
0.584439
0.683621
0.769785
0.832821
0.877609
0.909932
0.933173
0.948809
0.957571
0.961049
0.961855
0.96185
-0.0380958
-0.011889
0.0413478
0.113426
0.195808
0.284323
0.377919
0.475982
0.577522
0.680925
0.771019
0.836891
0.883472
0.916836
0.94061
0.956445
0.965217
0.968649
0.969348
0.969291
-0.0621426
-0.0355366
0.0187747
0.0923777
0.176602
0.267341
0.363565
0.464687
0.569763
0.677247
0.771334
0.840249
0.888842
0.923396
0.947785
0.96383
0.972552
0.975859
0.976459
0.97633
-0.0856377
-0.0584831
-0.00321871
0.071712
0.157576
0.250294
0.348874
0.45278
0.561138
0.672539
0.770669
0.842876
0.893758
0.929704
0.954781
0.971005
0.979588
0.982686
0.98315
0.982967
-0.108685
-0.0809251
-0.0247488
0.0514038
0.138717
0.23319
0.333875
0.440287
0.551653
0.666766
0.768947
0.844699
0.898225
0.935831
0.961683
0.978019
0.986345
0.989133
0.989454
0.98923
-0.131302
-0.102861
-0.0458036
0.0314574
0.12006
0.216067
0.318616
0.427256
0.541336
0.659902
0.766091
0.84562
0.902198
0.941849
0.968623
0.984936
0.992786
0.995154
0.995317
0.995066
-0.153331
-0.124245
-0.0663338
0.0119059
0.10164
0.198993
0.303163
0.413763
0.530251
0.651974
0.762033
0.845517
0.905568
0.947795
0.975812
0.991964
0.998972
1.0007
1.00068
1.00042
-0.174744
-0.145048
-0.0863318
-0.00720068
0.0835175
0.182031
0.287608
0.39989
0.51848
0.643015
0.756729
0.844242
0.908152
0.953611
0.983514
0.999576
1.0052
1.0058
1.0055
1.00528
-0.195612
-0.165227
-0.105769
-0.02583
0.0657571
0.165268
0.272043
0.385744
0.506121
0.6331
0.750139
0.84165
0.9097
0.959053
0.991877
1.00858
1.01245
1.01091
1.00979
1.00979
-0.215756
-0.184769
-0.124583
-0.0439179
0.0484179
0.148788
0.256564
0.371438
0.493296
0.622335
0.742265
0.837598
0.909911
0.963624
1.00058
1.01973
1.0229
1.01843
1.01474
1.01389
-0.235268
-0.203667
-0.142789
-0.0614934
0.0314657
0.132544
0.241114
0.356912
0.479934
0.610647
0.732971
0.831821
0.908459
0.966647
1.00862
1.03276
1.03854
1.03358
1.02322
1.01254
-0.254072
-0.22191
-0.160514
-0.0787534
0.0146054
0.116196
0.225271
0.341672
0.46548
0.597379
0.72158
0.823479
0.904695
0.967106
1.01366
1.0442
1.05383
1.04419
1.02471
1.01562
-0.271988
-0.239499
-0.177584
-0.0954866
-0.00187358
0.100075
0.209259
0.32605
0.450255
0.582814
0.708232
0.812148
0.898033
0.963901
1.01085
1.04123
1.05465
1.03256
0.965287
0.935013
-0.288546
-0.257636
-0.193624
-0.111132
-0.0172181
0.0847004
0.193374
0.310301
0.434511
0.56711
0.692954
0.79755
0.887454
0.956672
0.996071
1.01888
1.0159
0.964651
0.89551
0.853385
-0.338865
-0.274567
-0.208348
-0.126532
-0.0326822
0.068814
0.177642
0.294205
0.417943
0.549873
0.675241
0.779336
0.869413
0.945247
0.957985
0.962534
0.922761
0.857453
0.781919
0.740045
-0.305925
-0.289138
-0.230213
-0.148364
-0.0556718
0.0455624
0.15349
0.269257
0.391801
0.521912
0.644832
0.746536
0.82744
0.906343
0.901159
0.795466
0.695834
0.62576
0.554344
0.58876
-0.337655
-0.307468
-0.247243
-0.166148
-0.0733998
0.0275173
0.135578
0.250655
0.372071
0.500259
0.620177
0.717927
0.790432
0.832338
0.788376
0.646557
0.524595
0.436663
0.340265
0.393329
-0.361773
-0.329157
-0.267171
-0.185882
-0.0931276
0.00764387
0.115559
0.229757
0.349714
0.475406
0.591447
0.683445
0.746273
0.754615
0.653189
0.486488
0.339863
0.224961
0.0976355
0.134921
-0.385422
-0.351403
-0.288103
-0.206027
-0.113147
-0.0125348
0.0948508
0.208035
0.326333
0.449177
0.560512
0.645951
0.693405
0.67063
0.516666
0.325668
0.142776
-0.0204814
-0.205738
-0.21225
-0.408573
-0.374085
-0.309871
-0.22711
-0.134042
-0.0336426
0.0730892
0.185143
0.301539
0.421194
0.527229
0.60547
0.634504
0.576712
0.386881
0.179118
-0.0308623
-0.209307
-0.458413
-0.728879
-0.432051
-0.397507
-0.332768
-0.249531
-0.156262
-0.056017
0.0501319
0.161037
0.275441
0.391713
0.492242
0.562054
0.572062
0.463979
0.27343
0.0631968
-0.140503
-0.304539
-0.380083
-0.495038
-0.456806
-0.422148
-0.357126
-0.273635
-0.180302
-0.0803005
0.0251728
0.134763
0.246866
0.35927
0.453887
0.513308
0.499014
0.35635
0.172051
-0.0215113
-0.188372
-0.279237
-0.302047
-0.318836
-0.48311
-0.448322
-0.383102
-0.299511
-0.206292
-0.106695
-0.0021349
0.10584
0.215227
0.323118
0.411389
0.45753
0.42461
0.255852
0.0800451
-0.0884902
-0.216067
-0.254202
-0.266875
-0.268071
-0.51117
-0.476181
-0.410746
-0.327143
-0.234171
-0.135194
-0.0317961
0.0742304
0.180464
0.283227
0.364438
0.396162
0.345019
0.162684
-0.00389237
-0.153297
-0.230927
-0.247514
-0.248643
-0.248475
-0.541031
-0.505748
-0.440068
-0.356516
-0.263936
-0.165768
-0.063797
0.039931
0.142592
0.239681
0.312832
0.332775
0.246919
0.0773732
-0.0815925
-0.202857
-0.238963
-0.238484
-0.238518
-0.237956
-0.572395
-0.536917
-0.470952
-0.387525
-0.295478
-0.19834
-0.0980808
0.00298785
0.101648
0.192588
0.257224
0.261154
0.15481
-0.00264108
-0.143665
-0.219952
-0.229982
-0.232113
-0.232266
-0.232035
-0.604682
-0.569094
-0.503143
-0.419926
-0.328585
-0.232718
-0.134461
-0.036437
0.0578224
0.142229
0.198243
0.186472
0.0709713
-0.0719686
-0.188814
-0.223842
-0.230784
-0.229399
-0.22845
-0.227976
-0.637425
-0.601719
-0.536154
-0.453297
-0.362876
-0.268541
-0.172611
-0.0780095
0.0114162
0.0892219
0.135021
0.112058
-0.00815832
-0.130651
-0.221347
-0.238843
-0.230978
-0.230203
-0.229163
-0.228159
-0.669767
-0.634208
-0.569057
-0.486994
-0.397765
-0.305282
-0.212012
-0.121181
-0.037064
0.0341798
0.0698299
0.0390706
-0.0839182
-0.175141
-0.232613
-0.239318
-0.238012
-0.234801
-0.233392
-0.232761
-0.700102
-0.665404
-0.600941
-0.520051
-0.43243
-0.342165
-0.251911
-0.165149
-0.0867448
-0.0223234
0.00807079
-0.0444951
-0.158358
-0.218531
-0.225505
-0.252559
-0.246865
-0.238687
-0.237646
-0.237601
-0.726886
-0.693143
-0.630745
-0.551291
-0.465777
-0.378149
-0.291313
-0.208864
-0.136302
-0.0793773
-0.0513047
-0.134056
-0.252169
-0.268707
-0.254795
-0.276147
-0.28652
-0.288097
-0.285748
-0.283625
-0.748063
-0.716076
-0.656145
-0.579311
-0.496446
-0.411968
-0.328937
-0.251016
-0.184152
-0.135526
-0.111989
-0.217987
-0.382663
-0.455046
-0.397086
-0.413679
-0.430762
-0.43284
-0.420465
-0.411422
-0.761523
-0.732167
-0.675574
-0.602154
-0.522829
-0.442128
-0.363286
-0.290032
-0.228499
-0.188298
-0.170986
-0.287443
-0.514414
-0.843084
-0.828178
-0.650263
-0.578864
-0.555523
-0.535946
-0.529079
-0.764678
-0.739221
-0.687097
-0.618058
-0.543159
-0.466991
-0.392643
-0.324092
-0.267301
-0.233474
-0.217917
-0.321914
-0.476726
-0.771077
-0.857059
-0.583824
-0.474655
-0.464472
-0.474181
-0.476765
-0.755808
-0.734998
-0.688667
-0.625444
-0.55592
-0.484887
-0.415259
-0.351135
-0.298212
-0.266858
-0.244859
-0.278178
-0.153222
0.0530734
0.00623666
-0.286868
-0.45354
-0.458044
-0.455455
-0.454047
-0.732589
-0.716553
-0.678631
-0.623147
-0.560057
-0.494619
-0.429628
-0.369046
-0.319071
-0.288989
-0.277969
-0.248008
-0.0654365
0.375825
0.273597
-0.142956
-0.404335
-0.420012
-0.432358
-0.444774
-0.697109
-0.686424
-0.657487
-0.611337
-0.555504
-0.495775
-0.434916
-0.376464
-0.327196
-0.297031
-0.300057
-0.389264
-0.680353
-1.19348
-1.68167
-1.94541
-1.74704
-1.39165
-1.08378
-1.02648
-0.654995
-0.648823
-0.629463
-0.59247
-0.544008
-0.489072
-0.431056
-0.372867
-0.319569
-0.284849
-0.288604
-0.531368
-1.1835
-2.02729
-2.46023
-2.65361
-2.54814
-2.29459
-2.00989
-1.82209
-0.614368
-0.610848
-0.600054
-0.571624
-0.528636
-0.476734
-0.419218
-0.358187
-0.297025
-0.241751
-0.21738
-0.311607
-0.615492
-0.914533
-1.09285
-0.992323
-0.729803
-0.454649
-0.229648
-0.112572
-0.582067
-0.579913
-0.574453
-0.553599
-0.514461
-0.462604
-0.402549
-0.334423
-0.259711
-0.172115
-0.0761274
0.0597291
0.263227
0.660116
1.16093
1.65029
2.04432
2.28358
2.38782
2.41817
-0.555298
-0.554443
-0.553059
-0.540384
-0.504777
-0.450989
-0.385672
-0.309209
-0.220796
-0.113987
0.0187045
0.169263
0.494041
1.00312
1.61336
2.14671
2.53558
2.76534
2.87508
2.90644
-0.537581
-0.537164
-0.537113
-0.530351
-0.498995
-0.442724
-0.37133
-0.288447
-0.191021
-0.07889
0.0475453
0.17666
0.393287
0.879446
1.42165
1.90725
2.26938
2.47665
2.56696
2.59094
-0.523537
-0.522959
-0.52285
-0.521019
-0.495073
-0.437143
-0.360315
-0.272923
-0.175135
-0.0651147
0.0465377
0.165056
0.30223
0.678308
1.1239
1.49118
1.76297
1.91664
1.98385
2.00198
-0.515774
-0.51413
-0.51357
-0.514275
-0.492652
-0.431778
-0.34973
-0.259325
-0.163691
-0.0590907
0.042789
0.142924
0.244282
0.484963
0.805368
1.07005
1.26268
1.37012
1.41704
1.42819
-0.518401
-0.518227
-0.521484
-0.522609
-0.494738
-0.422531
-0.333802
-0.242105
-0.149728
-0.0527612
0.0342304
0.110642
0.177566
0.343089
0.55789
0.734419
0.864586
0.937226
0.968588
0.975507
-0.508962
-0.514308
-0.521775
-0.518297
-0.478649
-0.396729
-0.305257
-0.217224
-0.133542
-0.0502576
0.020626
0.0775633
0.125085
0.2375
0.385742
0.50077
0.582672
0.627954
0.646614
0.649882
-0.430826
-0.438293
-0.446486
-0.440945
-0.402545
-0.331838
-0.255378
-0.18162
-0.112448
-0.0440991
0.0145956
0.0569523
0.0945659
0.164705
0.262509
0.339332
0.391424
0.418718
0.429367
0.430241
-0.276314
-0.281725
-0.287969
-0.285879
-0.263926
-0.225301
-0.180511
-0.132522
-0.083327
-0.032189
0.0114398
0.0414249
0.0686644
0.117041
0.178241
0.227886
0.261471
0.279648
0.286697
0.286815
-0.106971
-0.109679
-0.114748
-0.119924
-0.120011
-0.113956
-0.0997728
-0.078787
-0.0511517
-0.0177011
0.0128959
0.0366714
0.0568728
0.0887942
0.128186
0.160298
0.18093
0.191897
0.195831
0.195161
0.0151032
0.0137385
0.00897742
-0.00174704
-0.0165387
-0.0287959
-0.0343999
-0.0319431
-0.0207068
-0.00146304
0.019764
0.0385519
0.0548304
0.0766272
0.100424
0.119189
0.131811
0.138366
0.14038
0.139365
0.0777853
0.0768862
0.0724778
0.0610693
0.0432122
0.0247942
0.0105835
0.00325655
0.00399948
0.01292
0.0265732
0.0411695
0.0550209
0.0684152
0.0821457
0.0936505
0.101403
0.105364
0.106285
0.105109
0.0996451
0.0989622
0.0954714
0.0860679
0.0706251
0.0533746
0.038009
0.026946
0.0219928
0.0239754
0.0314124
0.0420821
0.0532101
0.0607699
0.0677888
0.074937
0.0804084
0.0834172
0.0839963
0.082776
0.100567
0.100047
0.0975577
0.0908603
0.0794584
0.065743
0.0522986
0.0411973
0.0338503
0.0314086
0.0334993
0.0388444
0.0452187
0.0474665
0.0516025
0.0579272
0.0633988
0.0665913
0.0672998
0.0660645
0.0930555
0.0926688
0.0910053
0.0866141
0.0788783
0.0689926
0.0584698
0.0487623
0.0409414
0.0356352
0.0325388
0.0306806
0.0286829
0.0286311
0.0351069
0.0427118
0.0484104
0.0513065
0.0519135
0.0508182
0.0834172
0.0831222
0.082044
0.0793284
0.0743973
0.0676993
0.0600266
0.052276
0.0449844
0.0381338
0.0307271
0.0216606
0.0129983
0.0122865
0.02091
0.0296327
0.0354388
0.0380012
0.0385036
0.0376793
0.0744505
0.0742191
0.0735291
0.071927
0.0689721
0.0647053
0.0594455
0.0536817
0.0475593
0.0406229
0.0309672
0.0170098
0.00377817
0.00517263
0.015855
0.0245046
0.0291987
0.030944
0.0311907
0.030587
0.0670993
0.0669199
0.0664771
0.0655582
0.0638744
0.0613185
0.0580052
0.0541732
0.0499225
0.0445189
0.035774
0.0220117
0.00915418
0.0129994
0.0233434
0.0304756
0.033492
0.0340374
0.0340359
0.0335816
0.0612799
0.0611568
0.0608885
0.0603738
0.0595116
0.0581249
0.0563296
0.0543456
0.0523657
0.0498191
0.045449
0.0374811
0.0310418
0.036714
0.0439943
0.0475873
0.0486963
0.0487476
0.0486367
0.0482244
0.0563344
0.0562603
0.0561147
0.0558273
0.0554499
0.0550037
0.0543737
0.0540693
0.0544946
0.0561215
0.058755
0.0606095
0.0628671
0.0688427
0.0716421
0.0720731
0.0721839
0.0723438
0.0722036
0.071637
0.0515422
0.0515144
0.0514877
0.0513849
0.051295
0.051406
0.0517514
0.0528514
0.055593
0.0615454
0.0719994
0.0848678
0.0958591
0.100363
0.0991661
0.0974149
0.0971854
0.0976695
0.0973047
0.096571
0.0462737
0.0462715
0.0463267
0.0463256
0.0464221
0.046783
0.0481262
0.0503116
0.0547122
0.0641375
0.0810069
0.104355
0.12434
0.126625
0.120631
0.11692
0.11698
0.117719
0.117005
0.116173
0.0400977
0.0401206
0.0402635
0.0404431
0.0408008
0.0412563
0.042611
0.0456338
0.0512517
0.0622299
0.0824437
0.111383
0.13619
0.137483
0.128718
0.125764
0.126149
0.12738
0.126391
0.125435
0.0324881
0.0325214
0.0327405
0.0331233
0.0335314
0.0343807
0.0356863
0.0384256
0.0438427
0.0543854
0.073656
0.10155
0.125947
0.12408
0.117784
0.117358
0.120732
0.121877
0.120531
0.119398
0.0234125
0.0234407
0.0236742
0.0240835
0.0247576
0.0256558
0.0269027
0.0290306
0.0332861
0.0415391
0.0558061
0.0745939
0.0891465
0.0876927
0.0872712
0.0912359
0.0957365
0.0973181
0.0960679
0.0948513
0.0133222
0.013276
0.013416
0.0138331
0.0142547
0.0146998
0.015604
0.0172507
0.0199678
0.0246146
0.0317695
0.0391836
0.0386376
0.0405203
0.0453001
0.0512653
0.0542345
0.054726
0.0542414
0.0532299
0.00294474
0.00282861
0.00264775
0.00239612
0.00217784
0.00227331
0.00257318
0.00293057
0.00354971
0.00452381
0.00664195
0.00852721
0.00695642
0.00747786
0.00928693
0.00853181
0.0044227
0.00157647
0.00431668
0.0057788
-0.0128509
0.179017
0.384883
0.556988
0.69498
0.804509
0.895938
0.972466
1.00351
0.987324
0.320946
0.447174
0.579077
0.69315
0.789496
0.869554
0.933984
0.979066
1.0025
1.01524
0.545897
0.631351
0.720905
0.800746
0.869368
0.926693
0.972058
1.00543
1.02984
1.04763
0.708745
0.769187
0.832296
0.890462
0.940875
0.983569
1.01861
1.04687
1.06974
1.08795
0.836096
0.879512
0.927304
0.971273
1.01046
1.04464
1.07392
1.09854
1.11856
1.13647
0.941173
0.974715
1.01373
1.04961
1.08248
1.11202
1.13789
1.1598
1.17698
1.19456
1.03451
1.06368
1.09806
1.13054
1.1607
1.18809
1.2121
1.23208
1.24678
1.26423
1.12357
1.15317
1.18734
1.21967
1.24943
1.27616
1.29919
1.31772
1.33043
1.34789
1.21919
1.25288
1.28941
1.32322
1.35335
1.37958
1.40155
1.41868
1.43016
1.44797
1.33425
1.37288
1.41116
1.44543
1.47473
1.49944
1.51976
1.53549
1.54684
1.56519
1.47905
1.51857
1.55417
1.5846
1.61019
1.63227
1.65129
1.66683
1.67949
1.69762
1.65385
1.68591
1.71172
1.73408
1.75414
1.7729
1.79053
1.80709
1.82284
1.84104
1.84149
1.85905
1.87459
1.89119
1.90735
1.92191
1.93494
1.94891
1.966
1.98568
2.02309
2.03407
2.04622
2.05701
2.06627
2.07583
2.08672
2.09831
2.10826
2.12344
2.23413
2.23615
2.22099
2.20576
2.19938
2.20505
2.22366
2.25407
2.28621
2.31696
2.54003
2.40298
2.32669
2.28461
2.26718
2.27121
2.29856
2.35471
2.45816
2.67345
0.831328
0.827951
0.822021
0.812209
0.79926
0.786828
0.776504
0.768537
0.762852
0.75953
0.759108
0.761796
0.766875
0.774095
0.783512
0.795186
0.808306
0.82029
0.827743
0.83246
0.749349
0.755233
0.762136
0.76737
0.770208
0.769869
0.76695
0.763006
0.759408
0.757074
0.756857
0.758998
0.76264
0.766962
0.770884
0.772867
0.771741
0.767639
0.761738
0.754691
0.741715
0.744062
0.747406
0.750306
0.752513
0.754301
0.755241
0.754959
0.753891
0.752941
0.753039
0.754399
0.756162
0.757398
0.757411
0.756215
0.754389
0.752032
0.748867
0.745899
0.736598
0.737684
0.739545
0.741918
0.743867
0.745242
0.746315
0.747141
0.747565
0.74775
0.748162
0.748868
0.749348
0.749263
0.7487
0.747795
0.746367
0.74429
0.742165
0.740747
0.731537
0.732192
0.733296
0.735007
0.736799
0.738397
0.739636
0.740625
0.741493
0.742242
0.742881
0.743307
0.743372
0.743104
0.742492
0.74142
0.739949
0.73835
0.737009
0.736222
0.726658
0.727113
0.727892
0.729178
0.730658
0.73217
0.733606
0.734849
0.73592
0.736896
0.737697
0.738131
0.738164
0.737808
0.737044
0.735983
0.734796
0.733623
0.732689
0.732165
0.721922
0.722262
0.722868
0.723925
0.7252
0.726556
0.727971
0.729372
0.730669
0.73184
0.732808
0.733349
0.733396
0.733005
0.732302
0.731438
0.730522
0.72961
0.728911
0.728526
0.717291
0.717556
0.718044
0.718943
0.720095
0.721366
0.722727
0.724168
0.72563
0.727027
0.728203
0.728885
0.729013
0.728738
0.728217
0.727553
0.726823
0.72612
0.725596
0.725301
0.712694
0.712904
0.71331
0.714101
0.715174
0.716396
0.71774
0.719215
0.720794
0.722408
0.723837
0.724729
0.725048
0.724977
0.724655
0.724181
0.723629
0.723098
0.722706
0.722474
0.708054
0.708222
0.708569
0.709288
0.710316
0.711514
0.712878
0.714419
0.716126
0.717958
0.719681
0.720879
0.721477
0.721652
0.721543
0.72126
0.720887
0.720507
0.720222
0.720038
0.703291
0.703426
0.703731
0.704407
0.705419
0.70664
0.708065
0.709716
0.711606
0.713706
0.715791
0.717371
0.718299
0.718754
0.718879
0.718791
0.718587
0.718346
0.71815
0.718003
0.698332
0.698439
0.698715
0.699374
0.700407
0.701696
0.703227
0.705048
0.707191
0.709639
0.712175
0.714218
0.715529
0.716291
0.716672
0.716793
0.716756
0.716645
0.716525
0.716407
0.693098
0.693181
0.69344
0.694105
0.695196
0.696593
0.698282
0.700337
0.702816
0.705727
0.70883
0.711414
0.713165
0.714283
0.714952
0.715305
0.715441
0.715455
0.715403
0.71531
0.687503
0.687563
0.687813
0.688506
0.689686
0.691233
0.693132
0.695481
0.698366
0.701833
0.705628
0.708891
0.711197
0.712754
0.713761
0.71438
0.714706
0.714852
0.714864
0.714792
0.68144
0.681478
0.681724
0.682462
0.683767
0.685517
0.6877
0.690436
0.693843
0.698007
0.702652
0.706741
0.709711
0.711786
0.713174
0.714084
0.71465
0.714935
0.715013
0.714961
0.674792
0.674802
0.675047
0.675853
0.677322
0.679337
0.681879
0.685118
0.689204
0.694249
0.699944
0.705032
0.708785
0.711463
0.713316
0.714564
0.715393
0.715833
0.715978
0.715944
0.667349
0.667349
0.667615
0.668501
0.670177
0.672497
0.675502
0.679363
0.684287
0.690434
0.697421
0.703702
0.708407
0.711828
0.71425
0.715937
0.717073
0.717687
0.717905
0.717886
0.658868
0.658834
0.659133
0.660143
0.662071
0.664804
0.668386
0.67303
0.67899
0.686462
0.695026
0.70281
0.708673
0.712977
0.716094
0.718331
0.719839
0.720668
0.720968
0.720964
0.649059
0.649001
0.649342
0.650518
0.652772
0.656034
0.660364
0.666032
0.673354
0.682551
0.69305
0.702559
0.709767
0.715115
0.719042
0.721915
0.723873
0.724959
0.725347
0.725353
0.637428
0.637346
0.637757
0.639152
0.641822
0.645759
0.651046
0.658007
0.667004
0.678281
0.691138
0.702789
0.711637
0.718249
0.723166
0.726806
0.72932
0.730703
0.731186
0.731195
0.623257
0.623152
0.623684
0.625398
0.62865
0.633526
0.640127
0.648832
0.660045
0.673978
0.689683
0.703796
0.7145
0.722553
0.728612
0.733137
0.73628
0.73799
0.738566
0.738571
0.605554
0.605428
0.606164
0.608371
0.612486
0.618706
0.627134
0.638185
0.652254
0.66947
0.688578
0.705575
0.718421
0.728111
0.735476
0.740977
0.744818
0.746868
0.747528
0.74752
0.582856
0.582723
0.583801
0.586793
0.592255
0.600493
0.611554
0.625835
0.643631
0.664903
0.688018
0.70828
0.723515
0.735009
0.743789
0.7504
0.75497
0.757348
0.758075
0.758047
0.552829
0.552729
0.554431
0.558816
0.566572
0.578017
0.592985
0.611739
0.63434
0.660527
0.688239
0.712108
0.729921
0.743367
0.753664
0.761453
0.766751
0.769414
0.770178
0.770122
0.511383
0.511459
0.514548
0.521827
0.533827
0.55053
0.571302
0.596085
0.624682
0.656614
0.68944
0.717183
0.737712
0.753196
0.765121
0.774143
0.780107
0.782959
0.783707
0.783615
0.450865
0.452086
0.459648
0.473408
0.493157
0.5182
0.547122
0.579581
0.615276
0.653636
0.691915
0.723651
0.746942
0.764488
0.778003
0.788199
0.794769
0.797666
0.79829
0.798158
0.378358
0.380539
0.395073
0.418853
0.449401
0.484222
0.522044
0.562737
0.606111
0.651669
0.696423
0.733286
0.760371
0.780885
0.796671
0.80847
0.815877
0.81901
0.819743
0.819735
0.303761
0.310333
0.331894
0.365788
0.406598
0.450978
0.497695
0.546683
0.597839
0.650741
0.702202
0.744436
0.775481
0.799136
0.81756
0.831192
0.83938
0.842287
0.84288
0.842979
0.243149
0.251727
0.277887
0.318824
0.367549
0.420019
0.474732
0.531477
0.590057
0.650017
0.707869
0.755126
0.789834
0.816273
0.836713
0.851616
0.860194
0.863593
0.864716
0.864891
0.193615
0.202791
0.232442
0.278518
0.333291
0.392254
0.453688
0.517248
0.582581
0.649098
0.712936
0.764843
0.802829
0.831649
0.853789
0.869817
0.879319
0.883428
0.884774
0.884975
0.151977
0.16139
0.193434
0.243379
0.303117
0.367485
0.434603
0.504088
0.575448
0.647956
0.717306
0.773468
0.814368
0.845182
0.868653
0.885573
0.895927
0.90054
0.902073
0.902286
0.115823
0.125321
0.159105
0.212239
0.276057
0.345014
0.417091
0.491812
0.568591
0.646565
0.721007
0.781055
0.824534
0.856989
0.88143
0.899002
0.909991
0.915043
0.916741
0.916989
0.0835676
0.0930867
0.128204
0.184029
0.251264
0.324181
0.400641
0.480069
0.561801
0.644846
0.724043
0.787693
0.833449
0.867274
0.892494
0.910638
0.922035
0.927464
0.929239
0.929493
0.0540291
0.0635838
0.0997771
0.157894
0.228064
0.30447
0.384824
0.468527
0.554838
0.642653
0.726373
0.793426
0.841277
0.876306
0.902174
0.920668
0.932318
0.938006
0.939826
0.94009
0.0264215
0.036019
0.0732112
0.133235
0.205996
0.285487
0.369328
0.456929
0.547497
0.639839
0.727931
0.798297
0.848177
0.884351
0.910844
0.929653
0.941429
0.947225
0.949068
0.949336
0.000226722
0.00989902
0.047987
0.109649
0.184724
0.266943
0.353926
0.445091
0.539625
0.636281
0.72865
0.802329
0.854274
0.891638
0.918773
0.937918
0.949848
0.955656
0.95749
0.957635
-0.0250051
-0.0151655
0.0237262
0.0868572
0.164004
0.248647
0.338463
0.432887
0.531117
0.631882
0.728464
0.805539
0.859672
0.898341
0.926189
0.945669
0.957719
0.963484
0.965254
0.965404
-0.0495039
-0.0394351
0.000153355
0.0647303
0.143683
0.230467
0.322846
0.420247
0.5219
0.626576
0.727327
0.807929
0.864447
0.904586
0.933252
0.95311
0.965259
0.970964
0.972622
0.972734
-0.0733631
-0.0630792
-0.0227167
0.0431385
0.123663
0.212362
0.307033
0.407134
0.511943
0.620311
0.725182
0.80948
0.868636
0.910459
0.940069
0.960337
0.97253
0.978086
0.9796
0.979645
-0.0967211
-0.0861383
-0.0450501
0.0219926
0.103916
0.194311
0.291023
0.393555
0.501247
0.613073
0.72197
0.810125
0.872224
0.916019
0.946727
0.967408
0.979568
0.984895
0.986197
0.986161
-0.119569
-0.108694
-0.0668749
0.00125822
0.0844443
0.176336
0.274857
0.379552
0.489841
0.604854
0.717636
0.809768
0.875151
0.921294
0.953323
0.974411
0.986368
0.991305
0.99236
0.992258
-0.141956
-0.130747
-0.0881455
-0.0190328
0.0652728
0.158474
0.258585
0.365192
0.477784
0.59568
0.712143
0.808315
0.87731
0.926272
0.959986
0.981505
0.993005
0.997315
0.998053
0.997886
-0.163685
-0.152222
-0.108855
-0.038841
0.0464549
0.140801
0.242278
0.350548
0.465153
0.585613
0.705474
0.805667
0.87855
0.930858
0.966846
0.989013
0.999729
1.00296
1.00322
1.00299
-0.184894
-0.173071
-0.128983
-0.0581456
0.0280255
0.123363
0.226032
0.335709
0.452042
0.574744
0.69765
0.801723
0.878676
0.934839
0.973918
0.997417
1.00721
1.0086
1.00787
1.00755
-0.205423
-0.193268
-0.148498
-0.0768954
0.0100641
0.106246
0.209933
0.320798
0.438566
0.56315
0.688718
0.796397
0.877482
0.937874
0.980928
1.0071
1.01677
1.01571
1.01265
1.01143
-0.22532
-0.212852
-0.167344
-0.0950352
-0.0073901
0.0895211
0.194065
0.305898
0.424842
0.550973
0.678766
0.789617
0.874771
0.939511
0.987137
1.0177
1.02967
1.02772
1.02073
1.01092
-0.244505
-0.23179
-0.185604
-0.112725
-0.0245545
0.0729004
0.178085
0.290594
0.410403
0.537687
0.667236
0.780759
0.869977
0.939201
0.99148
1.02784
1.04556
1.04585
1.03569
1.02951
-0.262925
-0.250068
-0.203278
-0.129915
-0.0414127
0.0563971
0.16202
0.274873
0.395217
0.523186
0.653966
0.76946
0.862431
0.936169
0.991629
1.03211
1.05293
1.05817
1.02117
0.972911
-0.280278
-0.267018
-0.220315
-0.146508
-0.0580146
0.039912
0.145845
0.258859
0.379353
0.507535
0.638906
0.755545
0.851129
0.929955
0.985595
1.01987
1.04141
1.02783
0.970927
0.908588
-0.298386
-0.282455
-0.23642
-0.161906
-0.0740677
0.0238175
0.129284
0.242608
0.362934
0.490891
0.62205
0.738889
0.834771
0.921578
0.97152
1.01737
0.990051
0.947658
0.878727
0.811311
-0.285754
-0.265531
-0.215689
-0.136639
-0.0434865
0.0580062
0.168805
0.285121
0.408503
0.539922
0.664775
0.768477
0.856727
0.947467
0.987553
0.916573
0.870485
0.808099
0.73638
0.688825
-0.30555
-0.29247
-0.255506
-0.186195
-0.0988458
-0.00168191
0.103949
0.216733
0.336296
0.463021
0.592282
0.707423
0.799576
0.882103
0.951641
0.94572
0.832749
0.750843
0.688858
0.608057
-0.326942
-0.312565
-0.270728
-0.200146
-0.112413
-0.0156048
0.0888324
0.20066
0.319231
0.444494
0.571899
0.684891
0.773859
0.843351
0.870898
0.79736
0.662139
0.569198
0.495278
0.409128
-0.348584
-0.336036
-0.290098
-0.218253
-0.130476
-0.0334557
0.0709301
0.182441
0.300097
0.423824
0.548322
0.656778
0.738133
0.791194
0.769873
0.64316
0.49635
0.382782
0.287088
0.154888
-0.37223
-0.359527
-0.311446
-0.238421
-0.150414
-0.0533995
0.0508537
0.161762
0.278276
0.40007
0.521085
0.624168
0.697383
0.729301
0.67173
0.493844
0.319135
0.171874
0.034876
-0.152802
-0.395229
-0.382738
-0.333442
-0.259288
-0.170809
-0.0738577
0.0300067
0.140047
0.255161
0.37464
0.491745
0.588842
0.653301
0.654355
0.546672
0.351785
0.14564
-0.0455291
-0.217694
-0.605093
-0.418379
-0.406129
-0.356251
-0.281291
-0.192413
-0.0954533
0.00801076
0.117162
0.230757
0.347678
0.460542
0.550938
0.604033
0.573005
0.424028
0.224778
0.0100824
-0.190114
-0.359452
-0.66436
-0.442452
-0.430334
-0.380139
-0.304672
-0.215511
-0.118539
-0.0154378
0.0928431
0.204858
0.319037
0.427435
0.510526
0.549766
0.500518
0.313203
0.119919
-0.0799077
-0.246433
-0.313868
-0.350976
-0.467978
-0.455983
-0.405493
-0.329735
-0.240496
-0.143678
-0.0411005
0.0660756
0.176177
0.287106
0.390419
0.465372
0.489436
0.406183
0.213733
0.0315405
-0.135693
-0.241798
-0.276753
-0.285906
-0.495172
-0.483163
-0.432461
-0.356498
-0.26731
-0.17082
-0.0689844
0.0368176
0.144627
0.251777
0.349297
0.415889
0.415569
0.301505
0.122977
-0.0452222
-0.18527
-0.240855
-0.252547
-0.256701
-0.52416
-0.512122
-0.461099
-0.384969
-0.295938
-0.199953
-0.0990805
0.00503964
0.110179
0.213082
0.304042
0.36183
0.336759
0.203112
0.038282
-0.118881
-0.217992
-0.245457
-0.242984
-0.243177
-0.554693
-0.542892
-0.49137
-0.415102
-0.326328
-0.231015
-0.131356
-0.029226
0.0728561
0.171032
0.254909
0.301824
0.26521
0.111357
-0.0389435
-0.177222
-0.220028
-0.230487
-0.234478
-0.23484
-0.586594
-0.574712
-0.523041
-0.446715
-0.358327
-0.263876
-0.165689
-0.0658733
0.0327358
0.125779
0.202158
0.237748
0.194435
0.0317455
-0.107161
-0.20302
-0.244041
-0.232823
-0.230507
-0.23015
-0.619339
-0.607409
-0.555872
-0.479473
-0.391617
-0.298253
-0.201812
-0.104651
-0.00994279
0.0776547
0.146091
0.171867
0.108318
-0.0389369
-0.16296
-0.21682
-0.229145
-0.230231
-0.22861
-0.227933
-0.65215
-0.640303
-0.588699
-0.5128
-0.425703
-0.333686
-0.239311
-0.145144
-0.0547564
0.0270641
0.0878174
0.0981873
0.0207234
-0.101107
-0.200702
-0.225831
-0.229704
-0.232889
-0.232629
-0.231388
-0.68381
-0.672345
-0.620942
-0.545858
-0.459841
-0.369508
-0.277539
-0.186706
-0.100989
-0.0254666
0.0290179
0.0231927
-0.0639659
-0.159881
-0.220594
-0.27181
-0.250684
-0.238336
-0.234528
-0.234256
-0.712847
-0.701856
-0.651509
-0.577399
-0.493029
-0.404793
-0.315627
-0.228454
-0.147636
-0.078894
-0.0299595
-0.0475278
-0.155404
-0.223159
-0.23942
-0.244426
-0.256965
-0.255039
-0.251855
-0.251827
-0.737629
-0.727321
-0.678411
-0.606214
-0.524014
-0.438336
-0.352427
-0.269255
-0.193402
-0.131617
-0.0898579
-0.115643
-0.254796
-0.34169
-0.283827
-0.305657
-0.335764
-0.349841
-0.347213
-0.341501
-0.755863
-0.746463
-0.699767
-0.630341
-0.551203
-0.468762
-0.386531
-0.307707
-0.23677
-0.181699
-0.149159
-0.180281
-0.353756
-0.563692
-0.631199
-0.558385
-0.532119
-0.528417
-0.508623
-0.487929
-0.765541
-0.756999
-0.713613
-0.647926
-0.572754
-0.494399
-0.416415
-0.342083
-0.276019
-0.226732
-0.203496
-0.234747
-0.405181
-0.712066
-1.07343
-0.79343
-0.586029
-0.530975
-0.520634
-0.514882
-0.762979
-0.755808
-0.718234
-0.657171
-0.586977
-0.513575
-0.440332
-0.370588
-0.3091
-0.263927
-0.247491
-0.258693
-0.329531
-0.354666
-0.39747
-0.437275
-0.467627
-0.458679
-0.456192
-0.456654
-0.746446
-0.741566
-0.711345
-0.656704
-0.592515
-0.524884
-0.456732
-0.391328
-0.333732
-0.291041
-0.278057
-0.26993
-0.169917
0.188596
0.500635
0.111578
-0.288966
-0.434502
-0.445142
-0.446816
-0.716382
-0.712783
-0.691233
-0.64581
-0.588937
-0.527597
-0.464592
-0.402841
-0.347595
-0.306752
-0.291966
-0.299507
-0.291015
-0.258317
-0.350483
-0.77445
-0.910581
-0.748455
-0.600066
-0.562048
-0.676657
-0.674365
-0.661007
-0.626171
-0.577243
-0.522176
-0.463682
-0.404547
-0.349073
-0.306176
-0.289986
-0.36356
-0.726822
-1.50614
-2.12683
-2.47437
-2.48794
-2.22289
-1.89157
-1.6676
-0.634042
-0.632769
-0.625478
-0.601792
-0.560834
-0.510353
-0.455014
-0.396312
-0.337648
-0.284877
-0.26228
-0.306551
-0.718818
-1.31443
-1.94282
-2.24378
-2.19483
-1.91614
-1.62413
-1.3945
-0.59687
-0.596144
-0.59279
-0.577013
-0.543218
-0.49615
-0.441198
-0.379608
-0.313732
-0.245218
-0.177209
-0.110323
-0.139823
-0.0889765
0.0832489
0.35683
0.724326
1.03846
1.25406
1.368
-0.568037
-0.567094
-0.565555
-0.55793
-0.530108
-0.484196
-0.426239
-0.358885
-0.281641
-0.193604
-0.0819805
0.0478782
0.27682
0.676838
1.24129
1.82021
2.2793
2.57631
2.73145
2.79749
-0.54588
-0.545344
-0.544806
-0.542136
-0.521591
-0.476121
-0.41338
-0.339693
-0.252654
-0.151784
-0.0301554
0.108631
0.286493
0.687362
1.25211
1.81828
2.28144
2.58648
2.74518
2.80202
-0.530391
-0.530076
-0.529878
-0.52942
-0.515733
-0.4711
-0.404096
-0.324078
-0.23276
-0.127372
-0.013406
0.113094
0.229831
0.536917
1.04053
1.50533
1.88489
2.13183
2.25586
2.30068
-0.518469
-0.51769
-0.516422
-0.516922
-0.509845
-0.467779
-0.396497
-0.311576
-0.218943
-0.117077
-0.00897224
0.100511
0.206732
0.397376
0.774316
1.12635
1.40115
1.57956
1.66772
1.69986
-0.517142
-0.51565
-0.515228
-0.517497
-0.510972
-0.464793
-0.386577
-0.2975
-0.204685
-0.107415
-0.00682347
0.0847375
0.1706
0.291734
0.542388
0.78703
0.976572
1.10062
1.16135
1.18262
-0.519013
-0.518671
-0.52392
-0.527506
-0.514536
-0.455779
-0.367543
-0.275685
-0.186079
-0.0966324
-0.00996647
0.0605331
0.121577
0.202041
0.378868
0.540785
0.663512
0.74423
0.783359
0.796798
-0.480893
-0.483764
-0.492837
-0.497561
-0.477444
-0.41317
-0.326525
-0.241424
-0.161949
-0.0860198
-0.0138877
0.0421505
0.0912516
0.141121
0.260826
0.370155
0.448782
0.499117
0.521993
0.528918
-0.359028
-0.363147
-0.371485
-0.374532
-0.357454
-0.310996
-0.251276
-0.189157
-0.128238
-0.0685341
-0.0113985
0.0328423
0.0672929
0.0997064
0.17842
0.249621
0.300433
0.332864
0.347265
0.351349
-0.187257
-0.190271
-0.195272
-0.199758
-0.19616
-0.179539
-0.154401
-0.12278
-0.0868554
-0.0466117
-0.00602864
0.0274614
0.0522745
0.0738054
0.125893
0.17185
0.204315
0.224273
0.23399
0.236513
-0.0371948
-0.0388774
-0.0419331
-0.0487731
-0.0580197
-0.0654568
-0.0667667
-0.0603315
-0.0456253
-0.0234026
0.0035671
0.0283348
0.0469168
0.0663325
0.0976088
0.12601
0.146211
0.158515
0.163794
0.164565
0.0536295
0.0526212
0.0503047
0.0424386
0.0273424
0.00933225
-0.00498077
-0.0123255
-0.0111967
-0.00177165
0.0146877
0.0321337
0.048146
0.0625979
0.0817921
0.0983274
0.110548
0.117936
0.120969
0.121021
0.092821
0.0921975
0.0903419
0.0833493
0.0690642
0.0506881
0.0333724
0.0204589
0.0141956
0.0152572
0.0236941
0.0356864
0.0486368
0.0594622
0.0702494
0.079815
0.0874345
0.0922077
0.0941255
0.0937782
0.102003
0.101606
0.100196
0.0949549
0.0839311
0.0689031
0.0533825
0.0401466
0.0311913
0.0275506
0.0300345
0.0369033
0.0459803
0.0539192
0.0571768
0.0631464
0.0692177
0.0734357
0.0752263
0.0748118
0.097497
0.0972413
0.0962252
0.0926647
0.0850713
0.0742089
0.0620658
0.0505636
0.0413417
0.035254
0.0332257
0.0341627
0.0362339
0.0374788
0.0402668
0.0467309
0.0530839
0.0574916
0.0593487
0.0589436
0.0883473
0.0881703
0.0874612
0.0851882
0.0803139
0.072972
0.0641806
0.055138
0.0468623
0.039893
0.0343465
0.0290935
0.0234512
0.0186991
0.0230303
0.0317324
0.0390205
0.0431417
0.0447724
0.044423
0.0788201
0.078681
0.0781902
0.0767991
0.0738549
0.0691753
0.0631907
0.0565519
0.0497218
0.0428206
0.0352505
0.0249956
0.0121798
0.00496675
0.0117405
0.0217576
0.0290574
0.0328055
0.0339273
0.0336967
0.0706146
0.0704922
0.0701468
0.069305
0.0676082
0.0648001
0.06098
0.0564565
0.0514849
0.0459738
0.0382721
0.0258858
0.0103305
0.00307547
0.0123879
0.0224348
0.0284064
0.0307639
0.031106
0.0309632
0.0640848
0.0639783
0.0637429
0.0632312
0.0622974
0.0607281
0.0584954
0.0557828
0.0527342
0.0491553
0.0440771
0.0347514
0.0222358
0.0186044
0.0281521
0.0356106
0.0389791
0.0400209
0.0400344
0.0398533
0.0587872
0.0586998
0.0585578
0.0582618
0.0578056
0.0570688
0.0560079
0.0548595
0.053815
0.0532466
0.0527246
0.0505001
0.0467702
0.0486573
0.0549154
0.0586874
0.0597038
0.0600055
0.0599615
0.0596254
0.0539953
0.0539257
0.0538615
0.0537088
0.0534993
0.0533229
0.0532194
0.0533482
0.0542543
0.0567624
0.0621148
0.0695386
0.076254
0.0836646
0.0860624
0.085592
0.0847662
0.0850932
0.0853173
0.0847273
0.0490251
0.0489696
0.0489777
0.0489586
0.0489358
0.0490203
0.0495033
0.0507333
0.0534023
0.0588224
0.0694187
0.0862817
0.104191
0.1148
0.113146
0.109392
0.107789
0.108405
0.10864
0.107746
0.0433404
0.0432929
0.0433617
0.0434839
0.0436207
0.0440199
0.0446912
0.046627
0.0501071
0.0575016
0.072081
0.0958232
0.123336
0.135782
0.129854
0.123852
0.122775
0.123866
0.123992
0.122851
0.036521
0.0364911
0.036614
0.036885
0.0371503
0.0377246
0.0387093
0.0407015
0.0448077
0.0526082
0.0677825
0.0934167
0.123445
0.13654
0.129512
0.124697
0.124445
0.126517
0.126415
0.12512
0.0282121
0.0281689
0.0282795
0.0286077
0.0291569
0.0297808
0.0308302
0.0324886
0.0360199
0.0430767
0.0557988
0.0770994
0.102059
0.112203
0.106947
0.105254
0.108399
0.111449
0.111307
0.110063
0.0185026
0.0183907
0.0183981
0.0187269
0.0192928
0.0199606
0.0209145
0.0222665
0.0247701
0.0292474
0.0381233
0.0506851
0.0614859
0.0655326
0.0648191
0.0699557
0.0750727
0.077277
0.0769431
0.0761488
0.0028853
0.00275562
0.00252164
0.00226033
0.00218952
0.00239289
0.00270263
0.00321195
0.00399141
0.00525257
0.00769253
0.00672453
0.00736009
0.00775187
0.00942589
0.00767723
0.00195842
0.00286922
0.00524166
0.0291971
-0.937144
-0.307822
0.119819
0.375686
0.563976
0.708833
0.822608
0.917101
1.01622
1.09303
0.0282934
0.232636
0.410131
0.562304
0.689369
0.793584
0.878906
0.948072
0.989905
0.995957
0.371181
0.490013
0.601771
0.703979
0.792016
0.866384
0.927154
0.972917
1.00308
1.02159
0.58464
0.664815
0.742161
0.81428
0.877529
0.931392
0.975601
1.01032
1.03733
1.05648
0.740145
0.794828
0.85421
0.907059
0.954275
0.995238
1.02997
1.0589
1.08289
1.09981
0.863473
0.904752
0.950534
0.99117
1.02858
1.06214
1.09153
1.11678
1.13791
1.15207
0.966477
1.0016
1.03811
1.07285
1.10525
1.13502
1.16156
1.18444
1.20316
1.21488
1.06002
1.09168
1.12498
1.15791
1.1888
1.21726
1.24254
1.26399
1.28076
1.29055
1.15123
1.18431
1.21892
1.25315
1.28459
1.31293
1.33755
1.35787
1.373
1.38188
1.25326
1.29127
1.32901
1.3653
1.39741
1.42523
1.44864
1.4675
1.48136
1.4908
1.3801
1.42291
1.46193
1.49745
1.52773
1.55331
1.57482
1.59234
1.60576
1.61701
1.54153
1.5831
1.61669
1.64573
1.67015
1.69166
1.71123
1.72861
1.74358
1.7573
1.73203
1.76148
1.7831
1.80224
1.8205
1.83786
1.85399
1.86969
1.88639
1.90364
1.92864
1.93926
1.95153
1.96607
1.98061
1.99353
2.00482
2.01565
2.02837
2.04393
2.11562
2.12521
2.13482
2.13685
2.1374
2.1416
2.15243
2.16877
2.18611
2.19081
2.42026
2.3614
2.30968
2.26964
2.24726
2.24318
2.25673
2.29044
2.34642
2.42576
0.966065
0.908956
0.866561
0.833023
0.808688
0.791265
0.778756
0.769774
0.763597
0.760044
0.75958
0.762388
0.767801
0.775727
0.78663
0.80159
0.82235
0.851083
0.88952
0.937605
0.770447
0.779473
0.785611
0.786217
0.78223
0.775824
0.76922
0.763654
0.759736
0.758006
0.759111
0.762661
0.767932
0.774463
0.781434
0.787135
0.789169
0.785831
0.777465
0.770277
0.746001
0.748098
0.75269
0.756436
0.759434
0.761171
0.760927
0.759116
0.75684
0.755187
0.75512
0.756879
0.759566
0.762191
0.763645
0.763092
0.760767
0.757534
0.753417
0.748978
0.739829
0.740728
0.743227
0.745857
0.747785
0.749226
0.750364
0.750897
0.750745
0.750429
0.750692
0.751686
0.752688
0.753034
0.752527
0.751489
0.750049
0.747888
0.74527
0.743241
0.734395
0.734859
0.736263
0.738302
0.740222
0.741725
0.742831
0.743742
0.744464
0.744996
0.745533
0.746052
0.746239
0.746012
0.74546
0.744496
0.742993
0.741122
0.73944
0.738411
0.729327
0.729616
0.730526
0.731987
0.733615
0.735205
0.736578
0.737689
0.738655
0.739536
0.740259
0.740666
0.740699
0.740393
0.739688
0.738579
0.737232
0.73587
0.734769
0.734137
0.724457
0.724661
0.725343
0.726501
0.727864
0.729292
0.730735
0.732079
0.733265
0.734332
0.735212
0.735696
0.735732
0.735341
0.734582
0.733614
0.732574
0.731539
0.730734
0.730288
0.719739
0.719893
0.720434
0.721406
0.722612
0.723922
0.725309
0.726737
0.728125
0.729409
0.730476
0.73108
0.731154
0.730805
0.730188
0.729427
0.728604
0.727798
0.727193
0.726858
0.715103
0.715225
0.715667
0.716506
0.717615
0.718862
0.720213
0.721667
0.723188
0.724694
0.725991
0.726767
0.726979
0.726799
0.726377
0.72581
0.725165
0.724547
0.724093
0.723833
0.71047
0.710568
0.710941
0.711691
0.712739
0.713949
0.715302
0.716804
0.718443
0.720163
0.721733
0.722764
0.723214
0.723261
0.723043
0.722666
0.722199
0.72174
0.721405
0.721199
0.705759
0.705838
0.706162
0.706854
0.707871
0.709081
0.710474
0.712062
0.713851
0.715807
0.7177
0.719081
0.719837
0.720147
0.720155
0.71997
0.719677
0.719363
0.719124
0.71896
0.700892
0.700957
0.701245
0.701906
0.702925
0.704181
0.705656
0.707384
0.709389
0.71165
0.713947
0.715749
0.716862
0.717465
0.717715
0.717732
0.717608
0.717425
0.717268
0.717136
0.695793
0.695846
0.696112
0.696767
0.697824
0.69917
0.700778
0.702707
0.705009
0.707674
0.710478
0.712778
0.714298
0.715231
0.71575
0.715982
0.716026
0.715969
0.715883
0.715779
0.690378
0.690421
0.690672
0.691343
0.692473
0.693951
0.695742
0.697934
0.700603
0.703777
0.707208
0.710113
0.712126
0.713453
0.714286
0.714771
0.714994
0.715061
0.715041
0.714959
0.68455
0.684583
0.684828
0.685533
0.686773
0.688426
0.690462
0.69299
0.696118
0.699915
0.704113
0.707767
0.710387
0.71219
0.713387
0.714164
0.714583
0.714783
0.714827
0.714766
0.678197
0.678219
0.678466
0.679226
0.680608
0.682493
0.68485
0.687822
0.691544
0.696115
0.701255
0.705825
0.709175
0.711537
0.713148
0.714234
0.714901
0.715255
0.715366
0.715324
0.671178
0.671202
0.671441
0.672266
0.673832
0.676013
0.67878
0.682314
0.686802
0.692378
0.698688
0.704334
0.708528
0.711555
0.713693
0.715153
0.716093
0.716608
0.716789
0.716764
0.663233
0.663246
0.663537
0.664445
0.666237
0.668768
0.67205
0.676272
0.681673
0.688434
0.696166
0.703171
0.70844
0.712286
0.715057
0.717006
0.718287
0.718998
0.719257
0.719248
0.654129
0.654132
0.654439
0.655481
0.657568
0.660579
0.66452
0.669643
0.676246
0.684535
0.694019
0.702623
0.709122
0.71392
0.717441
0.719975
0.721663
0.722608
0.722954
0.722957
0.643486
0.643485
0.643829
0.645046
0.647503
0.651116
0.655899
0.662165
0.670269
0.680448
0.692067
0.702599
0.710594
0.716554
0.720974
0.724194
0.726382
0.727606
0.728045
0.728055
0.630704
0.630698
0.631105
0.632551
0.635508
0.639924
0.645821
0.653582
0.663608
0.676132
0.690349
0.703187
0.712933
0.720242
0.725735
0.729786
0.732571
0.734111
0.734645
0.734654
0.614941
0.614932
0.61544
0.617247
0.620938
0.626498
0.633941
0.643725
0.656272
0.671761
0.689091
0.704591
0.716331
0.725178
0.731893
0.736865
0.740311
0.742184
0.742808
0.74281
0.59501
0.595
0.595676
0.598067
0.60287
0.610093
0.619708
0.632232
0.648035
0.66717
0.688206
0.706792
0.72081
0.731386
0.739461
0.745487
0.749652
0.75186
0.752561
0.752547
0.569099
0.569091
0.570071
0.573464
0.580095
0.589869
0.60268
0.619014
0.639066
0.662687
0.688027
0.71005
0.726555
0.739015
0.748567
0.755719
0.760624
0.763141
0.763895
0.763856
0.534184
0.534199
0.535841
0.541177
0.551061
0.564948
0.582533
0.604084
0.629527
0.658484
0.688696
0.714477
0.733639
0.748108
0.759238
0.767605
0.773223
0.775992
0.776753
0.776678
0.48452
0.484769
0.488547
0.498335
0.514301
0.534937
0.55947
0.587891
0.619913
0.654987
0.69051
0.720241
0.742154
0.758693
0.771455
0.781055
0.787343
0.790266
0.790974
0.790847
0.412649
0.415018
0.42604
0.445292
0.471298
0.501325
0.534686
0.571242
0.610711
0.652548
0.69387
0.72795
0.752953
0.771882
0.786579
0.797618
0.804654
0.807817
0.80855
0.808438
0.336018
0.342249
0.361741
0.391175
0.427784
0.467511
0.509803
0.554654
0.601929
0.651173
0.699307
0.738896
0.768
0.790142
0.807439
0.820505
0.828511
0.83191
0.832649
0.832636
0.270304
0.276809
0.302966
0.341053
0.38659
0.435218
0.486069
0.539029
0.593957
0.650433
0.705132
0.749917
0.78284
0.807957
0.827556
0.842071
0.85059
0.854336
0.855258
0.85529
0.216512
0.223472
0.253486
0.297702
0.349939
0.405807
0.464014
0.524279
0.586323
0.649625
0.710522
0.760152
0.796544
0.824233
0.845635
0.861321
0.870889
0.875131
0.875939
0.876038
0.17175
0.179018
0.211539
0.260307
0.317843
0.379603
0.443971
0.510586
0.579011
0.64859
0.715239
0.76932
0.808808
0.838676
0.861568
0.878287
0.888676
0.893297
0.894297
0.894474
0.133479
0.140906
0.175145
0.227306
0.289328
0.356066
0.425728
0.4979
0.572032
0.647326
0.719267
0.777411
0.81964
0.851319
0.875345
0.892753
0.903682
0.90876
0.910071
0.910315
0.099748
0.10727
0.142713
0.197803
0.26349
0.334478
0.408802
0.485933
0.565233
0.645783
0.722634
0.784514
0.829162
0.862332
0.887199
0.905185
0.916566
0.921984
0.923564
0.923832
0.0691651
0.0767793
0.113199
0.170766
0.239554
0.314258
0.392711
0.474321
0.558384
0.643843
0.725323
0.790691
0.837509
0.871952
0.897519
0.915939
0.927603
0.933268
0.934988
0.935266
0.0408614
0.0485561
0.0858761
0.145443
0.216959
0.294946
0.377083
0.462775
0.55125
0.641354
0.727272
0.795988
0.844853
0.880458
0.906646
0.925342
0.937198
0.942988
0.944822
0.945069
0.0141489
0.0219513
0.0601036
0.121354
0.195317
0.276206
0.361652
0.451072
0.543657
0.638179
0.728419
0.800436
0.851337
0.888096
0.914913
0.933925
0.945886
0.95176
0.953632
0.953873
-0.0113966
-0.00344692
0.0354943
0.0981879
0.174341
0.257803
0.346231
0.439062
0.535474
0.634208
0.728689
0.804051
0.857071
0.895071
0.922556
0.941891
0.953972
0.959803
0.961621
0.961909
-0.036109
-0.0279904
0.0116502
0.0757386
0.153829
0.23957
0.330698
0.426643
0.526616
0.629361
0.728033
0.806852
0.86215
0.901531
0.929777
0.949457
0.961622
0.96743
0.969173
0.969366
-0.0601229
-0.0517554
-0.0115558
0.0538943
0.133661
0.221428
0.314981
0.413766
0.51703
0.623578
0.726397
0.808827
0.866629
0.907579
0.936704
0.956778
0.969001
0.974704
0.976331
0.976429
-0.0835541
-0.075051
-0.0340791
0.0325284
0.113777
0.203346
0.299064
0.400415
0.506702
0.616826
0.723726
0.809933
0.870521
0.91329
0.943429
0.963914
0.976128
0.981632
0.983075
0.983088
-0.106494
-0.097788
-0.0561258
0.0115833
0.094163
0.185328
0.282971
0.386619
0.495639
0.609091
0.719955
0.810086
0.873788
0.918705
0.950039
0.970935
0.983038
0.98822
0.989428
0.989367
-0.12897
-0.12006
-0.0776537
-0.00893806
0.0748306
0.167403
0.266738
0.372423
0.483895
0.600394
0.715044
0.809193
0.876345
0.923838
0.956651
0.977953
0.989734
0.994419
0.995344
0.995209
-0.150911
-0.14179
-0.0986276
-0.028995
0.0558264
0.149619
0.250442
0.357905
0.471542
0.590763
0.708963
0.807156
0.878067
0.928636
0.963399
0.985201
0.996359
1.00022
1.00076
1.00056
-0.172253
-0.162921
-0.119034
-0.048561
0.0371976
0.132051
0.234153
0.343153
0.458657
0.580282
0.701709
0.803871
0.878776
0.932953
0.970375
0.99309
1.00334
1.00577
1.00565
1.00538
-0.192997
-0.18344
-0.13885
-0.0675961
0.0189893
0.114773
0.217965
0.328266
0.445346
0.569032
0.693326
0.799244
0.878267
0.936512
0.977475
1.00211
1.01166
1.01184
1.01018
1.00971
-0.213069
-0.203297
-0.158036
-0.0860518
0.00126957
0.0978419
0.201963
0.313339
0.431726
0.557127
0.683863
0.793199
0.876337
0.938907
0.984209
1.01238
1.02281
1.02091
1.01624
1.01396
-0.232494
-0.222517
-0.176567
-0.103932
-0.0159897
0.0812359
0.186123
0.298339
0.417765
0.544529
0.673256
0.785513
0.872703
0.939666
0.989674
1.02303
1.03748
1.03684
1.0287
1.01194
-0.251284
-0.241133
-0.194542
-0.121411
-0.0330316
0.0646392
0.170058
0.28279
0.402904
0.530587
0.660825
0.775433
0.86661
0.938081
0.992245
1.03106
1.05145
1.05078
1.04213
1.00382
-0.269683
-0.25888
-0.211921
-0.138326
-0.0497199
0.048181
0.153969
0.266921
0.387386
0.51552
0.646678
0.762852
0.857348
0.933483
0.989498
1.02825
1.04976
1.05149
0.999922
0.940903
-0.288991
-0.274521
-0.228542
-0.154549
-0.066284
0.0316655
0.137598
0.250739
0.371188
0.499303
0.630674
0.74755
0.843633
0.92589
0.979523
1.00449
1.02112
0.994552
0.930215
0.865324
-0.309187
-0.308105
-0.24908
-0.167717
-0.0799419
0.0177892
0.121446
0.234904
0.35504
0.48273
0.613435
0.729932
0.825061
0.917802
0.943383
0.951787
0.946346
0.891445
0.820276
0.750115
-0.285115
-0.281983
-0.224631
-0.143705
-0.050979
0.0504031
0.158961
0.275042
0.398027
0.528839
0.652913
0.755899
0.840898
0.930727
0.951626
0.862006
0.784154
0.721011
0.650888
0.509785
-0.324912
-0.297712
-0.238141
-0.156651
-0.0639091
0.0371632
0.145119
0.260565
0.382605
0.511841
0.633351
0.733323
0.809764
0.870326
0.845667
0.72396
0.610945
0.532571
0.450859
0.292243
-0.34996
-0.318274
-0.257048
-0.17598
-0.0832222
0.0175939
0.125647
0.240302
0.361015
0.487993
0.606086
0.701104
0.769127
0.794656
0.7226
0.566909
0.434877
0.336131
0.224699
-0.000272996
-0.374035
-0.340366
-0.277588
-0.195899
-0.103091
-0.00238892
0.105304
0.21901
0.338158
0.462463
0.576235
0.664972
0.720676
0.712994
0.584454
0.405145
0.241858
0.105266
-0.0494761
-0.414611
-0.397325
-0.362795
-0.298895
-0.216416
-0.123444
-0.02293
0.0841271
0.196757
0.314134
0.43542
0.544162
0.626086
0.664438
0.627225
0.450606
0.249507
0.0457684
-0.12551
-0.372295
-0.909135
-0.420463
-0.385839
-0.321216
-0.238162
-0.144983
-0.044671
0.0617554
0.173226
0.288632
0.406596
0.509876
0.583969
0.604223
0.520561
0.327813
0.116731
-0.093666
-0.278693
-0.454785
-1.0445
-0.44459
-0.409823
-0.344808
-0.261376
-0.16804
-0.0678956
0.0379314
0.148219
0.261521
0.375934
0.473547
0.538301
0.536181
0.408916
0.221489
0.0176748
-0.170713
-0.294709
-0.325742
-0.37105
-0.470113
-0.435239
-0.369977
-0.286373
-0.193059
-0.0932401
0.0118109
0.120635
0.231425
0.341648
0.433133
0.486115
0.461682
0.305307
0.124989
-0.0553594
-0.201289
-0.260495
-0.281913
-0.287107
-0.49736
-0.462266
-0.396802
-0.313136
-0.220004
-0.120689
-0.0166763
0.0903617
0.198229
0.303617
0.388444
0.427027
0.387546
0.208219
0.03725
-0.120483
-0.228798
-0.253824
-0.255893
-0.256416
-0.526433
-0.491013
-0.425316
-0.341642
-0.248829
-0.150232
-0.0475162
0.0574055
0.161904
0.261886
0.339101
0.365078
0.296744
0.11913
-0.0431941
-0.180612
-0.229528
-0.242389
-0.243217
-0.242829
-0.557209
-0.521396
-0.45547
-0.371862
-0.279501
-0.181823
-0.0806723
0.0217754
0.12248
0.216544
0.285302
0.298157
0.198989
0.0362548
-0.112929
-0.219071
-0.232669
-0.233538
-0.234871
-0.234594
-0.589199
-0.553357
-0.487073
-0.403611
-0.311862
-0.215331
-0.116038
-0.0164435
0.0800657
0.167758
0.227966
0.223852
0.112268
-0.0383182
-0.167549
-0.211784
-0.229703
-0.230814
-0.230295
-0.230017
-0.622048
-0.585807
-0.519749
-0.436569
-0.345623
-0.250489
-0.153359
-0.0569979
0.0349019
0.115977
0.166936
0.149131
0.0303968
-0.101809
-0.205004
-0.241351
-0.233503
-0.2292
-0.228217
-0.227614
-0.654811
-0.618604
-0.552937
-0.470202
-0.380302
-0.286852
-0.192216
-0.0994589
-0.0126296
0.06189
0.101922
0.0761863
-0.0468705
-0.152094
-0.229702
-0.227748
-0.231447
-0.233121
-0.231986
-0.23089
-0.686453
-0.650848
-0.58542
-0.503731
-0.415198
-0.32378
-0.231976
-0.143144
-0.0618508
0.00603332
0.0380425
-0.00116925
-0.12054
-0.195904
-0.22569
-0.248725
-0.242553
-0.235628
-0.23435
-0.234053
-0.715442
-0.680814
-0.616479
-0.536063
-0.449353
-0.360363
-0.271773
-0.187138
-0.111661
-0.0508922
-0.0218078
-0.0895878
-0.201265
-0.235557
-0.235037
-0.255152
-0.256583
-0.253029
-0.251701
-0.251163
-0.740073
-0.706924
-0.644271
-0.565942
-0.48155
-0.395435
-0.310468
-0.230254
-0.160577
-0.10775
-0.0814237
-0.177661
-0.312133
-0.331097
-0.292431
-0.32485
-0.344509
-0.349969
-0.344021
-0.33946
-0.758131
-0.72717
-0.66687
-0.59161
-0.510303
-0.427627
-0.346649
-0.271057
-0.206919
-0.162601
-0.142443
-0.255839
-0.456014
-0.638846
-0.588655
-0.540398
-0.532387
-0.519904
-0.496283
-0.485875
-0.767413
-0.739185
-0.682537
-0.61117
-0.533868
-0.45536
-0.378737
-0.307843
-0.248752
-0.212303
-0.19684
-0.312432
-0.526895
-0.920358
-0.974107
-0.668194
-0.54393
-0.524893
-0.51703
-0.51506
-0.765459
-0.741009
-0.689436
-0.622891
-0.550578
-0.476928
-0.404937
-0.338661
-0.283944
-0.25162
-0.237163
-0.311255
-0.336593
-0.372201
-0.421204
-0.458785
-0.464181
-0.456156
-0.456686
-0.456284
-0.748557
-0.730193
-0.686011
-0.625409
-0.55908
-0.490853
-0.423587
-0.361379
-0.310026
-0.279527
-0.270267
-0.244667
-0.0295734
0.396608
0.317698
-0.111134
-0.392448
-0.438052
-0.447021
-0.44555
-0.718145
-0.705175
-0.670729
-0.618305
-0.55871
-0.496286
-0.43347
-0.37414
-0.324974
-0.295234
-0.294001
-0.298109
-0.280263
-0.203413
-0.555169
-0.899609
-0.849301
-0.657436
-0.567617
-0.578016
-0.678129
-0.669798
-0.646119
-0.602834
-0.550251
-0.493328
-0.434124
-0.376118
-0.325372
-0.29431
-0.298926
-0.493247
-1.06873
-1.89187
-2.32023
-2.52864
-2.38222
-2.05256
-1.75983
-1.63668
-0.635207
-0.63058
-0.616015
-0.582939
-0.536481
-0.483391
-0.426003
-0.366826
-0.310229
-0.267391
-0.265489
-0.472367
-0.992964
-1.65845
-2.13547
-2.26462
-2.06443
-1.76857
-1.47369
-1.3819
-0.597638
-0.595269
-0.587038
-0.562114
-0.521082
-0.469585
-0.41123
-0.347234
-0.279875
-0.208506
-0.146892
-0.117199
-0.141689
-0.0053636
0.196525
0.538223
0.893803
1.15928
1.3241
1.39288
-0.567581
-0.566497
-0.563522
-0.546645
-0.509
-0.456356
-0.393941
-0.321451
-0.239567
-0.140159
-0.0193318
0.145475
0.454826
0.938432
1.54377
2.06694
2.44918
2.66854
2.77305
2.80965
-0.545654
-0.545012
-0.544427
-0.534971
-0.501461
-0.446481
-0.378118
-0.298096
-0.204098
-0.0932531
0.0398376
0.175305
0.45286
0.956987
1.54351
2.06705
2.45481
2.68197
2.78357
2.81004
-0.530263
-0.529921
-0.530021
-0.525794
-0.496944
-0.439781
-0.36548
-0.28015
-0.181759
-0.0700991
0.0482247
0.172786
0.341278
0.783836
1.28111
1.70875
2.02655
2.20675
2.28584
2.30704
-0.518205
-0.517027
-0.516371
-0.516325
-0.493574
-0.434627
-0.355273
-0.266236
-0.169508
-0.0619969
0.0446525
0.155015
0.272354
0.57565
0.959808
1.27336
1.50399
1.63288
1.68915
1.70397
-0.516432
-0.515131
-0.516059
-0.517454
-0.493556
-0.427966
-0.342875
-0.251494
-0.157119
-0.0557302
0.0397471
0.128144
0.212544
0.408426
0.670612
0.888699
1.04811
1.1375
1.17567
1.1849
-0.518254
-0.520721
-0.52637
-0.524993
-0.491368
-0.413099
-0.321653
-0.230718
-0.141849
-0.0511866
0.0270137
0.0926462
0.14674
0.286149
0.464463
0.606715
0.710204
0.767974
0.792515
0.797717
-0.481574
-0.487787
-0.496769
-0.492067
-0.450607
-0.370477
-0.283532
-0.20115
-0.124061
-0.0481879
0.0167001
0.066305
0.109351
0.197278
0.319015
0.412945
0.478249
0.513079
0.527046
0.52868
-0.360363
-0.367205
-0.374359
-0.369428
-0.337301
-0.281806
-0.220413
-0.158487
-0.0986431
-0.0385198
0.0128814
0.0483044
0.0802692
0.138345
0.215557
0.277494
0.319509
0.341775
0.350312
0.350747
-0.188595
-0.192566
-0.197961
-0.199304
-0.189351
-0.167906
-0.139225
-0.105382
-0.0673165
-0.025252
0.0113267
0.0373469
0.0611382
0.100596
0.149706
0.189791
0.215923
0.230091
0.236079
0.235726
-0.0381158
-0.040023
-0.0448324
-0.0534413
-0.0620862
-0.0670499
-0.0644532
-0.0540565
-0.0354132
-0.00962188
0.0160718
0.0373547
0.0552382
0.0817652
0.112502
0.137186
0.153413
0.161893
0.164609
0.163731
0.0529983
0.051917
0.0472343
0.0356937
0.0182368
0.00152819
-0.00956904
-0.0128364
-0.00748174
0.00614626
0.0233301
0.0399397
0.0548882
0.0720584
0.0904328
0.105053
0.114897
0.119922
0.121304
0.120197
0.0924404
0.0916631
0.0876782
0.0770655
0.0600379
0.0417054
0.0262908
0.0164304
0.013798
0.0188601
0.029221
0.0420404
0.0544019
0.0648039
0.0750214
0.083985
0.090223
0.0934989
0.0941997
0.0929769
0.101786
0.10119
0.0982099
0.0901593
0.0766937
0.0610412
0.0464257
0.0350768
0.0286481
0.0281571
0.0328581
0.0410679
0.0504506
0.055338
0.059856
0.0663128
0.0716752
0.074606
0.0752895
0.0740586
0.0973768
0.0969265
0.0948722
0.0893885
0.079926
0.0681852
0.0561701
0.045634
0.0378587
0.0338387
0.0332719
0.0351133
0.0373623
0.0380791
0.0432727
0.0500636
0.0556303
0.0586812
0.0594252
0.0582622
0.0882766
0.087937
0.086589
0.0831038
0.0768925
0.0686943
0.0596376
0.0508709
0.0432191
0.037006
0.0316122
0.0263995
0.0202471
0.0197283
0.0273338
0.0356941
0.0415141
0.0442451
0.0448175
0.0438385
0.0787691
0.078508
0.0776456
0.0755507
0.0717094
0.0663189
0.0599138
0.0531494
0.0463303
0.0392494
0.0304003
0.01842
0.00708828
0.00716476
0.0169112
0.0258775
0.0313183
0.0335921
0.0339679
0.0332284
0.070568
0.0703622
0.0698066
0.068585
0.0663414
0.0630045
0.0587812
0.0540096
0.048841
0.0424952
0.0327245
0.0181116
0.00431984
0.00692836
0.0178577
0.0259497
0.0299919
0.0310194
0.0311186
0.0306158
0.0640398
0.0638861
0.0635287
0.0628335
0.0615996
0.0596862
0.0571855
0.0542689
0.0511269
0.0468839
0.039959
0.0283751
0.0182627
0.023256
0.0323081
0.0377152
0.0397276
0.0400606
0.039997
0.0395732
0.0587451
0.0586424
0.0584326
0.0580398
0.057512
0.0565571
0.0554317
0.0543299
0.0535113
0.0530221
0.0519165
0.0485192
0.0463794
0.0520419
0.0573191
0.0593354
0.0599102
0.0600082
0.0598595
0.0593605
0.0539563
0.0538983
0.0538011
0.05361
0.0533704
0.0532669
0.0532373
0.0536861
0.0552648
0.0591351
0.0657189
0.0730003
0.0793419
0.085672
0.0859664
0.0850699
0.0848488
0.0853115
0.0850919
0.084445
0.0489881
0.0489693
0.0489794
0.0489493
0.0489696
0.0492066
0.0499927
0.0518298
0.0556462
0.0633132
0.0772237
0.0957492
0.112229
0.114645
0.11102
0.108151
0.108018
0.108737
0.108215
0.107434
0.0433032
0.0433145
0.043424
0.0435217
0.0438036
0.0442647
0.0455369
0.0480464
0.0531433
0.063749
0.0829693
0.109753
0.132961
0.133728
0.126161
0.122519
0.123289
0.124262
0.123392
0.122497
0.0364886
0.0365343
0.0367325
0.037049
0.0373174
0.0381689
0.0394488
0.0424639
0.0480219
0.0590445
0.079317
0.108678
0.133044
0.133644
0.126182
0.124681
0.125353
0.126749
0.125712
0.124673
0.0281745
0.0282018
0.0284153
0.0288586
0.0294571
0.0302644
0.0314806
0.03394
0.038982
0.0483817
0.0655987
0.0898624
0.109523
0.110025
0.105424
0.106153
0.11034
0.11173
0.110649
0.109517
0.0184383
0.0183736
0.0185093
0.0189971
0.0195991
0.020376
0.0215025
0.0233056
0.0266688
0.0334502
0.0440334
0.0570445
0.0649002
0.0646712
0.066994
0.0727266
0.076537
0.0774928
0.0765928
0.0755732
0.00807843
0.00796594
0.0079761
0.00817723
0.00844062
0.0088352
0.00932522
0.0102016
0.0114561
0.0137404
0.0171907
0.0222176
0.0184735
0.0166248
0.0211504
0.0280273
0.0298903
0.0300704
0.0296576
0.0287812
-0.575641
-0.05694
0.258219
0.474246
0.640388
0.768065
0.872265
0.963317
1.06704
1.05779
0.165714
0.324667
0.489639
0.629001
0.744205
0.838262
0.915766
0.973538
0.996965
1.00315
0.443389
0.546362
0.654684
0.749756
0.830881
0.898511
0.952056
0.989684
1.01395
1.03096
0.633549
0.704163
0.779267
0.847082
0.905651
0.954714
0.994088
1.02462
1.04849
1.06704
0.775842
0.827715
0.881176
0.931473
0.975539
1.01336
1.04512
1.07147
1.09294
1.11129
0.890784
0.928448
0.971252
1.01033
1.04588
1.07735
1.10468
1.12788
1.14641
1.16436
0.988988
1.01979
1.05579
1.08935
1.1205
1.14872
1.17349
1.19437
1.21026
1.22793
1.07907
1.10796
1.14169
1.17362
1.20338
1.23034
1.25379
1.27303
1.28668
1.30422
1.16983
1.20122
1.23635
1.26923
1.29919
1.32573
1.34829
1.36615
1.37817
1.39586
1.27361
1.30995
1.34762
1.38189
1.41186
1.4375
1.45866
1.47506
1.48636
1.50456
1.40264
1.44265
1.48032
1.51322
1.54105
1.56455
1.5841
1.59949
1.61133
1.62977
1.56358
1.60039
1.63188
1.65841
1.68118
1.70168
1.72023
1.73633
1.75042
1.76843
1.74763
1.77293
1.79281
1.81147
1.82932
1.84609
1.86181
1.87785
1.89508
1.91418
1.93343
1.94514
1.95862
1.97351
1.98729
1.99936
2.01017
2.02162
2.03595
2.05453
2.11672
2.13125
2.13641
2.13696
2.13878
2.14613
2.16003
2.178
2.19061
2.20412
2.38919
2.33484
2.28764
2.25613
2.24304
2.24763
2.2709
2.31561
2.38297
2.47847
0.829851
0.825166
0.817766
0.805871
0.792883
0.781403
0.772263
0.765435
0.760897
0.758925
0.760093
0.764041
0.770189
0.778486
0.789043
0.801636
0.814693
0.824576
0.830545
0.833942
0.751869
0.758951
0.764928
0.769137
0.770411
0.768638
0.765015
0.761113
0.758046
0.756657
0.757671
0.760669
0.76476
0.769059
0.772229
0.772744
0.770031
0.76489
0.758042
0.752173
0.742722
0.745725
0.748975
0.751461
0.753464
0.754906
0.755235
0.754471
0.753347
0.752817
0.753603
0.755285
0.756904
0.757588
0.756938
0.75536
0.753304
0.750512
0.747229
0.744889
0.737053
0.738505
0.740733
0.742966
0.744606
0.745801
0.746766
0.7474
0.747659
0.747907
0.74851
0.749168
0.749385
0.74903
0.748298
0.747169
0.745404
0.743161
0.74137
0.740285
0.731833
0.732652
0.734112
0.735902
0.737633
0.739056
0.740147
0.74107
0.741879
0.74258
0.743138
0.743387
0.743279
0.742852
0.742022
0.740725
0.739158
0.737604
0.736576
0.735918
0.726873
0.727428
0.728499
0.729904
0.731412
0.732903
0.734251
0.735397
0.736417
0.737337
0.737971
0.738196
0.73804
0.737478
0.736542
0.7354
0.734197
0.733099
0.732401
0.73194
0.722086
0.722502
0.723358
0.724554
0.725865
0.727257
0.728676
0.730033
0.731267
0.73237
0.733146
0.733434
0.733252
0.732685
0.731884
0.730982
0.73005
0.729216
0.7287
0.72835
0.717419
0.717746
0.718452
0.719501
0.720717
0.722033
0.723437
0.724898
0.726338
0.727668
0.728623
0.729013
0.728918
0.728503
0.727901
0.727191
0.726457
0.725826
0.725436
0.725159
0.712795
0.71306
0.713662
0.714613
0.715769
0.71705
0.718459
0.719992
0.7216
0.72318
0.724369
0.72495
0.725054
0.724842
0.724434
0.72391
0.723352
0.722879
0.722582
0.722356
0.708134
0.708354
0.708882
0.709773
0.710893
0.712172
0.713624
0.715251
0.717028
0.718874
0.720369
0.721242
0.721609
0.721627
0.721419
0.721086
0.720689
0.720351
0.720127
0.719937
0.703354
0.703539
0.704019
0.704881
0.706003
0.707324
0.708859
0.710629
0.712631
0.714796
0.716676
0.717906
0.718577
0.71885
0.718857
0.718701
0.718463
0.718241
0.718077
0.717914
0.69838
0.698539
0.698991
0.699855
0.701021
0.702427
0.704097
0.706076
0.708377
0.710948
0.713299
0.714954
0.715968
0.716521
0.71676
0.716788
0.716704
0.716586
0.71647
0.716328
0.693133
0.693272
0.693713
0.694609
0.695859
0.697395
0.699257
0.701519
0.704216
0.707319
0.710238
0.712382
0.713791
0.714665
0.715162
0.715389
0.715459
0.715437
0.715363
0.715238
0.687524
0.687648
0.688093
0.689047
0.690418
0.692131
0.694242
0.69685
0.700023
0.703766
0.707391
0.710151
0.712057
0.713314
0.714113
0.714566
0.7148
0.714873
0.714838
0.714724
0.681448
0.681558
0.682017
0.683056
0.684592
0.686545
0.688989
0.692046
0.695825
0.700361
0.704849
0.708351
0.710847
0.712552
0.713677
0.714403
0.714825
0.714997
0.715001
0.714896
0.674792
0.674874
0.675363
0.676517
0.678269
0.68053
0.683398
0.687043
0.691599
0.697124
0.702664
0.70706
0.71024
0.712481
0.713999
0.715028
0.715658
0.715937
0.715979
0.715879
0.667327
0.667433
0.667961
0.669254
0.671259
0.673902
0.67731
0.681676
0.687197
0.693958
0.700772
0.706233
0.710258
0.713148
0.715167
0.716572
0.717441
0.717838
0.717918
0.717821
0.658829
0.658923
0.659527
0.661001
0.66334
0.666475
0.670556
0.675826
0.682523
0.69077
0.699169
0.70596
0.710993
0.714663
0.717308
0.719174
0.720334
0.720872
0.720993
0.720895
0.649
0.6491
0.649803
0.651514
0.654278
0.658049
0.663007
0.669464
0.677704
0.68784
0.69811
0.706423
0.712642
0.71723
0.7206
0.723004
0.724523
0.725223
0.725382
0.725279
0.637348
0.637465
0.638305
0.640327
0.643632
0.648214
0.65429
0.662225
0.672341
0.684758
0.697336
0.707526
0.715183
0.720888
0.72513
0.728204
0.730151
0.731034
0.731229
0.731112
0.623152
0.62331
0.624367
0.626825
0.630883
0.636588
0.644184
0.654097
0.666658
0.68191
0.697203
0.709521
0.718812
0.725791
0.731051
0.734885
0.737312
0.738389
0.738612
0.738474
0.605418
0.605656
0.607056
0.610175
0.61533
0.622618
0.632296
0.644814
0.660456
0.679157
0.697647
0.712448
0.723598
0.732038
0.738432
0.743122
0.746062
0.747331
0.747572
0.747407
0.582682
0.583073
0.585029
0.589193
0.596024
0.605642
0.618256
0.63427
0.653826
0.676673
0.698857
0.716434
0.729652
0.739687
0.747339
0.752963
0.756424
0.757867
0.758114
0.757918
0.552611
0.553309
0.556247
0.562246
0.571845
0.585033
0.601861
0.62254
0.646983
0.674716
0.701047
0.721646
0.737095
0.748856
0.757843
0.764444
0.768393
0.76997
0.770204
0.769977
0.511132
0.512566
0.517625
0.52722
0.541641
0.560388
0.583171
0.609889
0.640226
0.673522
0.704374
0.728187
0.74597
0.759536
0.769982
0.777542
0.78189
0.783518
0.783713
0.783457
0.450672
0.45511
0.465781
0.48252
0.505121
0.532164
0.562876
0.596996
0.634103
0.673474
0.709055
0.736144
0.756297
0.771673
0.783504
0.791989
0.796626
0.798161
0.798266
0.798004
0.378158
0.386442
0.406018
0.433344
0.466361
0.502701
0.54196
0.584028
0.628563
0.674922
0.716347
0.747806
0.771299
0.789293
0.803048
0.812792
0.817893
0.819561
0.819774
0.819674
0.305347
0.31916
0.347778
0.385471
0.42839
0.473968
0.521805
0.571906
0.623995
0.677521
0.725033
0.761069
0.78805
0.808918
0.825015
0.836043
0.841382
0.842692
0.842962
0.842981
0.245236
0.262648
0.297035
0.342437
0.393354
0.447012
0.502739
0.560435
0.619771
0.680169
0.733431
0.77372
0.803887
0.827165
0.844882
0.856796
0.862283
0.86438
0.864844
0.864931
0.195736
0.21521
0.253945
0.305088
0.36229
0.422571
0.485086
0.549583
0.615587
0.68241
0.741041
0.785211
0.818168
0.843463
0.862596
0.875427
0.881846
0.884371
0.884923
0.885031
0.154068
0.174699
0.216723
0.27234
0.33477
0.400598
0.468929
0.539419
0.611449
0.684176
0.747746
0.795429
0.8308
0.857736
0.877956
0.891606
0.898783
0.901596
0.902225
0.90234
0.117862
0.139231
0.183876
0.243165
0.309942
0.380556
0.453994
0.529826
0.607317
0.68547
0.753591
0.804438
0.841892
0.870091
0.891086
0.905349
0.913116
0.916196
0.916924
0.917035
0.0855547
0.107447
0.154188
0.216588
0.287064
0.36186
0.439854
0.520525
0.603047
0.686257
0.758626
0.812353
0.851586
0.880821
0.902441
0.917163
0.925384
0.928677
0.929438
0.929521
0.0560138
0.0782938
0.126764
0.191833
0.26555
0.344041
0.426122
0.511232
0.598446
0.686446
0.762853
0.819274
0.860105
0.890234
0.9123
0.927334
0.935837
0.939215
0.940047
0.940096
0.0283671
0.0510601
0.101101
0.168379
0.244971
0.326741
0.412521
0.501713
0.593335
0.685926
0.766258
0.825297
0.867663
0.898639
0.92116
0.936398
0.944989
0.948494
0.949293
0.949314
0.00213766
0.0252795
0.0766187
0.145889
0.225011
0.309709
0.398842
0.491802
0.587578
0.684596
0.768816
0.830495
0.874446
0.906297
0.929282
0.944765
0.953417
0.956933
0.95765
0.957582
-0.0230753
0.000593463
0.0529503
0.124092
0.205456
0.29277
0.384954
0.481387
0.581066
0.682379
0.770499
0.834929
0.880591
0.913416
0.936903
0.952599
0.961278
0.964716
0.965426
0.965324
-0.0475182
-0.0233971
0.030009
0.102827
0.186158
0.27582
0.370766
0.470395
0.573734
0.679199
0.771282
0.838647
0.8862
0.920137
0.9442
0.960116
0.968802
0.972142
0.972765
0.972635
-0.0713536
-0.0467184
0.00772453
0.0819811
0.167047
0.258807
0.356243
0.458796
0.565549
0.675012
0.771117
0.841645
0.891341
0.926562
0.95128
0.967402
0.976012
0.979182
0.979699
0.979529
-0.0946562
-0.069465
-0.014041
0.0615003
0.148106
0.241732
0.341398
0.446594
0.556492
0.669775
0.769934
0.84388
0.896035
0.932771
0.958219
0.974497
0.982949
0.98587
0.986241
0.986032
-0.117407
-0.0917213
-0.035342
0.0413715
0.129348
0.224614
0.326261
0.433826
0.546583
0.66346
0.767652
0.845267
0.900266
0.938836
0.965121
0.981451
0.989553
0.992126
0.992357
0.99212
-0.139673
-0.113437
-0.0561371
0.0216221
0.110804
0.207506
0.310897
0.420552
0.535877
0.656064
0.764206
0.845694
0.903956
0.944819
0.972156
0.988388
0.995859
0.997929
0.998
0.997746
-0.161346
-0.134573
-0.0764013
0.00228727
0.0925244
0.190482
0.295384
0.406856
0.52444
0.64761
0.759533
0.845026
0.906961
0.950717
0.979569
0.995628
1.002
1.00325
1.00311
1.00287
-0.182436
-0.155086
-0.0961257
-0.0165822
0.0745779
0.173612
0.279815
0.392843
0.512358
0.638164
0.753588
0.843112
0.909062
0.956392
0.987605
1.00382
1.00855
1.00824
1.00765
1.00748
-0.202853
-0.174974
-0.115256
-0.0349411
0.0570195
0.15698
0.264271
0.378595
0.499748
0.627813
0.746353
0.839805
0.909981
0.961479
0.996228
1.01384
1.01707
1.01401
1.01182
1.01145
-0.222655
-0.194213
-0.133741
-0.0527332
0.0399242
0.140672
0.248878
0.364251
0.486741
0.616663
0.737854
0.834974
0.909413
0.965354
1.00474
1.02598
1.02995
1.02458
1.01669
0.999877
-0.241777
-0.212803
-0.151721
-0.0701638
0.0229918
0.124348
0.233208
0.349338
0.472803
0.604167
0.727506
0.827974
0.906882
0.967273
1.01181
1.03909
1.04744
1.04219
1.02751
1.04085
-0.260313
-0.230678
-0.169151
-0.0871883
0.00627625
0.108063
0.217269
0.333883
0.457929
0.59023
0.715135
0.818199
0.901741
0.965987
1.01354
1.04496
1.05825
1.0502
0.991491
0.977292
-0.278904
-0.24824
-0.18577
-0.10346
-0.00975134
0.0922437
0.201257
0.318159
0.442422
0.575075
0.700816
0.805235
0.893318
0.960784
1.00474
1.03456
1.03965
1.00409
0.936393
0.895908
-0.298882
-0.266952
-0.201131
-0.1185
-0.0245341
0.0771621
0.185583
0.302389
0.426426
0.558772
0.684506
0.788991
0.879779
0.951443
0.998587
0.994583
0.973778
0.913743
0.842436
0.799489
0.114635
0.227962
0.347891
0.475222
0.605101
0.720633
0.813904
0.673989
-0.317114
-0.301481
-0.262631
-0.192952
-0.105417
-0.00857786
0.0963152
0.208496
0.327547
0.453553
0.582032
0.696497
0.787591
0.864574
0.916275
0.87786
0.743743
0.65901
0.591822
-0.337036
-0.324166
-0.279928
-0.208694
-0.120923
-0.0239907
0.0803575
0.192012
0.310144
0.43467
0.560715
0.671637
0.75717
0.819122
0.819217
0.71958
0.580508
0.478353
0.391394
-0.360243
-0.347738
-0.300611
-0.228233
-0.140388
-0.0433618
0.0610079
0.172277
0.289398
0.412216
0.535028
0.640882
0.718183
0.761072
0.723234
0.568158
0.408786
0.280069
0.165392
-0.38366
-0.371052
-0.322298
-0.248732
-0.160501
-0.0635267
0.0405488
0.151045
0.266874
0.387551
0.506671
0.606867
0.676177
0.694164
0.610486
0.421571
0.230852
0.0592743
-0.104762
-0.406524
-0.394239
-0.344649
-0.270105
-0.181437
-0.0844821
0.0191647
0.12875
0.243113
0.361326
0.476327
0.57015
0.62941
0.612447
0.483899
0.28525
0.0714892
-0.124099
-0.306415
-0.429944
-0.417905
-0.367925
-0.292748
-0.20372
-0.106732
-0.00344188
0.105293
0.218139
0.333756
0.444474
0.531378
0.577745
0.536849
0.367427
0.170603
-0.0403007
-0.232837
-0.348459
-0.417892
-0.454702
-0.442802
-0.392498
-0.316963
-0.227769
-0.130848
-0.0279878
0.0797766
0.190878
0.303502
0.409454
0.488622
0.520474
0.456701
0.262081
0.0730209
-0.110256
-0.246502
-0.289253
-0.313572
-0.480944
-0.46915
-0.418625
-0.342871
-0.253666
-0.157001
-0.0547544
0.0517682
0.160769
0.269878
0.370402
0.441361
0.454665
0.353032
0.167644
-0.00751522
-0.161284
-0.243165
-0.262885
-0.268195
-0.508951
-0.497167
-0.446401
-0.370478
-0.281388
-0.185137
-0.0837474
0.0212448
0.127772
0.232865
0.327203
0.389788
0.375373
0.251833
0.0799023
-0.0838058
-0.203957
-0.247478
-0.247769
-0.248861
-0.538639
-0.526972
-0.475846
-0.399777
-0.310911
-0.215238
-0.114945
-0.0117767
0.0918843
0.192492
0.279971
0.332905
0.299757
0.155788
-0.00168343
-0.153459
-0.220409
-0.237274
-0.238463
-0.238335
-0.569837
-0.558157
-0.506842
-0.430669
-0.342126
-0.247227
-0.148267
-0.0472485
0.0531429
0.148806
0.229007
0.270275
0.231493
0.0707568
-0.0760129
-0.191505
-0.237593
-0.232009
-0.232223
-0.232211
-0.60206
-0.590256
-0.539146
-0.462889
-0.374818
-0.280892
-0.183536
-0.0850017
0.011713
0.102072
0.174561
0.205558
0.152817
-0.00479177
-0.137492
-0.216541
-0.23348
-0.230111
-0.228822
-0.228222
-0.634769
-0.622895
-0.572032
-0.49601
-0.408579
-0.315862
-0.22041
-0.124702
-0.032102
0.052664
0.117231
0.136191
0.063995
-0.0710422
-0.187454
-0.212505
-0.225889
-0.230225
-0.229778
-0.228634
-0.666855
-0.655155
-0.604647
-0.529291
-0.4428
-0.351588
-0.258364
-0.16582
-0.0777314
0.00101034
0.0585584
0.0603999
-0.0210275
-0.131664
-0.210501
-0.252945
-0.241518
-0.236446
-0.23386
-0.233114
-0.696813
-0.685752
-0.636168
-0.561708
-0.476599
-0.387274
-0.296645
-0.207597
-0.124313
-0.0521431
-0.000243746
-0.0127319
-0.107981
-0.190762
-0.235356
-0.260906
-0.251923
-0.241934
-0.237492
-0.237889
-0.723593
-0.712859
-0.665226
-0.592032
-0.508851
-0.42185
-0.334245
-0.249027
-0.170689
-0.105434
-0.0596837
-0.0819271
-0.20402
-0.272049
-0.250068
-0.257964
-0.282424
-0.2886
-0.286765
-0.284855
-0.74474
-0.734706
-0.68936
-0.618835
-0.53815
-0.454028
-0.369878
-0.288844
-0.215455
-0.15708
-0.119657
-0.148636
-0.305518
-0.443002
-0.406226
-0.403865
-0.42183
-0.434517
-0.42729
-0.414625
-0.758326
-0.749326
-0.707062
-0.639952
-0.562752
-0.482267
-0.402078
-0.325483
-0.25699
-0.204958
-0.176953
-0.209956
-0.388946
-0.681097
-0.909911
-0.724889
-0.603131
-0.565541
-0.544771
-0.530704
-0.761825
-0.75439
-0.716288
-0.653699
-0.580847
-0.504876
-0.429188
-0.357149
-0.293449
-0.246368
-0.227355
-0.250147
-0.391745
-0.617477
-0.903905
-0.702562
-0.510886
-0.463259
-0.46922
-0.475948
-0.753853
-0.747774
-0.714983
-0.658259
-0.590927
-0.52026
-0.449513
-0.381998
-0.322583
-0.278845
-0.26298
-0.254217
-0.240263
-0.0401482
0.116568
-0.138481
-0.399084
-0.460227
-0.456338
-0.454761
-0.73084
-0.726423
-0.700629
-0.652294
-0.591996
-0.527299
-0.461733
-0.398252
-0.342094
-0.300518
-0.285266
-0.269505
-0.182633
0.127317
0.409148
0.0567131
-0.306533
-0.425871
-0.421567
-0.44323
-0.695623
-0.692851
-0.674719
-0.63602
-0.584132
-0.52583
-0.465167
-0.404915
-0.349905
-0.30888
-0.293006
-0.334859
-0.501612
-0.942774
-1.45189
-1.8782
-1.87254
-1.58561
-1.21317
-1.02258
-0.653642
-0.651973
-0.641836
-0.612705
-0.569391
-0.51695
-0.460174
-0.401612
-0.345004
-0.297948
-0.281305
-0.354287
-0.816398
-1.62113
-2.28543
-2.58567
-2.63405
-2.43412
-2.14328
-1.89639
-0.613361
-0.612307
-0.607438
-0.588141
-0.551623
-0.503272
-0.448508
-0.388829
-0.327094
-0.267608
-0.227157
-0.211449
-0.465302
-0.75982
-1.04256
-1.07311
-0.866105
-0.589407
-0.327805
-0.159873
-0.581361
-0.580714
-0.578186
-0.566732
-0.535917
-0.489697
-0.433633
-0.369239
-0.297897
-0.218798
-0.124779
-0.0206494
0.142171
0.440655
0.909463
1.41286
1.86471
2.18286
2.34844
2.40675
-0.555611
-0.554906
-0.554009
-0.549448
-0.525398
-0.479732
-0.419357
-0.348934
-0.266287
-0.171231
-0.0507649
0.0888295
0.30833
0.728025
1.3103
1.8945
2.36196
2.6679
2.83226
2.89707
-0.537748
-0.537354
-0.537089
-0.535744
-0.518599
-0.473293
-0.408224
-0.331379
-0.241547
-0.137045
-0.0189426
0.114629
0.253471
0.615383
1.15505
1.67523
2.10815
2.39032
2.53291
2.58366
-0.523677
-0.52327
-0.522742
-0.522944
-0.512734
-0.469247
-0.400319
-0.317643
-0.22554
-0.121401
-0.0106151
0.10753
0.217234
0.462521
0.909637
1.31805
1.64164
1.85276
1.9584
1.99656
-0.516262
-0.514998
-0.513473
-0.514391
-0.50855
-0.466278
-0.392184
-0.30513
-0.212176
-0.112658
-0.00767633
0.0932359
0.191875
0.341598
0.649187
0.946463
1.17675
1.32568
1.39927
1.42551
-0.519258
-0.517922
-0.519759
-0.523066
-0.514797
-0.462495
-0.378818
-0.287888
-0.196042
-0.101774
-0.00746451
0.0734745
0.145173
0.244502
0.453614
0.652152
0.805878
0.907402
0.956616
0.974377
-0.509129
-0.510874
-0.518436
-0.522485
-0.504827
-0.440737
-0.350691
-0.260418
-0.174853
-0.0918314
-0.0127384
0.0494804
0.104183
0.167864
0.315041
0.44793
0.545655
0.609497
0.639645
0.649708
-0.43011
-0.433312
-0.443143
-0.446744
-0.427053
-0.369174
-0.293327
-0.217751
-0.146509
-0.0781797
-0.0131436
0.0371063
0.0790655
0.119022
0.215439
0.304596
0.367926
0.407788
0.425566
0.430706
-0.274808
-0.278576
-0.285186
-0.288823
-0.277847
-0.245716
-0.203446
-0.156646
-0.108066
-0.0578308
-0.00912946
0.0293815
0.0580166
0.0840737
0.148922
0.205701
0.246294
0.272226
0.284183
0.28752
-0.105861
-0.108085
-0.111954
-0.117727
-0.120805
-0.117884
-0.107877
-0.0900933
-0.0657045
-0.0350545
-0.00171989
0.0274265
0.048069
0.0691742
0.108973
0.14588
0.171805
0.187459
0.194577
0.195968
0.0158698
0.0145933
0.0120105
0.00442939
-0.00902338
-0.0234332
-0.0325946
-0.0343277
-0.0273281
-0.0121298
0.00927169
0.0300178
0.0473648
0.0643843
0.0890787
0.110611
0.126198
0.135772
0.139805
0.140205
0.0782726
0.0774928
0.0754093
0.0677851
0.0526198
0.0336678
0.016879
0.00588407
0.00262069
0.00735773
0.0195001
0.0342384
0.0485487
0.0611991
0.0756958
0.0883371
0.0979576
0.103831
0.106117
0.105921
0.0999358
0.0994368
0.097804
0.091657
0.0788691
0.0619288
0.0452192
0.0317255
0.0236638
0.0220127
0.027254
0.0365834
0.048127
0.0573846
0.0643811
0.0715373
0.0779064
0.0822551
0.0839569
0.0835453
0.100728
0.100411
0.099208
0.0948569
0.0856259
0.0727092
0.0588052
0.0462772
0.0370027
0.0318928
0.0320052
0.03605
0.042136
0.0468497
0.0490403
0.0547796
0.0608682
0.0653271
0.0672379
0.0667978
0.0931449
0.092938
0.0920928
0.0892416
0.0831139
0.0741081
0.0636904
0.0533969
0.0445721
0.0378717
0.0339506
0.0315966
0.0297088
0.0277758
0.0314297
0.0390573
0.0458759
0.0501847
0.0518831
0.0514555
0.0834746
0.0833221
0.0827339
0.0809529
0.0771294
0.0712266
0.0639105
0.0561152
0.0485557
0.0414561
0.0346907
0.0266054
0.0175401
0.0108676
0.0161391
0.0255454
0.0329379
0.0370191
0.038435
0.0381911
0.0744977
0.0743693
0.0739579
0.0728788
0.0706276
0.066987
0.0621645
0.0566084
0.0506672
0.0442887
0.036341
0.0245154
0.00956593
0.00202947
0.0104252
0.0206579
0.0273152
0.0304069
0.031157
0.0309899
0.067145
0.0670306
0.0667441
0.0660963
0.0648252
0.0627075
0.0597357
0.056157
0.0521153
0.0474127
0.0408547
0.0294573
0.0145673
0.0086172
0.0182721
0.0274928
0.0323694
0.0339471
0.0340496
0.0338935
0.0613225
0.0612283
0.0610491
0.0606649
0.0600093
0.058872
0.05727
0.0553608
0.053319
0.051195
0.0481776
0.0419369
0.033242
0.0324386
0.0407881
0.046351
0.0483201
0.0487933
0.0486894
0.0484796
0.0563738
0.056299
0.0562041
0.0559874
0.0556237
0.0552769
0.054671
0.0541481
0.054126
0.055107
0.057443
0.0599419
0.0614667
0.066242
0.0704369
0.0720391
0.0720847
0.0722785
0.0723466
0.0719075
0.0515782
0.0515218
0.0515077
0.0514413
0.0513561
0.0513096
0.0515169
0.0521567
0.0539094
0.0579699
0.0662741
0.078394
0.0903774
0.099452
0.100158
0.0982598
0.0970364
0.0974568
0.0976152
0.0968745
0.0463092
0.0462611
0.0462969
0.0463333
0.0463356
0.0465026
0.0474317
0.048981
0.0521281
0.058523
0.0714319
0.0922163
0.115813
0.126879
0.123736
0.118492
0.116704
0.117413
0.117495
0.116504
0.0401316
0.0400928
0.0401789
0.0403603
0.040628
0.0409764
0.0416997
0.0439454
0.0480118
0.0558923
0.070835
0.0962815
0.1259
0.139921
0.132894
0.126698
0.125404
0.127057
0.127028
0.125833
0.0325269
0.0324815
0.0326083
0.0329145
0.0332787
0.0339522
0.0349046
0.0368502
0.0406589
0.0483203
0.0624432
0.0870873
0.115684
0.128326
0.120504
0.116688
0.11909
0.12187
0.121338
0.119909
0.0234595
0.0234
0.0235419
0.0238265
0.0244105
0.0251456
0.0262734
0.0277453
0.0308847
0.0367582
0.047955
0.0648584
0.0840509
0.0899857
0.0867792
0.0890843
0.0934566
0.0969135
0.0967322
0.0954577
0.0133812
0.0132839
0.0133174
0.0135962
0.0140575
0.0144479
0.015062
0.0163708
0.0183138
0.0218683
0.0277521
0.0356972
0.0389707
0.0390846
0.0419562
0.0488634
0.053409
0.0547067
0.0544048
0.0538113
0.00800899
0.00795648
0.00805258
0.00829956
0.00863194
0.0090685
0.00967424
0.0108263
0.0126311
0.0147556
0.0200294
0.0216477
0.0166204
0.0180401
0.0242635
0.029735
0.0301171
0.0298627
0.0294752
0.00572646
-0.278334
0.0577073
0.283315
0.474673
0.629141
0.752607
0.851956
0.936722
0.995794
0.991249
0.218966
0.376446
0.515205
0.638418
0.743486
0.831431
0.903818
0.959319
0.993226
1.00727
0.486373
0.584369
0.676969
0.762253
0.836454
0.899459
0.950926
0.990104
1.01861
1.03785
0.667166
0.733056
0.800415
0.862384
0.916631
0.963183
1.00202
1.03347
1.05913
1.07704
0.804673
0.85171
0.903896
0.949841
0.991488
1.02817
1.05988
1.08677
1.10932
1.12471
0.916591
0.954443
0.994638
1.03204
1.06643
1.09769
1.12544
1.14935
1.16922
1.18197
1.01405
1.04695
1.08102
1.11459
1.14592
1.17478
1.20056
1.22263
1.24034
1.25088
1.10512
1.13689
1.17032
1.20383
1.23489
1.26322
1.28818
1.30908
1.32499
1.33403
1.19991
1.23518
1.27125
1.30679
1.33876
1.36697
1.39112
1.41077
1.42521
1.43401
1.31266
1.35344
1.3923
1.42894
1.46067
1.48764
1.51015
1.52822
1.54169
1.5518
1.45632
1.4994
1.53689
1.57007
1.5979
1.6216
1.64218
1.65951
1.67345
1.68566
1.63418
1.67121
1.69926
1.72327
1.74432
1.76366
1.78186
1.79893
1.8151
1.83044
1.83156
1.85096
1.86667
1.88283
1.89943
1.91486
1.92847
1.9416
1.95711
1.97499
2.02057
2.02832
2.04019
2.05187
2.06174
2.0709
2.08115
2.09248
2.10382
2.11111
2.23944
2.2377
2.22961
2.2126
2.2012
2.2006
2.21277
2.23761
2.27129
2.29889
2.64795
2.46112
2.35956
2.30217
2.27315
2.26649
2.28176
2.32239
2.39816
2.54445
-0.286762
-0.288082
-0.248171
-0.176492
-0.0888419
0.00871208
0.902166
0.967322
0.965791
0.89328
0.824388
0.753719
0.524222
0.3013
0.0350799
-0.317384
-0.681652
)
;

boundaryField
{
    wall-4
    {
        type            zeroGradient;
    }
    pressure-outlet-7
    {
        type            fixedValue;
        value           uniform 0;
    }
    velocity-inlet-6
    {
        type            zeroGradient;
    }
    velocity-inlet-5
    {
        type            zeroGradient;
    }
    frontAndBackPlanes
    {
        type            empty;
    }
}


// ************************************************************************* //
