/*--------------------------------*- C++ -*----------------------------------*\
| =========                 |                                                 |
| \\      /  F ield         | OpenFOAM: The Open Source CFD Toolbox           |
|  \\    /   O peration     | Version:  v2012                                 |
|   \\  /    A nd           | Website:  www.openfoam.com                      |
|    \\/     M anipulation  |                                                 |
\*---------------------------------------------------------------------------*/
FoamFile
{
    version     2.0;
    format      ascii;
    class       volScalarField;
    location    "19";
    object      p;
}
// * * * * * * * * * * * * * * * * * * * * * * * * * * * * * * * * * * * * * //

dimensions      [0 2 -2 0 0 0 0];


internalField   nonuniform List<scalar> 
8800
(
0.410223
0.362178
0.32381
0.295178
0.274564
0.259816
0.249212
0.241695
0.23681
0.234638
0.235737
0.239755
0.246252
0.255446
0.268095
0.285606
0.309993
0.343565
0.385979
0.443095
0.242739
0.249949
0.258396
0.261825
0.259924
0.254418
0.247725
0.241565
0.236773
0.233831
0.233402
0.23572
0.24005
0.245886
0.252657
0.259168
0.263224
0.262662
0.256551
0.247542
0.219413
0.225604
0.229829
0.23322
0.235748
0.236571
0.235476
0.233327
0.231243
0.230199
0.230977
0.233159
0.235786
0.237831
0.23822
0.236574
0.233632
0.229918
0.22534
0.221546
0.214239
0.216954
0.219728
0.222101
0.223806
0.225177
0.226114
0.226318
0.225989
0.2258
0.226342
0.227269
0.227826
0.22755
0.226572
0.225217
0.223327
0.220707
0.21821
0.216679
0.209027
0.210463
0.212342
0.214495
0.216339
0.217709
0.218757
0.21961
0.220232
0.22069
0.221073
0.221223
0.220986
0.220401
0.219484
0.218068
0.216173
0.214126
0.212713
0.211896
0.204029
0.204951
0.20631
0.208056
0.209872
0.211537
0.212904
0.214002
0.21493
0.215675
0.216056
0.216013
0.215612
0.214835
0.213627
0.212091
0.210444
0.208931
0.207995
0.207469
0.199271
0.199926
0.201052
0.202599
0.204261
0.20597
0.207608
0.209016
0.210145
0.211015
0.211505
0.211482
0.210951
0.209951
0.208641
0.207225
0.205795
0.204531
0.203812
0.203451
0.194871
0.195351
0.196326
0.19777
0.199328
0.200906
0.202518
0.204109
0.205526
0.20664
0.20722
0.207149
0.206532
0.205582
0.204465
0.203229
0.20193
0.200823
0.200251
0.199997
0.190838
0.191166
0.192017
0.193355
0.194838
0.196338
0.197824
0.199303
0.200768
0.202072
0.202814
0.202905
0.202555
0.201891
0.200982
0.199896
0.198743
0.197777
0.197329
0.19717
0.18748
0.187676
0.188398
0.189644
0.19106
0.192552
0.194139
0.195743
0.197302
0.198736
0.199739
0.200096
0.199913
0.199323
0.198511
0.197585
0.196572
0.195757
0.195435
0.195356
0.184812
0.184921
0.185405
0.186335
0.187453
0.188662
0.189985
0.191496
0.193153
0.194832
0.196116
0.19678
0.196958
0.196842
0.196484
0.19595
0.195331
0.194856
0.194688
0.194644
0.182146
0.182226
0.182537
0.183172
0.184043
0.185129
0.186444
0.187993
0.18977
0.1917
0.193377
0.194448
0.194986
0.195138
0.195083
0.194924
0.194703
0.19454
0.194469
0.19443
0.178858
0.178931
0.179176
0.179657
0.180376
0.181346
0.182647
0.184313
0.186347
0.188675
0.190801
0.192285
0.193225
0.193744
0.194003
0.19418
0.194261
0.194281
0.19426
0.19422
0.17474
0.174795
0.175045
0.175526
0.176237
0.177249
0.178662
0.180519
0.182858
0.185663
0.188374
0.190397
0.191733
0.192637
0.193304
0.193692
0.19393
0.194024
0.19403
0.193994
0.169903
0.169947
0.170218
0.170811
0.171628
0.172803
0.17447
0.176681
0.179505
0.182953
0.186363
0.188984
0.190833
0.192086
0.192951
0.193524
0.193846
0.193981
0.19402
0.193991
0.164414
0.164446
0.164744
0.16547
0.166535
0.167891
0.169879
0.172523
0.175946
0.180201
0.184493
0.187868
0.190296
0.192
0.193143
0.193897
0.194301
0.194501
0.194577
0.194553
0.158264
0.158295
0.15862
0.159429
0.160721
0.162442
0.164844
0.168055
0.17227
0.177547
0.182927
0.18721
0.190323
0.192501
0.194008
0.194964
0.195526
0.195825
0.195937
0.195911
0.15123
0.151262
0.151663
0.152561
0.15406
0.156201
0.159127
0.163098
0.16833
0.174903
0.181623
0.187016
0.190932
0.193726
0.195637
0.196887
0.197653
0.198073
0.198222
0.198189
0.142943
0.142982
0.143467
0.144558
0.146333
0.148934
0.152567
0.157536
0.164077
0.172284
0.180667
0.187382
0.192296
0.195792
0.198201
0.199808
0.200822
0.201378
0.201564
0.201521
0.132902
0.132951
0.133553
0.134908
0.137134
0.140385
0.144964
0.151218
0.159435
0.169698
0.180119
0.188442
0.194547
0.198869
0.201868
0.203892
0.205184
0.205885
0.206114
0.206059
0.120596
0.120666
0.121452
0.123188
0.126027
0.130176
0.136015
0.143968
0.154346
0.167177
0.180086
0.190344
0.197825
0.20314
0.206843
0.209357
0.210968
0.211834
0.212114
0.212045
0.105235
0.105331
0.106379
0.108682
0.112426
0.117845
0.125425
0.135643
0.148787
0.164789
0.180679
0.193207
0.202323
0.208814
0.213352
0.216454
0.218449
0.219506
0.219843
0.219756
0.0856579
0.0857945
0.0872547
0.0904453
0.0955537
0.102832
0.112859
0.126106
0.142777
0.162649
0.182055
0.19722
0.208236
0.216106
0.221644
0.225461
0.227936
0.22925
0.229649
0.229535
0.0601001
0.0603231
0.0624878
0.0671464
0.0743934
0.0844708
0.0979878
0.115303
0.13643
0.16093
0.184385
0.202543
0.215733
0.225212
0.231947
0.236644
0.239709
0.241331
0.241807
0.241659
0.0255103
0.0259516
0.0295319
0.0369213
0.0477677
0.0622149
0.0807274
0.103403
0.130002
0.159876
0.187855
0.209311
0.22492
0.236247
0.244419
0.250223
0.254064
0.256084
0.256644
0.256447
-0.0240408
-0.0225166
-0.0152227
-0.00227378
0.0148735
0.0360595
0.0614504
0.0908813
0.123918
0.159785
0.192627
0.217583
0.235789
0.249166
0.259025
0.266217
0.271115
0.273724
0.27441
0.274138
-0.0977529
-0.0889873
-0.0723303
-0.0493866
-0.0228025
0.00733525
0.0411156
0.0783313
0.118533
0.160972
0.199153
0.228048
0.249301
0.265204
0.277289
0.286525
0.293125
0.29689
0.298014
0.297926
-0.17628
-0.15703
-0.130348
-0.0970006
-0.0607144
-0.0214988
0.0207586
0.0659563
0.113745
0.163518
0.208112
0.242064
0.267394
0.286758
0.301895
0.313873
0.322903
0.32884
0.330916
0.330984
-0.240031
-0.217981
-0.183076
-0.141348
-0.0965363
-0.0488844
0.00148197
0.0543862
0.109486
0.166208
0.216707
0.255134
0.283919
0.306078
0.323517
0.337363
0.347995
0.354943
0.356785
0.357085
-0.291615
-0.267376
-0.227644
-0.179995
-0.128535
-0.073935
-0.0165347
0.0433254
0.105156
0.168281
0.224058
0.266244
0.297687
0.321769
0.340612
0.355529
0.366917
0.374253
0.376528
0.376925
-0.333761
-0.308623
-0.26539
-0.213245
-0.156566
-0.0963609
-0.033058
0.0328393
0.100662
0.169534
0.229951
0.275245
0.308664
0.333998
0.353636
0.369073
0.380744
0.388239
0.39078
0.391138
-0.369637
-0.344001
-0.298282
-0.242462
-0.181522
-0.116629
-0.0482702
0.0229001
0.096049
0.170101
0.234651
0.282592
0.317597
0.343841
0.363932
0.379509
0.39117
0.398623
0.401326
0.401673
-0.4012
-0.375293
-0.327649
-0.268816
-0.204307
-0.135352
-0.0625674
0.0132976
0.0912866
0.170097
0.238513
0.28894
0.325373
0.352336
0.372706
0.388282
0.399883
0.407279
0.410071
0.410402
-0.4299
-0.403753
-0.354513
-0.293165
-0.225593
-0.153101
-0.0763773
0.00375303
0.0862181
0.169555
0.241693
0.294488
0.332271
0.359937
0.380613
0.39627
0.407826
0.415103
0.417956
0.418278
-0.456595
-0.43023
-0.379638
-0.316114
-0.24587
-0.170253
-0.0900035
-0.00599402
0.0806438
0.168288
0.244071
0.299333
0.338606
0.367113
0.388189
0.403989
0.415555
0.422696
0.42553
0.42592
-0.481966
-0.455331
-0.403487
-0.338079
-0.26546
-0.187085
-0.103683
-0.0161357
0.074386
0.166205
0.245773
0.303704
0.344645
0.374134
0.395738
0.41177
0.423386
0.430438
0.433183
0.433582
-0.50629
-0.479351
-0.426363
-0.359364
-0.284623
-0.203781
-0.117545
-0.026768
0.0674167
0.163353
0.246781
0.307585
0.35045
0.381132
0.403436
0.41983
0.431573
0.438579
0.44119
0.441517
-0.529911
-0.50258
-0.44871
-0.380125
-0.30348
-0.22044
-0.131652
-0.0379157
0.0596958
0.159589
0.246957
0.310911
0.356018
0.388163
0.41136
0.428256
0.440199
0.447191
0.449645
0.449878
-0.552871
-0.525062
-0.470501
-0.400443
-0.322117
-0.237126
-0.146048
-0.0496335
0.0511209
0.154816
0.246223
0.3136
0.361276
0.39519
0.419509
0.43706
0.449291
0.456284
0.458604
0.458689
-0.575232
-0.5471
-0.491698
-0.420366
-0.340561
-0.253843
-0.160741
-0.0619473
0.0416869
0.149001
0.244447
0.315507
0.366114
0.402149
0.427854
0.446221
0.458799
0.465754
0.467927
0.467876
-0.597106
-0.568514
-0.512346
-0.439894
-0.358796
-0.270557
-0.175688
-0.0747901
0.0314347
0.142099
0.241509
0.316441
0.370368
0.408937
0.436339
0.455689
0.46866
0.475535
0.477505
0.477329
-0.618481
-0.589379
-0.532471
-0.459008
-0.376769
-0.287219
-0.190814
-0.0880949
0.0203955
0.134088
0.237305
0.316204
0.373794
0.41539
0.444915
0.465452
0.478811
0.485511
0.487195
0.486907
-0.639203
-0.609631
-0.552018
-0.477672
-0.394435
-0.303748
-0.206048
-0.101783
0.00864468
0.12501
0.231756
0.3146
0.376108
0.421269
0.453523
0.475566
0.489202
0.495473
0.496763
0.496366
-0.659233
-0.629223
-0.570964
-0.495824
-0.411725
-0.320081
-0.221297
-0.115761
-0.00371537
0.114917
0.22482
0.31145
0.376996
0.426217
0.462035
0.486265
0.500089
0.505342
0.505927
0.505446
-0.678629
-0.648107
-0.589277
-0.513428
-0.428579
-0.336136
-0.236466
-0.129913
-0.0165762
0.103901
0.216497
0.306628
0.376116
0.429696
0.470069
0.497847
0.51237
0.515614
0.514466
0.513899
-0.697237
-0.666284
-0.606901
-0.530421
-0.444942
-0.351833
-0.251458
-0.144125
-0.0298073
0.0920946
0.206838
0.300048
0.373191
0.431005
0.476741
0.510107
0.527625
0.529052
0.523795
0.52182
-0.715138
-0.68375
-0.623856
-0.54683
-0.460843
-0.367216
-0.26633
-0.158456
-0.0434748
0.0794321
0.195732
0.291472
0.367921
0.42932
0.480475
0.521489
0.546108
0.551198
0.541388
0.525715
-0.732276
-0.700506
-0.640276
-0.562834
-0.476564
-0.382606
-0.281482
-0.17338
-0.0581225
0.0652462
0.182464
0.279996
0.359509
0.423405
0.478056
0.526794
0.558652
0.56289
0.547115
0.529053
-0.748505
-0.716615
-0.656002
-0.578206
-0.491856
-0.397688
-0.296696
-0.188568
-0.0734158
0.0498659
0.167271
0.265432
0.347596
0.412797
0.464774
0.514301
0.544915
0.536968
0.467654
0.429113
-0.763427
-0.733203
-0.670631
-0.592376
-0.50604
-0.411985
-0.311698
-0.203781
-0.0891088
0.0334736
0.15023
0.247687
0.33151
0.398122
0.440383
0.472322
0.487134
0.442444
0.367956
0.320886
-0.811157
-0.748133
-0.683898
-0.6065
-0.520242
-0.426668
-0.326471
-0.219214
-0.105465
0.0157448
0.130943
0.226574
0.308736
0.38112
0.394129
0.401446
0.373576
0.309624
0.227192
0.18147
-0.776983
-0.760958
-0.703042
-0.627077
-0.54098
-0.447963
-0.348869
-0.242819
-0.130909
-0.0125296
0.0986628
0.190066
0.262824
0.331616
0.335997
0.2221
0.111641
0.0355716
-0.0426842
0.001041
-0.806039
-0.777321
-0.718601
-0.642606
-0.556992
-0.464438
-0.365413
-0.260326
-0.14996
-0.0341315
0.0731883
0.159815
0.224383
0.260107
0.210906
0.0546321
-0.0869088
-0.188894
-0.297093
-0.228748
-0.82773
-0.79642
-0.73645
-0.660143
-0.574724
-0.482397
-0.383719
-0.279759
-0.171232
-0.0584741
0.0442583
0.124603
0.179232
0.183882
0.068325
-0.130295
-0.302529
-0.439862
-0.603312
-0.526455
-0.848542
-0.815905
-0.754964
-0.678019
-0.592546
-0.500445
-0.402459
-0.299742
-0.193228
-0.0838821
0.0135484
0.0868111
0.127463
0.093674
-0.0862355
-0.318955
-0.537341
-0.736182
-0.965694
-0.947561
-0.868392
-0.835633
-0.774035
-0.696535
-0.610978
-0.519163
-0.421965
-0.320581
-0.216289
-0.110672
-0.0190661
0.0466284
0.0695477
-0.00427959
-0.23581
-0.49453
-0.755603
-0.982637
-1.29426
-1.60749
-0.888278
-0.855787
-0.793873
-0.716033
-0.630395
-0.538825
-0.442336
-0.342285
-0.24027
-0.138531
-0.0529486
0.00454227
0.00916987
-0.116998
-0.369143
-0.635632
-0.902551
-1.1173
-1.22558
-1.41524
-0.908884
-0.876684
-0.814717
-0.73679
-0.651182
-0.559933
-0.464224
-0.365646
-0.266181
-0.168753
-0.089682
-0.0415654
-0.0620217
-0.240876
-0.488703
-0.741246
-0.966827
-1.09738
-1.12549
-1.15162
-0.930506
-0.898621
-0.836683
-0.758822
-0.673384
-0.582589
-0.487845
-0.390984
-0.294434
-0.20188
-0.129805
-0.0925399
-0.143003
-0.356871
-0.597718
-0.824913
-1.00038
-1.06652
-1.08253
-1.08612
-0.953315
-0.9215
-0.859837
-0.782041
-0.696876
-0.606698
-0.513096
-0.418198
-0.324936
-0.23779
-0.173186
-0.149574
-0.228171
-0.468465
-0.69858
-0.905318
-1.04086
-1.0584
-1.06052
-1.06051
-0.977209
-0.945375
-0.884017
-0.806373
-0.721576
-0.632133
-0.539843
-0.447122
-0.357488
-0.276214
-0.219764
-0.209383
-0.319156
-0.577047
-0.792216
-0.972223
-1.04066
-1.04935
-1.04935
-1.0484
-1.00191
-0.970127
-0.909022
-0.831627
-0.747296
-0.658705
-0.567882
-0.477515
-0.391793
-0.316682
-0.269101
-0.269253
-0.423265
-0.686263
-0.881607
-1.00534
-1.04754
-1.04088
-1.03994
-1.03951
-1.02689
-0.99542
-0.934475
-0.857523
-0.773739
-0.686105
-0.596864
-0.508996
-0.427301
-0.358678
-0.320128
-0.336007
-0.521668
-0.79734
-0.989815
-1.00682
-1.02472
-1.03938
-1.04101
-1.04055
-1.05162
-1.0208
-0.960151
-0.883632
-0.800493
-0.71387
-0.626283
-0.541003
-0.463225
-0.401543
-0.370873
-0.407773
-0.608448
-0.896467
-1.18398
-1.15373
-1.11782
-1.07384
-1.05203
-1.0484
-1.07537
-1.04493
-0.985494
-0.9094
-0.826924
-0.741412
-0.655451
-0.57273
-0.498591
-0.443827
-0.419973
-0.474654
-0.692165
-0.945334
-1.40229
-1.58532
-1.30105
-1.17645
-1.12135
-1.0983
-1.09721
-1.06765
-1.00933
-0.934082
-0.85236
-0.76792
-0.683503
-0.603067
-0.532232
-0.483015
-0.466637
-0.533774
-0.75901
-0.877915
-1.0339
-1.29607
-1.32645
-1.37703
-1.34732
-1.33203
-1.11592
-1.08776
-1.03083
-0.956618
-0.875908
-0.79248
-0.70935
-0.630626
-0.562627
-0.516451
-0.510263
-0.584158
-0.810245
-0.725632
-0.207088
-0.398418
-1.0618
-1.34481
-1.37103
-1.37808
-1.13033
-1.10405
-1.04911
-0.976102
-0.89638
-0.813957
-0.731882
-0.65402
-0.587618
-0.542467
-0.549045
-0.630819
-0.989453
-1.28657
-1.39347
-1.81674
-1.93207
-1.73301
-1.54791
-1.56061
-1.13932
-1.11544
-1.06297
-0.991485
-0.91276
-0.831219
-0.749725
-0.671935
-0.604492
-0.559205
-0.56677
-0.705763
-1.33512
-2.39093
-3.43552
-3.93612
-3.86291
-3.38603
-2.85581
-2.63333
-1.14153
-1.12067
-1.07147
-1.0018
-0.924097
-0.84318
-0.761664
-0.682857
-0.611864
-0.560295
-0.556629
-0.707204
-1.43399
-2.49939
-3.59473
-4.06302
-4.00449
-3.60899
-3.18604
-2.96602
-1.13628
-1.11906
-1.07376
-1.0064
-0.929617
-0.849129
-0.766994
-0.68582
-0.608668
-0.541881
-0.512946
-0.528144
-0.924683
-1.34123
-1.6655
-1.65523
-1.38739
-1.0652
-0.808525
-0.681403
-1.12293
-1.10917
-1.06913
-1.00466
-0.92898
-0.848629
-0.765569
-0.681039
-0.595394
-0.51058
-0.426709
-0.345752
-0.216284
0.0788634
0.522442
0.992589
1.4084
1.68235
1.81997
1.86177
-1.10195
-1.09198
-1.05741
-0.996418
-0.921796
-0.841949
-0.758394
-0.670927
-0.577124
-0.470542
-0.353365
-0.240124
0.0409466
0.62642
1.3277
1.95154
2.40374
2.66962
2.78894
2.82124
-1.07384
-1.0675
-1.03871
-0.981496
-0.907893
-0.829839
-0.747453
-0.659141
-0.560161
-0.441189
-0.314675
-0.189328
-0.0118465
0.544182
1.17828
1.72095
2.10288
2.32153
2.42563
2.45976
-1.03747
-1.03421
-1.01125
-0.957577
-0.887743
-0.812653
-0.734171
-0.64952
-0.552706
-0.430782
-0.2916
-0.166381
-0.0569888
0.314328
0.792565
1.18184
1.47233
1.64882
1.74177
1.77586
-0.987878
-0.986077
-0.968608
-0.921992
-0.858252
-0.790129
-0.720514
-0.646343
-0.558047
-0.439583
-0.292241
-0.159011
-0.04605
0.148471
0.439443
0.694906
0.89587
1.02664
1.09477
1.11715
-0.913236
-0.912181
-0.899879
-0.865504
-0.815935
-0.762293
-0.708347
-0.651023
-0.579071
-0.471487
-0.325416
-0.171691
-0.0391968
0.0783465
0.261782
0.423044
0.548867
0.631911
0.68179
0.69431
-0.830599
-0.828872
-0.820881
-0.800019
-0.768695
-0.733919
-0.699448
-0.663737
-0.618225
-0.539017
-0.405984
-0.247454
-0.104918
-0.026836
0.0759536
0.188709
0.277229
0.336019
0.36239
0.367882
-0.766946
-0.765358
-0.760831
-0.749763
-0.734243
-0.717499
-0.704219
-0.697169
-0.693937
-0.678545
-0.585305
-0.41312
-0.254544
-0.185046
-0.122094
-0.0338397
0.0436248
0.0961967
0.123537
0.126577
-0.730046
-0.729355
-0.727811
-0.724551
-0.720444
-0.720068
-0.730598
-0.763129
-0.831986
-0.9333
-0.942584
-0.732398
-0.514388
-0.411226
-0.324443
-0.228704
-0.144427
-0.0873214
-0.0606074
-0.0607591
-0.705667
-0.706473
-0.707796
-0.709896
-0.715643
-0.731199
-0.76812
-0.85047
-1.02419
-1.3131
-1.46092
-1.21511
-0.890352
-0.714514
-0.578651
-0.433546
-0.318809
-0.244821
-0.216482
-0.21894
-0.673504
-0.675472
-0.679177
-0.685965
-0.699721
-0.729081
-0.788775
-0.918194
-1.19275
-1.66393
-1.96689
-1.673
-1.25879
-1.00407
-0.802441
-0.62049
-0.488815
-0.414702
-0.392062
-0.394231
-0.619343
-0.621943
-0.626942
-0.636253
-0.654665
-0.690567
-0.761633
-0.912274
-1.22704
-1.77728
-2.10714
-1.8179
-1.41372
-1.15064
-0.914188
-0.743586
-0.646537
-0.605339
-0.59216
-0.590947
-0.538326
-0.540818
-0.5457
-0.554866
-0.572467
-0.606329
-0.672615
-0.809808
-1.09698
-1.58398
-1.85515
-1.63475
-1.33708
-1.09081
-0.884706
-0.773048
-0.735643
-0.728791
-0.720753
-0.716536
-0.43671
-0.43853
-0.442232
-0.448972
-0.462123
-0.48704
-0.535103
-0.632676
-0.834582
-1.17347
-1.36369
-1.2353
-1.02353
-0.823376
-0.704954
-0.671641
-0.686759
-0.697247
-0.694776
-0.691465
-0.327689
-0.328628
-0.330701
-0.334433
-0.341793
-0.355583
-0.381709
-0.433383
-0.53753
-0.712869
-0.812854
-0.724035
-0.595403
-0.499454
-0.48604
-0.514954
-0.542892
-0.555149
-0.556452
-0.555311
-0.225365
-0.225562
-0.226281
-0.227553
-0.230152
-0.23493
-0.243653
-0.260122
-0.291224
-0.336196
-0.346931
-0.299818
-0.258314
-0.269796
-0.313046
-0.354792
-0.37844
-0.388251
-0.391364
-0.391482
-0.139666
-0.139424
-0.139355
-0.139252
-0.139079
-0.13861
-0.137538
-0.135273
-0.130744
-0.118968
-0.0966462
-0.0669123
-0.0853735
-0.135708
-0.183514
-0.217317
-0.234789
-0.243179
-0.246612
-0.247426
-0.0745339
-0.0741326
-0.0737856
-0.0732414
-0.0720691
-0.0695746
-0.0648098
-0.0562281
-0.0417725
-0.019649
-8.49734e-05
0.00446051
-0.0188921
-0.0609307
-0.0966877
-0.120713
-0.132971
-0.138941
-0.141935
-0.142845
-0.0290835
-0.0287013
-0.0283774
-0.0279237
-0.0268045
-0.0242488
-0.0192937
-0.0106191
0.00291497
0.0204988
0.0309839
0.0257548
0.0056933
-0.022099
-0.0453749
-0.0604629
-0.0687077
-0.0729241
-0.0751361
-0.0758571
0.000190017
0.000477204
0.000667195
0.000840148
0.00151557
0.00336658
0.00710983
0.0135987
0.0232355
0.0342483
0.0379527
0.0305509
0.0154196
-0.00204098
-0.0164022
-0.025901
-0.0312866
-0.0341072
-0.0355601
-0.0360373
0.017456
0.0176387
0.0176916
0.0175955
0.017808
0.0188547
0.0212268
0.0253637
0.0312231
0.0371115
0.0372216
0.0303619
0.0196654
0.00860951
-0.000331039
-0.00642664
-0.010047
-0.011968
-0.012907
-0.0132046
0.0264222
0.0265203
0.0264705
0.0261879
0.0260512
0.0264391
0.0276668
0.0299568
0.0331005
0.0357115
0.0342081
0.0285221
0.0211224
0.0139678
0.00823187
0.00419899
0.00169643
0.000358889
-0.000257738
-0.0004503
0.0299396
0.0299812
0.0298652
0.0294795
0.0291371
0.0290769
0.0295019
0.0304968
0.0318436
0.0325543
0.0305427
0.0260786
0.0209235
0.0161535
0.0123447
0.00959783
0.00783072
0.00688154
0.00646635
0.00634685
0.0300027
0.0300111
0.0298657
0.0294563
0.0290132
0.0286962
0.0286323
0.0288438
0.0291363
0.02883
0.026776
0.0233297
0.0196725
0.0164004
0.0137923
0.0118744
0.0106069
0.00992488
0.00964168
0.00956256
0.0279398
0.0279313
0.0277829
0.0273939
0.0269256
0.0264884
0.0261581
0.0259299
0.0256575
0.0248866
0.0230104
0.0203783
0.0177447
0.0154464
0.0136174
0.0122542
0.0113363
0.0108427
0.0106463
0.0105923
0.0246001
0.0245851
0.0244504
0.0241062
0.023665
0.0232023
0.0227638
0.0223345
0.0218081
0.020889
0.019282
0.01729
0.0153801
0.0137438
0.0124428
0.011464
0.0107962
0.010438
0.0103008
0.010264
0.0205105
0.020495
0.0203825
0.020095
0.0197088
0.0192804
0.018835
0.0183581
0.0177755
0.0168967
0.0155919
0.0141086
0.0127311
0.0115666
0.0106412
0.00993954
0.00945608
0.00919781
0.00910242
0.00907677
0.0159861
0.015973
0.0158855
0.0156583
0.0153427
0.0149838
0.0145951
0.014165
0.0136439
0.0129122
0.0119232
0.0108622
0.00989897
0.00909065
0.00844621
0.00795264
0.00760907
0.00742665
0.00736177
0.0073444
0.0112102
0.0112003
0.0111373
0.01097
0.0107347
0.0104678
0.0101769
0.00985258
0.00946324
0.00893802
0.00826533
0.00757029
0.00694854
0.00642724
0.00600743
0.00567967
0.00544726
0.00532441
0.00528225
0.00527055
0.00628565
0.00627891
0.00623985
0.00613387
0.00599004
0.0058337
0.00566585
0.00548026
0.00525965
0.00496867
0.00460586
0.00423793
0.00391141
0.00363721
0.00341298
0.00323149
0.00309687
0.00302536
0.00300136
0.00299296
0.00128836
0.00129252
0.00131494
0.00132908
0.00130547
0.00126442
0.00121808
0.00116876
0.00111209
0.00104126
0.000952125
0.000856119
0.000769677
0.000695778
0.00063476
0.000586439
0.000554943
0.000551945
0.000570882
0.000581942
-0.719756
-0.481566
-0.23462
-0.0316756
0.132081
0.264089
0.375809
0.46938
0.508955
0.49341
-0.310745
-0.158997
-0.00322773
0.131406
0.245638
0.341287
0.418768
0.47366
0.502915
0.515046
-0.0415094
0.0592721
0.163334
0.256496
0.336854
0.40421
0.457627
0.496931
0.524892
0.542052
0.146988
0.216357
0.289525
0.35637
0.414402
0.463463
0.503545
0.53548
0.560466
0.578271
0.290121
0.339637
0.393403
0.443097
0.487183
0.525398
0.557841
0.584766
0.606146
0.623788
0.405485
0.442462
0.48551
0.524918
0.560883
0.59297
0.620834
0.64419
0.662263
0.679715
0.504901
0.536158
0.573206
0.607896
0.639959
0.668957
0.694233
0.715139
0.730454
0.747862
0.597819
0.628705
0.664479
0.698178
0.729127
0.756878
0.780722
0.799851
0.812986
0.830465
0.695805
0.730195
0.76771
0.802405
0.833286
0.860156
0.882651
0.900181
0.911957
0.929798
0.812374
0.851302
0.890183
0.92504
0.954818
0.979925
1.00058
1.01656
1.02811
1.0465
0.958184
0.998033
1.03377
1.06449
1.09037
1.11268
1.13191
1.14761
1.16039
1.17856
1.1332
1.1656
1.19165
1.21414
1.23436
1.25325
1.27101
1.28766
1.30348
1.32171
1.32113
1.33884
1.35457
1.3713
1.38755
1.40218
1.41528
1.42932
1.44646
1.46617
1.50315
1.51403
1.52623
1.53706
1.54636
1.556
1.56698
1.57863
1.58861
1.6038
1.71414
1.71619
1.70106
1.68586
1.67955
1.68527
1.70389
1.73434
1.76651
1.79727
2.02007
1.88303
1.8068
1.76481
1.74739
1.75143
1.77883
1.83497
1.93843
2.15373
0.306504
0.303132
0.297213
0.287417
0.274488
0.262082
0.251786
0.243842
0.238166
0.234819
0.234311
0.236851
0.241784
0.248878
0.258189
0.269777
0.282835
0.294775
0.302202
0.306902
0.224483
0.230372
0.2373
0.242564
0.245437
0.245136
0.242258
0.238357
0.234775
0.232401
0.232083
0.234091
0.23758
0.241748
0.245542
0.247424
0.246216
0.242048
0.236092
0.22902
0.216798
0.219147
0.222524
0.22547
0.227729
0.229571
0.230569
0.230331
0.229273
0.228284
0.228277
0.229483
0.231078
0.232152
0.232012
0.230686
0.228752
0.226304
0.223073
0.220077
0.211611
0.212694
0.214607
0.217068
0.219107
0.220563
0.221698
0.222569
0.223025
0.223189
0.223486
0.223999
0.224262
0.223983
0.223252
0.222188
0.220607
0.218388
0.216153
0.214702
0.206502
0.207146
0.208319
0.210165
0.212106
0.213844
0.215193
0.21624
0.217117
0.217836
0.218346
0.218543
0.21838
0.217897
0.217058
0.215751
0.214048
0.212238
0.210747
0.209925
0.201614
0.202045
0.202908
0.204385
0.20608
0.207807
0.209442
0.210844
0.21199
0.212928
0.21357
0.213751
0.213482
0.212783
0.211665
0.210262
0.208751
0.207287
0.206156
0.205603
0.197026
0.197325
0.198025
0.199357
0.200949
0.202597
0.204288
0.205908
0.207301
0.208404
0.209173
0.209453
0.209146
0.208324
0.207152
0.205836
0.204476
0.203149
0.202197
0.201794
0.192797
0.192997
0.193566
0.194756
0.196229
0.197737
0.199229
0.200758
0.202306
0.203714
0.204696
0.204959
0.204629
0.203948
0.203074
0.202022
0.200832
0.19967
0.198878
0.198589
0.189053
0.189161
0.189623
0.190731
0.192156
0.193662
0.195226
0.196774
0.19826
0.199675
0.200821
0.201389
0.201394
0.200942
0.200146
0.199165
0.198081
0.197024
0.196355
0.196168
0.186092
0.186137
0.186463
0.187359
0.188593
0.189908
0.191313
0.19284
0.19448
0.196114
0.197503
0.198306
0.198477
0.198246
0.197746
0.197078
0.196269
0.195476
0.195021
0.19492
0.183527
0.183551
0.183756
0.18434
0.185236
0.186283
0.18749
0.188881
0.190457
0.192207
0.193892
0.195086
0.195709
0.19591
0.195832
0.195549
0.195178
0.194799
0.194598
0.194542
0.180603
0.180626
0.180783
0.181185
0.181852
0.18276
0.183918
0.185379
0.187159
0.189195
0.191269
0.192872
0.193832
0.194325
0.194469
0.194536
0.194514
0.194452
0.194402
0.194363
0.176894
0.176912
0.177059
0.17741
0.177986
0.178801
0.179937
0.181454
0.183405
0.185776
0.188332
0.190454
0.191869
0.192821
0.193387
0.19373
0.194
0.194136
0.194161
0.194136
0.172409
0.172415
0.172562
0.172951
0.173567
0.174498
0.17579
0.177558
0.179856
0.182699
0.185877
0.188615
0.19054
0.191827
0.192733
0.193338
0.193739
0.193937
0.193995
0.193987
0.167247
0.167241
0.167384
0.167855
0.168636
0.169703
0.171245
0.173337
0.176084
0.179562
0.183517
0.187003
0.189526
0.191295
0.192511
0.193344
0.193854
0.194113
0.194219
0.194233
0.161446
0.161423
0.161583
0.162109
0.163023
0.164458
0.166288
0.168789
0.172123
0.176397
0.181313
0.185727
0.188984
0.191298
0.192895
0.193973
0.194614
0.194973
0.195143
0.195173
0.154894
0.154861
0.155056
0.155645
0.156742
0.158387
0.160671
0.163738
0.167853
0.173146
0.179278
0.184828
0.188947
0.191881
0.193944
0.195326
0.196195
0.196704
0.196947
0.196988
0.14728
0.147238
0.147474
0.148205
0.14948
0.151419
0.154197
0.158022
0.163141
0.169743
0.1774
0.18434
0.189498
0.193216
0.195819
0.19758
0.198728
0.199423
0.199743
0.199792
0.138163
0.138115
0.138414
0.139302
0.140879
0.143267
0.146703
0.151481
0.157906
0.166176
0.175729
0.184359
0.190777
0.195416
0.19866
0.20088
0.202356
0.203259
0.203663
0.203723
0.127053
0.126993
0.127398
0.128526
0.130501
0.133516
0.137867
0.14393
0.152049
0.162426
0.174324
0.185003
0.192948
0.198652
0.202658
0.205416
0.207268
0.208407
0.208909
0.20898
0.113286
0.113214
0.113773
0.115266
0.117835
0.121736
0.127357
0.135138
0.145457
0.158497
0.173265
0.186403
0.196119
0.203102
0.208016
0.211413
0.213707
0.215122
0.215744
0.215828
0.0959256
0.0958474
0.0966491
0.0986848
0.102118
0.107307
0.114715
0.124833
0.138042
0.154428
0.172663
0.188696
0.200493
0.208976
0.214967
0.219129
0.221955
0.223699
0.224466
0.224562
0.0735466
0.0734782
0.0746822
0.0775636
0.0823311
0.0894694
0.0994745
0.112828
0.129809
0.150333
0.172675
0.192049
0.206237
0.216465
0.223733
0.228824
0.232306
0.234454
0.235387
0.2355
0.04379
0.0437796
0.0457139
0.0500731
0.057122
0.0673749
0.0812497
0.099065
0.120892
0.146423
0.173506
0.196636
0.213505
0.225721
0.234494
0.24072
0.245027
0.247689
0.248828
0.248955
0.00246822
0.00268236
0.00624589
0.0136786
0.0249346
0.0403182
0.0599205
0.0837528
0.111626
0.143016
0.175385
0.202594
0.222374
0.236799
0.247314
0.25493
0.26032
0.263657
0.26504
0.26517
-0.0582158
-0.056667
-0.0481092
-0.0340727
-0.0150678
0.0084775
0.0360862
0.0675649
0.102573
0.140493
0.178503
0.209965
0.232781
0.249554
0.261996
0.271246
0.277954
0.282203
0.283944
0.284102
-0.131098
-0.128279
-0.11207
-0.0875167
-0.0579952
-0.0249823
0.0113753
0.0510329
0.0937286
0.138927
0.183603
0.220512
0.247553
0.267815
0.283241
0.2951
0.304158
0.309802
0.311734
0.312238
-0.205769
-0.197519
-0.173586
-0.138992
-0.0997991
-0.0575955
-0.0125615
0.035253
0.0856426
0.138155
0.189577
0.232007
0.263281
0.287012
0.305444
0.319938
0.331212
0.338146
0.341446
0.34242
-0.263946
-0.254352
-0.225581
-0.184289
-0.137632
-0.0877225
-0.0350024
0.0203127
0.0779147
0.1373
0.19496
0.242282
0.277088
0.303492
0.323998
0.340129
0.352591
0.360874
0.36509
0.36628
-0.311128
-0.300975
-0.268803
-0.22276
-0.170543
-0.114577
-0.0554957
0.00631827
0.0703637
0.135984
0.199243
0.250766
0.288369
0.316663
0.338459
0.355517
0.368722
0.377768
0.382366
0.383589
-0.350238
-0.340004
-0.305723
-0.255994
-0.199287
-0.138417
-0.0740633
-0.00668934
0.063021
0.13421
0.202469
0.257615
0.297438
0.32708
0.34968
0.367186
0.380609
0.389889
0.394517
0.395835
-0.384151
-0.373925
-0.338106
-0.285421
-0.225053
-0.160061
-0.0911421
-0.0189158
0.0558274
0.132066
0.204872
0.26328
0.305073
0.335835
0.358993
0.376687
0.390131
0.399386
0.404012
0.40534
-0.414421
-0.404236
-0.36725
-0.312135
-0.248719
-0.180168
-0.107261
-0.0307076
0.0486145
0.129516
0.206647
0.268191
0.311814
0.343553
0.367157
0.385009
0.398441
0.407702
0.412344
0.413559
-0.442245
-0.432063
-0.394128
-0.336954
-0.27093
-0.199287
-0.122849
-0.0423833
0.0411465
0.126449
0.207726
0.272312
0.317783
0.35057
0.374713
0.392787
0.40628
0.415525
0.420181
0.421248
-0.468384
-0.458184
-0.419405
-0.360453
-0.292129
-0.217752
-0.138184
-0.0541966
0.0332092
0.122654
0.207985
0.275764
0.323281
0.35728
0.382075
0.400455
0.414055
0.423282
0.427919
0.428888
-0.493301
-0.483055
-0.443523
-0.383008
-0.312641
-0.235843
-0.153478
-0.0663067
0.024668
0.118077
0.207521
0.278654
0.328403
0.363815
0.38943
0.408248
0.422042
0.431291
0.43589
0.436824
-0.517364
-0.507013
-0.466695
-0.404901
-0.332677
-0.253713
-0.168841
-0.0787856
0.0155073
0.112716
0.206229
0.28089
0.333144
0.370228
0.396887
0.416304
0.430408
0.439735
0.444228
0.445144
-0.540761
-0.530236
-0.489264
-0.426238
-0.352333
-0.271451
-0.18434
-0.0916682
0.00566806
0.106441
0.203978
0.282388
0.337483
0.37654
0.404485
0.424682
0.439203
0.448658
0.45305
0.453924
-0.563516
-0.552803
-0.511286
-0.447063
-0.371684
-0.289105
-0.200002
-0.104997
-0.00491421
0.0991886
0.200699
0.283026
0.341293
0.382684
0.412192
0.433361
0.448414
0.458029
0.462312
0.46307
-0.585763
-0.574816
-0.532705
-0.467403
-0.390742
-0.306666
-0.215811
-0.118753
-0.0162023
0.0909789
0.1963
0.282651
0.344393
0.388522
0.41994
0.442301
0.457987
0.467765
0.471906
0.472526
-0.607433
-0.596258
-0.553554
-0.487278
-0.409476
-0.32409
-0.231708
-0.132861
-0.0281366
0.0818018
0.190711
0.281103
0.346592
0.39388
0.427637
0.451468
0.467881
0.477793
0.481742
0.482182
-0.628533
-0.617114
-0.573817
-0.506662
-0.427851
-0.341328
-0.247629
-0.147243
-0.0406572
0.0716956
0.183898
0.27823
0.347647
0.398532
0.43517
0.46086
0.478081
0.487967
0.491563
0.491807
-0.648929
-0.637319
-0.59344
-0.525504
-0.445808
-0.358296
-0.263499
-0.161822
-0.0536731
0.0607447
0.175853
0.273912
0.347298
0.402146
0.442332
0.470528
0.488723
0.498251
0.501177
0.501164
-0.668701
-0.656834
-0.612404
-0.543773
-0.463302
-0.374948
-0.279223
-0.176504
-0.0670752
0.0490516
0.166616
0.268061
0.345309
0.404306
0.448737
0.480501
0.500304
0.509005
0.510429
0.509951
-0.687732
-0.675603
-0.630685
-0.561418
-0.480258
-0.391205
-0.294717
-0.191161
-0.0807437
0.0367086
0.156272
0.260636
0.341486
0.404536
0.453711
0.490464
0.513599
0.521747
0.52002
0.517869
-0.706043
-0.693699
-0.648231
-0.578388
-0.496639
-0.406999
-0.309898
-0.205711
-0.0945585
0.0238758
0.144948
0.251635
0.335715
0.402388
0.456202
0.499228
0.528566
0.539451
0.534788
0.523228
-0.723575
-0.711079
-0.665142
-0.594832
-0.512645
-0.422606
-0.325095
-0.220557
-0.108981
0.010015
0.132043
0.240373
0.327299
0.397142
0.454593
0.504325
0.542664
0.56047
0.557546
0.549191
-0.740301
-0.727696
-0.681444
-0.610697
-0.52826
-0.438017
-0.340279
-0.235703
-0.124023
-0.00494423
0.117448
0.226594
0.31568
0.388215
0.446541
0.499598
0.542581
0.564549
0.538684
0.482415
-0.755997
-0.742907
-0.697117
-0.625927
-0.543565
-0.453323
-0.355467
-0.251023
-0.139603
-0.0209042
0.101174
0.210255
0.300177
0.37544
0.431495
0.475438
0.514948
0.516484
0.461252
0.391827
-0.772336
-0.757189
-0.711845
-0.640098
-0.55836
-0.468155
-0.370913
-0.266457
-0.155591
-0.0376904
0.0832748
0.191325
0.279942
0.359863
0.410927
0.456104
0.442937
0.411585
0.341072
0.266205
-0.758298
-0.738482
-0.690812
-0.616256
-0.530114
-0.436593
-0.334698
-0.227817
-0.11463
0.00574342
0.119915
0.214547
0.294474
0.37621
0.432333
0.355504
0.31165
0.249505
0.171667
0.119217
-0.77732
-0.763369
-0.728336
-0.662488
-0.581121
-0.491474
-0.394358
-0.290776
-0.181205
-0.0653469
0.0524556
0.156986
0.240134
0.315213
0.382606
0.378755
0.265845
0.178457
0.112798
0.0221012
-0.796614
-0.782325
-0.741859
-0.674731
-0.593099
-0.504098
-0.408251
-0.305799
-0.197551
-0.0836737
0.0314565
0.132673
0.211834
0.273345
0.298808
0.226309
0.0716208
-0.0339013
-0.11518
-0.211697
-0.815939
-0.803913
-0.759158
-0.690818
-0.609186
-0.520219
-0.424568
-0.322675
-0.215668
-0.103837
0.007699
0.103547
0.175725
0.22048
0.193775
0.0525445
-0.119365
-0.252887
-0.368531
-0.508932
-0.836954
-0.824676
-0.778087
-0.708744
-0.62699
-0.538089
-0.442706
-0.341629
-0.236062
-0.126641
-0.0192046
0.0706047
0.134226
0.160026
0.0893039
-0.119254
-0.327129
-0.501416
-0.670838
-0.895703
-0.857043
-0.844953
-0.797429
-0.727117
-0.645047
-0.556249
-0.461366
-0.361332
-0.257432
-0.150762
-0.0478303
0.0354817
0.0897909
0.0884902
-0.0412837
-0.285114
-0.534487
-0.773649
-0.982015
-1.45369
-0.876704
-0.865088
-0.817288
-0.746297
-0.663979
-0.575253
-0.480875
-0.381884
-0.279744
-0.17602
-0.0779177
-0.00161108
0.0424148
0.00202678
-0.179523
-0.435049
-0.706881
-0.960083
-1.18449
-1.62093
-0.896831
-0.885658
-0.837814
-0.766474
-0.684024
-0.595369
-0.501459
-0.403479
-0.303138
-0.202499
-0.109454
-0.0405662
-0.00886621
-0.0828615
-0.307505
-0.5599
-0.822136
-1.04644
-1.14216
-1.18562
-0.917984
-0.907063
-0.859279
-0.787873
-0.705471
-0.617024
-0.523713
-0.426935
-0.328687
-0.231585
-0.144179
-0.0835371
-0.0673743
-0.170782
-0.425987
-0.667553
-0.889728
-1.04732
-1.08928
-1.10555
-0.940165
-0.929505
-0.881813
-0.810464
-0.728198
-0.6401
-0.547554
-0.452178
-0.356337
-0.263234
-0.182056
-0.130279
-0.131066
-0.28092
-0.533885
-0.762283
-0.955664
-1.0461
-1.06891
-1.07108
-0.963554
-0.952958
-0.905664
-0.834173
-0.752121
-0.664503
-0.572871
-0.479105
-0.385949
-0.29725
-0.223008
-0.180119
-0.20925
-0.395526
-0.636125
-0.850315
-1.00779
-1.06023
-1.05458
-1.05467
-0.987919
-0.977436
-0.930211
-0.858895
-0.777111
-0.690078
-0.599511
-0.507533
-0.417289
-0.333403
-0.266579
-0.232339
-0.289643
-0.508238
-0.738044
-0.924823
-1.02994
-1.04624
-1.04486
-1.04397
-1.01287
-1.00256
-0.955359
-0.884362
-0.802954
-0.716596
-0.627214
-0.537181
-0.45001
-0.371281
-0.311931
-0.288251
-0.367412
-0.616721
-0.8471
-0.980289
-1.01073
-1.02906
-1.03703
-1.03838
-1.03792
-1.02786
-0.98086
-0.910231
-0.829276
-0.743693
-0.655576
-0.567601
-0.48357
-0.410173
-0.358125
-0.346495
-0.443302
-0.708925
-0.982362
-1.07641
-1.05819
-1.0584
-1.04828
-1.04492
-1.06241
-1.05257
-1.00631
-0.935994
-0.855601
-0.770832
-0.684058
-0.598157
-0.51726
-0.448914
-0.404592
-0.402351
-0.524504
-0.781115
-1.11951
-1.38696
-1.25525
-1.14726
-1.08143
-1.05877
-1.08556
-1.0761
-1.03061
-0.961072
-0.881251
-0.79735
-0.711908
-0.627967
-0.550102
-0.485991
-0.450039
-0.452679
-0.604035
-0.830634
-1.09865
-1.65898
-1.44677
-1.32086
-1.27446
-1.22517
-1.10627
-1.09736
-1.05287
-0.984356
-0.905427
-0.822467
-0.738215
-0.655956
-0.580738
-0.519889
-0.491875
-0.497203
-0.668548
-0.822748
-0.671462
-0.44389
-0.928322
-1.33161
-1.37868
-1.37598
-1.12347
-1.1152
-1.07232
-1.00492
-0.927073
-0.845107
-0.761984
-0.680933
-0.607385
-0.549077
-0.525301
-0.534657
-0.74811
-0.920354
-0.662603
-0.518406
-0.959292
-1.33523
-1.37104
-1.39478
-1.13586
-1.12832
-1.08764
-1.02186
-0.945141
-0.864147
-0.781928
-0.701632
-0.628184
-0.571112
-0.545299
-0.57151
-0.898478
-1.48663
-2.26181
-2.85494
-3.10968
-2.83982
-2.32548
-1.99468
-1.14223
-1.13566
-1.09775
-1.03406
-0.958622
-0.878525
-0.796881
-0.716562
-0.641897
-0.581699
-0.552645
-0.590523
-1.03275
-2.00672
-3.34442
-4.01471
-4.24876
-4.0263
-3.5934
-3.23328
-1.14091
-1.13538
-1.10215
-1.04067
-0.966607
-0.88739
-0.805848
-0.724619
-0.647123
-0.57942
-0.538883
-0.552774
-0.902807
-1.61879
-2.47756
-3.11854
-3.15417
-2.81902
-2.40617
-2.09036
-1.13166
-1.12768
-1.09951
-1.04126
-0.968433
-0.890098
-0.808372
-0.72542
-0.64331
-0.564575
-0.49336
-0.454767
-0.477056
-0.583419
-0.505088
-0.305296
0.00399703
0.353726
0.60569
0.739826
-1.11447
-1.1116
-1.08893
-1.0353
-0.964265
-0.886365
-0.804596
-0.719723
-0.631846
-0.538083
-0.441154
-0.344188
-0.173697
0.211491
0.782819
1.4126
1.94691
2.3051
2.50641
2.58565
-1.0897
-1.0879
-1.07114
-1.02279
-0.953462
-0.876473
-0.795273
-0.709569
-0.617518
-0.513637
-0.395813
-0.264489
-0.132832
0.283268
0.972289
1.63401
2.16062
2.49866
2.6665
2.7209
-1.05771
-1.05682
-1.04453
-1.00228
-0.935648
-0.860656
-0.781605
-0.698451
-0.606743
-0.498231
-0.367404
-0.236053
-0.122512
0.157929
0.725165
1.23987
1.64126
1.90833
2.05739
2.12089
-1.01523
-1.01504
-1.00682
-0.970737
-0.909265
-0.838244
-0.765234
-0.688767
-0.603155
-0.497379
-0.362226
-0.221953
-0.107422
0.0460951
0.412104
0.769343
1.05708
1.26075
1.38816
1.45498
-0.954216
-0.954039
-0.9484
-0.920574
-0.868792
-0.807838
-0.745624
-0.681276
-0.60952
-0.516775
-0.382574
-0.229926
-0.0919758
0.0275111
0.224146
0.443577
0.624018
0.754613
0.83331
0.878312
-0.870777
-0.870645
-0.866413
-0.848153
-0.813016
-0.769631
-0.724993
-0.679463
-0.627154
-0.551104
-0.435915
-0.280613
-0.124461
-0.0229877
0.106172
0.244149
0.362057
0.44737
0.498252
0.518519
-0.795392
-0.794802
-0.791187
-0.781013
-0.761141
-0.736147
-0.711027
-0.688157
-0.664862
-0.623364
-0.545758
-0.402631
-0.230716
-0.128265
-0.0683802
0.0248021
0.116308
0.185799
0.224044
0.239293
-0.74565
-0.745115
-0.743144
-0.738609
-0.730133
-0.720381
-0.714601
-0.718841
-0.739582
-0.773087
-0.778466
-0.658873
-0.448781
-0.319416
-0.258061
-0.174279
-0.0910004
-0.0246638
0.0154635
0.029125
-0.717637
-0.717699
-0.717769
-0.717435
-0.717192
-0.720615
-0.734667
-0.771981
-0.855744
-1.01531
-1.18502
-1.10038
-0.814848
-0.604804
-0.503116
-0.38767
-0.277017
-0.194532
-0.148351
-0.138086
-0.691342
-0.692192
-0.694246
-0.697655
-0.703873
-0.719543
-0.753194
-0.826033
-0.984402
-1.29686
-1.67959
-1.64528
-1.26883
-0.959528
-0.788528
-0.613215
-0.463617
-0.359076
-0.30683
-0.299383
-0.649229
-0.650687
-0.654102
-0.660084
-0.672046
-0.696495
-0.740688
-0.84059
-1.05283
-1.47313
-1.99612
-1.98697
-1.56642
-1.2154
-0.988736
-0.774585
-0.622962
-0.534069
-0.49835
-0.492463
-0.581372
-0.583075
-0.586843
-0.593797
-0.607005
-0.632889
-0.682929
-0.784628
-1.00039
-1.42867
-1.94244
-1.93072
-1.57125
-1.26855
-1.02454
-0.836109
-0.731536
-0.691468
-0.677706
-0.670285
-0.48872
-0.490256
-0.493425
-0.499363
-0.510631
-0.532363
-0.57388
-0.656626
-0.829692
-1.17249
-1.56782
-1.57334
-1.33127
-1.09182
-0.881431
-0.763759
-0.727298
-0.731666
-0.730653
-0.724252
-0.381669
-0.382765
-0.384774
-0.388655
-0.395985
-0.410052
-0.436605
-0.488543
-0.594726
-0.803189
-1.04226
-1.046
-0.891816
-0.724815
-0.612173
-0.585996
-0.608923
-0.629562
-0.634698
-0.632137
-0.274572
-0.275176
-0.276008
-0.277791
-0.281184
-0.287675
-0.299713
-0.322584
-0.367674
-0.453038
-0.554305
-0.545378
-0.44666
-0.381413
-0.37664
-0.415049
-0.449089
-0.467279
-0.472871
-0.473525
-0.179839
-0.18006
-0.180049
-0.180425
-0.181107
-0.182374
-0.184591
-0.188416
-0.19536
-0.205719
-0.201309
-0.178118
-0.14243
-0.169492
-0.218256
-0.264728
-0.293657
-0.307508
-0.313286
-0.315097
-0.10438
-0.104377
-0.103966
-0.103715
-0.103142
-0.101864
-0.0993356
-0.0945069
-0.0857555
-0.0702985
-0.0463347
-0.027832
-0.0262182
-0.0679181
-0.115563
-0.150841
-0.172655
-0.182834
-0.187641
-0.189757
-0.0494751
-0.0493844
-0.0488974
-0.0485496
-0.0477573
-0.0458886
-0.0421342
-0.0352117
-0.0235062
-0.00555907
0.0145372
0.0212383
0.0106073
-0.0209515
-0.0541997
-0.0781924
-0.092395
-0.0996379
-0.103312
-0.105041
-0.0126562
-0.0125585
-0.0121633
-0.0119755
-0.0114397
-0.00994152
-0.00674064
-0.000812747
0.00886848
0.0223631
0.0343888
0.0340969
0.0215262
0.000381364
-0.0204324
-0.0355387
-0.0446059
-0.0494035
-0.0519118
-0.0531003
0.0100939
0.0101657
0.0104206
0.0104015
0.0105792
0.0114448
0.0136028
0.0176903
0.0241879
0.0326027
0.0385171
0.0352717
0.0248106
0.0108857
-0.00197705
-0.0114033
-0.0172707
-0.0204884
-0.0221501
-0.0229141
0.0227927
0.0228332
0.0229599
0.0227919
0.022665
0.022966
0.0241424
0.0265769
0.0304125
0.0349863
0.0371646
0.0331309
0.0252503
0.0160652
0.00795035
0.0019246
-0.00198944
-0.0042131
-0.00533528
-0.00581253
0.0287334
0.0287497
0.0287825
0.0285267
0.0281995
0.0280975
0.0285287
0.0297011
0.0316266
0.0337194
0.0338891
0.0300768
0.0243032
0.0181546
0.0128671
0.00888889
0.00620625
0.00463577
0.00386532
0.00355607
0.0303187
0.03032
0.0302976
0.0300097
0.0295758
0.0292418
0.0291978
0.0295518
0.030252
0.0308493
0.030041
0.0267901
0.0225595
0.018344
0.014784
0.0120753
0.0101932
0.00906502
0.00852371
0.00833241
0.0291848
0.0291783
0.0291293
0.0288448
0.0283851
0.0279408
0.0276292
0.0275034
0.0275045
0.0273018
0.0260909
0.0234212
0.0203
0.017342
0.0148771
0.0129857
0.011643
0.0108255
0.0104433
0.010309
0.0263984
0.0263891
0.0263327
0.0260737
0.0256391
0.0251685
0.0247371
0.0243664
0.0240029
0.0234198
0.0221375
0.020006
0.017699
0.0155885
0.0138475
0.012504
0.0115356
0.0109398
0.0106669
0.0105756
0.022631
0.0226217
0.0225688
0.0223483
0.0219651
0.0215257
0.021074
0.0206194
0.0201185
0.0194178
0.0182352
0.0165694
0.0148711
0.0133571
0.0121172
0.0111565
0.0104566
0.010023
0.00982818
0.00976572
0.0182922
0.018284
0.0182403
0.0180629
0.0177451
0.0173676
0.0169572
0.0165181
0.016018
0.0153563
0.0143712
0.0131167
0.0118921
0.0108202
0.00994605
0.00926514
0.008764
0.0084522
0.00831512
0.0082727
0.0136232
0.0136165
0.0135839
0.01345
0.0132037
0.0129061
0.0125764
0.0122161
0.0118023
0.0112712
0.0105323
0.00964952
0.00881375
0.0080899
0.00749861
0.00703321
0.00668553
0.00646815
0.00637521
0.00634742
0.0087613
0.00875601
0.00873419
0.00864186
0.00846992
0.00826603
0.00804329
0.00780103
0.00752374
0.00717462
0.00670695
0.006168
0.00566708
0.00523507
0.00487958
0.00459375
0.00437323
0.00423297
0.00417449
0.00415711
0.00128797
0.00130223
0.00132658
0.00132203
0.00128622
0.00124139
0.00119407
0.00114119
0.00107867
0.000999733
0.000904962
0.000811687
0.000731005
0.000663773
0.000609101
0.000568129
0.000549545
0.000560813
0.000578602
0.00181152
-1.80114
-1.02734
-0.541269
-0.246666
-0.0258177
0.146776
0.284895
0.40251
0.521115
0.602641
-0.667654
-0.416325
-0.204034
-0.023804
0.126565
0.251014
0.354095
0.438147
0.490391
0.500736
-0.248692
-0.107012
0.0240396
0.144104
0.247622
0.335568
0.407788
0.462512
0.498879
0.52009
0.00502951
0.0982363
0.187132
0.270595
0.343953
0.406558
0.457943
0.498202
0.529015
0.549769
0.183141
0.247273
0.312728
0.372875
0.426712
0.473277
0.512533
0.544935
0.571266
0.589251
0.320355
0.366041
0.417451
0.462744
0.504422
0.541521
0.573764
0.601193
0.623806
0.638707
0.432591
0.470079
0.510254
0.547967
0.582985
0.614982
0.643313
0.667575
0.687262
0.69951
0.531459
0.564892
0.600286
0.635077
0.66759
0.697442
0.723859
0.746199
0.763602
0.773776
0.626162
0.660351
0.696142
0.731513
0.763962
0.793174
0.818526
0.839427
0.854987
0.864134
0.730355
0.768919
0.807332
0.844372
0.877138
0.905508
0.929378
0.94862
0.962762
0.972379
0.858594
0.901749
0.941066
0.977002
1.00769
1.0336
1.05539
1.07315
1.08676
1.09813
1.02064
1.06252
1.09652
1.12562
1.15025
1.17195
1.19169
1.20921
1.22429
1.2381
1.21145
1.24102
1.26297
1.28228
1.30066
1.31812
1.33435
1.35013
1.36691
1.3842
1.40842
1.41913
1.43151
1.44613
1.46073
1.4737
1.48507
1.49598
1.50875
1.52434
1.59559
1.6052
1.61486
1.61689
1.61744
1.62171
1.63263
1.64903
1.66642
1.67114
1.90028
1.84145
1.78978
1.74976
1.72745
1.72343
1.73696
1.77069
1.8267
1.90605
0.441251
0.384147
0.341762
0.308238
0.283922
0.266522
0.254037
0.245077
0.238909
0.235332
0.234782
0.23745
0.242719
0.250514
0.261314
0.276198
0.296901
0.325592
0.363997
0.412063
0.245612
0.254647
0.260803
0.26143
0.257471
0.2511
0.244533
0.238986
0.235056
0.233268
0.234247
0.237651
0.242786
0.249189
0.256051
0.261674
0.263654
0.260279
0.251867
0.244672
0.221112
0.223214
0.227834
0.231616
0.234654
0.236434
0.236235
0.234459
0.232204
0.230523
0.230353
0.231965
0.234482
0.236949
0.238271
0.237607
0.235192
0.231882
0.227712
0.223246
0.21487
0.215774
0.218316
0.221016
0.223019
0.22453
0.22573
0.226317
0.226185
0.225825
0.225975
0.22681
0.22763
0.227791
0.227117
0.225933
0.22436
0.222083
0.219373
0.217312
0.209377
0.209844
0.211306
0.213448
0.21548
0.217084
0.218262
0.219213
0.219954
0.220472
0.220891
0.22119
0.221151
0.220728
0.219989
0.218841
0.217157
0.215119
0.213314
0.21225
0.204265
0.204553
0.205541
0.207165
0.208976
0.210741
0.212265
0.213483
0.214487
0.215334
0.215917
0.21608
0.215853
0.215272
0.214278
0.212883
0.21126
0.209651
0.208375
0.20771
0.199436
0.199629
0.200403
0.201796
0.203425
0.205117
0.206814
0.208351
0.209617
0.210617
0.211314
0.211555
0.211276
0.210499
0.209317
0.207934
0.206508
0.205124
0.204091
0.203621
0.194985
0.19512
0.195752
0.197011
0.198546
0.200117
0.201712
0.203328
0.204853
0.206132
0.207005
0.207259
0.206892
0.206081
0.205036
0.203857
0.202581
0.201332
0.200463
0.200118
0.190907
0.19099
0.191505
0.19265
0.194092
0.195592
0.197084
0.198568
0.200045
0.20146
0.202526
0.202923
0.202773
0.202254
0.20146
0.200454
0.199318
0.198214
0.197484
0.197248
0.187509
0.187551
0.18795
0.18898
0.190346
0.191796
0.193342
0.194943
0.196537
0.198048
0.199303
0.199993
0.200059
0.199656
0.198932
0.19806
0.197078
0.196115
0.195535
0.195395
0.184821
0.184843
0.1851
0.185828
0.186885
0.188047
0.189307
0.190722
0.192312
0.194007
0.195539
0.196518
0.196915
0.196931
0.196686
0.196233
0.195639
0.195058
0.194739
0.194666
0.18215
0.182168
0.182343
0.182817
0.183585
0.18456
0.185753
0.187193
0.18886
0.190726
0.19259
0.193987
0.194778
0.19509
0.195133
0.195006
0.194816
0.194608
0.194495
0.19445
0.178861
0.178881
0.179026
0.179386
0.179981
0.180827
0.181956
0.183432
0.18529
0.187486
0.189786
0.191627
0.192805
0.193536
0.193882
0.194111
0.194228
0.194277
0.194272
0.194243
0.174737
0.174748
0.174892
0.17526
0.175864
0.176695
0.1779
0.179532
0.181629
0.184214
0.187059
0.189478
0.191143
0.192216
0.193012
0.193515
0.19383
0.193992
0.194032
0.194017
0.169893
0.169903
0.170044
0.170476
0.171176
0.172154
0.173578
0.175501
0.178016
0.181156
0.1847
0.187786
0.189992
0.191519
0.192564
0.193266
0.193715
0.19393
0.194008
0.194014
0.164394
0.1644
0.164551
0.165067
0.165987
0.167144
0.168806
0.171117
0.17413
0.17798
0.182388
0.186312
0.189186
0.191226
0.192624
0.193579
0.194127
0.194419
0.194552
0.194576
0.158235
0.158239
0.158406
0.158964
0.160015
0.161518
0.163551
0.166336
0.170033
0.174785
0.180276
0.185235
0.188899
0.191516
0.19333
0.19455
0.195284
0.1957
0.195901
0.195937
0.151194
0.151196
0.151415
0.15203
0.153244
0.155038
0.15755
0.160967
0.16555
0.171459
0.178311
0.184521
0.189144
0.192445
0.194775
0.196333
0.197319
0.1979
0.198176
0.198222
0.142897
0.142903
0.143156
0.14393
0.145355
0.147522
0.150602
0.15487
0.160602
0.167985
0.176536
0.184278
0.190033
0.194207
0.197112
0.19909
0.200377
0.20115
0.201508
0.201562
0.132842
0.132849
0.133171
0.134126
0.135904
0.138618
0.142486
0.147864
0.155074
0.16433
0.174992
0.184592
0.191746
0.1969
0.200509
0.202984
0.204617
0.205601
0.206045
0.20611
0.120519
0.12053
0.120954
0.12219
0.12446
0.127918
0.132858
0.139706
0.14885
0.160484
0.173746
0.185603
0.194396
0.200716
0.205164
0.208227
0.210262
0.211483
0.212031
0.212108
0.105134
0.10515
0.105715
0.10736
0.110364
0.1149
0.121334
0.130185
0.141853
0.156473
0.172896
0.187425
0.198143
0.205852
0.211291
0.215057
0.217576
0.219082
0.219742
0.219835
0.0855206
0.085544
0.0863271
0.0886197
0.0927503
0.0988886
0.10747
0.119067
0.13403
0.152375
0.172581
0.190228
0.203182
0.21251
0.219124
0.223738
0.226851
0.228725
0.229533
0.229634
0.0599092
0.0599503
0.0611141
0.0644934
0.0704431
0.0790389
0.090777
0.106174
0.125428
0.148343
0.172978
0.194181
0.209676
0.220871
0.228873
0.234517
0.238364
0.240686
0.241673
0.241783
0.0252237
0.0253132
0.0272797
0.0327526
0.0419345
0.0545086
0.0709644
0.0915756
0.116276
0.144636
0.174302
0.199438
0.217741
0.231042
0.240672
0.247583
0.252375
0.255287
0.256494
0.256603
-0.0244742
-0.0240807
-0.0196287
-0.00936929
0.00584166
0.0249594
0.0482624
0.0757203
0.107038
0.141624
0.176783
0.206107
0.227398
0.242992
0.254476
0.262921
0.268948
0.272699
0.27424
0.274345
-0.0969914
-0.0941775
-0.0816179
-0.0613743
-0.0364724
-0.00814837
0.0238346
0.0593817
0.098175
0.139623
0.180781
0.214744
0.239469
0.257817
0.271655
0.282235
0.290156
0.295376
0.297702
0.298041
-0.173919
-0.166967
-0.144766
-0.114095
-0.0791315
-0.041418
-0.000673342
0.0430917
0.089654
0.13854
0.186646
0.226389
0.255622
0.277707
0.294782
0.308251
0.318768
0.326362
0.330342
0.330971
-0.237907
-0.230836
-0.201738
-0.162602
-0.119221
-0.0729635
-0.0239364
0.0277386
0.0818079
0.137811
0.19242
0.237384
0.270522
0.2957
0.315312
0.330858
0.343029
0.352177
0.356287
0.356999
-0.289419
-0.281728
-0.24894
-0.204287
-0.154595
-0.101499
-0.0454512
0.0132355
0.0741649
0.136746
0.19728
0.246783
0.283069
0.310506
0.331757
0.348522
0.361644
0.371279
0.375825
0.376829
-0.331637
-0.32371
-0.288643
-0.239901
-0.185286
-0.126761
-0.0649441
-0.000258086
0.0667049
0.135188
0.201006
0.254402
0.293168
0.32218
0.344429
0.36183
0.375391
0.385119
0.389994
0.391057
-0.367542
-0.359502
-0.322969
-0.271094
-0.212418
-0.149417
-0.0827129
-0.0128405
0.0594453
0.133215
0.203794
0.260587
0.301411
0.331633
0.354545
0.372222
0.385848
0.395474
0.400463
0.401614
-0.399158
-0.391071
-0.35349
-0.299055
-0.237043
-0.170222
-0.099252
-0.0248101
0.0522673
0.130869
0.205858
0.26585
0.308579
0.339837
0.363219
0.381021
0.394595
0.404145
0.409162
0.410365
-0.427896
-0.419751
-0.381323
-0.324717
-0.259923
-0.189788
-0.115069
-0.036514
0.0449535
0.128084
0.207307
0.270369
0.314899
0.347149
0.37101
0.388992
0.402548
0.412035
0.417006
0.418262
-0.454608
-0.446415
-0.407245
-0.348802
-0.281594
-0.208549
-0.130503
-0.0482347
0.0372702
0.124672
0.207969
0.274123
0.320587
0.353969
0.378428
0.396661
0.410288
0.419705
0.42455
0.425881
-0.479947
-0.471676
-0.431859
-0.371792
-0.302418
-0.226802
-0.145804
-0.0601864
0.0290375
0.120477
0.207865
0.277303
0.325895
0.360567
0.385757
0.404354
0.418109
0.427508
0.432233
0.433569
-0.504267
-0.495897
-0.455469
-0.393994
-0.322683
-0.244774
-0.161125
-0.0724775
0.020184
0.115518
0.207005
0.279876
0.330842
0.367042
0.393155
0.412266
0.426257
0.435692
0.440304
0.441536
-0.527848
-0.519344
-0.478188
-0.41561
-0.342522
-0.262573
-0.176552
-0.0851557
0.0106932
0.109714
0.205241
0.281752
0.335397
0.373426
0.400689
0.420482
0.434817
0.444329
0.448848
0.449924
-0.550756
-0.54214
-0.500484
-0.436688
-0.362024
-0.280268
-0.192136
-0.0982611
0.000483509
0.102947
0.202485
0.282837
0.339476
0.379661
0.408346
0.429007
0.443807
0.453445
0.457886
0.458783
-0.573117
-0.564263
-0.522191
-0.457273
-0.381231
-0.297885
-0.207878
-0.111812
-0.0104593
0.0952147
0.198657
0.282987
0.34295
0.385658
0.416079
0.437821
0.453196
0.462962
0.467283
0.468032
-0.594916
-0.585951
-0.543289
-0.477385
-0.400134
-0.315384
-0.223739
-0.125753
-0.0220834
0.0865152
0.193665
0.282041
0.345634
0.391285
0.423813
0.446875
0.462928
0.472822
0.476957
0.477535
-0.61619
-0.607049
-0.563833
-0.497023
-0.418699
-0.332722
-0.239663
-0.140012
-0.0343232
0.0768698
0.187466
0.279847
0.347288
0.396328
0.431447
0.456153
0.472971
0.482929
0.486773
0.487153
-0.636836
-0.627538
-0.583764
-0.516145
-0.436875
-0.349842
-0.255565
-0.154509
-0.047103
0.0663292
0.180035
0.276266
0.347672
0.400501
0.438825
0.465674
0.483352
0.493138
0.496498
0.496645
-0.656813
-0.647367
-0.603045
-0.53471
-0.454605
-0.366664
-0.271374
-0.169152
-0.0603271
0.0549924
0.171384
0.271188
0.346533
0.403445
0.445669
0.475503
0.494376
0.503555
0.505912
0.505727
-0.676114
-0.666508
-0.621664
-0.552675
-0.471842
-0.383118
-0.286998
-0.183833
-0.0738802
0.0429544
0.161584
0.264552
0.343643
0.404699
0.451462
0.485552
0.506728
0.515002
0.515092
0.51408
-0.694666
-0.684901
-0.639581
-0.569991
-0.488521
-0.399154
-0.302353
-0.198456
-0.0876421
0.0303456
0.150724
0.256337
0.338856
0.403786
0.455338
0.495143
0.521002
0.529882
0.526261
0.522301
-0.712499
-0.702605
-0.656785
-0.586665
-0.504667
-0.414791
-0.317463
-0.213057
-0.101643
0.0171321
0.138751
0.246351
0.331913
0.400223
0.456056
0.502556
0.536242
0.551002
0.547364
0.529966
-0.729636
-0.719614
-0.673399
-0.602855
-0.520503
-0.430332
-0.332694
-0.22809
-0.116425
0.00266786
0.124959
0.233807
0.321937
0.393167
0.451447
0.503613
0.54602
0.562626
0.562946
0.521391
-0.746325
-0.735637
-0.689409
-0.618412
-0.535914
-0.44566
-0.347852
-0.243326
-0.131733
-0.0127869
0.109533
0.218759
0.308487
0.382316
0.439793
0.490398
0.532853
0.550729
0.505003
0.438531
-0.76371
-0.749664
-0.704692
-0.633301
-0.551173
-0.460941
-0.363173
-0.25875
-0.147571
-0.0292272
0.0923957
0.201096
0.290671
0.367861
0.421929
0.453182
0.484725
0.4707
0.406004
0.333958
-0.781698
-0.782879
-0.722099
-0.64532
-0.563768
-0.473676
-0.378191
-0.273747
-0.163253
-0.0458972
0.0741857
0.18129
0.268457
0.352396
0.38872
0.376968
0.393524
0.344024
0.269703
0.191498
-0.757299
-0.754313
-0.698215
-0.62294
-0.536841
-0.443545
-0.343785
-0.237278
-0.124701
-0.0052744
0.107578
0.20083
0.277291
0.357252
0.3923
0.294751
0.212895
0.147361
0.0706146
-0.0919911
-0.794502
-0.768711
-0.710308
-0.634276
-0.548411
-0.455646
-0.356618
-0.251029
-0.139839
-0.0226584
0.0866664
0.175854
0.244664
0.29712
0.273819
0.142192
0.0134879
-0.0746391
-0.164456
-0.34604
-0.817154
-0.78689
-0.727423
-0.651321
-0.565842
-0.473432
-0.37452
-0.269982
-0.16051
-0.0461794
0.0589411
0.142554
0.20233
0.222935
0.144101
-0.0369921
-0.191409
-0.309126
-0.440073
-0.688672
-0.838602
-0.806286
-0.745687
-0.669051
-0.583615
-0.491391
-0.393022
-0.289672
-0.182133
-0.0710439
0.0291073
0.105938
0.153964
0.140306
-0.009464
-0.225052
-0.418972
-0.581564
-0.778368
-1.20291
-0.858836
-0.825867
-0.764445
-0.687165
-0.601651
-0.509684
-0.412095
-0.310037
-0.204607
-0.0970921
-0.00252209
0.0670041
0.0991364
0.0456208
-0.162108
-0.409549
-0.655314
-0.874675
-1.16306
-1.90326
-0.878561
-0.84582
-0.783896
-0.706167
-0.620563
-0.52888
-0.43205
-0.331343
-0.228186
-0.124509
-0.0359109
0.0256572
0.0395052
-0.0585097
-0.305096
-0.570098
-0.838053
-1.07353
-1.31841
-2.18213
-0.898809
-0.866288
-0.804211
-0.726257
-0.640609
-0.549182
-0.453071
-0.353723
-0.252939
-0.153286
-0.070904
-0.0181094
-0.0240491
-0.179629
-0.430504
-0.692969
-0.9436
-1.11378
-1.15526
-1.21642
-0.919944
-0.887733
-0.825615
-0.747665
-0.662115
-0.57108
-0.475827
-0.378076
-0.280029
-0.184969
-0.109365
-0.0666611
-0.102088
-0.299696
-0.544094
-0.784158
-0.981921
-1.08136
-1.09711
-1.10785
-0.942232
-0.910248
-0.848187
-0.770305
-0.684982
-0.594476
-0.500279
-0.404376
-0.309423
-0.219514
-0.151118
-0.120465
-0.185223
-0.412906
-0.649672
-0.864622
-1.02049
-1.06252
-1.07018
-1.0709
-0.965674
-0.933575
-0.871903
-0.794089
-0.70909
-0.619269
-0.526304
-0.432469
-0.340983
-0.256728
-0.196165
-0.17994
-0.271279
-0.522917
-0.746221
-0.94116
-1.0422
-1.05329
-1.05467
-1.05424
-0.990112
-0.957976
-0.896547
-0.818922
-0.734327
-0.645304
-0.55373
-0.462162
-0.374466
-0.296245
-0.244233
-0.239075
-0.370508
-0.631287
-0.835727
-0.992871
-1.0483
-1.04609
-1.04439
-1.04352
-1.01506
-0.983103
-0.921873
-0.844531
-0.760452
-0.672338
-0.582296
-0.493162
-0.409455
-0.337538
-0.294717
-0.301673
-0.474034
-0.742413
-0.928633
-1.00789
-1.02108
-1.03412
-1.03832
-1.03805
-1.04011
-1.00858
-0.947468
-0.870601
-0.787115
-0.699987
-0.611574
-0.524992
-0.445285
-0.380072
-0.345824
-0.372156
-0.565872
-0.849639
-1.06956
-1.03973
-1.05906
-1.05373
-1.04583
-1.04433
-1.06452
-1.03356
-0.97313
-0.896637
-0.813796
-0.727726
-0.640968
-0.556983
-0.48107
-0.422901
-0.395803
-0.442308
-0.650234
-0.930518
-1.30594
-1.34744
-1.20371
-1.10701
-1.06617
-1.05536
-1.08766
-1.05743
-0.997841
-0.922002
-0.839798
-0.754878
-0.669692
-0.588176
-0.515743
-0.464002
-0.443683
-0.505433
-0.728936
-0.932214
-1.35543
-1.64458
-1.35167
-1.30116
-1.24703
-1.21377
-1.10828
-1.07925
-1.02056
-0.945753
-0.864439
-0.780513
-0.69681
-0.617311
-0.547995
-0.50068
-0.488945
-0.560513
-0.779883
-0.777472
-0.549325
-0.686166
-1.15921
-1.39608
-1.37918
-1.37493
-1.12529
-1.09791
-1.04058
-0.966878
-0.88658
-0.803691
-0.721132
-0.642939
-0.576036
-0.530529
-0.531017
-0.607245
-0.871595
-0.854856
-0.48036
-0.696593
-1.19452
-1.37553
-1.37465
-1.39859
-1.13748
-1.11213
-1.05678
-0.984434
-0.905115
-0.823205
-0.741505
-0.663768
-0.597265
-0.55248
-0.562884
-0.66795
-1.15672
-1.87294
-2.56032
-3.07397
-3.02398
-2.58641
-2.11338
-1.9956
-1.14362
-1.12084
-1.06805
-0.997348
-0.919079
-0.837928
-0.756507
-0.678403
-0.609388
-0.561692
-0.565522
-0.730131
-1.45046
-2.66397
-3.76338
-4.21033
-4.17735
-3.82441
-3.37806
-3.16037
-1.14281
-1.12298
-1.07371
-1.00474
-0.927557
-0.846944
-0.765207
-0.685366
-0.611764
-0.553424
-0.539853
-0.642253
-1.24552
-2.02421
-2.88944
-3.20725
-3.01492
-2.61026
-2.23029
-2.02332
-1.13324
-1.11756
-1.07322
-1.00598
-0.930017
-0.849697
-0.767097
-0.684311
-0.60298
-0.527828
-0.472569
-0.415509
-0.543729
-0.575161
-0.407797
-0.164541
0.18303
0.494892
0.687071
0.771357
-1.11574
-1.10397
-1.06534
-1.0011
-0.926134
-0.846037
-0.762614
-0.676395
-0.586519
-0.490508
-0.386217
-0.293821
-0.0156665
0.486805
1.09252
1.70046
2.14806
2.42391
2.55857
2.59809
-1.0907
-1.08277
-1.05066
-0.989803
-0.915543
-0.836544
-0.753272
-0.665042
-0.567806
-0.453349
-0.329933
-0.205679
0.0138274
0.616896
1.31333
1.91941
2.35376
2.60137
2.70389
2.72851
-1.05846
-1.05346
-1.02742
-0.9709
-0.898648
-0.821899
-0.741067
-0.653784
-0.554814
-0.433912
-0.301311
-0.175474
-0.0326436
0.430139
0.995663
1.45647
1.79148
1.99606
2.09784
2.13132
-1.0156
-1.01328
-0.992807
-0.94196
-0.874463
-0.802128
-0.727248
-0.646936
-0.553515
-0.432163
-0.287847
-0.162852
-0.0606303
0.217634
0.598501
0.922223
1.16992
1.33284
1.429
1.46612
-0.954101
-0.952936
-0.937982
-0.896698
-0.838837
-0.776883
-0.714272
-0.6478
-0.566608
-0.452761
-0.304804
-0.159628
-0.0356234
0.108677
0.33842
0.538433
0.696867
0.79933
0.859684
0.885866
-0.870831
-0.869553
-0.859556
-0.832228
-0.791816
-0.747474
-0.703044
-0.656082
-0.595674
-0.499584
-0.358574
-0.200768
-0.0645478
0.0372301
0.174459
0.307565
0.408704
0.477218
0.512033
0.519238
-0.795342
-0.793484
-0.787242
-0.772014
-0.748955
-0.72343
-0.699266
-0.676643
-0.649485
-0.596159
-0.477014
-0.315062
-0.167226
-0.102056
-0.0249338
0.0727463
0.154358
0.208027
0.234684
0.239337
-0.745547
-0.74432
-0.741289
-0.734779
-0.725143
-0.716666
-0.714937
-0.726183
-0.754441
-0.790561
-0.739036
-0.550397
-0.368596
-0.288867
-0.218601
-0.13135
-0.0551352
-0.00105984
0.0255926
0.027001
-0.717658
-0.717751
-0.717685
-0.717152
-0.718126
-0.725765
-0.749326
-0.80597
-0.924307
-1.10896
-1.18922
-0.958861
-0.691119
-0.553007
-0.445907
-0.329677
-0.231345
-0.166671
-0.139328
-0.14079
-0.691629
-0.693073
-0.695721
-0.700579
-0.710246
-0.733307
-0.782812
-0.890328
-1.11901
-1.50553
-1.74071
-1.46775
-1.09091
-0.873147
-0.702605
-0.53298
-0.404775
-0.326078
-0.299141
-0.301904
-0.649754
-0.652132
-0.656647
-0.665019
-0.68214
-0.717125
-0.781943
-0.926958
-1.23178
-1.76036
-2.1028
-1.78877
-1.36702
-1.09772
-0.874821
-0.691901
-0.570776
-0.510628
-0.49323
-0.493992
-0.582028
-0.58466
-0.58976
-0.599368
-0.617907
-0.653833
-0.724738
-0.872956
-1.18326
-1.71609
-2.02008
-1.7579
-1.40354
-1.15177
-0.91729
-0.774629
-0.705799
-0.683372
-0.67303
-0.669929
-0.489364
-0.491572
-0.495973
-0.504081
-0.519812
-0.5498
-0.608072
-0.727565
-0.976692
-1.3961
-1.62967
-1.45914
-1.20881
-0.973504
-0.813166
-0.734646
-0.728514
-0.732644
-0.727215
-0.723024
-0.382191
-0.383572
-0.386462
-0.391693
-0.401939
-0.421249
-0.458198
-0.532334
-0.684074
-0.939014
-1.08319
-0.978188
-0.806328
-0.656628
-0.588812
-0.595404
-0.621052
-0.633801
-0.634058
-0.631002
-0.274933
-0.275468
-0.276802
-0.279182
-0.283938
-0.292784
-0.309311
-0.341391
-0.404519
-0.508891
-0.565417
-0.496153
-0.407702
-0.370429
-0.394188
-0.433797
-0.460182
-0.471311
-0.473438
-0.473143
-0.180055
-0.179993
-0.180243
-0.18069
-0.181649
-0.183338
-0.186239
-0.191389
-0.200354
-0.207955
-0.194077
-0.150567
-0.151523
-0.193268
-0.242811
-0.281554
-0.302095
-0.310949
-0.314553
-0.315101
-0.104495
-0.104144
-0.103885
-0.103469
-0.102615
-0.100803
-0.0972916
-0.0907383
-0.0791122
-0.0588924
-0.0360954
-0.0214224
-0.0442708
-0.0925884
-0.134933
-0.164001
-0.178812
-0.185655
-0.189008
-0.189941
-0.0495324
-0.0491252
-0.048765
-0.0482256
-0.0469954
-0.0443094
-0.0391577
-0.0300556
-0.0153578
0.005228
0.0202446
0.018552
-0.00358946
-0.0382501
-0.0674886
-0.0864604
-0.0966602
-0.101769
-0.104405
-0.105242
-0.0126864
-0.0123475
-0.0120863
-0.011763
-0.0108487
-0.00860466
-0.00418327
0.00351794
0.0152178
0.0294306
0.0360761
0.0291806
0.0115566
-0.0104879
-0.028795
-0.0407615
-0.0474082
-0.0508574
-0.0526602
-0.0532529
0.0100745
0.0103082
0.0104267
0.0104547
0.0108893
0.012329
0.0153699
0.020631
0.0282636
0.0364762
0.0380631
0.0307834
0.0179979
0.00413257
-0.00716497
-0.0147459
-0.0191436
-0.021462
-0.0226325
-0.0230148
0.0227769
0.0229139
0.0229109
0.0227116
0.022731
0.0234237
0.0251858
0.0283328
0.0327041
0.0367434
0.0358595
0.0295556
0.0206536
0.0117901
0.00466011
-0.000279126
-0.00328021
-0.00487848
-0.00563946
-0.00587855
0.0287195
0.028786
0.0286979
0.0283516
0.0280976
0.0282342
0.0290157
0.0305864
0.0327278
0.0342531
0.0324066
0.0273488
0.0211851
0.0153651
0.0107103
0.00739387
0.00529634
0.00417235
0.00366889
0.00351055
0.0303065
0.030329
0.0301942
0.0297895
0.0293855
0.0291767
0.0293243
0.0298744
0.0306158
0.0307301
0.0286613
0.0247344
0.0204023
0.0164649
0.0133239
0.0110348
0.00954049
0.00873594
0.00839095
0.00830237
0.0291745
0.0291726
0.029023
0.0286199
0.0281563
0.0277649
0.0275443
0.0275011
0.0274645
0.0268747
0.0248908
0.0218749
0.018776
0.0160406
0.0138618
0.0122477
0.0111701
0.0105904
0.0103547
0.010289
0.0263901
0.0263773
0.0262343
0.0258656
0.0254057
0.0249465
0.0245463
0.0241934
0.0237624
0.0228876
0.0211405
0.0188483
0.0166062
0.0146691
0.0131283
0.0119739
0.0111909
0.0107705
0.0106064
0.0105617
0.0226245
0.0226087
0.0224846
0.0221679
0.021752
0.0213009
0.0208493
0.0203816
0.0198088
0.0188923
0.0174334
0.0157092
0.0140843
0.0127022
0.011604
0.0107745
0.0102056
0.00990116
0.00978652
0.00975584
0.0182872
0.0182725
0.0181728
0.0179156
0.0175634
0.0171664
0.0167432
0.0162805
0.0157175
0.0149028
0.0137556
0.0124923
0.0113337
0.0103587
0.00958306
0.00899228
0.00858332
0.00836577
0.00828682
0.00826532
0.0136194
0.0136078
0.0135334
0.0133369
0.0130605
0.0127453
0.0124016
0.0120191
0.0115576
0.0109242
0.0100937
0.00922145
0.00843631
0.00777822
0.00725135
0.00684451
0.00655933
0.00640898
0.00635672
0.00634223
0.00875825
0.00875002
0.00869985
0.00856301
0.0083711
0.0081571
0.00792573
0.00766869
0.00736162
0.00695269
0.00643735
0.00591079
0.00544187
0.00504834
0.00472884
0.00447499
0.0042918
0.00419541
0.00416311
0.00415327
0.00378386
0.00378086
0.00377662
0.0037359
0.00365178
0.00355797
0.00345797
0.00335126
0.00323005
0.00307817
0.00287822
0.00265287
0.00244583
0.00226775
0.00212003
0.00199837
0.00189997
0.00183788
0.0018174
0.00180842
-1.33904
-0.741501
-0.383817
-0.131507
0.0647667
0.218326
0.346313
0.459068
0.576941
0.562019
-0.500856
-0.305828
-0.109789
0.0550323
0.19185
0.304881
0.398832
0.469549
0.500173
0.506121
-0.163233
-0.0409041
0.0861972
0.197867
0.293522
0.373707
0.437502
0.482729
0.511598
0.527929
0.0605933
0.143167
0.230026
0.308616
0.37663
0.433673
0.4794
0.514643
0.541244
0.55927
0.223162
0.281582
0.343416
0.400701
0.450915
0.493797
0.529544
0.558827
0.581971
0.599999
0.350624
0.393133
0.440509
0.484122
0.523579
0.558243
0.588079
0.61312
0.632755
0.650506
0.456624
0.490247
0.529474
0.565821
0.599406
0.629634
0.655984
0.67804
0.694666
0.712259
0.55159
0.582229
0.617958
0.651632
0.682896
0.711117
0.735585
0.755588
0.769744
0.787276
0.645376
0.677839
0.714153
0.748114
0.77901
0.806365
0.829575
0.847936
0.860314
0.878024
0.751012
0.787909
0.826321
0.861303
0.891879
0.918016
0.939601
0.956331
0.967875
0.986106
0.881319
0.921634
0.959659
0.992989
1.02119
1.04499
1.0648
1.0804
1.09241
1.11088
1.04275
1.08017
1.11172
1.13839
1.16138
1.18206
1.20077
1.21699
1.23119
1.24922
1.22708
1.25265
1.27279
1.29157
1.30953
1.3264
1.34221
1.35833
1.37562
1.39474
1.41323
1.42506
1.43863
1.45359
1.46743
1.47956
1.49046
1.50197
1.51634
1.53495
1.59669
1.61127
1.61646
1.617
1.61885
1.62628
1.64026
1.65828
1.67093
1.68445
1.86923
1.81492
1.76774
1.73628
1.72327
1.72788
1.75113
1.79587
1.86325
1.95876
0.305029
0.300352
0.292966
0.281088
0.268123
0.256671
0.247558
0.240747
0.236204
0.234181
0.235224
0.239022
0.245032
0.253214
0.263674
0.276193
0.289198
0.299045
0.304996
0.308381
0.227002
0.234101
0.240107
0.244348
0.245659
0.243926
0.240345
0.236478
0.233402
0.231937
0.232835
0.235686
0.239622
0.243777
0.246834
0.247258
0.244472
0.239269
0.23238
0.226502
0.217803
0.220824
0.224114
0.22665
0.228707
0.230206
0.230589
0.229852
0.228716
0.228114
0.228766
0.230287
0.231739
0.232264
0.231471
0.229774
0.227619
0.224747
0.221415
0.219071
0.21206
0.213534
0.215837
0.218161
0.219888
0.221155
0.222172
0.222848
0.223118
0.223299
0.223744
0.224191
0.224197
0.223664
0.22277
0.221485
0.21957
0.217196
0.215331
0.214249
0.206786
0.207629
0.209198
0.211134
0.213012
0.214562
0.21574
0.216695
0.217496
0.218126
0.218493
0.218506
0.21818
0.217533
0.216471
0.214939
0.213147
0.211405
0.210282
0.209636
0.201811
0.202385
0.203604
0.205217
0.206942
0.208641
0.210173
0.211442
0.212482
0.213303
0.213725
0.213673
0.213191
0.212276
0.210991
0.209515
0.208001
0.206644
0.205834
0.2054
0.197163
0.197587
0.198639
0.200144
0.201763
0.203438
0.205114
0.206635
0.207885
0.208842
0.20939
0.209374
0.208796
0.207772
0.206506
0.205161
0.203787
0.202596
0.201953
0.201651
0.192888
0.1932
0.194104
0.19548
0.196983
0.19848
0.199981
0.201535
0.203036
0.204291
0.204921
0.204857
0.204321
0.203535
0.202574
0.20144
0.200227
0.199202
0.198696
0.19849
0.1891
0.189312
0.190112
0.191426
0.1929
0.194436
0.196007
0.197518
0.198978
0.200312
0.201192
0.201452
0.201225
0.20058
0.199674
0.198634
0.197529
0.196617
0.196227
0.196112
0.186109
0.186236
0.186846
0.187956
0.189241
0.190595
0.192053
0.193652
0.195299
0.196872
0.197997
0.198462
0.198402
0.198024
0.197431
0.196692
0.19585
0.195191
0.194948
0.194892
0.183532
0.183616
0.183997
0.184762
0.185738
0.186868
0.188159
0.189641
0.191316
0.193098
0.194573
0.19546
0.195852
0.195903
0.195712
0.195376
0.194975
0.194673
0.194562
0.194521
0.180606
0.180681
0.180949
0.181491
0.182273
0.1833
0.184611
0.186231
0.188147
0.190274
0.192164
0.193417
0.194135
0.194421
0.19451
0.194537
0.194483
0.194426
0.194382
0.194341
0.176893
0.176963
0.177207
0.17766
0.178363
0.179328
0.180643
0.182373
0.184538
0.187086
0.189492
0.191241
0.192387
0.19316
0.193566
0.193876
0.194086
0.19416
0.194152
0.194112
0.172403
0.172463
0.172724
0.173234
0.173991
0.175088
0.176611
0.178638
0.181206
0.184313
0.187359
0.189669
0.191249
0.192311
0.193073
0.193564
0.193862
0.193978
0.193998
0.193963
0.167232
0.167281
0.167576
0.168206
0.169133
0.170409
0.17221
0.174623
0.177728
0.181561
0.185387
0.188375
0.190487
0.191964
0.192966
0.193639
0.19401
0.19418
0.194237
0.19421
0.161421
0.161474
0.161793
0.162526
0.163661
0.165309
0.167438
0.170341
0.174138
0.178871
0.183678
0.187486
0.190247
0.192177
0.193486
0.194337
0.194826
0.195078
0.195173
0.195149
0.15486
0.15492
0.155285
0.156137
0.157481
0.159459
0.162082
0.165652
0.170343
0.176229
0.18224
0.187047
0.190546
0.193003
0.194711
0.195813
0.196489
0.196856
0.196988
0.196958
0.147237
0.147309
0.147776
0.148768
0.150356
0.152692
0.155963
0.160403
0.166247
0.173591
0.1811
0.187128
0.191503
0.194642
0.196789
0.198219
0.199127
0.199626
0.199793
0.199756
0.138109
0.138209
0.138773
0.140002
0.141958
0.144837
0.148903
0.154468
0.1618
0.170982
0.180334
0.187817
0.193297
0.197188
0.199879
0.201697
0.202875
0.203518
0.203725
0.203677
0.126982
0.127122
0.127863
0.129402
0.13186
0.1355
0.14066
0.147711
0.156945
0.168422
0.18003
0.189283
0.196046
0.200836
0.204169
0.20644
0.207923
0.20873
0.208984
0.208924
0.113195
0.113395
0.114393
0.116406
0.119598
0.124303
0.130949
0.139956
0.151628
0.165961
0.180297
0.191643
0.199907
0.20578
0.209875
0.21268
0.21452
0.215524
0.215834
0.215758
0.0958082
0.0961136
0.0975056
0.100211
0.104468
0.1107
0.119403
0.131028
0.145833
0.16368
0.181261
0.195062
0.205092
0.212238
0.217242
0.220688
0.222958
0.224196
0.224573
0.224477
0.0733956
0.0738915
0.0759085
0.0796864
0.0855782
0.0940764
0.105701
0.120846
0.139628
0.16172
0.183087
0.199707
0.211776
0.220414
0.22651
0.230741
0.233544
0.23506
0.235516
0.235395
0.0435987
0.0444695
0.0475847
0.0532321
0.0618244
0.0738274
0.0896386
0.109463
0.133198
0.160298
0.185964
0.205738
0.220108
0.230474
0.237879
0.243087
0.246564
0.248433
0.248979
0.248827
0.00225078
0.00399659
0.00951606
0.0187974
0.0320965
0.0495727
0.0712863
0.0971718
0.126882
0.15969
0.190072
0.213261
0.230149
0.24247
0.251433
0.257877
0.262254
0.26457
0.265208
0.265015
-0.0583381
-0.053191
-0.0416787
-0.0252054
-0.00384673
0.0217504
0.0513132
0.0846054
0.121156
0.160181
0.195519
0.222258
0.241794
0.256228
0.266965
0.274895
0.280417
0.283357
0.284163
0.283895
-0.131015
-0.121677
-0.10054
-0.0732814
-0.0419591
-0.00728331
0.0307293
0.0719464
0.115966
0.16211
0.203549
0.235033
0.258383
0.276035
0.28955
0.299953
0.307527
0.311139
0.312075
0.312225
-0.203693
-0.187486
-0.157097
-0.119867
-0.0791371
-0.0355131
0.0109142
0.0600467
0.111561
0.164875
0.21249
0.248762
0.275914
0.296778
0.313116
0.325953
0.335339
0.340101
0.342196
0.342514
-0.261661
-0.242083
-0.205953
-0.161493
-0.113139
-0.0618054
-0.00776327
0.0487345
0.107295
0.167311
0.220537
0.260934
0.291144
0.314356
0.332537
0.346807
0.357382
0.363397
0.366002
0.366375
-0.30882
-0.287246
-0.246931
-0.19727
-0.143079
-0.0855194
-0.0250294
0.0379645
0.102881
0.168968
0.227141
0.270957
0.303462
0.328231
0.347492
0.362589
0.373862
0.380551
0.383329
0.383673
-0.347993
-0.325536
-0.282117
-0.228334
-0.169425
-0.106776
-0.0408522
0.0277739
0.0983345
0.169854
0.2324
0.279054
0.313292
0.339106
0.358975
0.374388
0.385862
0.392706
0.395526
0.395886
-0.381986
-0.358941
-0.31314
-0.255999
-0.193196
-0.126192
-0.0555433
0.0180389
0.0936671
0.170137
0.236636
0.285835
0.321574
0.348198
0.368418
0.383901
0.395354
0.402236
0.40499
0.405365
-0.412318
-0.388886
-0.341174
-0.281255
-0.215149
-0.144358
-0.0695455
0.00850545
0.0887752
0.16988
0.240177
0.291796
0.328889
0.356189
0.376689
0.39223
0.403641
0.410599
0.41325
0.413572
-0.440148
-0.416423
-0.367123
-0.304834
-0.235876
-0.161767
-0.0832277
-0.00110619
0.0834848
0.169005
0.242961
0.296964
0.335463
0.363527
0.384383
0.400055
0.411463
0.418444
0.421035
0.421193
-0.466334
-0.442237
-0.391615
-0.327241
-0.255766
-0.178723
-0.0968529
-0.0110302
0.077585
0.167323
0.244983
0.301563
0.341654
0.37062
0.391933
0.407795
0.419241
0.426191
0.428734
0.428797
-0.49128
-0.466828
-0.414996
-0.348829
-0.275114
-0.195468
-0.11061
-0.0214091
0.0709709
0.164864
0.246356
0.305691
0.347572
0.377625
0.399544
0.415709
0.427262
0.434174
0.436685
0.436719
-0.515333
-0.490487
-0.437614
-0.369834
-0.29411
-0.212134
-0.124584
-0.0322913
0.0636409
0.161581
0.246962
0.309298
0.35324
0.384628
0.407347
0.423952
0.435696
0.442565
0.445012
0.445012
-0.53868
-0.513433
-0.459687
-0.390361
-0.312844
-0.228794
-0.138829
-0.0437141
0.0555037
0.157318
0.246699
0.312333
0.358664
0.391658
0.415388
0.432577
0.44459
0.451458
0.453788
0.453774
-0.561421
-0.535779
-0.481177
-0.410474
-0.331382
-0.245499
-0.153375
-0.0557307
0.0464991
0.152031
0.245461
0.314654
0.363748
0.39867
0.423645
0.441573
0.453928
0.460789
0.462972
0.462906
-0.58361
-0.557576
-0.502092
-0.430197
-0.349723
-0.262217
-0.1682
-0.0683169
0.0366533
0.145677
0.24312
0.316093
0.368318
0.405564
0.432069
0.450894
0.463636
0.470474
0.47248
0.472325
-0.605218
-0.578775
-0.522481
-0.449521
-0.36783
-0.278911
-0.183245
-0.0813968
0.0259984
0.138222
0.239559
0.316469
0.372185
0.412204
0.440603
0.46051
0.473663
0.480426
0.482207
0.481945
-0.62624
-0.599394
-0.542323
-0.468412
-0.385656
-0.295517
-0.198434
-0.0949058
0.0145955
0.129675
0.234694
0.315576
0.375099
0.41841
0.449208
0.470434
0.483932
0.490427
0.4919
0.491539
-0.646575
-0.61936
-0.56157
-0.486827
-0.403143
-0.311954
-0.213685
-0.108754
0.0025299
0.120077
0.228456
0.313219
0.376743
0.423881
0.457794
0.480798
0.494514
0.500354
0.501327
0.500879
-0.666276
-0.638619
-0.580204
-0.504708
-0.42022
-0.328155
-0.228903
-0.122824
-0.0100988
0.109509
0.220824
0.309248
0.376787
0.428175
0.466142
0.491911
0.505931
0.51029
0.51021
0.509706
-0.685197
-0.657177
-0.598176
-0.522008
-0.436836
-0.344041
-0.244003
-0.137027
-0.0231638
0.0980841
0.211822
0.303553
0.374915
0.430671
0.473656
0.503919
0.519502
0.521559
0.518615
0.517631
-0.703455
-0.675016
-0.615438
-0.538675
-0.452921
-0.359529
-0.258867
-0.151227
-0.0365254
0.0859327
0.201534
0.296075
0.370894
0.43061
0.479108
0.515978
0.536502
0.538624
0.529964
0.511712
-0.720952
-0.692148
-0.632134
-0.554898
-0.468755
-0.374942
-0.273903
-0.165886
-0.0507167
0.0724825
0.189328
0.286082
0.364102
0.426945
0.480383
0.525412
0.554906
0.561473
0.547359
0.559133
-0.737813
-0.708532
-0.648233
-0.570623
-0.484301
-0.390226
-0.289097
-0.180965
-0.0657207
0.0576772
0.175091
0.2731
0.353985
0.418681
0.473152
0.523512
0.555736
0.563946
0.506263
0.482391
-0.754615
-0.72462
-0.663479
-0.585478
-0.499147
-0.404979
-0.304262
-0.196201
-0.0812352
0.0417675
0.158963
0.256927
0.3401
0.405887
0.453563
0.498639
0.522464
0.495281
0.424002
0.377306
-0.772596
-0.741547
-0.677347
-0.599074
-0.512774
-0.418964
-0.319024
-0.211384
-0.0971147
0.0248594
0.140968
0.237649
0.321289
0.389892
0.431132
0.442049
0.434275
0.378429
0.3011
0.253944
-0.384504
-0.280308
-0.170207
-0.0534898
0.0653527
0.170894
0.255609
0.100052
-0.787905
-0.771717
-0.734647
-0.668442
-0.58694
-0.497736
-0.401387
-0.298482
-0.189587
-0.0747072
0.0418905
0.145111
0.226706
0.295898
0.345334
0.30997
0.164883
0.0715438
-0.00134423
-0.805618
-0.793131
-0.750084
-0.682304
-0.600656
-0.51168
-0.415992
-0.313832
-0.20619
-0.0933092
0.020106
0.118804
0.194777
0.247856
0.247568
0.138861
-0.0217894
-0.140836
-0.240414
-0.826362
-0.814272
-0.768505
-0.699708
-0.618049
-0.529116
-0.433553
-0.332015
-0.225696
-0.115019
-0.00548068
0.0874157
0.155557
0.191315
0.141803
-0.0334321
-0.221322
-0.373466
-0.515493
-0.846958
-0.834755
-0.787649
-0.717848
-0.635945
-0.547098
-0.451951
-0.351377
-0.246632
-0.138552
-0.033311
0.0533286
0.112513
0.125961
0.0280962
-0.203447
-0.432479
-0.637336
-0.841869
-0.866699
-0.854889
-0.80721
-0.736571
-0.654385
-0.565618
-0.471005
-0.371504
-0.268479
-0.163277
-0.0627456
0.0171129
0.0667099
0.0456749
-0.11186
-0.363173
-0.628264
-0.872884
-1.10546
-0.886357
-0.875104
-0.827349
-0.756212
-0.673818
-0.585106
-0.490956
-0.392456
-0.291177
-0.188938
-0.0932786
-0.0205577
0.018083
-0.0408324
-0.244177
-0.499553
-0.770834
-1.02269
-1.17935
-1.28875
-0.906985
-0.896049
-0.848307
-0.777001
-0.69458
-0.606004
-0.512377
-0.41497
-0.315638
-0.216709
-0.1264
-0.0614863
-0.0375794
-0.124514
-0.368287
-0.615765
-0.859023
-1.05125
-1.10941
-1.14369
-0.928532
-0.917911
-0.870278
-0.799
-0.716674
-0.628391
-0.535431
-0.439331
-0.342249
-0.24709
-0.162707
-0.106366
-0.0982571
-0.223883
-0.480973
-0.716359
-0.922494
-1.04691
-1.08532
-1.08584
-0.951288
-0.940749
-0.89349
-0.822153
-0.74001
-0.65214
-0.560026
-0.465437
-0.370902
-0.279945
-0.202136
-0.154679
-0.168236
-0.3387
-0.585613
-0.806914
-0.987017
-1.05058
-1.0585
-1.06104
-0.975119
-0.964626
-0.917686
-0.846371
-0.764492
-0.677145
-0.586033
-0.493136
-0.401411
-0.315063
-0.244479
-0.205582
-0.250326
-0.451683
-0.68727
-0.889949
-1.02586
-1.05745
-1.04997
-1.04888
-0.999782
-0.989331
-0.942501
-0.871516
-0.789937
-0.70323
-0.613239
-0.522212
-0.433498
-0.352148
-0.289058
-0.259408
-0.328939
-0.563763
-0.79174
-0.953404
-1.01932
-1.03687
-1.03996
-1.03983
-1.02464
-1.01439
-0.967878
-0.897195
-0.816075
-0.730096
-0.641329
-0.552313
-0.466705
-0.390645
-0.334917
-0.316915
-0.405594
-0.664785
-0.913486
-1.0113
-1.02359
-1.03581
-1.04088
-1.04084
-1.04909
-1.03926
-0.993327
-0.923054
-0.842474
-0.757284
-0.66983
-0.582896
-0.500429
-0.429633
-0.381347
-0.374571
-0.483173
-0.746427
-1.06109
-1.19709
-1.13343
-1.09346
-1.05962
-1.05003
-1.07268
-1.06311
-1.01848
-0.948533
-0.868558
-0.784203
-0.6981
-0.6132
-0.533838
-0.467742
-0.427549
-0.427831
-0.565533
-0.809759
-1.15139
-1.61756
-1.39983
-1.22908
-1.14241
-1.10805
-1.09451
-1.08531
-1.04171
-0.972913
-0.893568
-0.810142
-0.725295
-0.642235
-0.565776
-0.503407
-0.471593
-0.475533
-0.637637
-0.833533
-0.939665
-1.19728
-1.28942
-1.36824
-1.36142
-1.33678
-1.11326
-1.10462
-1.06263
-0.994897
-0.91663
-0.834158
-0.750484
-0.66887
-0.594647
-0.535152
-0.510033
-0.51611
-0.703288
-0.836392
-0.485687
-0.0986263
-0.750583
-1.26213
-1.35967
-1.37667
-1.12769
-1.11981
-1.08001
-1.01383
-0.936619
-0.85515
-0.772485
-0.691888
-0.618563
-0.561107
-0.537203
-0.551223
-0.810387
-1.15688
-1.34364
-1.59702
-1.93195
-1.85039
-1.62164
-1.53424
-1.13684
-1.12993
-1.09273
-1.02856
-0.952551
-0.871984
-0.790077
-0.70989
-0.635971
-0.57802
-0.550698
-0.58492
-0.976301
-1.80373
-3.04393
-3.73305
-3.9627
-3.65564
-3.09063
-2.69353
-1.13929
-1.13346
-1.09979
-1.03813
-0.963429
-0.883704
-0.802141
-0.721458
-0.645648
-0.582085
-0.548717
-0.579704
-1.02119
-1.93112
-3.11432
-3.88122
-4.09725
-3.823
-3.39422
-3.04627
-1.13485
-1.13011
-1.10034
-1.0418
-0.968516
-0.889579
-0.807903
-0.725901
-0.646251
-0.573775
-0.520209
-0.509423
-0.696849
-1.14574
-1.51899
-1.70853
-1.53632
-1.22733
-0.922304
-0.733367
-1.1217
-1.11817
-1.09314
-1.03901
-0.967475
-0.889041
-0.807224
-0.723274
-0.638425
-0.552009
-0.465786
-0.400113
-0.294756
-0.091508
0.290645
0.761486
1.2144
1.56408
1.76576
1.84736
-1.10094
-1.09865
-1.07875
-1.02942
-0.959921
-0.882201
-0.800545
-0.715005
-0.624613
-0.524994
-0.417646
-0.294736
-0.125376
0.301879
0.981954
1.65676
2.20192
2.55769
2.74351
2.81154
-1.07299
-1.07179
-1.05721
-1.01299
-0.945593
-0.869398
-0.788841
-0.70389
-0.611442
-0.504643
-0.378949
-0.248605
-0.136443
0.234553
0.870138
1.46541
1.93451
2.22946
2.38432
2.44928
-1.03684
-1.03646
-1.02675
-0.987636
-0.923731
-0.850278
-0.773746
-0.693429
-0.60385
-0.495728
-0.361906
-0.226814
-0.114308
0.0868518
0.564108
0.998161
1.34176
1.57302
1.70327
1.76649
-0.987516
-0.987383
-0.980735
-0.948731
-0.89113
-0.824174
-0.755721
-0.684472
-0.605139
-0.504394
-0.368799
-0.222868
-0.0972401
0.0337389
0.293005
0.574467
0.803409
0.969908
1.06709
1.11248
-0.913222
-0.913211
-0.908413
-0.885503
-0.841753
-0.789088
-0.73511
-0.679557
-0.616425
-0.532617
-0.403272
-0.246977
-0.0996459
0.00712774
0.172996
0.345866
0.491118
0.595274
0.660632
0.693517
-0.830567
-0.830135
-0.826201
-0.812121
-0.785228
-0.751307
-0.716443
-0.681837
-0.642492
-0.579982
-0.480591
-0.330438
-0.166287
-0.061331
0.0210126
0.135035
0.235824
0.311241
0.352676
0.366639
-0.767043
-0.766424
-0.763583
-0.756792
-0.7425
-0.725659
-0.710219
-0.700248
-0.696783
-0.686266
-0.642659
-0.509366
-0.323398
-0.21561
-0.159439
-0.0776907
0.00809659
0.0733011
0.112813
0.127877
-0.73015
-0.729786
-0.728744
-0.726435
-0.722374
-0.719353
-0.723377
-0.743355
-0.793179
-0.883891
-0.961196
-0.855652
-0.61242
-0.44877
-0.37054
-0.275514
-0.183734
-0.112037
-0.0702865
-0.058166
-0.705523
-0.705985
-0.707088
-0.708619
-0.711974
-0.721611
-0.745785
-0.8012
-0.922343
-1.15915
-1.43105
-1.37612
-1.04304
-0.782055
-0.648212
-0.504598
-0.371778
-0.276363
-0.22514
-0.216305
-0.673092
-0.674272
-0.677089
-0.681962
-0.691721
-0.711844
-0.752942
-0.840863
-1.03133
-1.40753
-1.8789
-1.86648
-1.4555
-1.11099
-0.906567
-0.704643
-0.547842
-0.444879
-0.398299
-0.392032
-0.618736
-0.620371
-0.624102
-0.630817
-0.643859
-0.669626
-0.719324
-0.82252
-1.04249
-1.47852
-2.01901
-2.00918
-1.60409
-1.26911
-1.02834
-0.820349
-0.686741
-0.620647
-0.596894
-0.590351
-0.537659
-0.539324
-0.542889
-0.549543
-0.562135
-0.586613
-0.633643
-0.728196
-0.927549
-1.32306
-1.78589
-1.77988
-1.4792
-1.21119
-0.97296
-0.820835
-0.746367
-0.731482
-0.725097
-0.71755
-0.436117
-0.437454
-0.440078
-0.445058
-0.454468
-0.472572
-0.506955
-0.574884
-0.715509
-0.993204
-1.31115
-1.32212
-1.12945
-0.916314
-0.754123
-0.677299
-0.677916
-0.693993
-0.696846
-0.692599
-0.327246
-0.328091
-0.329483
-0.332261
-0.337524
-0.3476
-0.366482
-0.402961
-0.476386
-0.618941
-0.785757
-0.78071
-0.659941
-0.539748
-0.483708
-0.498651
-0.530657
-0.550921
-0.556622
-0.555834
-0.225082
-0.225475
-0.225831
-0.226805
-0.228653
-0.232181
-0.238618
-0.250523
-0.273306
-0.313795
-0.351067
-0.331444
-0.276541
-0.257642
-0.289147
-0.336279
-0.368653
-0.384679
-0.390191
-0.391664
-0.139506
-0.139596
-0.139333
-0.139312
-0.139202
-0.138892
-0.138185
-0.136596
-0.133455
-0.126439
-0.107408
-0.0820156
-0.0680297
-0.109239
-0.161074
-0.202629
-0.22767
-0.23973
-0.245261
-0.247309
-0.0744526
-0.0743923
-0.0739127
-0.0735655
-0.0727897
-0.071036
-0.0675665
-0.0611217
-0.049894
-0.0316011
-0.00820431
0.00374577
-0.00242995
-0.0397833
-0.0804617
-0.109734
-0.127827
-0.136514
-0.140699
-0.142642
-0.0290426
-0.0289417
-0.0284884
-0.0282022
-0.0275097
-0.0257592
-0.0221577
-0.0155114
-0.00450169
0.0115275
0.0275077
0.030117
0.0176498
-0.00831189
-0.0347727
-0.0539006
-0.0652472
-0.0711486
-0.0742159
-0.0756765
0.000213534
0.000300169
0.000626197
0.000705537
0.00106417
0.00225026
0.00494192
0.00996003
0.0180484
0.0289107
0.0375518
0.035396
0.0236807
0.00651457
-0.00982411
-0.0217361
-0.0290047
-0.0329186
-0.0349605
-0.0359119
0.0174731
0.0175289
0.0177165
0.0176147
0.017628
0.0181939
0.0198386
0.0230565
0.028122
0.0344256
0.0382137
0.0343992
0.0252652
0.0139656
0.0037848
-0.00372283
-0.00849734
-0.0111641
-0.0125292
-0.013122
0.026437
0.0264642
0.0265388
0.0263193
0.0260814
0.0261572
0.0269263
0.0286744
0.0314675
0.0346573
0.0356599
0.0316557
0.024901
0.0174066
0.0108846
0.0060081
0.00277762
0.000913076
-1.50947e-05
-0.00039631
0.0299527
0.0299605
0.0299615
0.0296839
0.0292909
0.0290547
0.0292176
0.0299294
0.0311617
0.032401
0.0319898
0.028447
0.0235099
0.0184344
0.0141125
0.0108416
0.00860012
0.00727122
0.0066271
0.00638007
0.030014
0.0300108
0.0299722
0.0296825
0.0292277
0.0288261
0.0286268
0.0287067
0.0290066
0.0291365
0.0280717
0.0251135
0.0214814
0.0179593
0.0150062
0.012749
0.011162
0.0102025
0.00974903
0.0095867
0.0279491
0.0279409
0.0278864
0.0276123
0.0271603
0.0266942
0.0263071
0.0260339
0.0258178
0.0253844
0.0241091
0.021717
0.0190337
0.0165385
0.0144704
0.0128789
0.0117399
0.0110422
0.0107194
0.0106089
0.0246074
0.024598
0.0245423
0.0243014
0.0238904
0.0234299
0.0229786
0.0225501
0.022096
0.0214286
0.0201802
0.0182896
0.0163077
0.0145198
0.0130504
0.0119141
0.0110906
0.0105819
0.010351
0.0102756
0.0205161
0.0205074
0.0204587
0.0202591
0.0199075
0.019496
0.0190588
0.0186021
0.0180881
0.0173922
0.0162996
0.0148449
0.0133965
0.012118
0.011074
0.0102631
0.00966955
0.00930085
0.00913675
0.0090854
0.0159903
0.0159832
0.0159447
0.0157886
0.015506
0.0151665
0.0147924
0.0143863
0.0139209
0.0133158
0.0124493
0.0113846
0.0103625
0.0094733
0.00874812
0.00818099
0.007761
0.00749888
0.00738479
0.00735037
0.0112134
0.0112077
0.0111801
0.0110662
0.0108564
0.010604
0.0103248
0.0100196
0.00966915
0.00922415
0.00861871
0.00791049
0.00724724
0.00667432
0.00620485
0.00583216
0.00555031
0.00537265
0.00529706
0.00527481
0.00628832
0.0062836
0.00626662
0.00619453
0.00606334
0.0059131
0.00575101
0.00557571
0.00537605
0.00512612
0.00479491
0.00441734
0.00406816
0.00376745
0.00351909
0.00331697
0.00315706
0.00305312
0.00300991
0.00299644
0.0037813
0.00378047
0.00376321
0.00369723
0.00360567
0.00350867
0.00340601
0.0032931
0.00315909
0.00298351
0.00276576
0.00254638
0.00235293
0.00219035
0.00205641
0.00194596
0.00186315
0.00182372
0.00181409
0.00058216
-1.03091
-0.631288
-0.353767
-0.12874
0.0537698
0.201227
0.321953
0.42566
0.498475
0.49817
-0.434302
-0.24263
-0.0784778
0.0667306
0.190996
0.295647
0.382438
0.449446
0.491314
0.508843
-0.111181
0.00451446
0.112346
0.211527
0.298277
0.372187
0.432731
0.478901
0.512243
0.533546
0.100138
0.177481
0.253376
0.324042
0.386501
0.440056
0.484603
0.52041
0.548999
0.568253
0.255827
0.308207
0.366996
0.418897
0.465875
0.507014
0.542329
0.571948
0.596377
0.612635
0.379223
0.419465
0.464512
0.505633
0.543356
0.577436
0.607447
0.633079
0.654132
0.667512
0.483072
0.517967
0.5549
0.590886
0.62427
0.654881
0.682103
0.70527
0.72375
0.734742
0.578593
0.611641
0.646687
0.68168
0.714016
0.743444
0.769332
0.790933
0.807356
0.816729
0.676126
0.712087
0.749065
0.785546
0.818329
0.847241
0.871977
0.892087
0.906876
0.915899
0.790588
0.831691
0.870994
0.908271
0.940534
0.967931
0.990806
1.00918
1.02287
1.03313
0.935265
0.978794
1.0164
1.04981
1.07794
1.10191
1.12271
1.14021
1.15429
1.1666
1.11351
1.15064
1.17911
1.20326
1.22446
1.24395
1.26228
1.27945
1.2957
1.31111
1.31117
1.33066
1.34656
1.36288
1.37959
1.3951
1.40879
1.42198
1.43754
1.45546
1.50059
1.5083
1.52018
1.5319
1.5418
1.55103
1.56138
1.57278
1.58415
1.59147
1.71945
1.71773
1.70967
1.69268
1.68134
1.68081
1.693
1.71786
1.75158
1.77919
2.128
1.94117
1.83963
1.78233
1.75335
1.7467
1.76201
1.80266
1.87842
2.02472
-0.759206
-0.760678
-0.721744
-0.653509
-0.572021
-0.481979
0.335022
0.404453
0.402967
0.333356
0.264238
0.189599
-0.0763937
-0.338155
-0.669923
-1.0973
-1.59127
)
;

boundaryField
{
    wall-4
    {
        type            zeroGradient;
    }
    pressure-outlet-7
    {
        type            fixedValue;
        value           uniform 0;
    }
    velocity-inlet-6
    {
        type            zeroGradient;
    }
    velocity-inlet-5
    {
        type            zeroGradient;
    }
    frontAndBackPlanes
    {
        type            empty;
    }
}


// ************************************************************************* //
