0.490941 	0.874221
0.561075 	0.874221
0.63121 	0.874221
0.701344 	0.874221
0.771478 	0.874221
0.841613 	0.874221
0.911747 	0.874221
0.981881 	0.874221
1.05202 	0.874221
1.12215 	0.874221
1.19228 	0.874221
1.26242 	0.84807
1.33255 	0.84807
1.40269 	0.84807
1.47282 	0.84807
1.54296 	0.84807
1.61309 	0.84807
1.68323 	0.84807
1.75336 	0.84807
1.82349 	0.798818
1.89363 	0.798818
1.96376 	0.798818
2.0339 	0.798818
2.10403 	0.798818
2.17417 	0.798818
2.2443 	0.798818
2.31443 	0.798818
2.38457 	0.798818
2.4547 	0.798818
2.52484 	0.798818
2.59497 	0.764585
2.66511 	0.764585
2.73524 	0.764585
2.80538 	0.764585
2.87551 	0.764585
2.94564 	0.764585
3.01578 	0.764585
3.08591 	0.764585
3.15605 	0.764585
3.22618 	0.764585
3.29632 	0.731852
3.36645 	0.731852
3.43659 	0.731852
3.50672 	0.731852
3.57685 	0.731852
3.64699 	0.731852
3.71712 	0.731852
3.78726 	0.731852
3.85739 	0.731852
3.92753 	0.731852
3.99766 	0.731852
4.06779 	0.713176
4.13793 	0.713176
4.20806 	0.713176
4.2782 	0.713176
4.34833 	0.713176
4.41847 	0.713176
4.4886 	0.687737
4.55874 	0.687737
4.62887 	0.687737
4.699 	0.687737
4.76914 	0.687737
4.83927 	0.687737
4.90941 	0.687737
4.97954 	0.687737
5.04968 	0.687737
5.11981 	0.687737
5.18994 	0.665202
5.26008 	0.665202
5.33021 	0.665202
5.40035 	0.665202
5.47048 	0.665202
5.54062 	0.665202
5.61075 	0.665202
5.68089 	0.637634
5.75102 	0.637634
5.82115 	0.637634
5.89129 	0.637634
5.96142 	0.637634
6.03156 	0.637634
6.10169 	0.637634
6.17183 	0.637634
6.24196 	0.637634
6.3121 	0.608106
6.38223 	0.608106
6.45236 	0.608106
6.5225 	0.608106
6.59263 	0.608106
6.66277 	0.608106
6.7329 	0.608106
6.80304 	0.608106
6.87317 	0.582133
6.9433 	0.582133
7.01344 	0.582133
7.08357 	0.582133
7.15371 	0.582133
7.22384 	0.582133
7.29398 	0.582133
7.36411 	0.582133
7.43425 	0.582133
7.50438 	0.55037
7.57451 	0.55037
7.64465 	0.55037
7.71478 	0.55037
7.78492 	0.55037
7.85505 	0.55037
7.92519 	0.55037
7.99532 	0.55037
8.06545 	0.532297
8.13559 	0.532297
8.20572 	0.532297
8.27586 	0.532297
8.34599 	0.532297
8.41613 	0.532297
8.48626 	0.532297
8.5564 	0.532297
8.62653 	0.532297
8.69666 	0.502248
8.7668 	0.502248
8.83693 	0.502248
8.90707 	0.502248
8.9772 	0.502248
9.04734 	0.502248
9.11747 	0.502248
9.18761 	0.502248
9.25774 	0.470932
9.32787 	0.470932
9.39801 	0.470932
9.46814 	0.470932
9.53828 	0.470932
9.60841 	0.470932
9.67855 	0.470932
9.74868 	0.470932
9.81881 	0.454084
9.88895 	0.454084
9.95908 	0.454084
10.0292 	0.454084
10.0994 	0.454084
10.1695 	0.454084
10.2396 	0.454084
10.3098 	0.454084
10.3799 	0.454084
10.45 	0.454084
10.5202 	0.454084
10.5903 	0.454084
10.6604 	0.479528
10.7306 	0.423377
10.8007 	0.423377
10.8708 	0.423377
10.941 	0.423377
11.0111 	0.423377
11.0812 	0.423377
11.1514 	0.423377
11.2215 	0.423377
11.2916 	0.423377
11.3618 	0.423377
11.4319 	0.423377
11.502 	0.423377
11.5722 	0.423377
11.6423 	0.423377
11.7124 	0.429675
11.7826 	0.360731
11.8527 	0.360731
11.9228 	0.360731
11.993 	0.360731
12.0631 	0.360731
12.1332 	0.360731
12.2034 	0.256233
12.2735 	0.256233
12.3437 	0.256233
12.4138 	0.256233
12.4839 	0.256233
12.5541 	0.256233
12.6242 	0.256233
12.6943 	0.256233
12.7645 	0.256233
12.8346 	0.133533
12.9047 	0.104352
12.9749 	0.104352
13.045 	0.104352
13.1151 	0.104352
13.1853 	0.104352
13.2554 	0.104352
13.3255 	0.104352
13.3957 	0.314804
13.4658 	0.314804
13.5359 	0.314804
13.6061 	0.314804
13.6762 	0.314804
13.7463 	0.314804
13.8165 	0.344475
13.8866 	0.489001
13.9567 	0.489001
14.0269 	0.00274135
14.097 	0.00274135
14.1671 	0.00274135
14.2373 	0.00274135
14.3074 	0.00274135
14.3776 	0.00274135
14.4477 	0.00274135
14.5178 	0.00274135
14.588 	0.00274135
14.6581 	0.00274135
14.7282 	0.00274135
14.7984 	0.00274135
14.8685 	0.00274135
14.9386 	-0.115146
15.0088 	-0.115146
15.0789 	-0.115146
15.149 	-0.115146
15.2192 	-0.115146
15.2893 	-0.615608
15.3594 	-0.615608
15.4296 	-0.615608
15.4997 	-0.615608
15.5698 	-0.615608
15.64 	-0.615608
15.7101 	-1.10748
15.7802 	-1.10748
15.8504 	-0.998676
15.9205 	-0.998676
15.9906 	-0.998676
16.0608 	-0.998676
16.1309 	-0.998676
16.201 	-0.998676
16.2712 	-0.998676
16.3413 	-0.998676
16.4114 	-0.998676
16.4816 	-0.998676
16.5517 	-0.998676
16.6219 	-0.998676
16.692 	-0.998676
16.7621 	-0.998676
16.8323 	-0.508846
16.9024 	-0.508846
16.9725 	-0.508846
17.0427 	-0.508846
17.1128 	-0.508846
17.1829 	-0.508846
17.2531 	-0.508846
17.3232 	-0.508846
17.3933 	-0.508846
17.4635 	-0.508846
17.5336 	-0.384854
17.6037 	-0.384854
17.6739 	-0.384854
17.744 	-0.481012
17.8141 	-0.481012
17.8843 	-0.481012
17.9544 	-0.481012
18.0245 	-0.481012
18.0947 	-0.481012
18.1648 	-0.481012
18.2349 	-0.481012
18.3051 	-0.481012
18.3752 	-0.218881
18.4453 	-0.218881
18.5155 	-0.218881
18.5856 	-0.218881
18.6557 	-0.218881
18.7259 	-0.218881
18.796 	-0.218881
18.8662 	-0.194871
18.9363 	-0.194871
19.0064 	-0.194871
19.0766 	-0.194871
19.1467 	-0.194871
19.2168 	-0.194871
19.287 	-0.194871
19.3571 	-0.194871
19.4272 	-0.194871
19.4974 	-0.194871
19.5675 	-0.194871
19.6376 	-0.194871
19.7078 	-0.194871
19.7779 	-0.0744003
19.848 	-0.0744003
19.9182 	-0.0744003
19.9883 	-0.0744003
20.0584 	-0.0744003
20.1286 	-0.0744003
20.1987 	-0.0744003
20.2688 	-0.137428
20.339 	-0.137428
20.4091 	-0.137428
20.4792 	-0.137428
20.5494 	-0.137428
20.6195 	-0.137428
20.6896 	-0.137428
20.7598 	-0.137428
20.8299 	-0.137428
20.9 	-0.137428
20.9702 	-0.137428
21.0403 	-0.137428
21.1105 	-0.137428
21.1806 	-0.137428
21.2507 	-0.137428
21.3209 	-0.137428
21.391 	-0.137428
21.4611 	-0.143524
21.5313 	-0.143524
21.6014 	-0.143524
21.6715 	-0.557026
21.7417 	-0.557026
21.8118 	-0.557026
21.8819 	-0.557026
21.9521 	-0.557026
22.0222 	-0.663304
22.0923 	-0.663304
22.1625 	-0.663304
22.2326 	-0.663304
22.3027 	-0.663304
22.3729 	-0.663304
22.443 	-0.663304
22.5131 	-0.663304
22.5833 	-0.663304
22.6534 	-0.663304
22.7235 	-0.663304
22.7937 	-0.663304
22.8638 	-0.663304
22.9339 	-0.663304
23.0041 	-0.663304
23.0742 	-0.663304
23.1443 	-0.663304
23.2145 	-0.663304
23.2846 	-0.663304
23.3548 	-0.663304
23.4249 	-0.663304
23.495 	-0.585765
23.5652 	-0.585765
23.6353 	-0.585765
23.7054 	-0.585765
23.7756 	-0.585765
23.8457 	-0.585765
23.9158 	-0.585765
23.986 	-0.495876
24.0561 	-0.495876
24.1262 	-0.495876
24.1964 	-0.495876
24.2665 	-0.495876
24.3366 	-0.495876
24.4068 	-0.495876
24.4769 	-0.495876
24.547 	-0.495876
24.6172 	-0.495876
24.6873 	-0.495876
24.7574 	-0.495876
24.8276 	-0.495876
24.8977 	-0.495876
24.9678 	-0.495876
25.038 	-0.495876
25.1081 	-0.495876
25.1782 	-0.59777
25.2484 	-0.59777
25.3185 	-0.59777
25.3886 	-0.59777
25.4588 	-0.59777
25.5289 	-0.59777
25.5991 	-0.59777
25.6692 	-0.59777
25.7393 	-0.59777
25.8095 	-0.59777
25.8796 	-0.59777
25.9497 	-0.59777
26.0199 	-0.59777
26.09 	-0.59777
26.1601 	-0.59777
26.2303 	-0.401302
26.3004 	-0.401302
26.3705 	-0.401302
26.4407 	-0.401302
26.5108 	-0.401302
26.5809 	-0.401302
26.6511 	-0.401302
26.7212 	-0.401302
26.7913 	-0.401302
26.8615 	-0.401302
26.9316 	-0.401302
27.0017 	-0.401302
27.0719 	-0.401302
27.142 	-0.401302
27.2121 	-0.401302
27.2823 	-0.401302
27.3524 	-0.242549
27.4225 	-0.242549
27.4927 	-0.242549
27.5628 	-0.242549
27.6329 	-0.242549
27.7031 	-0.242549
27.7732 	-0.242549
27.8434 	-0.242549
27.9135 	-0.242549
27.9836 	-0.242549
28.0538 	-0.242549
28.1239 	-0.242549
28.194 	-0.242549
28.2642 	-0.242549
28.3343 	-0.242549
28.4044 	-0.242549
28.4746 	-0.242549
28.5447 	-0.242549
28.6148 	-0.242549
28.685 	-0.242549
28.7551 	-0.242549
28.8252 	-0.242549
28.8954 	-0.242549
28.9655 	-0.175152
29.0356 	-0.175152
29.1058 	-0.175152
29.1759 	-0.175152
29.246 	-0.175152
29.3162 	-0.175152
29.3863 	-0.175152
29.4564 	-0.175152
29.5266 	-0.175152
29.5967 	-0.175152
29.6668 	-0.175152
29.737 	-0.175152
29.8071 	-0.175152
29.8773 	-0.175152
29.9474 	-0.175152
30.0175 	-0.175152
30.0877 	-0.175152
30.1578 	-0.175152
30.2279 	-0.175152
30.2981 	-0.175152
30.3682 	-0.175152
30.4383 	-0.175152
30.5085 	-0.175152
30.5786 	-0.175152
30.6487 	-0.175152
30.7189 	-0.175152
30.789 	0.0522984
30.8591 	0.0522984
30.9293 	0.0522984
30.9994 	0.0522984
31.0695 	0.0522984
31.1397 	0.0522984
31.2098 	0.0522984
31.2799 	0.0522984
31.3501 	0.0522984
31.4202 	0.0522984
31.4903 	0.0522984
31.5605 	0.0522984
31.6306 	0.0522984
31.7007 	0.0522984
31.7709 	0.0522984
31.841 	0.0522984
31.9111 	0.0522984
31.9813 	0.0522984
32.0514 	0.0522984
32.1216 	0.0522984
32.1917 	0.0522984
32.2618 	0.0522984
32.332 	0.0522984
32.4021 	0.0522984
32.4722 	0.0522984
32.5424 	0.0522984
32.6125 	0.0522984
32.6826 	0.0522984
32.7528 	0.0522984
32.8229 	0.0522984
32.893 	0.0522984
32.9632 	0.0522984
33.0333 	0.0522984
33.1034 	0.0522984
33.1736 	0.0522984
33.2437 	0.0522984
33.3138 	0.0522984
33.384 	0.0522984
33.4541 	0.0522984
33.5242 	0.0522984
33.5944 	0.0522984
33.6645 	0.0522984
33.7346 	-0.03453
33.8048 	-0.03453
33.8749 	-0.03453
33.945 	-0.03453
34.0152 	-0.03453
34.0853 	-0.03453
34.1554 	-0.0261612
34.2256 	-0.0261612
34.2957 	-0.0261612
34.3659 	-0.0261612
34.436 	-0.0261612
34.5061 	-0.0261612
34.5763 	-0.0261612
34.6464 	-0.0261612
34.7165 	0.160399
34.7867 	0.160399
34.8568 	0.160399
34.9269 	0.160399
34.9971 	0.160399
35.0672 	0.160399
35.1373 	0.160399
35.2075 	0.160399
35.2776 	0.160399
35.3477 	0.160399
35.4179 	0.160399
35.488 	0.160399
35.5581 	0.160399
35.6283 	0.160399
35.6984 	0.160399
35.7685 	0.160399
35.8387 	0.160399
35.9088 	0.160399
35.9789 	0.160399
36.0491 	0.172132
36.1192 	0.172132
36.1893 	0.172132
36.2595 	0.172132
36.3296 	0.172132
36.3997 	0.172132
36.4699 	0.172132
36.54 	0.172132
36.6102 	0.172132
36.6803 	0.172132
36.7504 	0.172132
36.8206 	0.172132
36.8907 	0.0784225
36.9608 	0.0784225
37.031 	0.0784225
37.1011 	0.0784225
37.1712 	0.0784225
37.2414 	0.0784225
37.3115 	0.0784225
37.3816 	0.0784225
37.4518 	0.0784225
37.5219 	0.0784225
37.592 	0.0784225
37.6622 	0.0784225
37.7323 	0.0784225
37.8024 	0.0784225
37.8726 	0.0784225
37.9427 	0.0784225
38.0128 	0.0784225
38.083 	0.0784225
38.1531 	0.0784225
38.2232 	0.135939
38.2934 	0.135939
38.3635 	0.135939
38.4336 	0.135939
38.5038 	0.135939
38.5739 	0.135939
38.644 	0.135939
38.7142 	0.135939
38.7843 	0.135939
38.8545 	0.135939
38.9246 	0.135939
38.9947 	0.135939
39.0649 	0.135939
39.135 	0.135939
39.2051 	0.106085
39.2753 	0.106085
39.3454 	0.106085
39.4155 	0.106085
39.4857 	0.106085
39.5558 	0.106085
39.6259 	0.106085
39.6961 	0.106085
39.7662 	0.106085
39.8363 	0.106085
39.9065 	0.106085
39.9766 	0.106085
40.0467 	0.106085
40.1169 	0.106085
40.187 	0.106085
40.2571 	0.106085
40.3273 	0.106085
40.3974 	0.106085
40.4675 	0.106085
40.5377 	0.106085
40.6078 	0.106085
40.6779 	0.0574376
40.7481 	0.0574376
40.8182 	0.0574376
40.8883 	0.0574376
40.9585 	0.0574376
41.0286 	0.0574376
41.0988 	0.0574376
41.1689 	0.0574376
41.239 	0.0742277
41.3092 	0.0742277
41.3793 	0.0742277
41.4494 	0.0742277
41.5196 	0.0742277
41.5897 	0.0742277
41.6598 	0.0742277
41.73 	0.0742277
41.8001 	0.0742277
41.8702 	0.0742277
41.9404 	0.0742277
42.0105 	0.0742277
42.0806 	0.0742277
42.1508 	0.0742277
42.2209 	0.0742277
42.291 	0.0742277
42.3612 	0.0742277
42.4313 	0.0742277
42.5014 	0.0742277
42.5716 	0.0742277
42.6417 	0.0742277
42.7118 	0.0595251
42.782 	0.0595251
42.8521 	0.0595251
42.9222 	0.0595251
42.9924 	0.0805949
43.0625 	0.0805949
43.1327 	0.0805949
43.2028 	0.0805949
43.2729 	0.0805949
43.3431 	0.0805949
43.4132 	0.0805949
43.4833 	0.0805949
43.5535 	0.0805949
43.6236 	0.0805949
43.6937 	0.0805949
43.7639 	0.0805949
43.834 	0.0805949
43.9041 	0.0805949
43.9743 	0.0805949
44.0444 	0.0805949
44.1145 	0.0805949
44.1847 	0.0805949
44.2548 	0.0805949
44.3249 	0.0805949
44.3951 	0.0805949
44.4652 	0.0805949
44.5353 	0.0805949
44.6055 	0.0805949
44.6756 	0.0805949
44.7457 	0.0805949
44.8159 	0.0724819
44.886 	0.0724819
44.9561 	0.0724819
45.0263 	0.0724819
45.0964 	0.0724819
45.1665 	0.0724819
45.2367 	0.0724819
45.3068 	0.0724819
45.377 	0.0724819
45.4471 	0.0724819
45.5172 	0.0724819
45.5874 	0.0724819
45.6575 	0.0724819
45.7276 	0.0724819
45.7978 	0.0724819
45.8679 	0.0724819
45.938 	0.0724819
46.0082 	0.0724819
46.0783 	0.0724819
46.1484 	0.0724819
46.2186 	0.0724819
46.2887 	0.0724819
46.3588 	0.0724819
46.429 	0.0724819
46.4991 	0.0724819
46.5692 	0.0724819
46.6394 	0.0839172
46.7095 	0.0839172
46.7796 	0.0839172
46.8498 	0.0839172
46.9199 	0.0839172
46.99 	0.0839172
47.0602 	0.0839172
47.1303 	0.0839172
47.2004 	0.0839172
47.2706 	0.0839172
47.3407 	0.0839172
47.4108 	0.0839172
47.481 	0.0709044
47.5511 	0.0709044
47.6213 	0.0709044
47.6914 	0.0709044
47.7615 	0.0709044
47.8317 	0.0709044
47.9018 	0.0709044
47.9719 	0.0709044
48.0421 	0.0709044
48.1122 	0.0709044
48.1823 	0.0709044
48.2525 	0.0709044
48.3226 	0.0709044
48.3927 	0.0709044
48.4629 	0.0709044
48.533 	0.0709044
48.6031 	0.0709044
48.6733 	0.0709044
48.7434 	0.0639334
48.8135 	0.0639334
48.8837 	0.0639334
48.9538 	0.0639334
49.0239 	0.0639334
49.0941 	0.0639334
49.1642 	0.0639334
49.2343 	0.0639334
49.3045 	0.0639334
49.3746 	0.0639334
49.4447 	0.0639334
49.5149 	0.0639334
49.585 	0.0639334
49.6551 	0.0639334
49.7253 	0.0639334
49.7954 	0.0639334
49.8656 	0.0639334
49.9357 	0.0639334
50.0058 	0.0639334
50.076 	0.0639334
50.1461 	0.0639334
50.2162 	0.0639334
50.2864 	0.0639334
50.3565 	0.0639334
50.4266 	0.0639334
50.4968 	0.0719811
50.5669 	0.0719811
50.637 	0.0719811
50.7072 	0.0719811
50.7773 	0.0719811
50.8474 	0.0719811
50.9176 	0.0719811
50.9877 	0.0694124
51.0578 	0.0694124
51.128 	0.053836
51.1981 	0.053836
51.2682 	0.053836
51.3384 	0.053836
51.4085 	0.053836
51.4786 	0.053836
51.5488 	0.053836
51.6189 	0.053836
51.689 	0.053836
51.7592 	0.053836
51.8293 	0.053836
51.8994 	0.053836
51.9696 	0.053836
52.0397 	0.053836
52.1099 	0.053836
52.18 	0.053836
52.2501 	0.053836
52.3203 	0.053836
52.3904 	0.053836
52.4605 	0.053836
52.5307 	0.053836
52.6008 	0.053836
52.6709 	0.053836
52.7411 	0.053836
52.8112 	0.053836
52.8813 	0.053836
52.9515 	0.053836
53.0216 	0.053836
53.0917 	0.053836
53.1619 	0.053836
53.232 	0.053836
53.3021 	0.053836
53.3723 	0.053836
53.4424 	0.0550693
53.5125 	0.0550693
53.5827 	0.0550693
53.6528 	0.0550693
53.7229 	0.0550693
53.7931 	0.0550693
53.8632 	0.0550693
53.9333 	0.0550693
54.0035 	0.0550693
54.0736 	0.0550693
54.1437 	0.0550693
54.2139 	0.0550693
54.284 	0.0550693
54.3542 	0.0484435
54.4243 	0.0484435
54.4944 	0.0484435
54.5646 	0.0484435
54.6347 	0.0484435
54.7048 	0.0484435
54.775 	0.0484435
54.8451 	0.0484435
54.9152 	0.0484435
54.9854 	0.0484435
55.0555 	0.0484435
55.1256 	0.0425712
55.1958 	0.0425712
55.2659 	0.0425712
55.336 	0.0425712
55.4062 	0.0425712
55.4763 	0.0425712
55.5464 	0.0425712
55.6166 	0.0425712
55.6867 	0.0425712
55.7568 	0.0425712
55.827 	0.0425712
55.8971 	0.0425712
55.9672 	0.0425712
56.0374 	0.0425712
56.1075 	0.0425712
56.1776 	0.0425712
56.2478 	0.0425712
56.3179 	0.0425712
56.3881 	0.0421584
56.4582 	0.0421584
56.5283 	0.0421584
56.5985 	0.0421584
56.6686 	0.0421584
56.7387 	0.0421584
56.8089 	0.0421584
56.879 	0.0421584
56.9491 	0.0372929
57.0193 	0.0372929
57.0894 	0.0372929
57.1595 	0.0372929
57.2297 	0.0372929
57.2998 	0.0372929
57.3699 	0.0372929
57.4401 	0.0372929
57.5102 	0.0372929
57.5803 	0.0372929
57.6505 	0.0372929
57.7206 	0.0372929
57.7907 	0.0372929
57.8609 	0.0372929
57.931 	0.0372929
58.0011 	0.0372929
58.0713 	0.0372929
58.1414 	0.0372929
58.2115 	0.0372929
58.2817 	0.0372929
58.3518 	0.0372929
58.4219 	0.0372929
58.4921 	0.0372929
58.5622 	0.035375
58.6324 	0.035375
58.7025 	0.035375
58.7726 	0.035375
58.8428 	0.035375
58.9129 	0.03227
58.983 	0.03227
59.0532 	0.03227
59.1233 	0.03227
59.1934 	0.03227
59.2636 	0.03227
59.3337 	0.03227
59.4038 	0.03227
59.474 	0.03227
59.5441 	0.03227
59.6142 	0.03227
59.6844 	0.03227
59.7545 	0.03227
59.8246 	0.03227
59.8948 	0.03227
59.9649 	0.03227
60.035 	0.03227
60.1052 	0.03227
60.1753 	0.03227
60.2454 	0.03227
60.3156 	0.03227
60.3857 	0.03227
60.4558 	0.03227
60.526 	0.03227
60.5961 	0.03227
60.6662 	0.0290263
60.7364 	0.0290263
60.8065 	0.0290263
60.8767 	0.0290263
60.9468 	0.0290263
61.0169 	0.0290263
61.0871 	0.0290263
61.1572 	0.0290263
61.2273 	0.0290263
61.2975 	0.0290263
61.3676 	0.0290263
61.4377 	0.0290263
61.5079 	0.0290263
61.578 	0.0290263
61.6481 	0.0219613
61.7183 	0.0219613
61.7884 	0.0159966
61.8585 	0.0159966
61.9287 	0.0159966
61.9988 	0.0159966
62.0689 	0.0159966
62.1391 	0.0159966
62.2092 	0.0172228
62.2793 	0.0172228
62.3495 	0.0172228
62.4196 	0.0172228
62.4897 	0.0172228
62.5599 	0.0172228
62.63 	0.0172228
62.7001 	0.0172228
62.7703 	0.0172228
62.8404 	0.0172228
62.9105 	0.0172228
62.9807 	0.0172228
63.0508 	0.0172228
63.121 	0.0172228
63.1911 	0.0172228
63.2612 	0.0172228
63.3314 	0.0172228
63.4015 	0.0172228
63.4716 	0.0172228
63.5418 	0.0172228
63.6119 	0.0172228
63.682 	0.0172228
63.7522 	0.0172228
63.8223 	0.0172228
63.8924 	0.0172228
63.9626 	0.0172228
64.0327 	0.0172228
64.1028 	0.0172228
64.173 	0.0147022
64.2431 	0.0147022
64.3132 	0.0147022
64.3834 	0.0147022
64.4535 	0.0147022
64.5236 	0.0147022
64.5938 	0.0147022
64.6639 	0.0147022
64.734 	0.0147022
64.8042 	0.0147022
64.8743 	0.0101968
64.9444 	0.0101968
65.0146 	0.0101968
65.0847 	0.0101968
65.1548 	0.0101968
65.225 	0.0101968
65.2951 	0.0101968
65.3653 	0.0101968
65.4354 	0.0101968
65.5055 	0.0101968
65.5757 	0.0101968
65.6458 	0.0101968
65.7159 	0.0101968
65.7861 	0.0101968
65.8562 	0.0101968
65.9263 	0.0101968
65.9965 	0.0101968
66.0666 	0.0101968
66.1367 	0.0101968
66.2069 	0.0101968
66.277 	0.0101968
66.3471 	0.0101968
66.4173 	0.0101968
66.4874 	0.0101968
66.5575 	0.0101968
66.6277 	0.0101968
66.6978 	0.0101968
66.7679 	0.0101968
66.8381 	0.0101968
66.9082 	0.0101968
66.9783 	0.00617782
67.0485 	0.00617782
67.1186 	0.00617782
67.1887 	0.00617782
67.2589 	0.00617782
67.329 	0.00617782
67.3991 	0.0024942
67.4693 	0.0024942
67.5394 	0.000541997
67.6096 	0.000541997
67.6797 	0.000541997
67.7498 	0.000541997
67.82 	0.000541997
67.8901 	0.000541997
67.9602 	0.000541997
68.0304 	0.000541997
68.1005 	0.000541997
68.1706 	0.000541997
68.2408 	0.000541997
68.3109 	0.000541997
68.381 	0.000541997
68.4512 	0.000541997
68.5213 	0.000541997
68.5914 	0.000541997
68.6616 	0.000541997
68.7317 	0.000541997
68.8018 	0.000541997
68.872 	0.000541997
68.9421 	0.000541997
69.0122 	0.000541997
