/*--------------------------------*- C++ -*----------------------------------*\
| =========                 |                                                 |
| \\      /  F ield         | OpenFOAM: The Open Source CFD Toolbox           |
|  \\    /   O peration     | Version:  v2012                                 |
|   \\  /    A nd           | Website:  www.openfoam.com                      |
|    \\/     M anipulation  |                                                 |
\*---------------------------------------------------------------------------*/
FoamFile
{
    version     2.0;
    format      ascii;
    class       volScalarField;
    location    "18";
    object      p;
}
// * * * * * * * * * * * * * * * * * * * * * * * * * * * * * * * * * * * * * //

dimensions      [0 2 -2 0 0 0 0];


internalField   nonuniform List<scalar> 
8800
(
0.412595
0.364552
0.326187
0.29756
0.276951
0.26221
0.251614
0.244107
0.239232
0.237068
0.238152
0.242153
0.248633
0.257814
0.270453
0.287954
0.312335
0.345901
0.388312
0.445427
0.245099
0.252311
0.260764
0.264201
0.26231
0.256815
0.250135
0.243992
0.239212
0.236271
0.235836
0.238147
0.242461
0.248276
0.255026
0.261523
0.265566
0.264993
0.258874
0.249861
0.221765
0.22796
0.23219
0.235589
0.238128
0.238968
0.237888
0.235745
0.233665
0.232624
0.233391
0.235561
0.238174
0.240201
0.240569
0.238906
0.235953
0.23223
0.227646
0.223851
0.216569
0.219288
0.22208
0.224473
0.226194
0.227577
0.228525
0.228748
0.228439
0.228255
0.228787
0.229686
0.230213
0.229917
0.228922
0.227549
0.225638
0.222996
0.220485
0.218954
0.211341
0.21278
0.214681
0.216863
0.218737
0.220134
0.221203
0.222065
0.222689
0.223146
0.223518
0.223654
0.223403
0.222794
0.221845
0.220394
0.218464
0.216388
0.214958
0.214143
0.206328
0.207249
0.208639
0.210426
0.21228
0.213976
0.215371
0.216497
0.217445
0.218196
0.218561
0.218488
0.218049
0.217233
0.215989
0.214411
0.212721
0.211165
0.210208
0.209689
0.201623
0.202276
0.203443
0.205052
0.206777
0.208545
0.210232
0.211659
0.212779
0.213626
0.214113
0.214093
0.213543
0.212493
0.211113
0.209629
0.208127
0.206802
0.20606
0.205707
0.197291
0.197757
0.198769
0.200256
0.201835
0.203408
0.205002
0.206606
0.208053
0.20919
0.20974
0.209615
0.208956
0.208
0.206889
0.205635
0.204293
0.203132
0.202541
0.202303
0.193499
0.193795
0.194678
0.196065
0.197582
0.199116
0.20063
0.202084
0.203501
0.204763
0.205506
0.20562
0.205289
0.204599
0.203643
0.202515
0.20131
0.200288
0.199834
0.199703
0.190628
0.190794
0.191469
0.192656
0.194007
0.195426
0.196938
0.198518
0.200071
0.201498
0.202479
0.202813
0.202618
0.202064
0.201307
0.200439
0.199477
0.198713
0.198421
0.19836
0.188267
0.188368
0.188775
0.189557
0.190532
0.191633
0.192868
0.194293
0.195882
0.197517
0.198793
0.199482
0.199707
0.199646
0.199374
0.198945
0.198471
0.198107
0.197968
0.197924
0.185521
0.185607
0.18588
0.186406
0.187156
0.188149
0.189408
0.190922
0.192681
0.194592
0.196247
0.197307
0.197868
0.198017
0.197962
0.197912
0.197801
0.197703
0.197643
0.197601
0.181996
0.182064
0.1823
0.182735
0.183411
0.184313
0.185555
0.187167
0.189157
0.191446
0.193549
0.19502
0.195913
0.196499
0.196888
0.197075
0.197181
0.197203
0.19718
0.197142
0.177745
0.17779
0.17804
0.178541
0.179235
0.18024
0.181643
0.183482
0.185789
0.188551
0.19123
0.193234
0.194587
0.195475
0.196064
0.196442
0.196653
0.196724
0.196735
0.196706
0.172913
0.172945
0.173211
0.173818
0.17469
0.175812
0.177456
0.179628
0.182402
0.185803
0.189175
0.191783
0.193623
0.194877
0.195707
0.196236
0.196501
0.196618
0.196666
0.196645
0.167531
0.16756
0.167835
0.168516
0.169601
0.170976
0.172916
0.175497
0.178863
0.18306
0.187311
0.190658
0.193086
0.194775
0.195882
0.196585
0.196967
0.197166
0.197249
0.19723
0.161494
0.161526
0.16184
0.162597
0.163793
0.165515
0.167853
0.171009
0.175163
0.180383
0.185713
0.189966
0.193036
0.195192
0.196686
0.197634
0.198197
0.198506
0.198623
0.198598
0.154511
0.154545
0.154948
0.155796
0.157199
0.159251
0.162118
0.166027
0.171197
0.177712
0.184384
0.189733
0.193621
0.196398
0.198281
0.19952
0.200292
0.200721
0.20087
0.200839
0.146199
0.14624
0.146707
0.147772
0.149486
0.152003
0.155552
0.160445
0.166921
0.175069
0.183398
0.190063
0.19496
0.198407
0.200784
0.202373
0.203382
0.203939
0.204126
0.204085
0.136133
0.136189
0.136793
0.138108
0.140269
0.143439
0.147938
0.154119
0.162265
0.172462
0.18283
0.191111
0.19715
0.201422
0.204381
0.206375
0.20765
0.208345
0.208577
0.208525
0.12378
0.123854
0.124641
0.126352
0.12914
0.13322
0.138985
0.146858
0.157159
0.169919
0.182764
0.192957
0.200375
0.205633
0.209283
0.211755
0.213339
0.214198
0.214482
0.214416
0.108374
0.108479
0.109533
0.111815
0.115508
0.12086
0.128364
0.138504
0.151574
0.167502
0.183323
0.195782
0.20483
0.211254
0.215731
0.218781
0.220742
0.221792
0.222132
0.222049
0.0887607
0.0889109
0.090378
0.0935458
0.0986
0.105811
0.115766
0.128939
0.145535
0.16533
0.184662
0.199757
0.210704
0.218505
0.223977
0.227736
0.230173
0.231478
0.231884
0.231775
0.0631384
0.0633764
0.0655555
0.0702078
0.0774062
0.087426
0.100875
0.118112
0.13916
0.163581
0.186962
0.205051
0.218174
0.227588
0.234259
0.238898
0.24193
0.24355
0.24404
0.243897
0.0284651
0.0289316
0.0325495
0.0399368
0.0507417
0.0651345
0.0835777
0.106178
0.132698
0.162493
0.190401
0.211796
0.227349
0.238622
0.246739
0.252497
0.256319
0.258356
0.258939
0.258747
-0.0212174
-0.0196452
-0.0122709
0.000697446
0.0177985
0.0389269
0.0642537
0.093613
0.126571
0.162359
0.195135
0.220044
0.238213
0.251557
0.261383
0.26855
0.273465
0.276138
0.276872
0.276605
-0.0951958
-0.0862705
-0.069464
-0.0464574
-0.0199125
0.0101708
0.043882
0.0810202
0.121138
0.163495
0.201613
0.230474
0.251714
0.267617
0.279711
0.288983
0.29569
0.299604
0.300827
0.300766
-0.173988
-0.154431
-0.127496
-0.0940933
-0.0578621
-0.0187019
0.0234799
0.068589
0.116286
0.165968
0.210492
0.244416
0.269752
0.289146
0.30433
0.316374
0.325599
0.33188
0.334165
0.334259
-0.237707
-0.215381
-0.180194
-0.138456
-0.0936815
-0.0461067
0.00416875
0.0569656
0.111952
0.168564
0.218981
0.257366
0.286146
0.308327
0.325812
0.339773
0.350591
0.357908
0.359945
0.360285
-0.289213
-0.264684
-0.224721
-0.177045
-0.125668
-0.0711588
-0.0138714
0.0458593
0.107546
0.170528
0.226186
0.268297
0.299702
0.32377
0.342616
0.357577
0.369094
0.376778
0.379286
0.379707
-0.331221
-0.30582
-0.262354
-0.210239
-0.153654
-0.0935776
-0.0304161
0.0353273
0.102979
0.171669
0.231929
0.277099
0.310422
0.335683
0.355266
0.370685
0.382441
0.390194
0.392925
0.3933
-0.36696
-0.341085
-0.295151
-0.239385
-0.178574
-0.113829
-0.045634
0.0253491
0.098302
0.172139
0.236484
0.28427
0.319155
0.345298
0.365301
0.380818
0.392538
0.400234
0.403125
0.4035
-0.398393
-0.372265
-0.324424
-0.265659
-0.201301
-0.132524
-0.0599365
0.0157211
0.0934849
0.172061
0.240261
0.290506
0.326785
0.35362
0.373887
0.389399
0.401044
0.40863
0.411615
0.411975
-0.426974
-0.400624
-0.351218
-0.289945
-0.222546
-0.150251
-0.0737401
0.00616068
0.0883824
0.171462
0.243345
0.295931
0.333551
0.361086
0.381658
0.397249
0.408846
0.41633
0.41934
0.419693
-0.453548
-0.427
-0.376257
-0.312819
-0.24276
-0.167369
-0.087357
-0.0035998
0.082771
0.170121
0.245643
0.300699
0.33981
0.368179
0.389147
0.404881
0.416492
0.4238
0.426793
0.427218
-0.478803
-0.451999
-0.400023
-0.334708
-0.262306
-0.184173
-0.101028
-0.0137543
0.0764779
0.168007
0.247303
0.305013
0.345785
0.375138
0.396632
0.412598
0.424251
0.431488
0.434381
0.434813
-0.503011
-0.475917
-0.422807
-0.355918
-0.281413
-0.200825
-0.114869
-0.0243806
0.0695086
0.165133
0.248269
0.308844
0.351533
0.382084
0.404281
0.420611
0.432393
0.439589
0.442345
0.442708
-0.526514
-0.499033
-0.445045
-0.376603
-0.300204
-0.217439
-0.128944
-0.0355102
0.0617829
0.161341
0.248413
0.312142
0.357072
0.389084
0.412179
0.429013
0.441
0.448183
0.450781
0.45105
-0.549351
-0.521413
-0.466746
-0.396843
-0.318777
-0.23408
-0.143307
-0.0472151
0.0532037
0.156558
0.247654
0.314799
0.362312
0.396096
0.420314
0.437805
0.45009
0.457276
0.459745
0.459862
-0.571585
-0.543326
-0.487848
-0.416682
-0.337152
-0.250741
-0.157965
-0.0595068
0.0437851
0.15074
0.245855
0.316669
0.367113
0.403034
0.42865
0.44697
0.459622
0.466792
0.469117
0.46909
-0.593321
-0.564623
-0.508402
-0.43612
-0.355314
-0.267398
-0.172866
-0.0723137
0.0335521
0.143837
0.242896
0.317566
0.371317
0.409787
0.437127
0.45646
0.469542
0.476661
0.47879
0.47863
-0.61456
-0.585367
-0.528418
-0.455144
-0.373213
-0.283997
-0.18794
-0.0855802
0.0225374
0.135834
0.238673
0.317279
0.374684
0.41619
0.445685
0.466252
0.479777
0.486758
0.488601
0.488321
-0.635142
-0.60549
-0.547853
-0.473713
-0.390798
-0.300458
-0.203119
-0.0992246
0.0108213
0.126772
0.233102
0.315612
0.376907
0.421979
0.454243
0.476387
0.490277
0.496875
0.498322
0.497921
-0.655029
-0.624954
-0.566688
-0.491768
-0.408004
-0.316721
-0.218308
-0.113151
-0.00149605
0.116702
0.226151
0.312389
0.377669
0.426778
0.46264
0.487078
0.501298
0.50694
0.50766
0.507162
-0.67428
-0.643706
-0.584887
-0.509274
-0.424774
-0.332703
-0.233412
-0.127245
-0.0143074
0.105719
0.217815
0.307484
0.376632
0.43004
0.47046
0.498568
0.513708
0.517441
0.51637
0.515758
-0.69274
-0.66175
-0.602395
-0.526166
-0.441049
-0.348322
-0.248336
-0.141394
-0.0274805
0.0939558
0.208154
0.300817
0.373517
0.431056
0.476781
0.510574
0.529008
0.53113
0.525862
0.523769
-0.710496
-0.679083
-0.619236
-0.542473
-0.45686
-0.363627
-0.263137
-0.155656
-0.0410815
0.0813469
0.197058
0.292154
0.368034
0.429003
0.479998
0.521447
0.547274
0.553494
0.543965
0.52792
-0.727489
-0.695706
-0.635539
-0.558372
-0.472489
-0.378934
-0.278211
-0.170504
-0.0556509
0.0672307
0.183819
0.280596
0.359376
0.42264
0.476868
0.525865
0.559046
0.564915
0.549245
0.530728
-0.743576
-0.711687
-0.651148
-0.573637
-0.487688
-0.393931
-0.293343
-0.185607
-0.0708542
0.0519372
0.168678
0.265976
0.347205
0.41154
0.462819
0.512221
0.543644
0.537126
0.468137
0.429032
-0.758361
-0.728136
-0.665658
-0.587696
-0.501781
-0.408141
-0.308258
-0.200729
-0.0864449
0.0356519
0.151715
0.248231
0.330891
0.396345
0.437808
0.46908
0.484575
0.440432
0.366
0.318742
-0.805924
-0.742878
-0.678812
-0.601725
-0.515891
-0.422734
-0.322942
-0.216063
-0.102685
0.0180576
0.132544
0.227188
0.308079
0.378751
0.391689
0.398066
0.370446
0.306283
0.223309
0.177388
-0.771568
-0.755632
-0.69774
-0.62218
-0.536478
-0.443889
-0.345191
-0.239501
-0.12793
-0.00997788
0.100486
0.190812
0.262006
0.328402
0.332351
0.217437
0.106244
0.029331
-0.0498691
-0.00519969
-0.800441
-0.771845
-0.713195
-0.63757
-0.55238
-0.460259
-0.361629
-0.256888
-0.146828
-0.0313765
0.0752591
0.160784
0.224149
0.257578
0.207012
0.048799
-0.0940107
-0.19712
-0.308172
-0.23715
-0.821959
-0.79074
-0.730902
-0.654967
-0.569986
-0.478098
-0.379812
-0.276182
-0.167928
-0.055502
0.0465964
0.125849
0.179107
0.181974
0.0646899
-0.137568
-0.312153
-0.450207
-0.615753
-0.540586
-0.842572
-0.810015
-0.749257
-0.672697
-0.587674
-0.496014
-0.398415
-0.296004
-0.189722
-0.0806475
0.0162285
0.0884557
0.128329
0.0923911
-0.0909645
-0.327791
-0.550117
-0.752479
-0.984103
-0.965381
-0.862195
-0.829538
-0.768157
-0.691053
-0.605962
-0.51459
-0.41777
-0.316663
-0.212552
-0.107126
-0.0159854
0.0487539
0.0705603
-0.00562296
-0.241727
-0.505753
-0.77188
-1.004
-1.32127
-1.63645
-0.881844
-0.849493
-0.787806
-0.710381
-0.625222
-0.534099
-0.437977
-0.338174
-0.23628
-0.134641
-0.0494194
0.00732687
0.0112591
-0.117915
-0.376268
-0.648959
-0.923156
-1.14071
-1.25171
-1.44766
-0.902181
-0.87015
-0.808448
-0.730952
-0.645833
-0.555039
-0.459683
-0.361316
-0.2619
-0.164456
-0.0856027
-0.0379894
-0.0588826
-0.242705
-0.497305
-0.756044
-0.988258
-1.12312
-1.1504
-1.17778
-0.92351
-0.89178
-0.830203
-0.752772
-0.667841
-0.577504
-0.483098
-0.386399
-0.289817
-0.197082
-0.125096
-0.0883106
-0.139363
-0.360288
-0.608074
-0.840139
-1.0233
-1.09558
-1.11018
-1.11323
-0.946
-0.914384
-0.85308
-0.775755
-0.691124
-0.601402
-0.508122
-0.413321
-0.319932
-0.232407
-0.167764
-0.143788
-0.223562
-0.473222
-0.712034
-0.920353
-1.06167
-1.08607
-1.08674
-1.08636
-0.96954
-0.937958
-0.877037
-0.799832
-0.715596
-0.626608
-0.534619
-0.441925
-0.35203
-0.270177
-0.213389
-0.20256
-0.312925
-0.581977
-0.813391
-0.98977
-1.05409
-1.07064
-1.07365
-1.07356
-0.993857
-0.962388
-0.901683
-0.824869
-0.741073
-0.652931
-0.562382
-0.471977
-0.38579
-0.309964
-0.261654
-0.261008
-0.413237
-0.687047
-0.919996
-1.04541
-1.07256
-1.07126
-1.06897
-1.06858
-1.01845
-0.987338
-0.926823
-0.850504
-0.767279
-0.680072
-0.591065
-0.503101
-0.420686
-0.351199
-0.311091
-0.325262
-0.506242
-0.784538
-1.04283
-1.11719
-1.09332
-1.08316
-1.07344
-1.0694
-1.04273
-1.01224
-0.95223
-0.876348
-0.793738
-0.707575
-0.620179
-0.534737
-0.456018
-0.393019
-0.359862
-0.395277
-0.584415
-0.845643
-1.1721
-1.27746
-1.19437
-1.10421
-1.06428
-1.05665
-1.06611
-1.03611
-0.977333
-0.901839
-0.819902
-0.734842
-0.649053
-0.566079
-0.490888
-0.433855
-0.40692
-0.458943
-0.663334
-0.830545
-1.13026
-1.37161
-1.25435
-1.18561
-1.14375
-1.11711
-1.0876
-1.05854
-1.00082
-0.926211
-0.845142
-0.761095
-0.676809
-0.59603
-0.524144
-0.471722
-0.452435
-0.51421
-0.752269
-0.780378
-0.616705
-0.808917
-1.23298
-1.47346
-1.45215
-1.4309
-1.10604
-1.07844
-1.02213
-0.948558
-0.868402
-0.78546
-0.702505
-0.623306
-0.554235
-0.504729
-0.495401
-0.564801
-0.883414
-0.955276
-0.559707
-0.706268
-1.24445
-1.43497
-1.44175
-1.46993
-1.12033
-1.09463
-1.04031
-0.967886
-0.888678
-0.806758
-0.724861
-0.646656
-0.578883
-0.531192
-0.531211
-0.624172
-1.14809
-1.89049
-2.56273
-3.03188
-3.00053
-2.52772
-2.08262
-2.00485
-1.12929
-1.10607
-1.05415
-0.983151
-0.904912
-0.823841
-0.742623
-0.664694
-0.595805
-0.548201
-0.549738
-0.694654
-1.43051
-2.65904
-3.91659
-4.34543
-4.27381
-3.86084
-3.35207
-3.07743
-1.13189
-1.11155
-1.0627
-0.993447
-0.916083
-0.835715
-0.75466
-0.675845
-0.603753
-0.548774
-0.540625
-0.65917
-1.30451
-2.15504
-3.09653
-3.52073
-3.42279
-3.038
-2.65829
-2.42864
-1.127
-1.11018
-1.06524
-0.997723
-0.921403
-0.841536
-0.760167
-0.679477
-0.601386
-0.532296
-0.493907
-0.478371
-0.669622
-0.791003
-0.746066
-0.598792
-0.297213
-0.0189781
0.179833
0.273176
-1.11395
-1.10043
-1.0601
-0.995526
-0.92002
-0.840748
-0.759288
-0.676169
-0.59057
-0.501034
-0.411593
-0.343768
-0.0975829
0.353491
0.898668
1.47115
1.89728
2.15416
2.27885
2.31439
-1.09222
-1.08237
-1.04708
-0.985488
-0.911168
-0.833428
-0.752913
-0.668266
-0.575131
-0.464803
-0.342303
-0.223547
0.031906
0.647184
1.3349
1.92827
2.3624
2.62022
2.74055
2.77556
-1.06116
-1.05467
-1.02443
-0.966018
-0.894624
-0.819924
-0.742579
-0.659556
-0.564446
-0.442762
-0.29796
-0.151989
0.0296709
0.530021
1.11451
1.60483
1.95882
2.16969
2.27417
2.30931
-1.01702
-1.01323
-0.988498
-0.935483
-0.869544
-0.80071
-0.730629
-0.65613
-0.56756
-0.442516
-0.277937
-0.114893
0.0368832
0.345545
0.762018
1.11727
1.39004
1.56006
1.65259
1.68559
-0.956944
-0.953986
-0.935114
-0.89142
-0.834884
-0.776877
-0.720363
-0.6626
-0.590536
-0.481303
-0.314927
-0.129728
0.0412194
0.190863
0.432576
0.664468
0.854681
0.981104
1.04723
1.06711
-0.877193
-0.875154
-0.862544
-0.832693
-0.792443
-0.751486
-0.714337
-0.680658
-0.642417
-0.574199
-0.436733
-0.245886
-0.0675214
0.0557139
0.20912
0.371082
0.497012
0.583201
0.636022
0.647282
-0.800938
-0.799182
-0.791886
-0.775421
-0.752976
-0.731562
-0.717523
-0.716632
-0.732677
-0.759774
-0.701072
-0.500514
-0.288098
-0.17994
-0.063414
0.0735055
0.187219
0.260088
0.295137
0.301326
-0.742602
-0.74181
-0.739096
-0.73261
-0.724838
-0.722197
-0.73434
-0.778614
-0.884949
-1.07075
-1.1645
-0.922322
-0.623953
-0.46533
-0.332887
-0.191806
-0.0771956
-0.00251331
0.0319328
0.0339039
-0.69521
-0.695997
-0.696342
-0.696487
-0.699992
-0.713723
-0.751878
-0.845449
-1.06162
-1.45673
-1.7459
-1.46898
-1.04553
-0.7994
-0.600828
-0.417843
-0.285041
-0.205636
-0.175921
-0.176995
-0.639255
-0.641148
-0.643871
-0.648573
-0.660108
-0.683036
-0.740403
-0.868381
-1.15662
-1.69363
-2.10266
-1.79
-1.34634
-1.05003
-0.793543
-0.590116
-0.458661
-0.393939
-0.37336
-0.373788
-0.562914
-0.565202
-0.568986
-0.575793
-0.589645
-0.618122
-0.677592
-0.807463
-1.09416
-1.62013
-1.97834
-1.72981
-1.35725
-1.07122
-0.814676
-0.652102
-0.573704
-0.546982
-0.537094
-0.53482
-0.466437
-0.468494
-0.472151
-0.478585
-0.490887
-0.514898
-0.562945
-0.664824
-0.885623
-1.28274
-1.54096
-1.38614
-1.11843
-0.862093
-0.686137
-0.601631
-0.586532
-0.588924
-0.586218
-0.583332
-0.359398
-0.360787
-0.3635
-0.367893
-0.376094
-0.391365
-0.420832
-0.481192
-0.607986
-0.832105
-0.969875
-0.861774
-0.692024
-0.541981
-0.479389
-0.478919
-0.497529
-0.509786
-0.511322
-0.509949
-0.25504
-0.255693
-0.257222
-0.259447
-0.263262
-0.269903
-0.282143
-0.306022
-0.353295
-0.430445
-0.46482
-0.392259
-0.311675
-0.283469
-0.303421
-0.337597
-0.361807
-0.373735
-0.376879
-0.376826
-0.164209
-0.164321
-0.164943
-0.16567
-0.166496
-0.167337
-0.168394
-0.170021
-0.17253
-0.170211
-0.147111
-0.112915
-0.0991019
-0.132487
-0.174362
-0.208593
-0.228803
-0.238597
-0.242564
-0.243341
-0.0925301
-0.0923615
-0.0925199
-0.0925622
-0.0920377
-0.0902938
-0.0864483
-0.0789827
-0.0657705
-0.0434164
-0.0181917
-0.00837227
-0.0161902
-0.0520881
-0.087594
-0.112872
-0.127509
-0.134924
-0.138339
-0.139317
-0.0406008
-0.0403511
-0.0403645
-0.0402931
-0.0395131
-0.0372438
-0.0324903
-0.0236343
-0.00896319
0.0118132
0.0280275
0.0271007
0.0136286
-0.0116739
-0.0355269
-0.0521973
-0.0619569
-0.0670718
-0.0696029
-0.0704254
-0.00577293
-0.00555349
-0.00557622
-0.00563054
-0.00512028
-0.0032877
0.000706887
0.00795117
0.0192873
0.0336475
0.0418303
0.0377227
0.0253431
0.00880957
-0.00612526
-0.0167365
-0.0231764
-0.026651
-0.0283701
-0.0289285
0.015847
0.0159955
0.0159128
0.0156666
0.0157936
0.0168929
0.0195989
0.0246155
0.0321679
0.0408236
0.0440349
0.039393
0.0300241
0.0193156
0.00994462
0.00309143
-0.00126269
-0.00366394
-0.00481348
-0.00517498
0.0280524
0.0281303
0.0279871
0.0276008
0.0274098
0.0278727
0.0294005
0.03238
0.0368267
0.0415067
0.0421775
0.0379931
0.0313428
0.0242869
0.0182152
0.013653
0.0106222
0.00892221
0.00814766
0.00791032
0.0339154
0.0339404
0.0337583
0.0332913
0.0329065
0.0329127
0.0335927
0.0351401
0.037442
0.0395846
0.0390196
0.0354855
0.0307511
0.0259803
0.0219081
0.0187752
0.0166185
0.0153953
0.0148632
0.0147045
0.0356638
0.0356566
0.0354526
0.0349586
0.0344655
0.0341757
0.0342721
0.0348567
0.0358131
0.0364742
0.0353529
0.032468
0.0290361
0.0257129
0.0228893
0.0206818
0.0191235
0.0182346
0.0178642
0.0177543
0.0347967
0.0347731
0.0345688
0.0340936
0.0335631
0.0331172
0.0328702
0.0328634
0.032995
0.0328253
0.0315276
0.0292115
0.0266651
0.0242806
0.022267
0.0206764
0.0195345
0.0188821
0.0186204
0.0185455
0.0323002
0.032271
0.0320826
0.0316515
0.0311337
0.0306281
0.0302059
0.0298829
0.0295769
0.0289888
0.0276817
0.0258185
0.0238954
0.0221455
0.0206775
0.0195118
0.0186664
0.018184
0.0179965
0.0179443
0.0288072
0.0287786
0.0286151
0.0282402
0.0277673
0.0272655
0.0267781
0.026307
0.0257927
0.0250395
0.0238336
0.0223448
0.0208798
0.0195766
0.018491
0.0176278
0.0169982
0.0166397
0.0165041
0.0164672
0.0247175
0.0246925
0.0245579
0.0242453
0.023835
0.0233788
0.0229008
0.0223977
0.0218266
0.021058
0.0200046
0.0188256
0.0177099
0.0167349
0.0159278
0.0152862
0.0148169
0.0145505
0.0144523
0.0144262
0.0202796
0.0202594
0.0201536
0.0199031
0.0195636
0.0191754
0.018751
0.0182862
0.0177502
0.0170598
0.016191
0.0152787
0.0144404
0.0137183
0.0131231
0.0126493
0.0123018
0.0121057
0.0120354
0.0120169
0.015643
0.0156277
0.0155488
0.0153571
0.0150914
0.0147833
0.0144398
0.0140562
0.0136116
0.0130529
0.0123848
0.0117125
0.0111072
0.0105898
0.0101632
0.0098216
0.00956984
0.00942894
0.00937988
0.00936701
0.0108944
0.0108835
0.0108283
0.0106911
0.0104995
0.0102786
0.0100323
0.00975606
0.00943611
0.0090409
0.00858248
0.00813279
0.00773272
0.00739094
0.00710673
0.00687557
0.00670281
0.00660656
0.00657386
0.00656494
0.00608011
0.00607292
0.0060398
0.00595533
0.00584108
0.00571472
0.00557606
0.00542161
0.00524366
0.00502657
0.00477806
0.0045367
0.00432315
0.00414022
0.00398581
0.0038561
0.0037553
0.00369885
0.00367979
0.00367325
0.00123907
0.00124174
0.0012563
0.00126194
0.00124293
0.00121232
0.0011767
0.00113777
0.0010933
0.00103952
0.000975942
0.000911446
0.000854361
0.000805331
0.000764416
0.000731143
0.000706877
0.000699481
0.000710365
0.000718241
-0.735463
-0.494002
-0.242937
-0.0379165
0.127814
0.261532
0.374861
0.46989
0.510361
0.494857
-0.320391
-0.166443
-0.00871457
0.127446
0.242974
0.339836
0.418384
0.474108
0.503843
0.515918
-0.0475157
0.0544846
0.159707
0.253904
0.33516
0.403303
0.457361
0.497137
0.525365
0.542474
0.143023
0.213139
0.28709
0.354602
0.413216
0.462767
0.503241
0.535452
0.560595
0.57837
0.287416
0.337468
0.391687
0.441803
0.486254
0.524778
0.557461
0.584557
0.606035
0.623657
0.403645
0.440885
0.484221
0.523887
0.560091
0.592369
0.620381
0.643843
0.66198
0.679423
0.503526
0.534934
0.572177
0.607029
0.639236
0.66835
0.693717
0.714693
0.730052
0.747458
0.596725
0.627711
0.663602
0.697397
0.728433
0.75626
0.780164
0.799336
0.812502
0.829982
0.694888
0.729339
0.766922
0.801676
0.832608
0.859527
0.88206
0.899619
0.911417
0.929261
0.811555
0.850518
0.889442
0.924339
0.954151
0.979287
0.999963
1.01597
1.02753
1.04592
0.957427
0.997298
1.03307
1.0638
1.0897
1.11204
1.13128
1.14699
1.15978
1.17795
1.13248
1.1649
1.19096
1.21347
1.2337
1.25261
1.27037
1.28702
1.30286
1.32108
1.32043
1.33815
1.35389
1.37063
1.38689
1.40153
1.41464
1.42868
1.44582
1.46553
1.50246
1.51336
1.52556
1.5364
1.54569
1.55534
1.56633
1.57798
1.58796
1.60316
1.71348
1.71553
1.70039
1.68519
1.67889
1.68462
1.70324
1.73369
1.76586
1.79662
2.0194
1.88237
1.80614
1.76416
1.74673
1.75078
1.77818
1.83432
1.93778
2.15307
0.308873
0.305502
0.299586
0.289795
0.276871
0.264474
0.25419
0.246257
0.240588
0.237245
0.236734
0.239263
0.244182
0.25126
0.260555
0.272129
0.285178
0.297111
0.304533
0.30923
0.22684
0.23273
0.239664
0.244935
0.247815
0.247524
0.244656
0.240766
0.2372
0.234837
0.234515
0.236507
0.239973
0.244121
0.247901
0.249769
0.248551
0.244373
0.23841
0.231333
0.219136
0.221485
0.224872
0.227838
0.230116
0.231976
0.232993
0.232774
0.231727
0.230734
0.230722
0.231922
0.233504
0.234553
0.234387
0.23304
0.231082
0.228613
0.225365
0.222363
0.213938
0.215021
0.216943
0.219418
0.221475
0.222947
0.224095
0.224976
0.225444
0.225622
0.225917
0.226408
0.226646
0.226347
0.225596
0.224513
0.222911
0.220673
0.218424
0.216967
0.208802
0.209444
0.210635
0.212517
0.214496
0.216268
0.217645
0.218717
0.219611
0.220338
0.220845
0.22102
0.220831
0.220317
0.219444
0.218099
0.216355
0.214503
0.212979
0.212151
0.203929
0.204352
0.205235
0.206761
0.208509
0.210289
0.21197
0.213397
0.214548
0.215475
0.216105
0.216282
0.216001
0.215274
0.214109
0.212647
0.211075
0.209552
0.208381
0.207824
0.199413
0.199703
0.200422
0.201804
0.203445
0.205123
0.206839
0.208495
0.209927
0.211049
0.211813
0.212061
0.211706
0.21083
0.209618
0.208267
0.206857
0.205469
0.204475
0.20407
0.195295
0.195472
0.196054
0.197297
0.19881
0.20034
0.201828
0.203329
0.204838
0.206225
0.207195
0.207449
0.207133
0.20647
0.205596
0.204519
0.203289
0.202066
0.20123
0.200953
0.19195
0.192032
0.192481
0.193597
0.195029
0.196531
0.198105
0.199663
0.201154
0.20255
0.203676
0.204237
0.204219
0.203737
0.202911
0.201921
0.200828
0.199751
0.199081
0.198915
0.189442
0.189479
0.189766
0.190553
0.191661
0.192857
0.19414
0.195565
0.197131
0.198728
0.200099
0.200896
0.201099
0.200933
0.20053
0.199961
0.199258
0.198581
0.198196
0.198107
0.18698
0.187008
0.187194
0.187673
0.188423
0.189359
0.190494
0.191842
0.193383
0.195094
0.196754
0.197945
0.198577
0.198785
0.198725
0.19851
0.198264
0.198006
0.197858
0.197802
0.18386
0.183884
0.184035
0.184392
0.184976
0.185784
0.186863
0.188261
0.189999
0.192004
0.194049
0.19563
0.196576
0.197115
0.197305
0.197418
0.197484
0.197483
0.197448
0.197411
0.179945
0.179957
0.180098
0.180451
0.180985
0.181781
0.1829
0.184392
0.186309
0.18864
0.191162
0.193264
0.194675
0.195585
0.1962
0.196586
0.196832
0.196941
0.196954
0.196934
0.175399
0.1754
0.175539
0.175949
0.176615
0.177497
0.178783
0.180524
0.182792
0.185592
0.188731
0.19144
0.193353
0.194643
0.195512
0.196083
0.196434
0.196589
0.196642
0.196645
0.170299
0.170287
0.170426
0.170877
0.171636
0.172809
0.174294
0.176324
0.179018
0.18244
0.186345
0.189802
0.192317
0.194083
0.195279
0.19608
0.196528
0.196762
0.196872
0.196892
0.164628
0.164603
0.164757
0.165262
0.166162
0.167474
0.169334
0.171776
0.175054
0.17927
0.184134
0.188518
0.191752
0.194025
0.195603
0.196659
0.197292
0.197653
0.19783
0.197862
0.158164
0.158132
0.158323
0.158891
0.159931
0.161489
0.163677
0.166702
0.170759
0.175993
0.182072
0.18758
0.191661
0.194576
0.196623
0.197981
0.19885
0.19937
0.199618
0.19966
0.150562
0.150524
0.150756
0.151463
0.152678
0.154534
0.157224
0.16098
0.166035
0.172574
0.180174
0.187066
0.192179
0.195885
0.198446
0.200184
0.201328
0.202028
0.20235
0.202401
0.141405
0.141358
0.141658
0.142516
0.144046
0.146367
0.149728
0.154432
0.160782
0.168985
0.178479
0.187053
0.193449
0.198029
0.201227
0.203414
0.204872
0.205769
0.206173
0.206235
0.130263
0.130207
0.130615
0.131729
0.133656
0.136603
0.140877
0.146856
0.1549
0.165211
0.177046
0.18767
0.195549
0.2012
0.205157
0.207873
0.209695
0.21082
0.211322
0.211397
0.116458
0.11639
0.116953
0.118434
0.12096
0.124798
0.130343
0.138047
0.148291
0.161257
0.175956
0.189028
0.198678
0.205597
0.210452
0.213797
0.216051
0.217447
0.21807
0.218158
0.0990436
0.0989688
0.0997773
0.10181
0.105211
0.110346
0.117687
0.12773
0.140857
0.157165
0.175325
0.191286
0.203012
0.211427
0.217351
0.221453
0.224231
0.225955
0.226726
0.226829
0.0766124
0.0765504
0.0777687
0.0806519
0.085393
0.0924731
0.102412
0.115691
0.132595
0.153041
0.175306
0.194608
0.208726
0.218885
0.226085
0.231111
0.23454
0.236672
0.237615
0.237737
0.0467954
0.0467958
0.0487556
0.0531202
0.0601413
0.0703336
0.0841435
0.101889
0.123642
0.149096
0.176102
0.199163
0.21597
0.228126
0.236838
0.243004
0.247263
0.249919
0.25108
0.251221
0.00535897
0.00558843
0.00921054
0.0166742
0.0279077
0.0432436
0.062785
0.0865461
0.11434
0.145651
0.177945
0.205092
0.224822
0.239202
0.249673
0.257246
0.262604
0.265967
0.267395
0.267547
-0.055487
-0.0538955
-0.0452361
-0.0311454
-0.0121378
0.0113633
0.0389113
0.0703158
0.105245
0.143084
0.181022
0.21243
0.235214
0.251965
0.264391
0.273631
0.280344
0.284678
0.286519
0.28671
-0.128596
-0.125701
-0.109323
-0.0846373
-0.0551092
-0.0221441
0.0141511
0.0537354
0.0963447
0.141454
0.186054
0.222918
0.249944
0.270218
0.285677
0.297594
0.306769
0.312556
0.31461
0.315183
-0.203497
-0.195053
-0.170871
-0.1361
-0.0969229
-0.0547695
-0.00981193
0.0379131
0.0882016
0.140607
0.191938
0.234316
0.265579
0.28933
0.307803
0.322371
0.333761
0.341048
0.344574
0.34566
-0.261579
-0.251857
-0.222811
-0.181356
-0.134747
-0.0849127
-0.0322815
0.0229254
0.0804106
0.13967
0.197212
0.244453
0.279222
0.305623
0.326153
0.342343
0.354951
0.363514
0.367971
0.369276
-0.308654
-0.298375
-0.265935
-0.219742
-0.167608
-0.111734
-0.052775
0.00889962
0.0727941
0.138259
0.201363
0.252767
0.29029
0.318527
0.340284
0.357329
0.370586
0.379891
0.384699
0.386025
-0.347618
-0.337273
-0.302753
-0.252903
-0.196301
-0.13556
-0.0713495
-0.0041345
0.0653939
0.136393
0.204464
0.259439
0.299135
0.328679
0.351199
0.368648
0.382082
0.391488
0.396288
0.397734
-0.381402
-0.371076
-0.335015
-0.282256
-0.221994
-0.15716
-0.0884133
-0.0163804
0.0581585
0.134171
0.206755
0.264978
0.306625
0.337263
0.360311
0.377922
0.391354
0.400747
0.405554
0.406966
-0.411548
-0.401274
-0.364065
-0.308884
-0.245601
-0.177236
-0.104527
-0.028183
0.0509134
0.131576
0.208464
0.269788
0.313229
0.344826
0.368313
0.386082
0.39949
0.408868
0.413701
0.414991
-0.439254
-0.42899
-0.390848
-0.333634
-0.267761
-0.196311
-0.120091
-0.03986
0.0434216
0.128462
0.209458
0.273803
0.31909
0.351733
0.375759
0.393743
0.407215
0.41658
0.421419
0.422565
-0.465277
-0.455002
-0.416033
-0.357049
-0.288884
-0.214736
-0.135408
-0.0516762
0.0354586
0.124611
0.209665
0.277202
0.324525
0.358367
0.383041
0.401334
0.414913
0.424254
0.42907
0.43012
-0.490081
-0.479764
-0.440044
-0.379517
-0.309343
-0.232787
-0.150678
-0.063783
0.0269028
0.120021
0.209169
0.280045
0.329602
0.364855
0.390348
0.409077
0.422852
0.432215
0.436995
0.438003
-0.514025
-0.503613
-0.463132
-0.401323
-0.329309
-0.250598
-0.166005
-0.0762408
0.0177524
0.114647
0.207839
0.282238
0.334305
0.371241
0.397775
0.417101
0.431185
0.44063
0.445305
0.446294
-0.537302
-0.526722
-0.485583
-0.422577
-0.348893
-0.268284
-0.181466
-0.0890987
0.0079169
0.108354
0.205567
0.283706
0.3386
0.377515
0.405344
0.425453
0.43996
0.449546
0.454119
0.455071
-0.559931
-0.549162
-0.507494
-0.443318
-0.36817
-0.28588
-0.197084
-0.102404
-0.0026565
0.101105
0.202273
0.284317
0.342378
0.383625
0.413032
0.434125
0.449172
0.45893
0.46341
0.464244
-0.582045
-0.571054
-0.528812
-0.463565
-0.387146
-0.303376
-0.212846
-0.116125
-0.013918
0.0929034
0.197861
0.283911
0.345449
0.38944
0.420768
0.443068
0.45877
0.46872
0.473071
0.473768
-0.60358
-0.592369
-0.549555
-0.483345
-0.4058
-0.320735
-0.228689
-0.130189
-0.0258228
0.0837394
0.192266
0.282328
0.347593
0.394754
0.428441
0.452243
0.468715
0.478845
0.483026
0.483534
-0.624543
-0.61309
-0.569697
-0.502625
-0.424093
-0.337901
-0.24455
-0.144524
-0.0383088
0.0736559
0.185451
0.279417
0.348578
0.399323
0.435917
0.461629
0.478975
0.48914
0.492986
0.493291
-0.644797
-0.63316
-0.589201
-0.521364
-0.441959
-0.354792
-0.260357
-0.159052
-0.0512804
0.0627365
0.177409
0.275056
0.348142
0.402822
0.442977
0.471259
0.489686
0.499584
0.502777
0.502807
-0.664425
-0.652538
-0.608044
-0.53953
-0.459363
-0.371367
-0.276015
-0.173674
-0.0646318
0.0510822
0.168183
0.269159
0.34604
0.404814
0.449203
0.48112
0.501318
0.510527
0.512229
0.511759
-0.683309
-0.671166
-0.626201
-0.557067
-0.476227
-0.387544
-0.291438
-0.188268
-0.0782435
0.0387874
0.157859
0.261691
0.342088
0.404825
0.453897
0.490842
0.514575
0.523472
0.522038
0.519821
-0.701475
-0.689122
-0.643623
-0.57393
-0.492513
-0.403255
-0.306545
-0.202751
-0.0919945
0.0260117
0.146565
0.25265
0.336176
0.402413
0.455999
0.499182
0.529309
0.541305
0.537104
0.525461
-0.718861
-0.70636
-0.66041
-0.590264
-0.508422
-0.418776
-0.321666
-0.217524
-0.106344
0.0122201
0.133707
0.241362
0.327605
0.396848
0.45387
0.503589
0.54281
0.562074
0.559888
0.551695
-0.735443
-0.722832
-0.67659
-0.606018
-0.523938
-0.4341
-0.336768
-0.23259
-0.121303
-0.00265567
0.119175
0.227581
0.315826
0.387563
0.445215
0.49789
0.541604
0.564968
0.540499
0.483526
-0.750999
-0.737901
-0.692143
-0.621138
-0.539144
-0.449316
-0.351871
-0.247825
-0.136793
-0.0185168
0.102983
0.211269
0.300186
0.374412
0.429566
0.472854
0.512488
0.514997
0.460455
0.390816
-0.767194
-0.752104
-0.706752
-0.635213
-0.553841
-0.464056
-0.367227
-0.263168
-0.152679
-0.035187
0.0851931
0.192399
0.279869
0.35842
0.40858
0.452694
0.439801
0.408889
0.338279
0.26304
-0.753006
-0.733223
-0.685697
-0.61144
-0.525703
-0.432602
-0.331119
-0.224613
-0.111789
0.00812629
0.121581
0.215204
0.293719
0.373592
0.42951
0.352307
0.30805
0.245514
0.167084
0.114312
-0.771965
-0.757918
-0.723058
-0.657433
-0.576456
-0.487227
-0.390527
-0.287332
-0.178116
-0.062629
0.0546136
0.158237
0.240122
0.313296
0.379404
0.374538
0.261953
0.173651
0.107384
0.0159898
-0.791104
-0.776799
-0.736449
-0.669557
-0.588333
-0.499762
-0.404331
-0.302256
-0.194343
-0.0808125
0.0337872
0.134093
0.212071
0.271594
0.295251
0.221871
0.0658422
-0.0405127
-0.123454
-0.220747
-0.81027
-0.798245
-0.753586
-0.685514
-0.604291
-0.515769
-0.420536
-0.319011
-0.212316
-0.100789
0.01027
0.105236
0.176191
0.219545
0.191033
0.0474738
-0.127072
-0.261499
-0.378443
-0.523821
-0.831092
-0.81883
-0.772334
-0.703295
-0.621958
-0.533511
-0.438546
-0.337826
-0.232543
-0.123376
-0.0163513
0.072617
0.135079
0.159275
0.0863604
-0.125287
-0.336904
-0.513525
-0.684576
-0.910926
-0.850967
-0.838924
-0.791492
-0.721507
-0.639871
-0.551534
-0.457067
-0.357375
-0.253722
-0.147242
-0.0446435
0.0379315
0.0910972
0.0887009
-0.0440242
-0.292831
-0.546733
-0.790491
-1.00367
-1.48077
-0.87039
-0.858836
-0.811171
-0.74051
-0.658648
-0.57039
-0.476426
-0.377758
-0.27582
-0.172213
-0.0743582
0.00129213
0.0443628
0.00285859
-0.182969
-0.44448
-0.722212
-0.980554
-1.20913
-1.65627
-0.890268
-0.879138
-0.831486
-0.7605
-0.678523
-0.590345
-0.496846
-0.399168
-0.29898
-0.198378
-0.105475
-0.0371133
-0.00591838
-0.082357
-0.31203
-0.57063
-0.840112
-1.06962
-1.16723
-1.21132
-0.911141
-0.900273
-0.852732
-0.781695
-0.699778
-0.61182
-0.518918
-0.422411
-0.32426
-0.227087
-0.139684
-0.0793225
-0.0628805
-0.170543
-0.432394
-0.679242
-0.908514
-1.07327
-1.11571
-1.13154
-0.933027
-0.922427
-0.875094
-0.804047
-0.722292
-0.634697
-0.542554
-0.447415
-0.351596
-0.258302
-0.176944
-0.125315
-0.127094
-0.27965
-0.542622
-0.77539
-0.973638
-1.07406
-1.09752
-1.09803
-0.956086
-0.945588
-0.898668
-0.827495
-0.745989
-0.658882
-0.567643
-0.474078
-0.380846
-0.291841
-0.217113
-0.174124
-0.201543
-0.393412
-0.648866
-0.866176
-1.0235
-1.07971
-1.07858
-1.0796
-0.980087
-0.969711
-0.922776
-0.851919
-0.770745
-0.684224
-0.594034
-0.502218
-0.411777
-0.327444
-0.259762
-0.225372
-0.281745
-0.503032
-0.755439
-0.954839
-1.0461
-1.06594
-1.06952
-1.07028
-1.00463
-0.994471
-0.947632
-0.877208
-0.796337
-0.710496
-0.621472
-0.531556
-0.44406
-0.364635
-0.304043
-0.279755
-0.357494
-0.60499
-0.866102
-1.04769
-1.06642
-1.07113
-1.0714
-1.06936
-1.02926
-1.01935
-0.972912
-0.902709
-0.822432
-0.737325
-0.649553
-0.561645
-0.477185
-0.40266
-0.349255
-0.336681
-0.429675
-0.683283
-0.97377
-1.18677
-1.18109
-1.12206
-1.08083
-1.06856
-1.05337
-1.04368
-0.997975
-0.928247
-0.848441
-0.764204
-0.677752
-0.591853
-0.510465
-0.440483
-0.394676
-0.389005
-0.505467
-0.733347
-1.00659
-1.34368
-1.29046
-1.16151
-1.08554
-1.05696
-1.07615
-1.06689
-1.02189
-0.953051
-0.873831
-0.790463
-0.705352
-0.621333
-0.542905
-0.476845
-0.43853
-0.434437
-0.585496
-0.776022
-0.834165
-1.12366
-1.23174
-1.35102
-1.34553
-1.28695
-1.09655
-1.08784
-1.04396
-0.976005
-0.897783
-0.815343
-0.731444
-0.649074
-0.573107
-0.510377
-0.478266
-0.476464
-0.66808
-0.867501
-0.602691
-0.137371
-0.825601
-1.38347
-1.47165
-1.46832
-1.11354
-1.10546
-1.06323
-0.996447
-0.919203
-0.837775
-0.754998
-0.673895
-0.59938
-0.539467
-0.511025
-0.520032
-0.783459
-1.1923
-1.40894
-1.52021
-1.83141
-1.80585
-1.63178
-1.5746
-1.12589
-1.11854
-1.07852
-1.01328
-0.937108
-0.85663
-0.774802
-0.694529
-0.620293
-0.561428
-0.532501
-0.562566
-0.947581
-1.78122
-3.07461
-3.79421
-4.02635
-3.65386
-3.06161
-2.66272
-1.13224
-1.12588
-1.08879
-1.02543
-0.950444
-0.870879
-0.789649
-0.709504
-0.634419
-0.572184
-0.54076
-0.576953
-1.00989
-1.96914
-3.23978
-4.04524
-4.24591
-3.99234
-3.57107
-3.24303
-1.13129
-1.12602
-1.09342
-1.03211
-0.958242
-0.879572
-0.798653
-0.717924
-0.640153
-0.570704
-0.525451
-0.532497
-0.770717
-1.285
-1.75853
-2.10382
-2.05219
-1.77733
-1.45927
-1.22559
-1.1226
-1.11877
-1.09076
-1.03243
-0.959822
-0.881888
-0.801298
-0.719367
-0.637539
-0.556088
-0.481303
-0.441139
-0.379064
-0.248569
0.0456261
0.441291
0.853851
1.21218
1.43133
1.52716
-1.10536
-1.10261
-1.07969
-1.02547
-0.954281
-0.87741
-0.797449
-0.714761
-0.628311
-0.533879
-0.432661
-0.325123
-0.155331
0.278868
0.928818
1.572
2.10401
2.46005
2.64671
2.71027
-1.07907
-1.07737
-1.05972
-1.01023
-0.940947
-0.865916
-0.787867
-0.706671
-0.618406
-0.51441
-0.387225
-0.247315
-0.124048
0.297291
0.939105
1.55045
2.03644
2.35782
2.52455
2.58315
-1.04213
-1.04127
-1.02747
-0.983408
-0.918475
-0.847206
-0.774113
-0.698359
-0.613423
-0.506551
-0.363981
-0.203291
-0.0569461
0.189871
0.698422
1.16472
1.53395
1.78777
1.93229
1.99617
-0.989488
-0.989075
-0.979115
-0.942741
-0.885025
-0.821159
-0.757271
-0.691876
-0.619449
-0.523945
-0.377952
-0.199015
-0.0249516
0.141814
0.425222
0.741932
1.00755
1.20377
1.32889
1.39434
-0.919416
-0.918708
-0.911526
-0.884688
-0.839583
-0.788871
-0.739725
-0.692627
-0.641974
-0.568378
-0.453427
-0.272838
-0.0808743
0.0527158
0.221352
0.412626
0.584422
0.70996
0.788101
0.832857
-0.837292
-0.836595
-0.831736
-0.815537
-0.787529
-0.755418
-0.726414
-0.704394
-0.689576
-0.665995
-0.61129
-0.461823
-0.247098
-0.102008
0.00671452
0.154516
0.285871
0.383574
0.442212
0.463181
-0.769637
-0.769101
-0.766428
-0.758539
-0.744987
-0.730792
-0.723126
-0.731139
-0.769186
-0.849285
-0.923328
-0.820663
-0.555925
-0.364572
-0.264994
-0.135459
-0.0053338
0.0875001
0.140674
0.159204
-0.718632
-0.71872
-0.718315
-0.71631
-0.713481
-0.714528
-0.728308
-0.771437
-0.879409
-1.11163
-1.40176
-1.36443
-1.0049
-0.707447
-0.549434
-0.38504
-0.24135
-0.141041
-0.0866787
-0.0731223
-0.669017
-0.670003
-0.671697
-0.673446
-0.678019
-0.690746
-0.721891
-0.796541
-0.970425
-1.34128
-1.85506
-1.8792
-1.44883
-1.07331
-0.833109
-0.607165
-0.438384
-0.331769
-0.282919
-0.27407
-0.603264
-0.604764
-0.60759
-0.611909
-0.620817
-0.639976
-0.680372
-0.769108
-0.968929
-1.38944
-1.96698
-1.99578
-1.58274
-1.22716
-0.952149
-0.721098
-0.57108
-0.497146
-0.469677
-0.463038
-0.51609
-0.517706
-0.520712
-0.525789
-0.535279
-0.554471
-0.592867
-0.673147
-0.849637
-1.21785
-1.69667
-1.73051
-1.42418
-1.12915
-0.865765
-0.693132
-0.609952
-0.588527
-0.582458
-0.576984
-0.412799
-0.414147
-0.416568
-0.420769
-0.42829
-0.442681
-0.47033
-0.526232
-0.645558
-0.890861
-1.1968
-1.21934
-1.02288
-0.800513
-0.632531
-0.55508
-0.546299
-0.557318
-0.561796
-0.559296
-0.305632
-0.306531
-0.308003
-0.310642
-0.314999
-0.32291
-0.337536
-0.365994
-0.424247
-0.539741
-0.681577
-0.673347
-0.545366
-0.434934
-0.384304
-0.39573
-0.421369
-0.439899
-0.446809
-0.446914
-0.207136
-0.207613
-0.208203
-0.209455
-0.211146
-0.213734
-0.218064
-0.225921
-0.240934
-0.266875
-0.278654
-0.264882
-0.194212
-0.184446
-0.213696
-0.253179
-0.282849
-0.299205
-0.305863
-0.307633
-0.125648
-0.12583
-0.125867
-0.126296
-0.126482
-0.126107
-0.124759
-0.121745
-0.115941
-0.104611
-0.0808812
-0.0577239
-0.0396385
-0.0649108
-0.1071
-0.142618
-0.16604
-0.178588
-0.184349
-0.186562
-0.0641035
-0.0641291
-0.0639382
-0.0640675
-0.0637511
-0.0623681
-0.059142
-0.052686
-0.0410643
-0.0221571
0.00217114
0.0144408
0.0115841
-0.0124139
-0.0442631
-0.0694802
-0.0855845
-0.0943201
-0.0986776
-0.100582
-0.0212193
-0.0211881
-0.0209684
-0.021084
-0.0208293
-0.0195112
-0.0163533
-0.0101868
0.000430317
0.0162749
0.0328315
0.0373705
0.0286672
0.0106834
-0.00986547
-0.0260597
-0.0365102
-0.0423431
-0.0453488
-0.0467218
0.00647948
0.00651335
0.00666964
0.00645485
0.00647215
0.00728507
0.00959449
0.014255
0.0220221
0.0327941
0.0423378
0.0425041
0.034238
0.0215919
0.0086819
-0.00151343
-0.00832887
-0.0122803
-0.0143211
-0.0152142
0.022946
0.0229626
0.0230318
0.0227243
0.0224929
0.0227845
0.02413
0.0270801
0.0320431
0.0385834
0.0434347
0.0416689
0.0351835
0.0265859
0.0183401
0.011775
0.00720651
0.00444759
0.00303124
0.00246138
0.0316442
0.0316423
0.0316374
0.0312782
0.0308811
0.0307847
0.0313829
0.0329899
0.0357563
0.0392635
0.0413211
0.039035
0.0341432
0.028269
0.0228274
0.0184564
0.0153029
0.0133344
0.0123421
0.0119618
0.035218
0.035204
0.0351491
0.0347752
0.034278
0.0339369
0.0340093
0.0346892
0.0360212
0.0376222
0.0380654
0.035763
0.0320497
0.027958
0.0242506
0.0212455
0.0190171
0.0175914
0.0168854
0.016631
0.0355039
0.0354846
0.0354037
0.0350383
0.0345048
0.0340306
0.0337756
0.0338456
0.0342445
0.0346956
0.0342984
0.0322274
0.0293952
0.0264642
0.0238547
0.0217301
0.0201254
0.0190814
0.0185731
0.0183983
0.0337203
0.0337003
0.0336128
0.0332765
0.0327602
0.0322389
0.0318146
0.0315451
0.0314131
0.0312155
0.0304076
0.0286037
0.0264155
0.0242627
0.0223775
0.02084
0.0196651
0.0188932
0.0185234
0.0184019
0.03066
0.0306418
0.0305593
0.0302635
0.0297933
0.0292795
0.0287882
0.0283491
0.0279434
0.0274286
0.0264735
0.024936
0.0232361
0.0216273
0.020239
0.019108
0.0182388
0.0176648
0.0173935
0.0173078
0.0268266
0.0268113
0.0267399
0.0264909
0.026082
0.0256139
0.0251262
0.0246343
0.0241188
0.0234828
0.0225341
0.0212543
0.0199345
0.0187229
0.0176902
0.0168508
0.0162036
0.0157752
0.0155754
0.0155144
0.0225366
0.0225243
0.0224665
0.0222651
0.0219248
0.0215223
0.0210818
0.0206109
0.0200927
0.0194621
0.018608
0.0175705
0.0165556
0.0156457
0.0148782
0.0142561
0.0137752
0.0134566
0.0133102
0.013267
0.0179832
0.0179736
0.0179295
0.0177734
0.0175028
0.0171755
0.0168072
0.0164014
0.0159451
0.0153947
0.0146891
0.0138852
0.0131269
0.0124588
0.0118986
0.0114443
0.0110917
0.010858
0.0107528
0.0107225
0.0132808
0.0132735
0.0132419
0.0131277
0.0129249
0.0126773
0.0123962
0.0120832
0.011728
0.0113028
0.0107746
0.0101968
0.00966539
0.00920153
0.00881234
0.00849433
0.00824497
0.00807957
0.0080068
0.00798639
0.00849367
0.00848816
0.00846752
0.00839075
0.00825335
0.00808872
0.0079048
0.00770108
0.00747042
0.00719631
0.00686244
0.00650513
0.00618038
0.00589784
0.00565917
0.00546043
0.00530023
0.00519233
0.00514574
0.0051327
0.00123859
0.00124836
0.00126258
0.00125536
0.00122853
0.00119479
0.00115768
0.00111593
0.00106766
0.00100962
0.000944172
0.000882106
0.000828738
0.000783919
0.000746922
0.00071769
0.000700515
0.000703884
0.000716039
0.00221131
-1.82975
-1.04389
-0.554196
-0.255904
-0.0321994
0.142485
0.282449
0.401879
0.522177
0.604472
-0.68253
-0.42749
-0.211967
-0.0296026
0.122397
0.248378
0.352856
0.43815
0.491326
0.502027
-0.257341
-0.113767
0.0189023
0.140278
0.244981
0.333967
0.4071
0.462559
0.499429
0.52083
-0.00034752
0.0938608
0.183715
0.268041
0.3422
0.405484
0.457432
0.498122
0.529224
0.550092
0.179583
0.244448
0.310405
0.371112
0.425452
0.472443
0.512046
0.544712
0.571218
0.589277
0.317931
0.363986
0.41579
0.461424
0.503428
0.540797
0.573258
0.600849
0.62357
0.638523
0.430888
0.468552
0.508995
0.546927
0.582142
0.61431
0.64277
0.667134
0.686892
0.699178
0.53017
0.563718
0.599267
0.634199
0.66683
0.696783
0.723286
0.74569
0.76314
0.773341
0.625125
0.659393
0.695272
0.730723
0.763243
0.792522
0.817926
0.83887
0.854462
0.863628
0.729474
0.768081
0.806545
0.843637
0.876445
0.904854
0.928759
0.948029
0.962192
0.971822
0.857796
0.900978
0.940325
0.976295
1.00701
1.03295
1.05476
1.07253
1.08616
1.09754
1.0199
1.0618
1.09581
1.12493
1.14957
1.1713
1.19105
1.20858
1.22367
1.23748
1.21075
1.24033
1.26228
1.2816
1.3
1.31746
1.3337
1.34949
1.36627
1.38357
1.40773
1.41845
1.43083
1.44546
1.46007
1.47304
1.48441
1.49533
1.5081
1.5237
1.59492
1.60453
1.6142
1.61622
1.61677
1.62104
1.63197
1.64838
1.66577
1.67049
1.89962
1.84079
1.78911
1.7491
1.72679
1.72278
1.73631
1.77003
1.82605
1.9054
0.443622
0.386519
0.344137
0.310617
0.286307
0.268913
0.256435
0.247483
0.241326
0.237757
0.237205
0.239858
0.245109
0.252889
0.263677
0.278551
0.299246
0.327931
0.366332
0.414396
0.247973
0.257012
0.263175
0.263811
0.259862
0.253503
0.246951
0.241421
0.237497
0.235702
0.23668
0.240072
0.245187
0.251568
0.258413
0.264022
0.26599
0.262606
0.254188
0.24699
0.223463
0.225567
0.230192
0.233981
0.237028
0.238822
0.23864
0.236874
0.234625
0.232947
0.232775
0.234372
0.236876
0.23933
0.24063
0.239947
0.237518
0.234198
0.230021
0.22555
0.217199
0.218103
0.220659
0.223378
0.225399
0.226925
0.228136
0.228737
0.228627
0.228279
0.228426
0.229242
0.230032
0.230166
0.229476
0.228274
0.226683
0.224382
0.221653
0.219586
0.211688
0.212156
0.213633
0.215801
0.217863
0.219496
0.220699
0.221665
0.222409
0.222929
0.223343
0.223627
0.223576
0.223134
0.222367
0.221185
0.219465
0.217395
0.215565
0.214495
0.20656
0.206846
0.207852
0.209515
0.211365
0.213164
0.214718
0.215964
0.216994
0.217855
0.218432
0.218571
0.218309
0.21769
0.216658
0.215225
0.213559
0.211905
0.210595
0.209925
0.201782
0.201973
0.202768
0.204217
0.20591
0.207663
0.209416
0.21099
0.212259
0.213239
0.21392
0.214167
0.213881
0.213069
0.211824
0.210372
0.208876
0.207423
0.206345
0.205871
0.197396
0.197524
0.198172
0.199478
0.201046
0.202625
0.204204
0.205815
0.207364
0.208674
0.209547
0.209751
0.209333
0.208498
0.207459
0.206276
0.204968
0.203667
0.202756
0.202416
0.193554
0.193624
0.194143
0.195336
0.19682
0.198353
0.19988
0.201366
0.202804
0.204169
0.205212
0.205625
0.205502
0.204981
0.204145
0.203092
0.201914
0.20075
0.199984
0.199766
0.190647
0.190681
0.191048
0.192022
0.193327
0.194706
0.196178
0.197726
0.199306
0.200814
0.202056
0.202721
0.202764
0.202376
0.201699
0.200888
0.199956
0.199047
0.19851
0.198389
0.188274
0.188297
0.188521
0.189128
0.190033
0.191067
0.192227
0.193563
0.195072
0.19671
0.198216
0.199204
0.199643
0.199702
0.199534
0.199167
0.198708
0.198262
0.198013
0.197945
0.185527
0.185549
0.185713
0.186111
0.186751
0.187628
0.188743
0.190134
0.191781
0.193628
0.19547
0.196851
0.197641
0.197984
0.197986
0.197943
0.19786
0.197747
0.197668
0.197622
0.181998
0.182016
0.182157
0.182497
0.18305
0.183819
0.184891
0.186313
0.188122
0.190276
0.192543
0.194366
0.195524
0.196227
0.196728
0.196994
0.197138
0.197201
0.197193
0.197164
0.177741
0.177748
0.177883
0.17826
0.178851
0.179695
0.180888
0.182504
0.18458
0.187121
0.189931
0.192322
0.193981
0.195081
0.195802
0.196268
0.19657
0.1967
0.196733
0.196727
0.172901
0.17291
0.173036
0.173476
0.174244
0.175187
0.176577
0.178471
0.180938
0.184031
0.187531
0.190589
0.192786
0.19431
0.195335
0.19601
0.196392
0.19657
0.196649
0.196664
0.167508
0.167513
0.167653
0.168126
0.169
0.170251
0.171867
0.174119
0.177076
0.180867
0.185222
0.189113
0.191974
0.194013
0.195383
0.196288
0.196803
0.197081
0.197221
0.19725
0.161466
0.161469
0.161647
0.162154
0.163145
0.164577
0.166595
0.169316
0.172956
0.177648
0.183086
0.188006
0.191643
0.194198
0.19602
0.197219
0.197952
0.198377
0.198586
0.198624
0.154475
0.15448
0.154692
0.155309
0.156428
0.158133
0.16057
0.163927
0.168447
0.174296
0.181095
0.187263
0.191828
0.195151
0.197432
0.198969
0.199954
0.200544
0.200824
0.20087
0.146154
0.14616
0.146409
0.147158
0.148544
0.150633
0.153628
0.157815
0.163478
0.170799
0.179294
0.186981
0.192713
0.196835
0.199709
0.201662
0.202939
0.203711
0.204069
0.204125
0.136075
0.136084
0.136412
0.137353
0.139073
0.141713
0.1455
0.1508
0.157938
0.167126
0.177728
0.187281
0.194385
0.199477
0.203041
0.20548
0.20709
0.208063
0.208506
0.208574
0.123704
0.123716
0.124143
0.125371
0.127602
0.130997
0.135865
0.142637
0.1517
0.163261
0.176456
0.188249
0.196976
0.203237
0.207629
0.210644
0.212645
0.213848
0.214396
0.214478
0.108275
0.108294
0.108867
0.110508
0.113473
0.117949
0.124312
0.133085
0.144676
0.159223
0.175574
0.190034
0.200683
0.208325
0.2137
0.217408
0.219883
0.221369
0.222029
0.222126
0.0886264
0.0886543
0.0894488
0.091737
0.0958255
0.101901
0.110414
0.121938
0.136826
0.155095
0.175225
0.192801
0.205684
0.214943
0.22149
0.226041
0.229104
0.230954
0.231764
0.231872
0.0629496
0.0629956
0.0641763
0.0675603
0.0734855
0.0820234
0.0936993
0.109024
0.128197
0.151033
0.175591
0.196722
0.21215
0.22328
0.231217
0.236799
0.240598
0.242902
0.2439
0.244019
0.0281811
0.0282775
0.0302788
0.0357737
0.0449354
0.0574572
0.0738503
0.0943884
0.119011
0.147292
0.176882
0.201953
0.220197
0.233444
0.243019
0.249878
0.254636
0.257547
0.258779
0.258903
-0.0216475
-0.0212389
-0.0167107
-0.00639407
0.00879136
0.0278578
0.0510988
0.0784885
0.109731
0.144237
0.179322
0.208589
0.229839
0.245399
0.25685
0.265264
0.27128
0.275078
0.276683
0.276813
-0.0944136
-0.0915447
-0.0788185
-0.0584563
-0.0335604
-0.00528512
0.0266368
0.0621107
0.100822
0.142186
0.183269
0.217184
0.241887
0.26023
0.274071
0.284669
0.292664
0.298012
0.300478
0.300872
-0.171593
-0.164557
-0.142027
-0.11119
-0.0762554
-0.038588
0.00208695
0.045769
0.0922409
0.141035
0.189057
0.228751
0.257974
0.280078
0.297192
0.310715
0.321337
0.329211
0.333523
0.334238
-0.235573
-0.228424
-0.198981
-0.159702
-0.116345
-0.0701466
-0.0212
0.0303727
0.0843301
0.140221
0.194731
0.239632
0.272747
0.297936
0.317582
0.333188
0.345518
0.354923
0.359391
0.360192
-0.286998
-0.27921
-0.246088
-0.201323
-0.151686
-0.0986752
-0.0427302
0.0158372
0.0766273
0.139064
0.199464
0.248868
0.2851
0.312512
0.333758
0.350539
0.363759
0.373588
0.378508
0.379606
-0.329081
-0.321066
-0.285687
-0.236866
-0.182319
-0.12391
-0.0622313
0.00230801
0.0691101
0.137414
0.203059
0.256314
0.294971
0.323899
0.346083
0.363443
0.377038
0.386909
0.392072
0.393221
-0.36485
-0.356729
-0.319931
-0.267951
-0.209396
-0.146544
-0.0799908
-0.0102968
0.0617967
0.135364
0.205726
0.262338
0.303026
0.333139
0.355956
0.373555
0.387169
0.396939
0.40219
0.40344
-0.396339
-0.388178
-0.350346
-0.295829
-0.233961
-0.167303
-0.096521
-0.0222813
0.0545796
0.132951
0.207711
0.267504
0.310064
0.341182
0.364448
0.382166
0.395717
0.405384
0.41063
0.411935
-0.424958
-0.416746
-0.378078
-0.321439
-0.256781
-0.186837
-0.112325
-0.0339899
0.0472409
0.130121
0.209087
0.271909
0.316256
0.348359
0.372104
0.389997
0.403532
0.413117
0.418321
0.419675
-0.45155
-0.443295
-0.403915
-0.345441
-0.278385
-0.205552
-0.127735
-0.0457139
0.0395331
0.126655
0.209665
0.275585
0.321869
0.355101
0.379437
0.397578
0.411184
0.420712
0.425749
0.427174
-0.476775
-0.468447
-0.428429
-0.368343
-0.299148
-0.223769
-0.143018
-0.0576664
0.0312744
0.122423
0.209528
0.278716
0.327113
0.361636
0.386701
0.405207
0.418938
0.428454
0.433371
0.434794
-0.500978
-0.492557
-0.451934
-0.390459
-0.319349
-0.24169
-0.158308
-0.0699442
0.0224236
0.117457
0.208635
0.281242
0.332007
0.368056
0.394051
0.413072
0.42704
0.436596
0.441399
0.442721
-0.524443
-0.515892
-0.474573
-0.411989
-0.339118
-0.259431
-0.173698
-0.0825987
0.0129417
0.111635
0.206839
0.283087
0.336535
0.374408
0.401556
0.421262
0.435578
0.445216
0.449925
0.451091
-0.547227
-0.538572
-0.496742
-0.432987
-0.358547
-0.277074
-0.189241
-0.0956802
0.00273395
0.10486
0.204066
0.284141
0.340588
0.380627
0.409197
0.429774
0.444561
0.454328
0.458968
0.459951
-0.569469
-0.560557
-0.518347
-0.453482
-0.377677
-0.294628
-0.204938
-0.109204
-0.00818931
0.0971351
0.200224
0.284261
0.344021
0.386597
0.416916
0.438586
0.453962
0.463885
0.468414
0.469243
-0.591128
-0.58213
-0.539344
-0.4735
-0.396498
-0.312062
-0.220749
-0.123104
-0.0197848
0.0884448
0.195223
0.283285
0.34666
0.392177
0.424629
0.447646
0.463733
0.473822
0.478182
0.478839
-0.612265
-0.603095
-0.559774
-0.493038
-0.414983
-0.329332
-0.236615
-0.137317
-0.0319932
0.0788172
0.189019
0.281054
0.348259
0.397163
0.432227
0.456927
0.473833
0.484036
0.488124
0.488573
-0.632773
-0.623447
-0.579584
-0.512056
-0.433072
-0.346377
-0.252455
-0.151766
-0.0447338
0.0683043
0.181588
0.277432
0.348561
0.401242
0.439529
0.46643
0.48428
0.494386
0.498007
0.498211
-0.652608
-0.64314
-0.598745
-0.530519
-0.450711
-0.363122
-0.2682
-0.166352
-0.0579098
0.0570024
0.172944
0.272308
0.347321
0.404043
0.446234
0.47619
0.495369
0.504979
0.507611
0.507458
-0.671765
-0.662143
-0.617241
-0.548377
-0.467857
-0.379498
-0.283755
-0.180972
-0.0714095
0.0450079
0.163159
0.265627
0.344312
0.405105
0.4518
0.486069
0.50774
0.516627
0.516998
0.515962
-0.690176
-0.680395
-0.635035
-0.565586
-0.484443
-0.395451
-0.299037
-0.19553
-0.0851109
0.0324518
0.152325
0.25737
0.339388
0.403949
0.455343
0.495333
0.521894
0.531698
0.528417
0.524295
-0.707862
-0.697957
-0.652115
-0.582152
-0.500493
-0.411004
-0.314073
-0.210061
-0.0990442
0.0193008
0.140389
0.247352
0.332298
0.400098
0.455611
0.502202
0.536748
0.552793
0.549881
0.532571
-0.724853
-0.714824
-0.668606
-0.59823
-0.51623
-0.426459
-0.329224
-0.225017
-0.113748
0.0049134
0.126652
0.234792
0.322159
0.3927
0.45043
0.502425
0.545675
0.563864
0.565033
0.523268
-0.741397
-0.730701
-0.684495
-0.613675
-0.531542
-0.441698
-0.344299
-0.240171
-0.128969
-0.0104502
0.1113
0.219757
0.308556
0.381484
0.438166
0.488214
0.531206
0.550207
0.505524
0.438668
-0.75863
-0.744603
-0.699661
-0.62846
-0.546702
-0.456888
-0.359533
-0.255506
-0.14471
-0.026783
0.0942583
0.202142
0.290642
0.366639
0.419742
0.450345
0.481781
0.468463
0.404131
0.331793
-0.776443
-0.777779
-0.716813
-0.640388
-0.55921
-0.469537
-0.374459
-0.270408
-0.160284
-0.0433257
0.0761746
0.182415
0.268399
0.350692
0.386513
0.373375
0.390292
0.340822
0.266116
0.18737
-0.751959
-0.749014
-0.69298
-0.618085
-0.532379
-0.439507
-0.340148
-0.23401
-0.121787
-0.0028069
0.109316
0.201519
0.276361
0.354252
0.388993
0.290708
0.208471
0.142234
0.0648925
-0.0992302
-0.788989
-0.763327
-0.704957
-0.629311
-0.543857
-0.451522
-0.352889
-0.247653
-0.136785
-0.0200062
0.0886121
0.176703
0.244167
0.294099
0.269935
0.136884
0.00733002
-0.0819603
-0.17363
-0.356721
-0.81147
-0.781318
-0.721949
-0.646215
-0.561169
-0.469195
-0.370677
-0.266477
-0.157295
-0.0433188
0.0611425
0.143671
0.202248
0.220691
0.140525
-0.0435788
-0.199738
-0.318063
-0.45149
-0.70473
-0.832732
-0.800506
-0.74006
-0.663803
-0.578811
-0.487027
-0.389049
-0.286017
-0.178732
-0.0679484
0.0316052
0.107367
0.15415
0.138789
-0.0135181
-0.233026
-0.430151
-0.594466
-0.793037
-1.22166
-0.852755
-0.819873
-0.758654
-0.681764
-0.596709
-0.505183
-0.407977
-0.306211
-0.200989
-0.0937078
0.000349264
0.0688527
0.100316
0.0443679
-0.167363
-0.419548
-0.669725
-0.894439
-1.18626
-1.94254
-0.87225
-0.83963
-0.777925
-0.7006
-0.61547
-0.524231
-0.427775
-0.32733
-0.224325
-0.120795
-0.0326209
0.0281098
0.0410008
-0.0596019
-0.31158
-0.582414
-0.856346
-1.09562
-1.34636
-2.23142
-0.892245
-0.859892
-0.798041
-0.720514
-0.63535
-0.544375
-0.448624
-0.349506
-0.248809
-0.149202
-0.0671163
-0.0149575
-0.0216275
-0.180773
-0.438249
-0.707112
-0.9644
-1.13838
-1.18039
-1.24315
-0.9131
-0.881063
-0.819241
-0.741723
-0.656671
-0.566092
-0.471185
-0.373623
-0.275585
-0.180432
-0.104963
-0.0626319
-0.0987123
-0.302438
-0.553434
-0.799382
-1.00394
-1.10952
-1.12288
-1.13422
-0.935081
-0.903235
-0.841576
-0.764139
-0.679336
-0.589288
-0.495421
-0.39965
-0.304618
-0.214431
-0.146087
-0.115819
-0.181121
-0.417238
-0.660562
-0.879845
-1.04297
-1.09107
-1.09763
-1.09762
-0.958187
-0.926321
-0.864977
-0.787675
-0.703227
-0.613861
-0.521207
-0.427436
-0.335761
-0.251022
-0.190248
-0.173317
-0.26646
-0.528267
-0.762384
-0.956767
-1.06061
-1.07646
-1.07931
-1.07921
-0.982254
-0.950387
-0.889473
-0.812262
-0.728226
-0.639657
-0.54837
-0.456799
-0.368746
-0.289866
-0.237359
-0.232086
-0.36261
-0.635175
-0.864644
-1.01736
-1.06174
-1.06869
-1.07018
-1.07006
-1.0068
-0.975198
-0.914342
-0.837643
-0.754116
-0.666435
-0.576648
-0.487447
-0.403153
-0.330459
-0.286463
-0.291775
-0.461747
-0.738553
-0.975398
-1.07534
-1.0688
-1.07206
-1.07044
-1.06862
-1.03142
-1.00028
-0.939686
-0.863451
-0.780514
-0.693825
-0.605623
-0.518911
-0.438369
-0.372134
-0.335842
-0.360966
-0.5462
-0.822294
-1.11105
-1.19047
-1.14436
-1.09543
-1.07246
-1.06654
-1.05544
-1.02491
-0.965061
-0.889202
-0.806895
-0.721299
-0.634716
-0.550521
-0.473599
-0.413702
-0.38384
-0.428127
-0.622743
-0.848783
-1.19138
-1.35944
-1.22305
-1.11692
-1.06565
-1.05208
-1.07821
-1.04846
-0.989464
-0.914277
-0.83269
-0.748166
-0.663151
-0.581325
-0.507825
-0.453277
-0.430073
-0.487885
-0.706194
-0.801418
-0.927167
-1.22128
-1.29041
-1.36567
-1.31144
-1.27546
-1.09852
-1.07003
-1.01193
-0.937751
-0.85708
-0.773597
-0.690004
-0.610112
-0.539736
-0.488932
-0.474419
-0.539985
-0.80595
-0.80651
-0.337409
-0.467964
-1.16071
-1.47621
-1.46838
-1.46994
-1.11532
-1.08849
-1.03181
-0.958709
-0.878965
-0.796589
-0.714207
-0.635575
-0.567463
-0.518895
-0.51454
-0.593891
-0.9959
-1.3503
-1.37424
-1.72283
-1.84604
-1.71959
-1.57816
-1.60569
-1.12743
-1.10266
-1.04794
-0.976127
-0.897343
-0.815911
-0.734422
-0.656472
-0.588464
-0.541534
-0.544072
-0.666348
-1.31691
-2.37552
-3.50708
-3.99972
-3.89307
-3.36091
-2.82281
-2.61245
-1.13375
-1.1115
-1.05929
-0.98893
-0.911141
-0.830499
-0.749443
-0.671213
-0.601106
-0.551119
-0.548398
-0.694305
-1.44406
-2.57473
-3.76897
-4.21002
-4.16106
-3.77736
-3.3689
-3.19727
-1.13311
-1.11392
-1.06516
-0.996214
-0.919472
-0.839452
-0.758275
-0.67864
-0.603819
-0.542213
-0.523991
-0.575239
-1.02826
-1.52233
-1.97449
-2.12128
-1.92908
-1.61153
-1.32615
-1.15417
-1.12408
-1.10877
-1.06446
-0.997187
-0.921514
-0.841982
-0.760506
-0.678611
-0.596922
-0.51854
-0.453555
-0.403788
-0.337057
-0.122904
0.239294
0.645858
1.04731
1.33972
1.49181
1.54861
-1.10654
-1.09493
-1.05577
-0.991137
-0.916478
-0.837898
-0.756701
-0.672583
-0.58298
-0.482186
-0.373554
-0.28092
0.0204727
0.593248
1.25545
1.85883
2.30459
2.57324
2.69009
2.72099
-1.07995
-1.07195
-1.03853
-0.97717
-0.903802
-0.827464
-0.748165
-0.663643
-0.568432
-0.451242
-0.318368
-0.185649
0.0278421
0.609861
1.25473
1.81299
2.21832
2.45871
2.56385
2.59169
-1.04269
-1.03735
-1.00924
-0.952315
-0.88334
-0.811005
-0.736568
-0.656811
-0.563808
-0.439587
-0.282343
-0.126363
0.0268614
0.432427
0.9435
1.36212
1.67601
1.8725
1.97255
2.00654
-0.989797
-0.986516
-0.964494
-0.915468
-0.853371
-0.78928
-0.725211
-0.65792
-0.575597
-0.454424
-0.286288
-0.112461
0.0493328
0.264629
0.588324
0.881765
1.11549
1.27428
1.36912
1.40416
-0.919159
-0.916825
-0.900944
-0.863604
-0.814379
-0.764119
-0.716572
-0.670046
-0.613732
-0.519817
-0.366309
-0.174352
-0.00302022
0.129335
0.315518
0.503203
0.653988
0.753891
0.814818
0.839297
-0.837132
-0.83518
-0.825331
-0.802596
-0.771497
-0.740307
-0.714371
-0.695668
-0.680726
-0.652377
-0.545296
-0.354376
-0.164089
-0.0523911
0.0788445
0.224198
0.339588
0.418036
0.457078
0.464087
-0.769531
-0.768192
-0.763319
-0.752243
-0.737584
-0.725713
-0.72441
-0.744736
-0.801345
-0.898903
-0.909916
-0.687839
-0.442308
-0.318178
-0.201738
-0.0639281
0.0459284
0.119093
0.15373
0.158162
-0.718677
-0.718635
-0.717572
-0.714828
-0.713115
-0.719149
-0.744729
-0.814143
-0.975831
-1.26883
-1.45209
-1.19579
-0.829802
-0.628709
-0.4674
-0.307834
-0.185361
-0.108036
-0.0756138
-0.07554
-0.669385
-0.670825
-0.672502
-0.675116
-0.682915
-0.702807
-0.751653
-0.865767
-1.12621
-1.6088
-1.97344
-1.68389
-1.23079
-0.949313
-0.714828
-0.515481
-0.376961
-0.300796
-0.274968
-0.276174
-0.60385
-0.60603
-0.609448
-0.615501
-0.628667
-0.656249
-0.716288
-0.849176
-1.14473
-1.6946
-2.08569
-1.80368
-1.3834
-1.09157
-0.825157
-0.636265
-0.526164
-0.47952
-0.464631
-0.463706
-0.516764
-0.519014
-0.52286
-0.529794
-0.543298
-0.570374
-0.625605
-0.744444
-1.00473
-1.47716
-1.79096
-1.58878
-1.27151
-0.989995
-0.768985
-0.639664
-0.59496
-0.585272
-0.579348
-0.576348
-0.413412
-0.415166
-0.418426
-0.423929
-0.434376
-0.454257
-0.493321
-0.574833
-0.749114
-1.05987
-1.25585
-1.13334
-0.91036
-0.705043
-0.58255
-0.545186
-0.55156
-0.560957
-0.56079
-0.558576
-0.3061
-0.307108
-0.309218
-0.312478
-0.318381
-0.329096
-0.349373
-0.390012
-0.473351
-0.618304
-0.706121
-0.614017
-0.48075
-0.399996
-0.385622
-0.408495
-0.432069
-0.444691
-0.447349
-0.446406
-0.207449
-0.207799
-0.208822
-0.210191
-0.212293
-0.215605
-0.221395
-0.232245
-0.252601
-0.279127
-0.270075
-0.228668
-0.183049
-0.196601
-0.23328
-0.269862
-0.29254
-0.303486
-0.307092
-0.30762
-0.125837
-0.125779
-0.126118
-0.12641
-0.126383
-0.125584
-0.123517
-0.119275
-0.111294
-0.094545
-0.0676563
-0.0468684
-0.0473513
-0.0856555
-0.126005
-0.156009
-0.173453
-0.182093
-0.185805
-0.186764
-0.064212
-0.0639835
-0.0640412
-0.0639783
-0.0632278
-0.0610479
-0.0564218
-0.0476385
-0.0326513
-0.00980097
0.0112287
0.0142611
0.00236152
-0.0283934
-0.0579669
-0.0786806
-0.0906985
-0.0968921
-0.0998901
-0.100819
-0.0212824
-0.021039
-0.021046
-0.02102
-0.0203415
-0.0182167
-0.0137275
-0.0055102
0.00772276
0.0253868
0.0372006
0.0341415
0.020751
0.000245033
-0.0186844
-0.0319887
-0.0399
-0.0441079
-0.0462168
-0.0469109
0.00643843
0.0066243
0.00657414
0.00642236
0.00674005
0.00820994
0.0115812
0.0177261
0.02711
0.0384074
0.0437455
0.0391863
0.0282574
0.0149571
0.00316196
-0.00533705
-0.0106114
-0.0134855
-0.0148796
-0.0153541
0.022915
0.0230267
0.0229117
0.0225859
0.0225396
0.023298
0.0253741
0.0293095
0.0352037
0.0416673
0.043372
0.0388951
0.0309852
0.0223217
0.0148124
0.00924321
0.0056217
0.00360384
0.00265623
0.00237463
0.0316184
0.0316672
0.0315018
0.0310695
0.0307663
0.0309799
0.032047
0.0342361
0.037486
0.0407401
0.0406893
0.0368303
0.0312294
0.0254462
0.0204946
0.0167273
0.014176
0.0127361
0.0120954
0.0119016
0.0351962
0.0352028
0.0350072
0.0345196
0.0340716
0.0339106
0.0342671
0.0352855
0.0368397
0.0381372
0.0372253
0.0340178
0.029998
0.0260327
0.0226553
0.0200332
0.0182029
0.0171612
0.0167188
0.0165812
0.0354859
0.0354687
0.0352618
0.0347725
0.0342527
0.0338699
0.033768
0.0340134
0.0344991
0.0346822
0.0334451
0.0308612
0.0279133
0.0251073
0.0227305
0.0208618
0.01953
0.018769
0.0184581
0.0183675
0.0337059
0.0336784
0.0334804
0.0330254
0.0324967
0.0320116
0.0316606
0.0314702
0.0313461
0.0309262
0.0296066
0.0275285
0.0253189
0.0232809
0.0215655
0.0202064
0.019225
0.0186643
0.0184429
0.0183804
0.0306488
0.0306193
0.0304424
0.0300384
0.0295399
0.0290297
0.0285632
0.0281484
0.0277157
0.0270218
0.025756
0.024089
0.0224115
0.0209032
0.0196422
0.0186401
0.0179115
0.0174958
0.0173363
0.0172924
0.0268182
0.026791
0.0266418
0.0262978
0.0258549
0.025372
0.0248823
0.0243841
0.0238266
0.023051
0.0219168
0.0205897
0.0193105
0.0181834
0.0172474
0.0165028
0.0159591
0.0156501
0.0155345
0.0155033
0.0225303
0.0225075
0.0223876
0.0221064
0.0217308
0.0213067
0.0208516
0.020361
0.0197988
0.0190606
0.0180965
0.0170552
0.0160852
0.0152442
0.01455
0.0139978
0.0135932
0.0133644
0.0132811
0.013259
0.0179785
0.0179606
0.0178689
0.0176483
0.0173456
0.0169966
0.0166102
0.0161819
0.0156864
0.0150569
0.0142874
0.0134978
0.0127805
0.0121656
0.0116591
0.0112551
0.010958
0.0107913
0.0107324
0.0107167
0.0132772
0.0132641
0.0131981
0.0130345
0.0128061
0.012541
0.0122447
0.0119124
0.0115271
0.0110473
0.0104834
0.00992428
0.00942469
0.00899806
0.00864511
0.00836078
0.00815017
0.00803311
0.00799308
0.00798213
0.00849086
0.00848197
0.00843841
0.00832756
0.00817379
0.00799928
0.00780606
0.00759001
0.00734037
0.00703408
0.00668174
0.00633834
0.00603378
0.00577343
0.00555532
0.0053752
0.0052384
0.00516238
0.00513712
0.0051295
0.00365496
0.00365177
0.00364638
0.00361243
0.00354682
0.00347289
0.00339211
0.00330392
0.00320452
0.00308643
0.00294392
0.00279335
0.00265743
0.00253942
0.0024391
0.00235386
0.00228186
0.00223302
0.00221559
0.00220874
-1.35865
-0.756333
-0.394563
-0.139111
0.0594373
0.214965
0.344778
0.459304
0.578709
0.563474
-0.513328
-0.315319
-0.116501
0.0500608
0.188468
0.302959
0.398239
0.470074
0.501357
0.507272
-0.170821
-0.046828
0.0817404
0.194659
0.291414
0.372581
0.437208
0.48306
0.512286
0.528559
0.0557448
0.139264
0.227046
0.306479
0.375231
0.432896
0.479122
0.514727
0.541532
0.559517
0.21991
0.278908
0.341377
0.3992
0.449878
0.493147
0.5292
0.558704
0.581969
0.599973
0.348426
0.391325
0.439012
0.482975
0.522727
0.557636
0.587661
0.612837
0.632551
0.650288
0.455038
0.488866
0.528324
0.564883
0.598654
0.629031
0.655495
0.677639
0.694318
0.711906
0.550374
0.581132
0.617011
0.650815
0.68219
0.710502
0.735047
0.755104
0.769298
0.78683
0.64438
0.676926
0.713324
0.74736
0.778325
0.805741
0.828997
0.847396
0.8598
0.877512
0.750154
0.787095
0.82556
0.86059
0.891205
0.91738
0.938997
0.955752
0.967314
0.985548
0.880533
0.920878
0.958935
0.992298
1.02053
1.04435
1.06417
1.0798
1.09181
1.11029
1.04201
1.07945
1.11103
1.13771
1.16072
1.18141
1.20013
1.21637
1.23057
1.2486
1.22638
1.25196
1.2721
1.2909
1.30887
1.32575
1.34157
1.35769
1.37498
1.39411
1.41255
1.42438
1.43796
1.45293
1.46677
1.47891
1.48981
1.50133
1.5157
1.5343
1.59602
1.61061
1.61579
1.61632
1.61818
1.62562
1.63961
1.65763
1.67028
1.6838
1.86857
1.81425
1.76707
1.73562
1.72262
1.72722
1.75047
1.79522
1.8626
1.95811
0.307398
0.302723
0.295341
0.283469
0.270511
0.259069
0.249969
0.243167
0.238629
0.236607
0.237642
0.241426
0.247422
0.255588
0.266033
0.27854
0.291537
0.301378
0.307326
0.310709
0.229359
0.236462
0.242474
0.246722
0.248042
0.246319
0.242747
0.238894
0.235833
0.234372
0.235261
0.238091
0.242004
0.246143
0.249186
0.249598
0.246802
0.241591
0.234695
0.228815
0.22014
0.223166
0.226472
0.229027
0.231104
0.23262
0.233023
0.232302
0.231169
0.230562
0.231209
0.23272
0.234154
0.234652
0.233836
0.232117
0.229939
0.227046
0.223702
0.221357
0.214385
0.215864
0.218181
0.220521
0.222264
0.223546
0.224574
0.22526
0.225545
0.225735
0.226165
0.226586
0.226571
0.226018
0.225105
0.2238
0.221864
0.219474
0.217597
0.216516
0.209084
0.209933
0.211532
0.213505
0.215419
0.217001
0.218205
0.21918
0.219995
0.220629
0.220981
0.22097
0.220616
0.219937
0.218839
0.217267
0.215434
0.21365
0.212507
0.211865
0.20412
0.204698
0.205953
0.20762
0.209398
0.211148
0.212716
0.213999
0.215036
0.215842
0.216259
0.216199
0.215698
0.214746
0.213407
0.21187
0.210296
0.208885
0.208053
0.207627
0.199545
0.19997
0.20106
0.202617
0.204276
0.205975
0.207681
0.209243
0.210523
0.211488
0.212015
0.211961
0.211328
0.210256
0.208956
0.20757
0.206137
0.204891
0.204226
0.203933
0.195374
0.195673
0.196618
0.198044
0.199577
0.201086
0.20257
0.204084
0.205555
0.206797
0.207415
0.207351
0.206835
0.20606
0.205086
0.203917
0.202656
0.201569
0.201048
0.200866
0.191984
0.192174
0.192973
0.194297
0.195771
0.197307
0.198892
0.200414
0.201864
0.203174
0.204043
0.204292
0.204037
0.203357
0.202431
0.201389
0.200265
0.19934
0.198962
0.198872
0.189454
0.189567
0.1901
0.191087
0.192249
0.193486
0.194823
0.196335
0.197931
0.199477
0.200586
0.201062
0.201049
0.20076
0.200267
0.199623
0.1989
0.19834
0.198132
0.198085
0.186986
0.187071
0.187394
0.188022
0.188863
0.189902
0.191144
0.192583
0.194221
0.195969
0.197432
0.19832
0.198728
0.198778
0.19863
0.198395
0.198125
0.197917
0.197824
0.197781
0.183864
0.183938
0.184186
0.18465
0.185356
0.18628
0.187521
0.189087
0.190971
0.193068
0.194931
0.19617
0.196896
0.197247
0.197352
0.197463
0.19749
0.197469
0.197429
0.197389
0.179943
0.180004
0.180247
0.180701
0.181337
0.182303
0.183597
0.185294
0.187423
0.18993
0.192311
0.194046
0.195174
0.195919
0.196426
0.196724
0.196903
0.196955
0.196947
0.196911
0.175391
0.175443
0.175707
0.176255
0.177028
0.178081
0.179591
0.181591
0.184121
0.187187
0.190195
0.192484
0.19407
0.195115
0.195828
0.196288
0.196531
0.196623
0.196651
0.196624
0.170281
0.170326
0.170608
0.171224
0.172159
0.173494
0.175226
0.177584
0.180633
0.18441
0.1882
0.19117
0.193275
0.194755
0.195717
0.196343
0.196668
0.196829
0.196893
0.196871
0.164602
0.164654
0.164957
0.165661
0.166747
0.168367
0.170458
0.1733
0.177039
0.181718
0.18648
0.190261
0.193004
0.194869
0.19619
0.197017
0.197501
0.197762
0.197862
0.197839
0.158131
0.158189
0.158554
0.159349
0.160641
0.162492
0.165072
0.168589
0.17322
0.179048
0.185009
0.18979
0.19322
0.195711
0.197373
0.198468
0.199148
0.199526
0.19966
0.199632
0.15052
0.150596
0.151043
0.152005
0.153515
0.155761
0.158953
0.163329
0.169109
0.176392
0.183849
0.189825
0.194202
0.197284
0.199402
0.200819
0.201729
0.202233
0.202402
0.202366
0.141351
0.141453
0.142009
0.143193
0.145095
0.147898
0.151892
0.157381
0.164642
0.17376
0.183056
0.190497
0.195938
0.199776
0.202427
0.204221
0.205387
0.206027
0.206236
0.206191
0.130194
0.130338
0.131076
0.132584
0.134985
0.13855
0.143627
0.150598
0.159762
0.171174
0.182724
0.191919
0.198617
0.203359
0.206646
0.20888
0.210342
0.211142
0.211399
0.211342
0.116369
0.116574
0.117573
0.119556
0.122694
0.127327
0.133896
0.142827
0.154425
0.168686
0.182954
0.194236
0.202434
0.208245
0.212284
0.215041
0.216851
0.217849
0.218162
0.21809
0.0989274
0.0992386
0.100636
0.103323
0.107536
0.113706
0.122338
0.133884
0.148609
0.166378
0.183887
0.197617
0.207577
0.214655
0.219595
0.222985
0.22522
0.226452
0.226837
0.226745
0.0764635
0.0769707
0.0789986
0.0827668
0.0886127
0.097049
0.108602
0.12367
0.142375
0.164389
0.185681
0.20223
0.214231
0.2228
0.228829
0.233
0.235765
0.237281
0.237749
0.237634
0.0466071
0.0474987
0.0506339
0.0562706
0.0648135
0.0767546
0.0924981
0.112251
0.13591
0.162931
0.188524
0.208234
0.222543
0.232849
0.240193
0.245344
0.248791
0.250672
0.25124
0.251093
0.00514561
0.00692526
0.0125031
0.0217876
0.0350448
0.052469
0.0741169
0.0999264
0.129557
0.162286
0.192598
0.215732
0.232574
0.244852
0.25377
0.260172
0.264544
0.266904
0.267579
0.267391
-0.0555999
-0.0503742
-0.0387705
-0.0222704
-0.000934909
0.0246077
0.0541018
0.0873173
0.123788
0.162733
0.198008
0.224705
0.244215
0.258631
0.269354
0.27728
0.282841
0.285887
0.286767
0.286493
-0.128487
-0.119024
-0.09771
-0.0703845
-0.0390974
-0.0044735
0.0334705
0.0746067
0.118538
0.164596
0.205973
0.237428
0.260777
0.278451
0.292011
0.302497
0.3102
0.313962
0.314994
0.315176
-0.201364
-0.184883
-0.154269
-0.116974
-0.0762804
-0.0327259
0.0136215
0.0626578
0.114067
0.167277
0.214819
0.251062
0.278219
0.299113
0.315506
0.328441
0.33806
0.343118
0.345407
0.345762
-0.259263
-0.239442
-0.203059
-0.158589
-0.110289
-0.0590363
-0.00509594
0.0512902
0.109729
0.169618
0.222743
0.263081
0.293273
0.316496
0.334715
0.349079
0.359872
0.366166
0.368974
0.369374
-0.306321
-0.284502
-0.243942
-0.194304
-0.140185
-0.0827339
-0.0223756
0.0404708
0.105235
0.171162
0.229196
0.272914
0.305352
0.330074
0.349306
0.364412
0.375838
0.382783
0.385732
0.386103
-0.345349
-0.322676
-0.279041
-0.225296
-0.1665
-0.103991
-0.0382144
0.0302411
0.100613
0.171942
0.234304
0.280811
0.314937
0.340663
0.360461
0.375838
0.387389
0.394389
0.397369
0.397785
-0.379218
-0.355962
-0.309981
-0.252873
-0.190216
-0.123374
-0.0529097
0.0204746
0.0958891
0.172126
0.23842
0.287457
0.323062
0.349569
0.369691
0.385113
0.396624
0.403702
0.406584
0.406991
-0.409428
-0.385806
-0.337917
-0.278064
-0.212121
-0.141522
-0.0669142
0.0109191
0.0909568
0.171815
0.241879
0.293296
0.33023
0.357401
0.377797
0.393279
0.404725
0.41187
0.414661
0.415006
-0.437141
-0.413233
-0.363792
-0.30158
-0.232801
-0.158898
-0.0805838
0.00129488
0.0856313
0.170876
0.244563
0.298358
0.336693
0.364629
0.38538
0.400986
0.412433
0.4196
0.42233
0.422509
-0.463212
-0.43895
-0.388202
-0.323905
-0.252631
-0.175826
-0.0942033
-0.0086417
0.0796907
0.169135
0.246536
0.3029
0.342814
0.371642
0.39285
0.408649
0.42014
0.427253
0.429942
0.430029
-0.488045
-0.463439
-0.411487
-0.345422
-0.271935
-0.192536
-0.107947
-0.0190284
0.0730618
0.166656
0.247867
0.30698
0.348688
0.378599
0.400413
0.416515
0.428112
0.435192
0.437846
0.437895
-0.511982
-0.487002
-0.434004
-0.366349
-0.290866
-0.209154
-0.121891
-0.0298949
0.0657319
0.163346
0.24843
0.310544
0.354325
0.385575
0.408184
0.424724
0.436514
0.443554
0.446146
0.446161
-0.53521
-0.509837
-0.455976
-0.3868
-0.309535
-0.225773
-0.136105
-0.0413013
0.0575861
0.159063
0.248143
0.313542
0.359705
0.392573
0.416198
0.433326
0.445395
0.45244
0.454916
0.454918
-0.557826
-0.532064
-0.477377
-0.406834
-0.328009
-0.242425
-0.150617
-0.053304
0.0485881
0.153771
0.246881
0.315835
0.364754
0.399558
0.424442
0.442318
0.454736
0.461798
0.464127
0.464078
-0.579887
-0.553743
-0.498196
-0.426468
-0.346278
-0.259087
-0.165401
-0.0658588
0.0387609
0.147414
0.244517
0.31724
0.369298
0.406432
0.432861
0.451653
0.464485
0.471546
0.473703
0.473564
-0.601358
-0.574826
-0.518485
-0.445702
-0.364311
-0.275722
-0.180397
-0.0789014
0.0281273
0.139964
0.240936
0.317569
0.373113
0.413036
0.441387
0.461296
0.474586
0.48161
0.483546
0.483291
-0.622246
-0.595317
-0.538214
-0.464501
-0.38206
-0.292261
-0.195533
-0.0923702
0.0167535
0.131429
0.236052
0.31662
0.375944
0.41917
0.449957
0.471246
0.48495
0.491746
0.493375
0.493014
-0.64244
-0.615155
-0.55735
-0.482819
-0.399464
-0.308629
-0.210727
-0.10617
0.00472737
0.12185
0.229795
0.314197
0.377484
0.424524
0.458466
0.481622
0.495655
0.501849
0.502969
0.502509
-0.661999
-0.634285
-0.575872
-0.500604
-0.416457
-0.324759
-0.225882
-0.120185
-0.0078556
0.111311
0.222148
0.310148
0.377386
0.428637
0.466656
0.492693
0.507209
0.511998
0.512029
0.511495
-0.680777
-0.65271
-0.593728
-0.517804
-0.432988
-0.340569
-0.240916
-0.134328
-0.0208668
0.099923
0.213138
0.304367
0.375339
0.430876
0.473891
0.504538
0.520884
0.523509
0.520603
0.519561
-0.69889
-0.670416
-0.610876
-0.534369
-0.448984
-0.355979
-0.25571
-0.148462
-0.0341667
0.0878193
0.202853
0.296801
0.371119
0.430486
0.478917
0.516234
0.537829
0.540825
0.532253
0.513885
-0.716241
-0.687415
-0.627455
-0.55049
-0.464726
-0.371312
-0.270672
-0.163048
-0.0482858
0.0744299
0.190666
0.286722
0.364097
0.426407
0.479572
0.524977
0.555834
0.563615
0.549762
0.561618
-0.732956
-0.703668
-0.643438
-0.566109
-0.480179
-0.386512
-0.285786
-0.178047
-0.0632059
0.0597017
0.176468
0.273667
0.353729
0.417667
0.471571
0.522037
0.55529
0.56519
0.507824
0.483209
-0.749612
-0.719629
-0.658566
-0.580854
-0.494933
-0.401178
-0.300866
-0.193195
-0.0786245
0.043888
0.160401
0.25746
0.339583
0.404367
0.451271
0.495797
0.520534
0.494242
0.423199
0.376178
-0.767438
-0.736389
-0.672312
-0.594345
-0.508472
-0.415077
-0.315541
-0.208285
-0.0943969
0.0270981
0.142499
0.238202
0.32056
0.387868
0.428187
0.4389
0.431562
0.375723
0.298136
0.250831
-0.380727
-0.276921
-0.16718
-0.0508467
0.0674223
0.172075
0.255532
0.0948033
-0.782477
-0.766218
-0.729307
-0.663328
-0.582227
-0.493446
-0.397513
-0.29499
-0.186441
-0.0719225
0.0441256
0.146431
0.22682
0.293922
0.341689
0.305641
0.159959
0.0657387
-0.00809968
-0.800035
-0.787546
-0.744597
-0.677067
-0.595827
-0.50729
-0.412018
-0.310231
-0.202913
-0.0903591
0.0225498
0.120347
0.195116
0.246548
0.244414
0.134123
-0.0284003
-0.148387
-0.249816
-0.820603
-0.808516
-0.762844
-0.694334
-0.613086
-0.524603
-0.429459
-0.328284
-0.222263
-0.111866
-0.00277502
0.0892499
0.15612
0.190489
0.138991
-0.0389401
-0.23007
-0.383466
-0.526781
-0.840993
-0.828819
-0.781805
-0.712321
-0.630843
-0.542453
-0.447722
-0.3475
-0.243021
-0.135165
-0.0302955
0.0555579
0.11371
0.12575
0.0252514
-0.210269
-0.443382
-0.651783
-0.859854
-0.860516
-0.848749
-0.801187
-0.730875
-0.649133
-0.560831
-0.466632
-0.367464
-0.264664
-0.159617
-0.0593733
0.019797
0.0681658
0.0464532
-0.114892
-0.371844
-0.642066
-0.891458
-1.12955
-0.879928
-0.868719
-0.821134
-0.750333
-0.668405
-0.580165
-0.486428
-0.38824
-0.28714
-0.184981
-0.0895185
-0.0173918
0.0204972
-0.039993
-0.248068
-0.50968
-0.787858
-1.04479
-1.20422
-1.31697
-0.90029
-0.889396
-0.841869
-0.770929
-0.688986
-0.600892
-0.507676
-0.410556
-0.31135
-0.212408
-0.122178
-0.0577001
-0.0337605
-0.124477
-0.37367
-0.627227
-0.87749
-1.07559
-1.13433
-1.16928
-0.92155
-0.910971
-0.863646
-0.792709
-0.710877
-0.623089
-0.530536
-0.43469
-0.337671
-0.242381
-0.157922
-0.101779
-0.093969
-0.222942
-0.488524
-0.728948
-0.94101
-1.07363
-1.11491
-1.11311
-0.943993
-0.933521
-0.886629
-0.815607
-0.733993
-0.64663
-0.554915
-0.460545
-0.365985
-0.274782
-0.196664
-0.149256
-0.162364
-0.337146
-0.595622
-0.821619
-1.0041
-1.07527
-1.08493
-1.08705
-0.967477
-0.957078
-0.910451
-0.839564
-0.758245
-0.671409
-0.580683
-0.487969
-0.396107
-0.309392
-0.238148
-0.199175
-0.242221
-0.448331
-0.701856
-0.912076
-1.03962
-1.07538
-1.07315
-1.0738
-0.991768
-0.981411
-0.934912
-0.86447
-0.783445
-0.697256
-0.607632
-0.516746
-0.427767
-0.345866
-0.281724
-0.251745
-0.320174
-0.555654
-0.810312
-1.00149
-1.04931
-1.06488
-1.06926
-1.06887
-1.01615
-1.00611
-0.960042
-0.889852
-0.809354
-0.72386
-0.635449
-0.546526
-0.460539
-0.38358
-0.326523
-0.307939
-0.394492
-0.647747
-0.922664
-1.10652
-1.11323
-1.09119
-1.07752
-1.07084
-1.0402
-1.03052
-0.985268
-0.915425
-0.835476
-0.750783
-0.663665
-0.576765
-0.493844
-0.421648
-0.371979
-0.363349
-0.466393
-0.711248
-1.0067
-1.27507
-1.24871
-1.14468
-1.07785
-1.05948
-1.06345
-1.05405
-1.0099
-0.940667
-0.861253
-0.777448
-0.691659
-0.60672
-0.526844
-0.458904
-0.416925
-0.411971
-0.545644
-0.753411
-0.947593
-1.34871
-1.30801
-1.21478
-1.16062
-1.12927
-1.08494
-1.07594
-1.03289
-0.964698
-0.886043
-0.803126
-0.718624
-0.635477
-0.558354
-0.494032
-0.459087
-0.455171
-0.625705
-0.810734
-0.698806
-0.560821
-1.01501
-1.4009
-1.4655
-1.43737
-1.10344
-1.09501
-1.05362
-0.986515
-0.90886
-0.826926
-0.743596
-0.661887
-0.586815
-0.52559
-0.495646
-0.497953
-0.717967
-0.977634
-0.782953
-0.544693
-0.990281
-1.39902
-1.43194
-1.46304
-1.11777
-1.11011
-1.07089
-1.00534
-0.928666
-0.847708
-0.76542
-0.684803
-0.610562
-0.551596
-0.52339
-0.540715
-0.859608
-1.48633
-2.29976
-2.814
-3.07853
-2.79998
-2.2695
-1.99467
-1.12689
-1.12023
-1.08365
-1.02
-0.944442
-0.864389
-0.782889
-0.702758
-0.628272
-0.568228
-0.538756
-0.574426
-1.00556
-1.98133
-3.41197
-4.14005
-4.36853
-4.09529
-3.59892
-3.17318
-1.12986
-1.12413
-1.09088
-1.02957
-0.955179
-0.875986
-0.794895
-0.71456
-0.638339
-0.572886
-0.53699
-0.562231
-0.934415
-1.71634
-2.64027
-3.37822
-3.52376
-3.24146
-2.83478
-2.51605
-1.12563
-1.12105
-1.09164
-1.03325
-0.960034
-0.881561
-0.800777
-0.719468
-0.639862
-0.564931
-0.504902
-0.48964
-0.567043
-0.751017
-0.781077
-0.70205
-0.454164
-0.147285
0.0929379
0.23834
-1.11279
-1.10939
-1.0843
-1.02988
-0.958346
-0.880539
-0.800141
-0.717692
-0.633428
-0.54519
-0.457573
-0.383738
-0.241427
0.112087
0.616074
1.19652
1.70588
2.04482
2.22947
2.30404
-1.09129
-1.08911
-1.06888
-1.01868
-0.948908
-0.872562
-0.793275
-0.710914
-0.623124
-0.523315
-0.408238
-0.278456
-0.132417
0.314607
0.999355
1.64756
2.16775
2.51145
2.69369
2.76524
-1.06044
-1.05932
-1.04374
-0.997948
-0.930792
-0.857467
-0.781381
-0.702413
-0.615051
-0.508384
-0.372254
-0.222322
-0.0886565
0.244151
0.832612
1.37435
1.80064
2.08012
2.2321
2.29876
-1.01653
-1.01611
-1.00487
-0.964675
-0.903219
-0.835058
-0.766021
-0.694658
-0.614717
-0.510967
-0.365469
-0.195106
-0.0358117
0.163209
0.557547
0.948594
1.26657
1.48663
1.61375
1.67747
-0.956537
-0.956111
-0.947714
-0.915951
-0.863744
-0.805584
-0.748222
-0.691036
-0.627663
-0.543554
-0.405664
-0.221889
-0.0362481
0.103542
0.310002
0.552845
0.766254
0.926342
1.02024
1.06266
-0.87736
-0.87677
-0.870885
-0.849644
-0.813129
-0.771552
-0.732183
-0.697034
-0.662557
-0.608184
-0.516877
-0.348096
-0.148159
-0.00535278
0.12816
0.2937
0.438835
0.544996
0.61278
0.646602
-0.801076
-0.800431
-0.796581
-0.784786
-0.764512
-0.741654
-0.72323
-0.715413
-0.724481
-0.74523
-0.742785
-0.617593
-0.383715
-0.225151
-0.128239
0.00678898
0.13294
0.228959
0.281781
0.300992
-0.742648
-0.742372
-0.740846
-0.736285
-0.728514
-0.722308
-0.725532
-0.750857
-0.822483
-0.974569
-1.14876
-1.07433
-0.764484
-0.525231
-0.402259
-0.261317
-0.130122
-0.034698
0.0193778
0.0358933
-0.695015
-0.69557
-0.696287
-0.696264
-0.697482
-0.704886
-0.728252
-0.788408
-0.931957
-1.24094
-1.65821
-1.65101
-1.24948
-0.899988
-0.699813
-0.503895
-0.345157
-0.238854
-0.18543
-0.174556
-0.638755
-0.640056
-0.642437
-0.645716
-0.653077
-0.670762
-0.706162
-0.790981
-0.984632
-1.39533
-1.96093
-1.98498
-1.55805
-1.18391
-0.920629
-0.681821
-0.515098
-0.419368
-0.379744
-0.372312
-0.562269
-0.563869
-0.566898
-0.571823
-0.581403
-0.601316
-0.6422
-0.729334
-0.923342
-1.32983
-1.87192
-1.90196
-1.5341
-1.20761
-0.930609
-0.724126
-0.603518
-0.556655
-0.541126
-0.534934
-0.465777
-0.467298
-0.470085
-0.474878
-0.483642
-0.500858
-0.534566
-0.603879
-0.754177
-1.06588
-1.46247
-1.49634
-1.25089
-0.987514
-0.763578
-0.632196
-0.589389
-0.587789
-0.588286
-0.584132
-0.358853
-0.359984
-0.361945
-0.365393
-0.371354
-0.382509
-0.403557
-0.445345
-0.532886
-0.710435
-0.928867
-0.93303
-0.775262
-0.610348
-0.499796
-0.474419
-0.488145
-0.505135
-0.51147
-0.510506
-0.254652
-0.255327
-0.256329
-0.258214
-0.261108
-0.266094
-0.275036
-0.291994
-0.325704
-0.389629
-0.462522
-0.441696
-0.351301
-0.287809
-0.289068
-0.321286
-0.351281
-0.369158
-0.376039
-0.376953
-0.163962
-0.164274
-0.16454
-0.165305
-0.166096
-0.166905
-0.167821
-0.169095
-0.171232
-0.173134
-0.159557
-0.133887
-0.0961337
-0.112992
-0.154018
-0.193219
-0.220214
-0.234702
-0.241055
-0.243238
-0.0923862
-0.0924747
-0.0923646
-0.0925921
-0.092427
-0.0913633
-0.088721
-0.0832938
-0.0732854
-0.0559458
-0.0297308
-0.0124217
-0.00708922
-0.0331779
-0.0711358
-0.101627
-0.121287
-0.131868
-0.136997
-0.139083
-0.0405187
-0.0405065
-0.0402839
-0.0403839
-0.0400572
-0.0386168
-0.0352753
-0.0287007
-0.0171168
0.00086684
0.0214919
0.0294556
0.0223491
0.00133994
-0.0244442
-0.0447885
-0.0577921
-0.0649332
-0.0685708
-0.0702056
-0.00572291
-0.0056862
-0.00549178
-0.00565259
-0.00550661
-0.00441908
-0.00163424
0.00384872
0.013091
0.0263778
0.0391582
0.0411493
0.0323132
0.0171368
0.000848583
-0.011987
-0.0204036
-0.0251913
-0.027678
-0.0287667
0.0158821
0.0159083
0.0160209
0.0157556
0.0156421
0.0161819
0.0179922
0.0217797
0.0281004
0.0366075
0.0435181
0.0424662
0.0350593
0.024617
0.0143394
0.0061909
0.000632184
-0.00265795
-0.00435494
-0.00507241
0.0280804
0.0280872
0.0281169
0.027778
0.0274519
0.0275313
0.0284724
0.030689
0.0344498
0.0393222
0.0425932
0.0404677
0.034837
0.0277438
0.0210717
0.0157373
0.011955
0.0096307
0.00844935
0.0079835
0.0339391
0.0339302
0.033897
0.0335279
0.0330742
0.0328397
0.0331496
0.0342516
0.036224
0.0386565
0.0397868
0.0374501
0.0331898
0.0283021
0.0238294
0.0202189
0.0175747
0.015902
0.0150659
0.0147547
0.0356837
0.0356664
0.0355958
0.0352233
0.0346998
0.0342794
0.0341645
0.0345003
0.0353106
0.036264
0.036215
0.0340127
0.0307737
0.0273232
0.0242241
0.0217052
0.0198186
0.0186006
0.0180024
0.0177916
0.0348128
0.0347928
0.0347068
0.0343542
0.0338243
0.033318
0.0329626
0.0328361
0.0329273
0.033001
0.0323586
0.0304225
0.0279366
0.0254314
0.0232198
0.0214168
0.0200459
0.0191491
0.0187163
0.0185711
0.0323129
0.0322936
0.0322077
0.0318906
0.0313946
0.0308713
0.030403
0.0300318
0.029739
0.0293523
0.0284446
0.0267734
0.0248449
0.022987
0.0213724
0.0200558
0.0190459
0.0183805
0.0180642
0.0179624
0.0288169
0.0288002
0.0287228
0.0284499
0.0280089
0.0275143
0.0270178
0.0265404
0.0260627
0.0254673
0.0245019
0.0230956
0.021597
0.0202012
0.0190047
0.0180311
0.0172813
0.0167851
0.0165524
0.0164803
0.0247248
0.0247111
0.0246465
0.0244213
0.0240461
0.0236092
0.023141
0.0226525
0.0221255
0.0214802
0.0205697
0.0194122
0.0182525
0.017201
0.0163094
0.0155861
0.015028
0.0146581
0.0144868
0.0144355
0.020285
0.0202743
0.0202233
0.0200448
0.0197395
0.0193737
0.0189667
0.0185238
0.0180302
0.0174324
0.0166479
0.0157281
0.0148459
0.0140627
0.0134045
0.012871
0.0124582
0.0121845
0.0120598
0.0120236
0.015647
0.0156389
0.015601
0.015466
0.0152297
0.0149416
0.0146153
0.0142532
0.0138435
0.0133514
0.0127315
0.0120412
0.0113991
0.0108365
0.0103651
0.00998173
0.00968312
0.00948515
0.0093967
0.00937184
0.0108974
0.0108913
0.010865
0.0107693
0.0105991
0.0103921
0.0101583
0.0098981
0.00960284
0.00925066
0.00881829
0.00835152
0.00792537
0.00755407
0.00724164
0.00698442
0.00678067
0.00664471
0.00658499
0.00656846
0.0060826
0.00607773
0.00606194
0.00600331
0.00589964
0.00577927
0.00564682
0.00550098
0.00533639
0.0051413
0.00490506
0.00465375
0.00442592
0.00422775
0.00405952
0.00391782
0.00380105
0.00372106
0.00368641
0.00367611
0.00365264
0.00365062
0.00363469
0.00358209
0.00351059
0.00343334
0.00334921
0.00325577
0.00314821
0.00301775
0.00286827
0.00272344
0.00259616
0.0024872
0.0023949
0.00231603
0.00225346
0.00222105
0.00221313
0.000718696
-1.05051
-0.645989
-0.363738
-0.136031
0.0485621
0.197831
0.320212
0.425467
0.499554
0.499692
-0.445667
-0.251208
-0.084888
0.0620744
0.187691
0.293604
0.381544
0.449513
0.492056
0.509844
-0.118013
-0.000879026
0.108139
0.208445
0.296147
0.370901
0.432164
0.478893
0.512612
0.534059
0.0957836
0.173945
0.250556
0.321951
0.385036
0.439126
0.484116
0.520259
0.549066
0.568415
0.252874
0.305833
0.365043
0.417408
0.46477
0.506249
0.541837
0.571662
0.596227
0.612547
0.377226
0.41769
0.463086
0.504473
0.542451
0.576745
0.606926
0.632684
0.653822
0.667248
0.481592
0.516637
0.553777
0.589939
0.623479
0.65422
0.681544
0.704792
0.723329
0.734354
0.577445
0.610587
0.645754
0.680852
0.713281
0.74279
0.768746
0.790399
0.806859
0.816256
0.675177
0.711198
0.748244
0.784789
0.817625
0.846588
0.871369
0.891511
0.906326
0.915366
0.789756
0.830888
0.870231
0.90755
0.939852
0.967279
0.990181
1.00858
1.02229
1.03256
0.9345
0.978046
1.01568
1.04912
1.07727
1.10125
1.12207
1.13959
1.15368
1.166
1.11279
1.14993
1.17841
1.20258
1.22379
1.24329
1.26164
1.27882
1.29507
1.31048
1.31047
1.32997
1.34588
1.36221
1.37892
1.39444
1.40814
1.42133
1.4369
1.45483
1.49991
1.50763
1.51951
1.53124
1.54114
1.55036
1.56072
1.57212
1.5835
1.59082
1.71879
1.71707
1.709
1.69201
1.68068
1.68016
1.69234
1.71721
1.75093
1.77854
2.12733
1.94051
1.83898
1.78168
1.7527
1.74605
1.76136
1.80201
1.87777
2.02407
-0.753911
-0.755389
-0.716518
-0.648518
-0.567413
-0.477787
0.333198
0.401789
0.399507
0.329909
0.260298
0.185085
-0.083684
-0.349921
-0.683862
-1.11533
-1.62394
)
;

boundaryField
{
    wall-4
    {
        type            zeroGradient;
    }
    pressure-outlet-7
    {
        type            fixedValue;
        value           uniform 0;
    }
    velocity-inlet-6
    {
        type            zeroGradient;
    }
    velocity-inlet-5
    {
        type            zeroGradient;
    }
    frontAndBackPlanes
    {
        type            empty;
    }
}


// ************************************************************************* //
