0.490941 	0.853797
0.561075 	0.853797
0.63121 	0.853797
0.701344 	0.853797
0.771478 	0.853797
0.841613 	0.853797
0.911747 	0.853797
0.981881 	0.853797
1.05202 	0.853797
1.12215 	0.853797
1.19228 	0.853797
1.26242 	0.82775
1.33255 	0.82775
1.40269 	0.82775
1.47282 	0.82775
1.54296 	0.82775
1.61309 	0.82775
1.68323 	0.82775
1.75336 	0.82775
1.82349 	0.777947
1.89363 	0.777947
1.96376 	0.777947
2.0339 	0.777947
2.10403 	0.777947
2.17417 	0.777947
2.2443 	0.777947
2.31443 	0.777947
2.38457 	0.777947
2.4547 	0.777947
2.52484 	0.777947
2.59497 	0.743313
2.66511 	0.743313
2.73524 	0.743313
2.80538 	0.743313
2.87551 	0.743313
2.94564 	0.743313
3.01578 	0.743313
3.08591 	0.743313
3.15605 	0.743313
3.22618 	0.743313
3.29632 	0.711278
3.36645 	0.711278
3.43659 	0.711278
3.50672 	0.711278
3.57685 	0.711278
3.64699 	0.711278
3.71712 	0.711278
3.78726 	0.711278
3.85739 	0.711278
3.92753 	0.711278
3.99766 	0.711278
4.06779 	0.69322
4.13793 	0.69322
4.20806 	0.69322
4.2782 	0.69322
4.34833 	0.69322
4.41847 	0.69322
4.4886 	0.668266
4.55874 	0.668266
4.62887 	0.668266
4.699 	0.668266
4.76914 	0.668266
4.83927 	0.668266
4.90941 	0.668266
4.97954 	0.668266
5.04968 	0.668266
5.11981 	0.668266
5.18994 	0.645678
5.26008 	0.645678
5.33021 	0.645678
5.40035 	0.645678
5.47048 	0.645678
5.54062 	0.645678
5.61075 	0.645678
5.68089 	0.61689
5.75102 	0.61689
5.82115 	0.61689
5.89129 	0.61689
5.96142 	0.61689
6.03156 	0.61689
6.10169 	0.61689
6.17183 	0.61689
6.24196 	0.61689
6.3121 	0.588966
6.38223 	0.588966
6.45236 	0.588966
6.5225 	0.588966
6.59263 	0.588966
6.66277 	0.588966
6.7329 	0.588966
6.80304 	0.588966
6.87317 	0.563012
6.9433 	0.563012
7.01344 	0.563012
7.08357 	0.563012
7.15371 	0.563012
7.22384 	0.563012
7.29398 	0.563012
7.36411 	0.563012
7.43425 	0.563012
7.50438 	0.530535
7.57451 	0.530535
7.64465 	0.530535
7.71478 	0.530535
7.78492 	0.530535
7.85505 	0.530535
7.92519 	0.530535
7.99532 	0.530535
8.06545 	0.513588
8.13559 	0.513588
8.20572 	0.513588
8.27586 	0.513588
8.34599 	0.513588
8.41613 	0.513588
8.48626 	0.513588
8.5564 	0.513588
8.62653 	0.513588
8.69666 	0.481192
8.7668 	0.481192
8.83693 	0.481192
8.90707 	0.481192
8.9772 	0.481192
9.04734 	0.481192
9.11747 	0.481192
9.18761 	0.481192
9.25774 	0.447848
9.32787 	0.447848
9.39801 	0.447848
9.46814 	0.447848
9.53828 	0.447848
9.60841 	0.447848
9.67855 	0.447848
9.74868 	0.447848
9.81881 	0.433307
9.88895 	0.433307
9.95908 	0.433307
10.0292 	0.433307
10.0994 	0.433307
10.1695 	0.433307
10.2396 	0.433307
10.3098 	0.433307
10.3799 	0.433307
10.45 	0.433307
10.5202 	0.433307
10.5903 	0.433307
10.6604 	0.458535
10.7306 	0.402117
10.8007 	0.402117
10.8708 	0.402117
10.941 	0.402117
11.0111 	0.402117
11.0812 	0.402117
11.1514 	0.402117
11.2215 	0.402117
11.2916 	0.402117
11.3618 	0.402117
11.4319 	0.402117
11.502 	0.402117
11.5722 	0.402117
11.6423 	0.402117
11.7124 	0.40969
11.7826 	0.339688
11.8527 	0.339688
11.9228 	0.339688
11.993 	0.339688
12.0631 	0.339688
12.1332 	0.339688
12.2034 	0.230156
12.2735 	0.230156
12.3437 	0.230156
12.4138 	0.230156
12.4839 	0.230156
12.5541 	0.230156
12.6242 	0.230156
12.6943 	0.230156
12.7645 	0.230156
12.8346 	0.103552
12.9047 	0.0764348
12.9749 	0.0764348
13.045 	0.0764348
13.1151 	0.0764348
13.1853 	0.0764348
13.2554 	0.0764348
13.3255 	0.0764348
13.3957 	0.301942
13.4658 	0.301942
13.5359 	0.301942
13.6061 	0.301942
13.6762 	0.301942
13.7463 	0.301942
13.8165 	0.357423
13.8866 	0.497305
13.9567 	0.497305
14.0269 	-0.0450187
14.097 	-0.0450187
14.1671 	-0.0450187
14.2373 	-0.0450187
14.3074 	-0.0450187
14.3776 	-0.0450187
14.4477 	-0.0450187
14.5178 	-0.0450187
14.588 	-0.0450187
14.6581 	-0.0450187
14.7282 	-0.0450187
14.7984 	-0.0450187
14.8685 	-0.0450187
14.9386 	-0.208426
15.0088 	-0.208426
15.0789 	-0.208426
15.149 	-0.208426
15.2192 	-0.208426
15.2893 	-0.685556
15.3594 	-0.685556
15.4296 	-0.685556
15.4997 	-0.685556
15.5698 	-0.685556
15.64 	-0.685556
15.7101 	-1.16692
15.7802 	-1.16692
15.8504 	-1.07309
15.9205 	-1.07309
15.9906 	-1.07309
16.0608 	-1.07309
16.1309 	-1.07309
16.201 	-1.07309
16.2712 	-1.07309
16.3413 	-1.07309
16.4114 	-1.07309
16.4816 	-1.07309
16.5517 	-1.07309
16.6219 	-1.07309
16.692 	-1.07309
16.7621 	-1.07309
16.8323 	-0.617583
16.9024 	-0.617583
16.9725 	-0.617583
17.0427 	-0.617583
17.1128 	-0.617583
17.1829 	-0.617583
17.2531 	-0.617583
17.3232 	-0.617583
17.3933 	-0.617583
17.4635 	-0.617583
17.5336 	-0.473917
17.6037 	-0.473917
17.6739 	-0.473917
17.744 	-0.550052
17.8141 	-0.550052
17.8843 	-0.550052
17.9544 	-0.550052
18.0245 	-0.550052
18.0947 	-0.550052
18.1648 	-0.550052
18.2349 	-0.550052
18.3051 	-0.550052
18.3752 	-0.287378
18.4453 	-0.287378
18.5155 	-0.287378
18.5856 	-0.287378
18.6557 	-0.287378
18.7259 	-0.287378
18.796 	-0.287378
18.8662 	-0.234565
18.9363 	-0.234565
19.0064 	-0.234565
19.0766 	-0.234565
19.1467 	-0.234565
19.2168 	-0.234565
19.287 	-0.234565
19.3571 	-0.234565
19.4272 	-0.234565
19.4974 	-0.234565
19.5675 	-0.234565
19.6376 	-0.234565
19.7078 	-0.234565
19.7779 	-0.065652
19.848 	-0.065652
19.9182 	-0.065652
19.9883 	-0.065652
20.0584 	-0.065652
20.1286 	-0.065652
20.1987 	-0.065652
20.2688 	-0.0287151
20.339 	-0.0287151
20.4091 	-0.0287151
20.4792 	-0.0287151
20.5494 	-0.0287151
20.6195 	-0.0287151
20.6896 	-0.0287151
20.7598 	-0.0287151
20.8299 	-0.0287151
20.9 	-0.0287151
20.9702 	-0.0287151
21.0403 	-0.0287151
21.1105 	-0.0287151
21.1806 	-0.0287151
21.2507 	-0.0287151
21.3209 	-0.0287151
21.391 	-0.0287151
21.4611 	0.0339943
21.5313 	0.0339943
21.6014 	0.0339943
21.6715 	-0.0906637
21.7417 	-0.0906637
21.8118 	-0.0906637
21.8819 	-0.0906637
21.9521 	-0.0906637
22.0222 	-0.379711
22.0923 	-0.379711
22.1625 	-0.379711
22.2326 	-0.379711
22.3027 	-0.379711
22.3729 	-0.379711
22.443 	-0.379711
22.5131 	-0.379711
22.5833 	-0.379711
22.6534 	-0.379711
22.7235 	-0.379711
22.7937 	-0.379711
22.8638 	-0.379711
22.9339 	-0.379711
23.0041 	-0.379711
23.0742 	-0.379711
23.1443 	-0.379711
23.2145 	-0.379711
23.2846 	-0.379711
23.3548 	-0.379711
23.4249 	-0.379711
23.495 	-0.517297
23.5652 	-0.517297
23.6353 	-0.517297
23.7054 	-0.517297
23.7756 	-0.517297
23.8457 	-0.517297
23.9158 	-0.517297
23.986 	-0.440206
24.0561 	-0.440206
24.1262 	-0.440206
24.1964 	-0.440206
24.2665 	-0.440206
24.3366 	-0.440206
24.4068 	-0.440206
24.4769 	-0.440206
24.547 	-0.440206
24.6172 	-0.440206
24.6873 	-0.440206
24.7574 	-0.440206
24.8276 	-0.440206
24.8977 	-0.440206
24.9678 	-0.440206
25.038 	-0.440206
25.1081 	-0.440206
25.1782 	-0.494345
25.2484 	-0.494345
25.3185 	-0.494345
25.3886 	-0.494345
25.4588 	-0.494345
25.5289 	-0.494345
25.5991 	-0.494345
25.6692 	-0.494345
25.7393 	-0.494345
25.8095 	-0.494345
25.8796 	-0.494345
25.9497 	-0.494345
26.0199 	-0.494345
26.09 	-0.494345
26.1601 	-0.494345
26.2303 	-0.601972
26.3004 	-0.601972
26.3705 	-0.601972
26.4407 	-0.601972
26.5108 	-0.601972
26.5809 	-0.601972
26.6511 	-0.601972
26.7212 	-0.601972
26.7913 	-0.601972
26.8615 	-0.601972
26.9316 	-0.601972
27.0017 	-0.601972
27.0719 	-0.601972
27.142 	-0.601972
27.2121 	-0.601972
27.2823 	-0.601972
27.3524 	-0.504802
27.4225 	-0.504802
27.4927 	-0.504802
27.5628 	-0.504802
27.6329 	-0.504802
27.7031 	-0.504802
27.7732 	-0.504802
27.8434 	-0.504802
27.9135 	-0.504802
27.9836 	-0.504802
28.0538 	-0.504802
28.1239 	-0.504802
28.194 	-0.504802
28.2642 	-0.504802
28.3343 	-0.504802
28.4044 	-0.504802
28.4746 	-0.504802
28.5447 	-0.504802
28.6148 	-0.504802
28.685 	-0.504802
28.7551 	-0.504802
28.8252 	-0.504802
28.8954 	-0.504802
28.9655 	-0.468001
29.0356 	-0.468001
29.1058 	-0.468001
29.1759 	-0.468001
29.246 	-0.468001
29.3162 	-0.468001
29.3863 	-0.468001
29.4564 	-0.468001
29.5266 	-0.468001
29.5967 	-0.468001
29.6668 	-0.468001
29.737 	-0.468001
29.8071 	-0.468001
29.8773 	-0.468001
29.9474 	-0.468001
30.0175 	-0.468001
30.0877 	-0.468001
30.1578 	-0.468001
30.2279 	-0.468001
30.2981 	-0.468001
30.3682 	-0.468001
30.4383 	-0.468001
30.5085 	-0.468001
30.5786 	-0.468001
30.6487 	-0.468001
30.7189 	-0.468001
30.789 	-0.110931
30.8591 	-0.110931
30.9293 	-0.110931
30.9994 	-0.110931
31.0695 	-0.110931
31.1397 	-0.110931
31.2098 	-0.110931
31.2799 	-0.110931
31.3501 	-0.110931
31.4202 	-0.110931
31.4903 	-0.110931
31.5605 	-0.110931
31.6306 	-0.110931
31.7007 	-0.110931
31.7709 	-0.110931
31.841 	-0.110931
31.9111 	-0.110931
31.9813 	-0.110931
32.0514 	-0.110931
32.1216 	-0.110931
32.1917 	-0.110931
32.2618 	-0.110931
32.332 	-0.110931
32.4021 	-0.110931
32.4722 	-0.110931
32.5424 	-0.110931
32.6125 	-0.110931
32.6826 	-0.110931
32.7528 	-0.110931
32.8229 	-0.110931
32.893 	-0.110931
32.9632 	-0.110931
33.0333 	-0.110931
33.1034 	-0.110931
33.1736 	-0.110931
33.2437 	-0.110931
33.3138 	-0.110931
33.384 	-0.110931
33.4541 	-0.110931
33.5242 	-0.110931
33.5944 	-0.110931
33.6645 	-0.110931
33.7346 	-0.14983
33.8048 	-0.14983
33.8749 	-0.14983
33.945 	-0.14983
34.0152 	-0.14983
34.0853 	-0.14983
34.1554 	-0.150017
34.2256 	-0.150017
34.2957 	-0.150017
34.3659 	-0.150017
34.436 	-0.150017
34.5061 	-0.150017
34.5763 	-0.150017
34.6464 	-0.150017
34.7165 	0.0995107
34.7867 	0.0995107
34.8568 	0.0995107
34.9269 	0.0995107
34.9971 	0.0995107
35.0672 	0.0995107
35.1373 	0.0995107
35.2075 	0.0995107
35.2776 	0.0995107
35.3477 	0.0995107
35.4179 	0.0995107
35.488 	0.0995107
35.5581 	0.0995107
35.6283 	0.0995107
35.6984 	0.0995107
35.7685 	0.0995107
35.8387 	0.0995107
35.9088 	0.0995107
35.9789 	0.0995107
36.0491 	0.145361
36.1192 	0.145361
36.1893 	0.145361
36.2595 	0.145361
36.3296 	0.145361
36.3997 	0.145361
36.4699 	0.145361
36.54 	0.145361
36.6102 	0.145361
36.6803 	0.145361
36.7504 	0.145361
36.8206 	0.145361
36.8907 	0.0669096
36.9608 	0.0669096
37.031 	0.0669096
37.1011 	0.0669096
37.1712 	0.0669096
37.2414 	0.0669096
37.3115 	0.0669096
37.3816 	0.0669096
37.4518 	0.0669096
37.5219 	0.0669096
37.592 	0.0669096
37.6622 	0.0669096
37.7323 	0.0669096
37.8024 	0.0669096
37.8726 	0.0669096
37.9427 	0.0669096
38.0128 	0.0669096
38.083 	0.0669096
38.1531 	0.0669096
38.2232 	0.117649
38.2934 	0.117649
38.3635 	0.117649
38.4336 	0.117649
38.5038 	0.117649
38.5739 	0.117649
38.644 	0.117649
38.7142 	0.117649
38.7843 	0.117649
38.8545 	0.117649
38.9246 	0.117649
38.9947 	0.117649
39.0649 	0.117649
39.135 	0.117649
39.2051 	0.104448
39.2753 	0.104448
39.3454 	0.104448
39.4155 	0.104448
39.4857 	0.104448
39.5558 	0.104448
39.6259 	0.104448
39.6961 	0.104448
39.7662 	0.104448
39.8363 	0.104448
39.9065 	0.104448
39.9766 	0.104448
40.0467 	0.104448
40.1169 	0.104448
40.187 	0.104448
40.2571 	0.104448
40.3273 	0.104448
40.3974 	0.104448
40.4675 	0.104448
40.5377 	0.104448
40.6078 	0.104448
40.6779 	0.0420564
40.7481 	0.0420564
40.8182 	0.0420564
40.8883 	0.0420564
40.9585 	0.0420564
41.0286 	0.0420564
41.0988 	0.0420564
41.1689 	0.0420564
41.239 	0.0651106
41.3092 	0.0651106
41.3793 	0.0651106
41.4494 	0.0651106
41.5196 	0.0651106
41.5897 	0.0651106
41.6598 	0.0651106
41.73 	0.0651106
41.8001 	0.0651106
41.8702 	0.0651106
41.9404 	0.0651106
42.0105 	0.0651106
42.0806 	0.0651106
42.1508 	0.0651106
42.2209 	0.0651106
42.291 	0.0651106
42.3612 	0.0651106
42.4313 	0.0651106
42.5014 	0.0651106
42.5716 	0.0651106
42.6417 	0.0651106
42.7118 	0.0550783
42.782 	0.0550783
42.8521 	0.0550783
42.9222 	0.0550783
42.9924 	0.076729
43.0625 	0.076729
43.1327 	0.076729
43.2028 	0.076729
43.2729 	0.076729
43.3431 	0.076729
43.4132 	0.076729
43.4833 	0.076729
43.5535 	0.076729
43.6236 	0.076729
43.6937 	0.076729
43.7639 	0.076729
43.834 	0.076729
43.9041 	0.076729
43.9743 	0.076729
44.0444 	0.076729
44.1145 	0.076729
44.1847 	0.076729
44.2548 	0.076729
44.3249 	0.076729
44.3951 	0.076729
44.4652 	0.076729
44.5353 	0.076729
44.6055 	0.076729
44.6756 	0.076729
44.7457 	0.076729
44.8159 	0.0690849
44.886 	0.0690849
44.9561 	0.0690849
45.0263 	0.0690849
45.0964 	0.0690849
45.1665 	0.0690849
45.2367 	0.0690849
45.3068 	0.0690849
45.377 	0.0690849
45.4471 	0.0690849
45.5172 	0.0690849
45.5874 	0.0690849
45.6575 	0.0690849
45.7276 	0.0690849
45.7978 	0.0690849
45.8679 	0.0690849
45.938 	0.0690849
46.0082 	0.0690849
46.0783 	0.0690849
46.1484 	0.0690849
46.2186 	0.0690849
46.2887 	0.0690849
46.3588 	0.0690849
46.429 	0.0690849
46.4991 	0.0690849
46.5692 	0.0690849
46.6394 	0.0792617
46.7095 	0.0792617
46.7796 	0.0792617
46.8498 	0.0792617
46.9199 	0.0792617
46.99 	0.0792617
47.0602 	0.0792617
47.1303 	0.0792617
47.2004 	0.0792617
47.2706 	0.0792617
47.3407 	0.0792617
47.4108 	0.0792617
47.481 	0.0630532
47.5511 	0.0630532
47.6213 	0.0630532
47.6914 	0.0630532
47.7615 	0.0630532
47.8317 	0.0630532
47.9018 	0.0630532
47.9719 	0.0630532
48.0421 	0.0630532
48.1122 	0.0630532
48.1823 	0.0630532
48.2525 	0.0630532
48.3226 	0.0630532
48.3927 	0.0630532
48.4629 	0.0630532
48.533 	0.0630532
48.6031 	0.0630532
48.6733 	0.0630532
48.7434 	0.0582834
48.8135 	0.0582834
48.8837 	0.0582834
48.9538 	0.0582834
49.0239 	0.0582834
49.0941 	0.0582834
49.1642 	0.0582834
49.2343 	0.0582834
49.3045 	0.0582834
49.3746 	0.0582834
49.4447 	0.0582834
49.5149 	0.0582834
49.585 	0.0582834
49.6551 	0.0582834
49.7253 	0.0582834
49.7954 	0.0582834
49.8656 	0.0582834
49.9357 	0.0582834
50.0058 	0.0582834
50.076 	0.0582834
50.1461 	0.0582834
50.2162 	0.0582834
50.2864 	0.0582834
50.3565 	0.0582834
50.4266 	0.0582834
50.4968 	0.0697728
50.5669 	0.0697728
50.637 	0.0697728
50.7072 	0.0697728
50.7773 	0.0697728
50.8474 	0.0697728
50.9176 	0.0697728
50.9877 	0.0659889
51.0578 	0.0659889
51.128 	0.0496758
51.1981 	0.0496758
51.2682 	0.0496758
51.3384 	0.0496758
51.4085 	0.0496758
51.4786 	0.0496758
51.5488 	0.0496758
51.6189 	0.0496758
51.689 	0.0496758
51.7592 	0.0496758
51.8293 	0.0496758
51.8994 	0.0496758
51.9696 	0.0496758
52.0397 	0.0496758
52.1099 	0.0496758
52.18 	0.0496758
52.2501 	0.0496758
52.3203 	0.0496758
52.3904 	0.0496758
52.4605 	0.0496758
52.5307 	0.0496758
52.6008 	0.0496758
52.6709 	0.0496758
52.7411 	0.0496758
52.8112 	0.0496758
52.8813 	0.0496758
52.9515 	0.0496758
53.0216 	0.0496758
53.0917 	0.0496758
53.1619 	0.0496758
53.232 	0.0496758
53.3021 	0.0496758
53.3723 	0.0496758
53.4424 	0.0512535
53.5125 	0.0512535
53.5827 	0.0512535
53.6528 	0.0512535
53.7229 	0.0512535
53.7931 	0.0512535
53.8632 	0.0512535
53.9333 	0.0512535
54.0035 	0.0512535
54.0736 	0.0512535
54.1437 	0.0512535
54.2139 	0.0512535
54.284 	0.0512535
54.3542 	0.0450845
54.4243 	0.0450845
54.4944 	0.0450845
54.5646 	0.0450845
54.6347 	0.0450845
54.7048 	0.0450845
54.775 	0.0450845
54.8451 	0.0450845
54.9152 	0.0450845
54.9854 	0.0450845
55.0555 	0.0450845
55.1256 	0.0399314
55.1958 	0.0399314
55.2659 	0.0399314
55.336 	0.0399314
55.4062 	0.0399314
55.4763 	0.0399314
55.5464 	0.0399314
55.6166 	0.0399314
55.6867 	0.0399314
55.7568 	0.0399314
55.827 	0.0399314
55.8971 	0.0399314
55.9672 	0.0399314
56.0374 	0.0399314
56.1075 	0.0399314
56.1776 	0.0399314
56.2478 	0.0399314
56.3179 	0.0399314
56.3881 	0.0405195
56.4582 	0.0405195
56.5283 	0.0405195
56.5985 	0.0405195
56.6686 	0.0405195
56.7387 	0.0405195
56.8089 	0.0405195
56.879 	0.0405195
56.9491 	0.0352737
57.0193 	0.0352737
57.0894 	0.0352737
57.1595 	0.0352737
57.2297 	0.0352737
57.2998 	0.0352737
57.3699 	0.0352737
57.4401 	0.0352737
57.5102 	0.0352737
57.5803 	0.0352737
57.6505 	0.0352737
57.7206 	0.0352737
57.7907 	0.0352737
57.8609 	0.0352737
57.931 	0.0352737
58.0011 	0.0352737
58.0713 	0.0352737
58.1414 	0.0352737
58.2115 	0.0352737
58.2817 	0.0352737
58.3518 	0.0352737
58.4219 	0.0352737
58.4921 	0.0352737
58.5622 	0.0321498
58.6324 	0.0321498
58.7025 	0.0321498
58.7726 	0.0321498
58.8428 	0.0321498
58.9129 	0.0283865
58.983 	0.0283865
59.0532 	0.0283865
59.1233 	0.0283865
59.1934 	0.0283865
59.2636 	0.0283865
59.3337 	0.0283865
59.4038 	0.0283865
59.474 	0.0283865
59.5441 	0.0283865
59.6142 	0.0283865
59.6844 	0.0283865
59.7545 	0.0283865
59.8246 	0.0283865
59.8948 	0.0283865
59.9649 	0.0283865
60.035 	0.0283865
60.1052 	0.0283865
60.1753 	0.0283865
60.2454 	0.0283865
60.3156 	0.0283865
60.3857 	0.0283865
60.4558 	0.0283865
60.526 	0.0283865
60.5961 	0.0283865
60.6662 	0.0261885
60.7364 	0.0261885
60.8065 	0.0261885
60.8767 	0.0261885
60.9468 	0.0261885
61.0169 	0.0261885
61.0871 	0.0261885
61.1572 	0.0261885
61.2273 	0.0261885
61.2975 	0.0261885
61.3676 	0.0261885
61.4377 	0.0261885
61.5079 	0.0261885
61.578 	0.0261885
61.6481 	0.0204719
61.7183 	0.0204719
61.7884 	0.01449
61.8585 	0.01449
61.9287 	0.01449
61.9988 	0.01449
62.0689 	0.01449
62.1391 	0.01449
62.2092 	0.0149101
62.2793 	0.0149101
62.3495 	0.0149101
62.4196 	0.0149101
62.4897 	0.0149101
62.5599 	0.0149101
62.63 	0.0149101
62.7001 	0.0149101
62.7703 	0.0149101
62.8404 	0.0149101
62.9105 	0.0149101
62.9807 	0.0149101
63.0508 	0.0149101
63.121 	0.0149101
63.1911 	0.0149101
63.2612 	0.0149101
63.3314 	0.0149101
63.4015 	0.0149101
63.4716 	0.0149101
63.5418 	0.0149101
63.6119 	0.0149101
63.682 	0.0149101
63.7522 	0.0149101
63.8223 	0.0149101
63.8924 	0.0149101
63.9626 	0.0149101
64.0327 	0.0149101
64.1028 	0.0149101
64.173 	0.0135552
64.2431 	0.0135552
64.3132 	0.0135552
64.3834 	0.0135552
64.4535 	0.0135552
64.5236 	0.0135552
64.5938 	0.0135552
64.6639 	0.0135552
64.734 	0.0135552
64.8042 	0.0135552
64.8743 	0.00912334
64.9444 	0.00912334
65.0146 	0.00912334
65.0847 	0.00912334
65.1548 	0.00912334
65.225 	0.00912334
65.2951 	0.00912334
65.3653 	0.00912334
65.4354 	0.00912334
65.5055 	0.00912334
65.5757 	0.00912334
65.6458 	0.00912334
65.7159 	0.00912334
65.7861 	0.00912334
65.8562 	0.00912334
65.9263 	0.00912334
65.9965 	0.00912334
66.0666 	0.00912334
66.1367 	0.00912334
66.2069 	0.00912334
66.277 	0.00912334
66.3471 	0.00912334
66.4173 	0.00912334
66.4874 	0.00912334
66.5575 	0.00912334
66.6277 	0.00912334
66.6978 	0.00912334
66.7679 	0.00912334
66.8381 	0.00912334
66.9082 	0.00912334
66.9783 	0.00730241
67.0485 	0.00730241
67.1186 	0.00730241
67.1887 	0.00730241
67.2589 	0.00730241
67.329 	0.00730241
67.3991 	0.00278562
67.4693 	0.00278562
67.5394 	0.0011808
67.6096 	0.0011808
67.6797 	0.0011808
67.7498 	0.0011808
67.82 	0.0011808
67.8901 	0.0011808
67.9602 	0.0011808
68.0304 	0.0011808
68.1005 	0.0011808
68.1706 	0.0011808
68.2408 	0.0011808
68.3109 	0.0011808
68.381 	0.0011808
68.4512 	0.0011808
68.5213 	0.0011808
68.5914 	0.0011808
68.6616 	0.0011808
68.7317 	0.0011808
68.8018 	0.0011808
68.872 	0.0011808
68.9421 	0.0011808
69.0122 	0.0011808
