/*--------------------------------*- C++ -*----------------------------------*\
| =========                 |                                                 |
| \\      /  F ield         | OpenFOAM: The Open Source CFD Toolbox           |
|  \\    /   O peration     | Version:  v2012                                 |
|   \\  /    A nd           | Website:  www.openfoam.com                      |
|    \\/     M anipulation  |                                                 |
\*---------------------------------------------------------------------------*/
FoamFile
{
    version     2.0;
    format      ascii;
    class       volScalarField;
    location    "8";
    object      p;
}
// * * * * * * * * * * * * * * * * * * * * * * * * * * * * * * * * * * * * * //

dimensions      [0 2 -2 0 0 0 0];


internalField   nonuniform List<scalar> 
8800
(
0.409947
0.362021
0.323849
0.295488
0.275219
0.260826
0.250596
0.243446
0.23885
0.236839
0.237775
0.241462
0.247546
0.256298
0.268537
0.285662
0.309713
0.343046
0.385283
0.442332
0.241949
0.249258
0.257945
0.261722
0.260205
0.255173
0.248993
0.243326
0.238909
0.236153
0.235695
0.237822
0.241754
0.247079
0.253284
0.259258
0.262862
0.261913
0.255481
0.246283
0.218104
0.224585
0.229382
0.233366
0.236473
0.237894
0.237318
0.235528
0.233647
0.232633
0.233325
0.235269
0.237522
0.239057
0.238806
0.236536
0.232986
0.228646
0.223547
0.219692
0.212532
0.215452
0.219197
0.222425
0.224598
0.226124
0.227192
0.22773
0.227825
0.227922
0.228222
0.228627
0.228685
0.228109
0.226994
0.225292
0.222692
0.219055
0.215772
0.214336
0.210053
0.211315
0.214085
0.217081
0.219683
0.221692
0.22309
0.223924
0.224384
0.224672
0.225014
0.225201
0.224952
0.224103
0.222563
0.220396
0.217678
0.21469
0.212666
0.212203
0.209888
0.210343
0.211423
0.212727
0.214111
0.215625
0.21705
0.218243
0.219117
0.219721
0.220019
0.21991
0.219359
0.218404
0.217149
0.215823
0.21458
0.21338
0.212645
0.212471
0.20832
0.208557
0.209237
0.210161
0.211178
0.212179
0.213153
0.214125
0.214989
0.215687
0.216078
0.216075
0.21572
0.215116
0.21447
0.213636
0.212794
0.21202
0.211599
0.21152
0.205945
0.206044
0.206385
0.206928
0.207567
0.208355
0.209244
0.210162
0.211063
0.211873
0.212375
0.212479
0.212285
0.211884
0.211377
0.210894
0.210466
0.210092
0.209916
0.209883
0.202926
0.202984
0.203189
0.203543
0.203995
0.204556
0.205232
0.20602
0.206888
0.207766
0.208441
0.208782
0.208852
0.208756
0.208577
0.208358
0.208126
0.207932
0.207845
0.207827
0.199492
0.199531
0.199672
0.199925
0.200285
0.20077
0.201399
0.202182
0.203111
0.204135
0.205022
0.205581
0.205863
0.205962
0.20595
0.205884
0.205798
0.205722
0.20569
0.205678
0.195683
0.195711
0.195822
0.196027
0.196336
0.196781
0.197395
0.198209
0.199236
0.200453
0.201602
0.202424
0.202941
0.203246
0.203408
0.203484
0.203509
0.203512
0.203512
0.203505
0.191537
0.191563
0.191665
0.19186
0.192167
0.192626
0.193286
0.194197
0.195396
0.196885
0.198361
0.199484
0.200246
0.200744
0.201055
0.20124
0.201345
0.2014
0.201422
0.201417
0.187024
0.187047
0.187159
0.187368
0.187706
0.188222
0.188982
0.190055
0.191504
0.193349
0.195229
0.196705
0.197753
0.198457
0.198916
0.199206
0.19938
0.199478
0.199518
0.199513
0.182105
0.182129
0.182257
0.1825
0.182896
0.183511
0.184426
0.185736
0.187526
0.189837
0.192231
0.194142
0.195505
0.196442
0.197063
0.19746
0.197704
0.197842
0.1979
0.197895
0.176683
0.176713
0.176869
0.177166
0.177653
0.178411
0.179545
0.181176
0.183419
0.18633
0.189365
0.191801
0.193555
0.194765
0.195572
0.196091
0.196413
0.196596
0.196672
0.196666
0.170643
0.17068
0.170876
0.17125
0.171863
0.172818
0.174247
0.176304
0.179136
0.182816
0.186658
0.189746
0.191974
0.193515
0.194545
0.195209
0.19562
0.195855
0.195952
0.195945
0.16382
0.163867
0.164119
0.164596
0.165379
0.166597
0.168417
0.171032
0.174626
0.179288
0.184144
0.188043
0.190854
0.192799
0.194099
0.194939
0.195459
0.195755
0.195878
0.195869
0.155993
0.156055
0.15638
0.156997
0.158007
0.159575
0.16191
0.165255
0.169833
0.175742
0.181871
0.186777
0.190309
0.192751
0.194383
0.195437
0.19609
0.196463
0.196617
0.196606
0.146864
0.146946
0.147372
0.148176
0.149493
0.151528
0.154547
0.158846
0.164692
0.172186
0.179907
0.18606
0.190481
0.193534
0.195575
0.196893
0.197709
0.198175
0.198367
0.198352
0.136025
0.136137
0.136699
0.137763
0.1395
0.14217
0.146101
0.151655
0.159139
0.168638
0.178339
0.186028
0.19154
0.195346
0.19789
0.199533
0.20055
0.201129
0.201367
0.201348
0.122908
0.123063
0.123818
0.125253
0.127583
0.131131
0.136298
0.143515
0.153115
0.165138
0.177278
0.186841
0.193684
0.198413
0.201579
0.203627
0.204892
0.205609
0.205904
0.205881
0.106691
0.106907
0.107946
0.109936
0.113135
0.117926
0.124797
0.134243
0.146581
0.161754
0.176861
0.188683
0.197139
0.202999
0.206938
0.209495
0.211075
0.211964
0.212327
0.212298
0.0861508
0.0864598
0.0879458
0.0908108
0.09532
0.101924
0.111206
0.123666
0.139532
0.158587
0.17724
0.191738
0.202126
0.209372
0.214287
0.217507
0.219509
0.22063
0.22108
0.221039
0.0593789
0.0598494
0.0621214
0.066465
0.0730529
0.0824188
0.0951788
0.111713
0.132055
0.15579
0.178578
0.196175
0.208837
0.217774
0.223936
0.228054
0.230666
0.232148
0.232735
0.232669
0.0230543
0.0239028
0.0278466
0.0349804
0.0451337
0.0588818
0.0766575
0.0985725
0.124425
0.153614
0.181058
0.202122
0.217389
0.228354
0.236116
0.241481
0.245033
0.247121
0.247966
0.247872
-0.0294221
-0.0269617
-0.0186427
-0.00575848
0.0107758
0.0313454
0.0560462
0.0847547
0.117096
0.152369
0.184835
0.209615
0.227736
0.24104
0.250796
0.257887
0.262917
0.266142
0.267576
0.267462
-0.108617
-0.0966795
-0.0777486
-0.054584
-0.0284599
0.00111811
0.0342478
0.0707755
0.110324
0.152251
0.190209
0.219155
0.240625
0.256845
0.269295
0.278999
0.286601
0.29226
0.29558
0.296179
-0.192463
-0.167509
-0.137097
-0.103604
-0.0677467
-0.0291372
0.0123817
0.0567999
0.103891
0.153168
0.197619
0.231772
0.25755
0.27755
0.293474
0.306473
0.317268
0.326722
0.33351
0.334437
-0.256632
-0.228878
-0.190467
-0.148701
-0.104375
-0.0575459
-0.00816931
0.043725
0.0979666
0.154151
0.204543
0.243151
0.272272
0.294871
0.312817
0.327334
0.339206
0.348924
0.35508
0.356059
-0.307207
-0.277406
-0.234536
-0.18719
-0.136723
-0.0833935
-0.0273563
0.0311819
0.091922
0.154359
0.209904
0.252098
0.283588
0.307673
0.326462
0.341386
0.35342
0.363107
0.369318
0.370375
-0.347495
-0.317145
-0.271114
-0.219684
-0.164637
-0.106263
-0.0448488
0.0193019
0.085771
0.153897
0.214162
0.259497
0.292889
0.318069
0.337425
0.352563
0.364578
0.374004
0.380132
0.381244
-0.381071
-0.350569
-0.302475
-0.247955
-0.189304
-0.126841
-0.0608837
0.00818621
0.0798374
0.153206
0.217825
0.266014
0.301108
0.327222
0.347017
0.362284
0.374255
0.383548
0.389545
0.390667
-0.410149
-0.37964
-0.330085
-0.273232
-0.211671
-0.145791
-0.075966
-0.00260358
0.0737154
0.151999
0.220867
0.271911
0.30872
0.33579
0.35606
0.371507
0.383479
0.392684
0.398553
0.399675
-0.436256
-0.405674
-0.355001
-0.296333
-0.232468
-0.163795
-0.0906582
-0.0134657
0.0672031
0.150288
0.223466
0.277512
0.316171
0.344303
0.365132
0.380818
0.392839
0.401977
0.407737
0.40885
-0.460282
-0.429586
-0.378043
-0.317895
-0.252127
-0.181111
-0.105127
-0.0245201
0.0602114
0.148004
0.225657
0.282961
0.323706
0.353084
0.374594
0.390605
0.402731
0.41182
0.417466
0.418587
-0.48298
-0.452059
-0.399761
-0.338384
-0.271048
-0.198044
-0.119613
-0.0359719
0.0525531
0.145022
0.227398
0.288312
0.331467
0.362335
0.384691
0.401129
0.413415
0.422519
0.42804
0.429215
-0.50458
-0.473399
-0.420457
-0.358098
-0.289464
-0.21481
-0.134285
-0.0479537
0.0441068
0.141229
0.228603
0.293546
0.339508
0.372172
0.395588
0.412589
0.425116
0.434273
0.439646
0.440836
-0.525373
-0.493848
-0.440313
-0.377186
-0.307461
-0.231469
-0.149203
-0.0605357
0.0347766
0.136484
0.229133
0.298566
0.347793
0.382632
0.40738
0.425119
0.437991
0.447238
0.452519
0.453664
-0.54537
-0.513526
-0.459511
-0.395715
-0.325105
-0.248045
-0.164389
-0.0737567
0.0244986
0.130682
0.228838
0.303212
0.356209
0.393663
0.420079
0.438783
0.452139
0.461532
0.466767
0.467798
-0.56458
-0.532484
-0.478086
-0.413663
-0.342388
-0.26452
-0.17981
-0.0876064
0.0132363
0.123727
0.22755
0.307289
0.364557
0.405127
0.433621
0.453579
0.46762
0.477286
0.482468
0.483309
-0.583087
-0.550699
-0.495907
-0.430985
-0.359262
-0.280836
-0.195406
-0.10203
0.000989559
0.115547
0.225132
0.310568
0.372572
0.416785
0.447859
0.469445
0.484393
0.494455
0.499639
0.500239
-0.600908
-0.568092
-0.513032
-0.447678
-0.375644
-0.29692
-0.211095
-0.116962
-0.0121992
0.106097
0.221462
0.312807
0.379921
0.428328
0.462543
0.486235
0.50235
0.512917
0.518127
0.518486
-0.617787
-0.584647
-0.52929
-0.463695
-0.391475
-0.312675
-0.22678
-0.132301
-0.0262638
0.0953958
0.216439
0.313785
0.386228
0.439265
0.477259
0.5037
0.521435
0.532639
0.537724
0.537768
-0.633757
-0.600484
-0.544699
-0.478951
-0.406687
-0.328018
-0.242348
-0.147938
-0.041118
0.0834692
0.210025
0.313349
0.391072
0.448872
0.491341
0.521496
0.541541
0.553369
0.558042
0.557671
-0.648883
-0.615274
-0.559264
-0.493399
-0.421218
-0.342863
-0.257695
-0.163753
-0.0566506
0.0703891
0.202235
0.31141
0.394108
0.456358
0.503774
0.539034
0.562971
0.575663
0.578642
0.57745
-0.663046
-0.629189
-0.572913
-0.506995
-0.435016
-0.35713
-0.272721
-0.179619
-0.0727332
0.0562561
0.19313
0.307942
0.395015
0.460955
0.513232
0.554873
0.585485
0.601793
0.601236
0.596594
-0.676359
-0.642201
-0.585669
-0.519773
-0.448112
-0.370861
-0.287474
-0.195609
-0.0894813
0.0409305
0.182617
0.302901
0.393762
0.462193
0.518048
0.566178
0.606408
0.634332
0.636291
0.617148
-0.688817
-0.654306
-0.59763
-0.531889
-0.46073
-0.384325
-0.30232
-0.212231
-0.107587
0.0235263
0.169956
0.295756
0.38991
0.459022
0.514849
0.566581
0.613003
0.644332
0.638658
0.613976
-0.700306
-0.665478
-0.608658
-0.543184
-0.47265
-0.397245
-0.317008
-0.229136
-0.126706
0.00430595
0.1553
0.286543
0.38333
0.451529
0.499738
0.546529
0.583329
0.592314
0.528199
0.483355
-0.710451
-0.675839
-0.618433
-0.553103
-0.483392
-0.409271
-0.331308
-0.246156
-0.146735
-0.0168752
0.138513
0.275983
0.373971
0.440164
0.474281
0.497104
0.514868
0.473376
0.393549
0.341883
-0.756955
-0.682827
-0.62749
-0.56263
-0.494005
-0.421333
-0.345275
-0.263498
-0.168072
-0.0406364
0.119237
0.263718
0.36088
0.424985
0.436132
0.423926
0.389792
0.318403
0.223849
0.172697
-0.706607
-0.692143
-0.638309
-0.575974
-0.50849
-0.437766
-0.365672
-0.289279
-0.200982
-0.0778462
0.089497
0.243983
0.335142
0.374036
0.365295
0.222525
0.0862801
-0.00743092
-0.101589
-0.044211
-0.732031
-0.702892
-0.64856
-0.586486
-0.51961
-0.450444
-0.380491
-0.308497
-0.227254
-0.111009
0.059659
0.22617
0.315823
0.318379
0.234688
0.032864
-0.149849
-0.281271
-0.418478
-0.320691
-0.7483
-0.71536
-0.660135
-0.597689
-0.531284
-0.463523
-0.39616
-0.329437
-0.256328
-0.147499
0.0247489
0.203038
0.292773
0.25896
0.0937446
-0.18378
-0.4154
-0.595455
-0.798079
-0.685979
-0.762798
-0.727567
-0.671318
-0.608256
-0.542278
-0.475897
-0.41157
-0.350502
-0.28663
-0.188
-0.0118568
0.181677
0.272233
0.192476
-0.0727728
-0.413639
-0.720733
-0.986396
-1.28497
-1.22692
-0.775072
-0.739129
-0.682086
-0.618556
-0.552971
-0.488043
-0.427003
-0.372395
-0.319515
-0.236055
-0.062895
0.153539
0.250017
0.113531
-0.239469
-0.642061
-1.03168
-1.37776
-1.81337
-2.11938
-0.786047
-0.749992
-0.692523
-0.628693
-0.56343
-0.499914
-0.442244
-0.394689
-0.354835
-0.291682
-0.124991
0.113566
0.214876
0.0168103
-0.399946
-0.837461
-1.29095
-1.64445
-1.84971
-2.2259
-0.796315
-0.760165
-0.702503
-0.638503
-0.573592
-0.511473
-0.45733
-0.417523
-0.393515
-0.35891
-0.210417
0.0485855
0.150721
-0.126982
-0.558321
-0.987922
-1.42813
-1.69885
-1.74408
-1.79602
-0.806064
-0.769727
-0.711901
-0.647749
-0.583161
-0.522405
-0.471933
-0.44075
-0.436471
-0.443147
-0.340727
-0.0723944
0.030462
-0.31906
-0.719115
-1.08188
-1.51204
-1.76779
-1.74088
-1.73442
-0.815342
-0.778605
-0.720494
-0.656124
-0.591718
-0.532188
-0.485335
-0.463488
-0.483125
-0.551303
-0.545114
-0.290205
-0.182237
-0.550681
-0.892776
-1.14246
-1.50249
-1.78451
-1.69517
-1.63108
-0.824033
-0.78665
-0.728053
-0.663286
-0.598825
-0.540155
-0.496575
-0.484316
-0.531903
-0.690384
-0.861043
-0.641618
-0.51217
-0.833939
-1.07929
-1.15579
-1.17275
-1.32148
-1.41439
-1.41722
-0.831882
-0.79365
-0.734327
-0.668892
-0.603988
-0.545591
-0.504456
-0.501268
-0.579569
-0.85724
-1.29131
-1.12564
-0.937099
-1.17049
-1.37327
-1.23539
-0.921583
-1.14144
-1.39572
-1.47783
-0.83854
-0.799332
-0.739028
-0.672591
-0.606714
-0.547753
-0.507596
-0.51115
-0.624251
-1.01995
-1.78463
-1.65154
-1.38425
-1.5591
-1.95552
-2.14156
-2.12662
-2.09494
-2.0458
-2.05224
-0.84397
-0.803542
-0.741895
-0.674079
-0.60658
-0.545925
-0.504635
-0.510104
-0.636526
-1.13209
-2.15884
-2.05104
-1.71645
-1.94984
-2.72973
-3.63648
-3.8514
-3.58223
-3.21368
-3.0487
-0.848046
-0.80613
-0.742819
-0.673154
-0.603302
-0.539649
-0.494492
-0.495681
-0.620936
-1.14999
-2.22073
-2.08356
-1.67149
-1.97022
-2.89807
-4.22796
-4.42239
-3.9124
-3.3709
-3.14815
-0.850651
-0.807094
-0.741809
-0.669825
-0.596875
-0.528863
-0.47701
-0.466441
-0.567293
-1.0199
-1.89653
-1.63395
-1.11256
-1.11228
-1.56802
-2.20081
-2.33182
-1.99444
-1.68828
-1.56532
-0.851808
-0.806623
-0.73904
-0.664337
-0.587636
-0.514004
-0.452734
-0.423581
-0.477013
-0.763367
-1.24904
-0.853728
-0.257426
0.033823
0.107194
0.0823294
0.110418
0.20874
0.268154
0.282557
-0.85192
-0.805029
-0.734861
-0.657111
-0.576106
-0.496038
-0.423672
-0.371596
-0.366392
-0.461634
-0.536695
-0.120868
0.372723
0.68684
0.889789
1.03674
1.13738
1.18614
1.20018
1.20088
-0.851172
-0.802491
-0.729644
-0.648529
-0.563145
-0.476362
-0.392357
-0.316991
-0.257886
-0.207614
-0.0502853
0.329384
0.694218
0.966986
1.15332
1.2871
1.37627
1.42578
1.44677
1.44981
-0.848717
-0.798593
-0.723184
-0.638818
-0.549174
-0.456115
-0.361514
-0.266325
-0.166993
-0.0351358
0.202483
0.521412
0.797682
1.01438
1.16849
1.27772
1.35352
1.4024
1.42826
1.43348
-0.841925
-0.791768
-0.714654
-0.627463
-0.534201
-0.436006
-0.333042
-0.223537
-0.0990277
0.0699304
0.314034
0.57962
0.7999
0.970779
1.09611
1.18721
1.25331
1.29966
1.32689
1.33281
-0.83004
-0.780052
-0.702111
-0.612854
-0.517186
-0.415539
-0.307313
-0.189321
-0.0522666
0.127642
0.354299
0.575692
0.756536
0.896232
1.00126
1.07992
1.1391
1.18256
1.20669
1.2131
-0.806787
-0.758695
-0.682279
-0.592426
-0.495884
-0.393283
-0.283171
-0.162006
-0.0215817
0.154901
0.357779
0.544036
0.694943
0.812581
0.90312
0.972723
1.02637
1.06657
1.08961
1.09627
-0.766289
-0.722062
-0.650435
-0.562099
-0.467815
-0.366963
-0.258353
-0.138977
-0.0022018
0.162714
0.340896
0.498355
0.624889
0.724756
0.803254
0.864927
0.91339
0.949868
0.971602
0.978827
-0.70509
-0.667886
-0.599883
-0.517691
-0.428736
-0.333637
-0.23094
-0.118303
0.00953703
0.158695
0.312637
0.443879
0.548625
0.631837
0.698143
0.751355
0.793599
0.825902
0.847531
0.854563
-0.612018
-0.586314
-0.526806
-0.454491
-0.375739
-0.290819
-0.198401
-0.0966337
0.0173436
0.147123
0.276389
0.383569
0.467154
0.532722
0.584451
0.625864
0.659479
0.685562
0.701969
0.706538
-0.475173
-0.462507
-0.42218
-0.36774
-0.306197
-0.237508
-0.160468
-0.0740009
0.0238546
0.135092
0.244745
0.33451
0.403331
0.455987
0.496212
0.526782
0.549696
0.56738
0.5797
0.5829
-0.32767
-0.323079
-0.300665
-0.267412
-0.226342
-0.17667
-0.11786
-0.0486671
0.0320171
0.125084
0.216787
0.291133
0.347328
0.38924
0.419834
0.441695
0.457187
0.467551
0.473183
0.474308
-0.200211
-0.198028
-0.188201
-0.170998
-0.147005
-0.114997
-0.0735359
-0.0213844
0.0423651
0.117979
0.193265
0.253947
0.299037
0.331577
0.354587
0.370377
0.380503
0.386485
0.389402
0.389786
-0.103157
-0.10329
-0.100452
-0.0932152
-0.080426
-0.0607963
-0.0328983
0.00492996
0.0538048
0.113825
0.174488
0.223225
0.259012
0.284407
0.301599
0.312572
0.319271
0.322988
0.324475
0.324517
-0.0383023
-0.0391598
-0.0400968
-0.0382708
-0.0321298
-0.0200083
-0.000970028
0.0264236
0.0633912
0.110254
0.158386
0.197062
0.225094
0.244456
0.257307
0.265476
0.270228
0.272467
0.2732
0.273165
0.00110112
0.000349821
-0.000904123
-0.000773243
0.00214581
0.00931025
0.0222525
0.0422234
0.0702296
0.106584
0.144354
0.174691
0.196587
0.211685
0.221524
0.227455
0.230699
0.232177
0.232609
0.232562
0.0248289
0.0243882
0.0236079
0.023706
0.0257037
0.0305531
0.0395705
0.0539616
0.0749557
0.102965
0.132477
0.156238
0.173258
0.184756
0.192099
0.196518
0.198919
0.199964
0.200261
0.200225
0.040066
0.0398211
0.0393745
0.0394978
0.0409298
0.0444672
0.0511136
0.0618689
0.0777081
0.0991637
0.122
0.1404
0.153528
0.162391
0.168043
0.171389
0.173152
0.173898
0.174102
0.174072
0.0498369
0.0497048
0.0494686
0.0496552
0.0507755
0.0533958
0.0583084
0.0663763
0.0784131
0.0948844
0.112538
0.126796
0.136957
0.143771
0.148073
0.150603
0.151933
0.15249
0.152643
0.152618
0.0557436
0.0556745
0.0555637
0.0557772
0.0566875
0.0587053
0.0625373
0.0686009
0.0777458
0.0903727
0.103981
0.114979
0.122798
0.128025
0.131319
0.13325
0.134252
0.134663
0.134772
0.134751
0.0588242
0.0587879
0.05875
0.0589659
0.0597068
0.0612924
0.0641637
0.0688491
0.0758564
0.0855477
0.0960231
0.104498
0.110518
0.114535
0.117058
0.118528
0.119287
0.119594
0.119673
0.119654
0.0598237
0.0598044
0.0598063
0.0600109
0.060617
0.0618626
0.0640717
0.0676794
0.0730531
0.080498
0.0885605
0.0950833
0.0997126
0.102796
0.10473
0.105847
0.10642
0.106648
0.106704
0.106687
0.0592667
0.0592556
0.0592733
0.0594525
0.059939
0.0609104
0.0626082
0.0654209
0.0695458
0.0752671
0.0814665
0.0864823
0.0900377
0.0924019
0.0938837
0.0947343
0.0951681
0.0953372
0.095376
0.0953616
0.0575224
0.0575152
0.0575359
0.0576845
0.0580709
0.0588307
0.0601512
0.0623116
0.0654899
0.0698901
0.0746583
0.0785129
0.0812425
0.0830553
0.0841896
0.0848358
0.0851617
0.0852856
0.0853117
0.0852995
0.0548608
0.0548559
0.0548752
0.0549949
0.0552988
0.055891
0.0569144
0.0585702
0.0610221
0.0644062
0.0680691
0.0710288
0.0731242
0.0745165
0.0753791
0.0758701
0.0761155
0.0762062
0.0762235
0.0762133
0.0514892
0.0514854
0.0515007
0.051594
0.0518294
0.0522858
0.0530678
0.0543656
0.056241
0.0588415
0.0616557
0.0639264
0.0655311
0.0666029
0.0672541
0.0676254
0.0678095
0.067876
0.0678875
0.0678788
0.0475664
0.0475634
0.047575
0.0476467
0.0478278
0.0481788
0.0487831
0.0497522
0.0512189
0.0532152
0.0553714
0.0571091
0.058334
0.0591585
0.0596521
0.0599336
0.0600719
0.0601202
0.0601274
0.0601202
0.0432188
0.0432161
0.0432243
0.0432788
0.0434169
0.0436856
0.0441467
0.0448755
0.0460141
0.0475425
0.0491917
0.0505196
0.0514702
0.0520835
0.0524581
0.0526692
0.0527715
0.0528062
0.0528105
0.0528045
0.0385433
0.0385408
0.0385465
0.0385875
0.0386923
0.0388967
0.0392481
0.0398081
0.0406663
0.0418373
0.0430932
0.0441048
0.0448307
0.045291
0.0455724
0.0457299
0.0458053
0.0458288
0.0458308
0.0458262
0.0336179
0.0336156
0.033619
0.0336486
0.0337261
0.0338789
0.034143
0.034562
0.0352173
0.0361023
0.0370521
0.0378141
0.0383623
0.0387067
0.0389181
0.0390365
0.0390916
0.0391078
0.0391079
0.0391045
0.0285024
0.0285002
0.0285012
0.0285216
0.0285782
0.0286913
0.0288877
0.0292017
0.0296921
0.03035
0.0310631
0.0316315
0.0320374
0.032294
0.0324497
0.0325339
0.032572
0.032582
0.0325812
0.0325783
0.023243
0.023241
0.0232405
0.023254
0.0232945
0.0233758
0.0235179
0.0237478
0.0241018
0.0245846
0.0251028
0.0255213
0.0258171
0.0260042
0.0261155
0.0261748
0.0262009
0.0262065
0.0262047
0.026202
0.0178752
0.0178733
0.0178719
0.0178801
0.0179066
0.017962
0.0180605
0.0182285
0.0184731
0.0188118
0.0191763
0.0194683
0.0196717
0.0198019
0.0198772
0.0199174
0.0199339
0.0199363
0.0199343
0.0199324
0.0124304
0.0124288
0.0124265
0.0124301
0.0124462
0.012482
0.0125465
0.0126522
0.0128111
0.0130302
0.0132648
0.0134523
0.0135823
0.0136665
0.0137163
0.0137409
0.0137486
0.0137466
0.0137432
0.0137419
0.0069295
0.00692832
0.00692614
0.00692726
0.00693529
0.00695354
0.00698701
0.00704227
0.00712534
0.00724086
0.00736561
0.00746665
0.00753638
0.00758084
0.00760547
0.00761615
0.00761753
0.00761354
0.00761017
0.00760929
0.00139059
0.00139014
0.001388
0.00138441
0.00138418
0.00138651
0.0013919
0.00140113
0.00141506
0.00143518
0.0014605
0.00148433
0.00150195
0.00151326
0.00151993
0.0015234
0.00152403
0.00152218
0.00151826
0.00151716
-0.938722
-0.631297
-0.321701
-0.0785793
0.116858
0.276416
0.414514
0.532612
0.587791
0.568822
-0.419732
-0.230362
-0.0425438
0.11764
0.253812
0.369203
0.464036
0.532155
0.567806
0.576865
-0.0885113
0.0316222
0.154118
0.263589
0.358498
0.438315
0.501547
0.54735
0.578025
0.592854
0.131637
0.212605
0.297726
0.374726
0.441703
0.498122
0.54367
0.578825
0.605006
0.621166
0.292456
0.349941
0.410067
0.466405
0.515981
0.558536
0.593999
0.622733
0.644712
0.661208
0.418004
0.459419
0.506703
0.550288
0.589661
0.624274
0.65396
0.678372
0.696751
0.713487
0.523262
0.557252
0.597155
0.634294
0.668456
0.69899
0.725362
0.746842
0.762274
0.779286
0.619673
0.652336
0.689953
0.72513
0.757316
0.786034
0.810471
0.829956
0.84317
0.860412
0.719818
0.755375
0.794081
0.829681
0.861207
0.888637
0.911538
0.929228
0.941089
0.958835
0.837964
0.877502
0.916991
0.95239
0.982618
1.00802
1.02891
1.04502
1.05664
1.07499
0.984657
1.02473
1.06084
1.09188
1.11803
1.14054
1.15991
1.17572
1.18856
1.20675
1.16025
1.19282
1.21897
1.24157
1.26192
1.28095
1.29883
1.3156
1.3315
1.34978
1.34859
1.36636
1.38212
1.39883
1.41512
1.42985
1.44305
1.45716
1.47438
1.4941
1.53048
1.54152
1.55382
1.5648
1.57425
1.58389
1.59479
1.60644
1.61644
1.63163
1.7416
1.74363
1.72861
1.71361
1.70733
1.71303
1.7318
1.76221
1.79423
1.82494
2.04782
1.91087
1.83459
1.79234
1.77485
1.77903
1.80623
1.86242
1.96611
2.18146
0.306019
0.302723
0.296989
0.287448
0.274835
0.262838
0.253007
0.245497
0.240174
0.237045
0.236543
0.238833
0.243382
0.249998
0.258806
0.269904
0.282581
0.29421
0.301407
0.305966
0.223379
0.229353
0.236744
0.242529
0.245952
0.246225
0.243874
0.240385
0.237077
0.234792
0.234416
0.236317
0.23951
0.243257
0.246508
0.247796
0.245983
0.241264
0.234778
0.227388
0.215208
0.217562
0.22149
0.225114
0.227873
0.230061
0.231417
0.23166
0.231081
0.230456
0.230486
0.231297
0.232346
0.232849
0.232242
0.230543
0.228148
0.225065
0.221156
0.217827
0.21065
0.211501
0.214292
0.217989
0.220978
0.223006
0.224361
0.225262
0.225759
0.225996
0.226258
0.22658
0.226656
0.226257
0.225335
0.223814
0.221442
0.218068
0.214595
0.212851
0.210092
0.210354
0.211616
0.213626
0.215676
0.217775
0.219614
0.220954
0.221828
0.222374
0.222759
0.222958
0.222759
0.222014
0.220655
0.218828
0.21685
0.214896
0.213177
0.212508
0.209234
0.209351
0.209914
0.210898
0.211977
0.212999
0.21408
0.215206
0.216197
0.216977
0.217487
0.217611
0.217331
0.216719
0.215929
0.215163
0.214166
0.2132
0.212419
0.212138
0.20723
0.207275
0.207594
0.208236
0.208989
0.20994
0.210992
0.211925
0.212846
0.213682
0.214299
0.214546
0.214413
0.21402
0.213397
0.212577
0.211981
0.211369
0.210933
0.210799
0.204494
0.204513
0.204664
0.205012
0.205477
0.206047
0.206733
0.207536
0.208406
0.209274
0.21001
0.210406
0.210467
0.21031
0.210048
0.209746
0.209437
0.209135
0.208938
0.208885
0.20126
0.201274
0.201375
0.201613
0.201967
0.202429
0.203016
0.203732
0.20457
0.205501
0.206392
0.207018
0.207317
0.20739
0.207331
0.207202
0.207046
0.206892
0.206795
0.206767
0.197629
0.197635
0.197709
0.197882
0.198155
0.198543
0.199074
0.199775
0.200658
0.201709
0.202809
0.203672
0.204202
0.20449
0.204625
0.204666
0.204656
0.204624
0.204601
0.204593
0.193654
0.193659
0.193719
0.19387
0.194117
0.194488
0.195021
0.195758
0.196736
0.197966
0.199334
0.200496
0.20129
0.201797
0.202106
0.202285
0.20238
0.202425
0.202446
0.20245
0.189328
0.189328
0.189395
0.189546
0.189799
0.190193
0.190778
0.191614
0.192759
0.194247
0.195963
0.197479
0.198557
0.199302
0.199784
0.200087
0.200271
0.200377
0.20043
0.200442
0.184621
0.184619
0.184691
0.184859
0.185147
0.1856
0.186286
0.187282
0.188669
0.190506
0.192669
0.194624
0.196055
0.197045
0.19771
0.198141
0.19841
0.198569
0.19865
0.19867
0.179463
0.17946
0.179546
0.179746
0.180091
0.18064
0.181475
0.182699
0.184419
0.186717
0.189448
0.191942
0.193782
0.195074
0.195948
0.19652
0.196881
0.197096
0.197207
0.197234
0.17375
0.173746
0.173852
0.174101
0.174531
0.175215
0.176259
0.177792
0.179952
0.182848
0.186302
0.189467
0.191811
0.193463
0.194585
0.195321
0.195787
0.196067
0.19621
0.196246
0.167344
0.167338
0.167473
0.16779
0.168335
0.169202
0.170526
0.172468
0.175204
0.17887
0.18324
0.187242
0.190208
0.1923
0.193722
0.194657
0.195248
0.195604
0.195787
0.195832
0.160052
0.160045
0.160221
0.160628
0.161329
0.162442
0.164135
0.166616
0.1701
0.174753
0.180281
0.18533
0.189065
0.191699
0.193488
0.194664
0.195409
0.195857
0.196088
0.196144
0.151619
0.15161
0.15184
0.152372
0.153283
0.154723
0.156907
0.160094
0.16455
0.170468
0.177457
0.18381
0.188496
0.191795
0.194036
0.195509
0.196443
0.197006
0.197294
0.197365
0.141689
0.141678
0.141986
0.14269
0.143887
0.145767
0.148607
0.152728
0.158449
0.165987
0.174812
0.182783
0.188641
0.192761
0.195557
0.197396
0.198564
0.199268
0.199629
0.199716
0.129775
0.129763
0.130183
0.131133
0.132723
0.135204
0.138932
0.144301
0.151679
0.161285
0.172407
0.182371
0.189665
0.19479
0.198271
0.200563
0.202023
0.202907
0.203361
0.203468
0.115197
0.115188
0.115781
0.117083
0.119226
0.122548
0.127506
0.134563
0.144118
0.156363
0.170328
0.18272
0.191759
0.198112
0.202436
0.205292
0.207121
0.20824
0.208818
0.208951
0.096963
0.0969701
0.0978407
0.0996727
0.102628
0.10718
0.113891
0.123264
0.135686
0.151264
0.168701
0.184001
0.195134
0.202979
0.208347
0.211913
0.214213
0.215636
0.216384
0.216556
0.0735269
0.0735797
0.0749353
0.077617
0.0818661
0.0883294
0.0976198
0.110205
0.126386
0.14611
0.167695
0.186403
0.199996
0.209637
0.216303
0.220782
0.223698
0.225526
0.226505
0.22674
0.042315
0.042499
0.0447611
0.0489774
0.055498
0.0650865
0.0782423
0.0952878
0.116332
0.141105
0.167507
0.190092
0.206505
0.218271
0.226555
0.232244
0.236029
0.23844
0.239754
0.240079
-0.00128551
-0.000719289
0.00362214
0.0110741
0.0218835
0.0366627
0.0555682
0.0786687
0.105809
0.136511
0.168319
0.195157
0.214692
0.228899
0.239168
0.246486
0.251579
0.254994
0.256929
0.257371
-0.0655971
-0.0632574
-0.0531856
-0.0386018
-0.0197398
0.00328186
0.0302562
0.0610583
0.0953871
0.132701
0.170291
0.201587
0.224415
0.24128
0.253839
0.263217
0.270179
0.275258
0.278401
0.278875
-0.143419
-0.138722
-0.119777
-0.0935961
-0.0641377
-0.0315954
0.00412565
0.0430487
0.0850188
0.129615
0.173953
0.210859
0.23816
0.258875
0.274922
0.287556
0.297679
0.305739
0.309927
0.311768
-0.222265
-0.210627
-0.182316
-0.146116
-0.107061
-0.0654173
-0.0211651
0.0257805
0.0753251
0.127168
0.178274
0.220785
0.252404
0.276666
0.295784
0.311158
0.323668
0.333824
0.340591
0.343749
-0.279917
-0.267354
-0.234143
-0.191509
-0.145283
-0.0962778
-0.0446624
0.00947214
0.0659913
0.124579
0.181867
0.229174
0.264123
0.290728
0.311439
0.327807
0.340854
0.351219
0.358148
0.361329
-0.325674
-0.312821
-0.276316
-0.229239
-0.177996
-0.1235
-0.0660111
-0.00579587
0.0568423
0.121448
0.184238
0.23569
0.273296
0.301526
0.323172
0.340037
0.353303
0.363713
0.370753
0.373756
-0.362711
-0.35007
-0.311607
-0.26126
-0.206196
-0.147413
-0.08522
-0.0199232
0.0480732
0.118182
0.186101
0.241332
0.281244
0.310813
0.33317
0.350344
0.363676
0.374014
0.381033
0.383988
-0.394222
-0.38179
-0.342058
-0.289347
-0.231289
-0.169007
-0.102833
-0.0331257
0.0396391
0.114749
0.187435
0.246247
0.288362
0.319198
0.342217
0.359687
0.373107
0.383424
0.390484
0.393393
-0.421962
-0.409676
-0.369044
-0.314531
-0.254148
-0.189019
-0.119509
-0.046007
0.0310302
0.110838
0.188221
0.250683
0.295085
0.327267
0.351017
0.368833
0.38238
0.392701
0.399797
0.402657
-0.447162
-0.434936
-0.393606
-0.337663
-0.275423
-0.207987
-0.135666
-0.0588125
0.0221343
0.106437
0.188524
0.254805
0.301698
0.335392
0.359992
0.378244
0.391976
0.402321
0.409468
0.412283
-0.470632
-0.458417
-0.416472
-0.359358
-0.295569
-0.226201
-0.151492
-0.0717211
0.0127802
0.101385
0.188266
0.258656
0.308346
0.343802
0.369429
0.38823
0.402217
0.412649
0.41976
0.422526
-0.492857
-0.480621
-0.438115
-0.380022
-0.314975
-0.243987
-0.167259
-0.0849409
0.00280134
0.095558
0.187355
0.262214
0.315085
0.352622
0.379507
0.399004
0.413332
0.423902
0.431038
0.433749
-0.514165
-0.501819
-0.458761
-0.39988
-0.333805
-0.261476
-0.183061
-0.0985658
-0.00790396
0.0888311
0.185667
0.265387
0.321887
0.361896
0.39033
0.410715
0.425503
0.436259
0.443429
0.446102
-0.534686
-0.522204
-0.478628
-0.419066
-0.352132
-0.278733
-0.198944
-0.11263
-0.0194046
0.0811027
0.183068
0.26803
0.328649
0.371581
0.401925
0.423445
0.438846
0.449889
0.457098
0.459735
-0.554386
-0.541726
-0.497761
-0.437675
-0.369982
-0.295759
-0.214913
-0.12714
-0.0317197
0.0722841
0.179417
0.269977
0.335197
0.381557
0.414236
0.437216
0.453425
0.464857
0.472156
0.474784
-0.573384
-0.560516
-0.516124
-0.455599
-0.387346
-0.312514
-0.230914
-0.142059
-0.0448395
0.0623442
0.174588
0.271033
0.341299
0.391613
0.427134
0.451959
0.46924
0.4812
0.488649
0.491215
-0.591601
-0.578594
-0.533819
-0.472826
-0.404182
-0.328935
-0.24687
-0.157311
-0.0587234
0.0512629
0.168491
0.271002
0.346686
0.401435
0.440337
0.467488
0.486209
0.498939
0.506638
0.509086
-0.609039
-0.595824
-0.550761
-0.489321
-0.420424
-0.344956
-0.262699
-0.172801
-0.0732978
0.0390609
0.161068
0.269729
0.351069
0.410602
0.453437
0.483544
0.504134
0.51785
0.525856
0.528147
-0.625479
-0.612155
-0.566789
-0.505033
-0.435986
-0.360481
-0.278305
-0.188428
-0.0884655
0.0257943
0.152303
0.267109
0.354137
0.418638
0.465903
0.499748
0.5229
0.53785
0.546016
0.548029
-0.641086
-0.62764
-0.581898
-0.519947
-0.450829
-0.375451
-0.293579
-0.204082
-0.104116
0.0115508
0.142214
0.263065
0.355637
0.42497
0.476961
0.515461
0.542451
0.559218
0.567029
0.568205
-0.655761
-0.642176
-0.596118
-0.533989
-0.464888
-0.389786
-0.308434
-0.219632
-0.120117
-0.00358833
0.130877
0.257574
0.355365
0.4291
0.485691
0.529558
0.562226
0.582756
0.589677
0.587817
-0.669567
-0.655815
-0.609397
-0.547129
-0.47814
-0.403429
-0.322784
-0.23498
-0.136343
-0.0194731
0.118393
0.250706
0.353373
0.430585
0.490725
0.539981
0.58023
0.609011
0.618962
0.608174
-0.682466
-0.668612
-0.621812
-0.55949
-0.490751
-0.416614
-0.33693
-0.250541
-0.153362
-0.0368291
0.104019
0.241977
0.349288
0.42902
0.490602
0.543805
0.591598
0.632245
0.649257
0.648627
-0.694473
-0.680438
-0.633353
-0.571049
-0.502714
-0.429336
-0.350831
-0.266294
-0.171205
-0.0558082
0.0875096
0.231316
0.342945
0.424158
0.483246
0.534853
0.582561
0.620495
0.620114
0.556319
-0.705421
-0.691008
-0.643904
-0.581894
-0.514098
-0.441682
-0.364477
-0.2821
-0.189769
-0.0763363
0.0688996
0.218828
0.334213
0.416177
0.469292
0.505907
0.544124
0.554192
0.504301
0.43019
-0.717
-0.701486
-0.653036
-0.591824
-0.524734
-0.453302
-0.378014
-0.297904
-0.208899
-0.0982577
0.0483756
0.204553
0.322859
0.404711
0.451513
0.479819
0.465575
0.434133
0.356972
0.272811
-0.694298
-0.676934
-0.632984
-0.569563
-0.5013
-0.429059
-0.352672
-0.272624
-0.179316
-0.0527919
0.108618
0.255546
0.35165
0.416244
0.468696
0.380058
0.320088
0.247694
0.157492
0.0973956
-0.710441
-0.696357
-0.664238
-0.60617
-0.540852
-0.470914
-0.397906
-0.322207
-0.239863
-0.136365
0.0099102
0.178358
0.302856
0.371302
0.416761
0.395384
0.271173
0.163538
0.0861449
-0.0206019
-0.725061
-0.709306
-0.67201
-0.6132
-0.548669
-0.479944
-0.409378
-0.33708
-0.259725
-0.162319
-0.0176822
0.156747
0.288665
0.343888
0.335515
0.23739
0.043002
-0.0894919
-0.19254
-0.305705
-0.73934
-0.726071
-0.682626
-0.623731
-0.559031
-0.491182
-0.422463
-0.353728
-0.281949
-0.19144
-0.0486917
0.135191
0.269631
0.306227
0.243043
0.0481309
-0.182859
-0.357023
-0.505733
-0.673781
-0.754391
-0.740653
-0.6946
-0.634854
-0.570044
-0.503087
-0.436317
-0.371506
-0.306609
-0.225936
-0.0892441
0.107006
0.253587
0.26989
0.141158
-0.147367
-0.439135
-0.675574
-0.888696
-1.16259
-0.767497
-0.753594
-0.706145
-0.645387
-0.580531
-0.514464
-0.449878
-0.389469
-0.332436
-0.264213
-0.135067
0.0709112
0.237222
0.233319
0.0272476
-0.344841
-0.709565
-1.04431
-1.34353
-1.9202
-0.778987
-0.765356
-0.717176
-0.655751
-0.590849
-0.525604
-0.463296
-0.407678
-0.359916
-0.307202
-0.191
0.0260684
0.210846
0.181396
-0.114122
-0.532077
-0.961979
-1.36317
-1.71296
-2.43102
-0.789524
-0.776277
-0.727623
-0.665814
-0.600902
-0.53643
-0.476375
-0.425806
-0.388594
-0.354464
-0.26155
-0.0366899
0.169272
0.0988897
-0.264874
-0.69651
-1.15049
-1.55702
-1.74742
-1.80545
-0.799603
-0.786554
-0.737492
-0.675416
-0.610558
-0.546854
-0.489099
-0.444053
-0.419121
-0.410313
-0.356554
-0.134254
0.0923924
-0.0249763
-0.437666
-0.835893
-1.26248
-1.63717
-1.71862
-1.73449
-0.809132
-0.796072
-0.746703
-0.684325
-0.619461
-0.556437
-0.500949
-0.461769
-0.450922
-0.476332
-0.491524
-0.301833
-0.05833
-0.211971
-0.633025
-0.95763
-1.31331
-1.71379
-1.8173
-1.7271
-0.818115
-0.804951
-0.755063
-0.692255
-0.627245
-0.564679
-0.511216
-0.477898
-0.482829
-0.551932
-0.681269
-0.594053
-0.322894
-0.479071
-0.856227
-1.09022
-1.24603
-1.5336
-1.59118
-1.53803
-0.826404
-0.812999
-0.762369
-0.698921
-0.633498
-0.571008
-0.519025
-0.491065
-0.512799
-0.634419
-0.931749
-1.03101
-0.718155
-0.823529
-1.12904
-1.21608
-1.03209
-0.963745
-1.26688
-1.39329
-0.83369
-0.819925
-0.768356
-0.704015
-0.637812
-0.574835
-0.523417
-0.49945
-0.53767
-0.714849
-1.2343
-1.5837
-1.19817
-1.22756
-1.50035
-1.64111
-1.40272
-1.4033
-1.54847
-1.65128
-0.839817
-0.825518
-0.772776
-0.707251
-0.639794
-0.575572
-0.523398
-0.500913
-0.549467
-0.779228
-1.5093
-2.10978
-1.64653
-1.63539
-2.0288
-2.70089
-2.98632
-2.94357
-2.73136
-2.57163
-0.844605
-0.829713
-0.775491
-0.708407
-0.639139
-0.572763
-0.518119
-0.493464
-0.543546
-0.8088
-1.65483
-2.35175
-1.84649
-1.82671
-2.39335
-3.59342
-4.38852
-4.27161
-3.75492
-3.41247
-0.847985
-0.832378
-0.776422
-0.707387
-0.635731
-0.566188
-0.507158
-0.476078
-0.516229
-0.772273
-1.5968
-2.18784
-1.61068
-1.49532
-1.99848
-3.00031
-3.68369
-3.45983
-2.91334
-2.58709
-0.849908
-0.833575
-0.775667
-0.704298
-0.629701
-0.556051
-0.490766
-0.448692
-0.466123
-0.654514
-1.26872
-1.57373
-0.917905
-0.540066
-0.506736
-0.742517
-0.962268
-0.872105
-0.675237
-0.578363
-0.850705
-0.833615
-0.773499
-0.69946
-0.621451
-0.542871
-0.469752
-0.413285
-0.397912
-0.48609
-0.776672
-0.752286
-0.15691
0.280236
0.511598
0.641397
0.739318
0.820166
0.852189
0.855444
-0.850302
-0.833108
-0.770222
-0.693278
-0.611469
-0.527625
-0.445914
-0.373302
-0.321905
-0.311626
-0.322026
-0.080133
0.36949
0.740147
0.978205
1.14878
1.26906
1.3422
1.37303
1.37769
-0.849143
-0.831411
-0.76596
-0.685929
-0.600359
-0.511219
-0.421
-0.332944
-0.249654
-0.166731
-0.0289264
0.2724
0.613489
0.897458
1.1006
1.24541
1.34632
1.41168
1.44773
1.46035
-0.845351
-0.827706
-0.760104
-0.677156
-0.588091
-0.494218
-0.396678
-0.295858
-0.189068
-0.0619078
0.133461
0.419453
0.690732
0.910366
1.07387
1.19158
1.27607
1.33537
1.37334
1.38904
-0.837393
-0.820349
-0.75101
-0.665826
-0.573938
-0.476479
-0.373515
-0.263842
-0.142572
0.00671943
0.21456
0.465891
0.688013
0.86406
0.996815
1.09512
1.16834
1.22265
1.25985
1.27543
-0.821622
-0.806385
-0.736282
-0.649449
-0.555987
-0.456673
-0.350842
-0.23658
-0.108337
0.0478309
0.248151
0.465139
0.64964
0.79537
0.906942
0.991874
1.05706
1.10695
1.1431
1.15966
-0.792351
-0.779362
-0.710637
-0.624407
-0.531532
-0.432648
-0.326818
-0.212116
-0.0831925
0.069952
0.254554
0.440938
0.595655
0.718359
0.814003
0.888498
0.947193
0.993204
1.02814
1.04362
-0.743076
-0.733285
-0.669007
-0.585623
-0.496577
-0.401363
-0.299209
-0.188342
-0.0643356
0.0804319
0.243993
0.403661
0.532854
0.63593
0.717387
0.782128
0.834328
0.877112
0.911344
0.926282
-0.664693
-0.654511
-0.601907
-0.52829
-0.446974
-0.35962
-0.265485
-0.16298
-0.0488266
0.0807808
0.225181
0.358187
0.464039
0.547793
0.614357
0.667641
0.711136
0.748208
0.778972
0.795853
-0.549843
-0.543501
-0.507637
-0.447667
-0.379442
-0.305133
-0.223749
-0.133931
-0.0338676
0.0789458
0.201092
0.311506
0.397246
0.463484
0.514746
0.554647
0.585761
0.609816
0.628274
0.63949
-0.400238
-0.399111
-0.379358
-0.340992
-0.293373
-0.238324
-0.174739
-0.101945
-0.0184674
0.0771602
0.180922
0.274117
0.345629
0.399872
0.440717
0.471047
0.493185
0.509355
0.520683
0.525571
-0.260166
-0.259851
-0.251098
-0.230849
-0.202683
-0.166657
-0.121729
-0.0666585
-0.0004905
0.0776149
0.163397
0.240313
0.298763
0.342092
0.373433
0.395619
0.411044
0.42109
0.426972
0.429182
-0.146962
-0.147608
-0.144513
-0.13564
-0.121175
-0.0999642
-0.0706475
-0.0314758
0.0187318
0.0806058
0.150139
0.212673
0.259612
0.293704
0.317821
0.334222
0.344629
0.350867
0.354171
0.355196
-0.0666308
-0.0673959
-0.0677247
-0.0657171
-0.0594814
-0.0470858
-0.0282067
-0.000871175
0.0363587
0.0842528
0.13947
0.189522
0.226894
0.253602
0.271776
0.283586
0.290956
0.295135
0.297015
0.297466
-0.0158018
-0.0163643
-0.0176641
-0.0182763
-0.0161486
-0.00974104
0.00278265
0.0222166
0.0499239
0.0867441
0.13007
0.169542
0.19881
0.219457
0.233446
0.242456
0.247756
0.250479
0.251558
0.251752
0.0145024
0.0141559
0.0132156
0.0125471
0.0136247
0.0175084
0.0255433
0.0391796
0.0596961
0.0878625
0.12164
0.152628
0.175593
0.191697
0.202353
0.208959
0.212802
0.214721
0.215441
0.215568
0.033353
0.0331426
0.0326169
0.0322474
0.0330451
0.0358482
0.0416732
0.0515739
0.0667549
0.088132
0.114259
0.13839
0.156191
0.168528
0.176636
0.181673
0.18454
0.185938
0.186433
0.18652
0.0455811
0.0454549
0.0451555
0.0449782
0.0456017
0.0476358
0.0518574
0.0592633
0.0707421
0.0870498
0.107174
0.125856
0.139643
0.149196
0.155443
0.159266
0.161415
0.162449
0.162808
0.162871
0.0532409
0.0531637
0.0530064
0.0529665
0.0535214
0.0551108
0.0582904
0.0638738
0.0725264
0.0849731
0.100475
0.114923
0.125574
0.132917
0.137689
0.140605
0.142231
0.143008
0.143273
0.143319
0.057616
0.0575654
0.0574861
0.0575152
0.0579917
0.0592433
0.0616988
0.0659653
0.0725687
0.0820864
0.0939991
0.105133
0.113338
0.118987
0.122651
0.124885
0.126117
0.126698
0.126891
0.126923
0.0595694
0.0595338
0.0595
0.0595684
0.0599799
0.0609777
0.0628831
0.0661406
0.0712052
0.0785058
0.0876682
0.096245
0.102562
0.106905
0.109715
0.111417
0.112354
0.112793
0.112935
0.112956
0.0597318
0.0597056
0.0596939
0.0597742
0.0601202
0.0609128
0.0623914
0.0649186
0.0688087
0.0744122
0.0814554
0.0880551
0.0929131
0.0962473
0.0984001
0.0997033
0.100415
0.100744
0.100848
0.10086
0.0585381
0.0585182
0.0585156
0.0585912
0.0588732
0.0594966
0.0606379
0.0626275
0.0656033
0.0699097
0.0753258
0.0804014
0.0841341
0.0866927
0.0883445
0.0893353
0.0898753
0.090122
0.0901968
0.0902046
0.056303
0.0562878
0.0562886
0.0563533
0.0565789
0.057069
0.057964
0.0594613
0.06178
0.0650954
0.0692594
0.0731601
0.0760257
0.077988
0.079261
0.0800124
0.0804207
0.0806041
0.0806566
0.0806604
0.053261
0.0532492
0.0532506
0.0533031
0.0534806
0.0538621
0.0545531
0.0556963
0.0574972
0.0600457
0.0632457
0.066242
0.0684417
0.0699469
0.0709149
0.0714869
0.0717954
0.0719324
0.0719702
0.0719722
0.0495937
0.0495843
0.0495855
0.0496264
0.0497636
0.0500574
0.0505882
0.0514655
0.0528558
0.0548167
0.0572739
0.0595717
0.0612547
0.0624142
0.0631481
0.0635826
0.0638151
0.0639158
0.0639412
0.0639415
0.0454428
0.0454355
0.045436
0.0454672
0.0455723
0.0457975
0.0462052
0.0468746
0.0479488
0.049448
0.0513298
0.0530892
0.0543786
0.0552674
0.0558228
0.0561518
0.0563264
0.0564005
0.056418
0.0564175
0.0409205
0.0409148
0.0409145
0.0409371
0.0410164
0.0411878
0.0414984
0.0420108
0.0428164
0.0439771
0.0454159
0.0467593
0.0477408
0.048424
0.0488412
0.0490872
0.0492166
0.0492702
0.0492815
0.0492802
0.0361115
0.0361071
0.0361063
0.0361222
0.0361811
0.0363102
0.0365449
0.0369331
0.0375308
0.0384258
0.0395199
0.0405389
0.0412982
0.0417981
0.0421131
0.0422982
0.0423949
0.0424344
0.0424424
0.0424408
0.0310833
0.0310797
0.0310782
0.031089
0.0311321
0.0312278
0.0314035
0.031695
0.0321431
0.0328211
0.0336431
0.0344079
0.034983
0.0353502
0.0355842
0.0357222
0.0357935
0.035822
0.0358264
0.0358247
0.0258893
0.0258864
0.0258846
0.0258918
0.0259227
0.0259921
0.0261211
0.026336
0.0266722
0.0271667
0.0277757
0.0283434
0.0287621
0.0290396
0.0292115
0.0293102
0.0293596
0.0293775
0.0293789
0.029377
0.0205721
0.0205699
0.0205675
0.0205706
0.0205905
0.0206389
0.0207303
0.0208825
0.0211304
0.02148
0.0219181
0.0223255
0.0226235
0.0228254
0.0229466
0.0230152
0.0230484
0.0230586
0.0230572
0.0230553
0.0151624
0.0151606
0.015158
0.0151585
0.0151712
0.0152034
0.0152648
0.0153713
0.015537
0.0157752
0.016072
0.0163476
0.0165468
0.0166797
0.0167621
0.0168074
0.0168284
0.0168341
0.0168322
0.0168303
0.00968618
0.00968488
0.00968259
0.00968226
0.00968912
0.00970754
0.00974405
0.00980691
0.00990558
0.010048
0.0102253
0.0103911
0.0105111
0.0105913
0.0106405
0.010666
0.0106766
0.0106767
0.0106727
0.0106708
0.00139039
0.00138961
0.00138578
0.00138395
0.00138501
0.00138877
0.00139597
0.00140741
0.00142429
0.00144781
0.00147322
0.00149396
0.0015083
0.00151706
0.00152202
0.00152406
0.00152338
0.00152039
0.00151694
0.00455826
-2.27483
-1.26906
-0.698869
-0.342486
-0.0751907
0.132712
0.300588
0.447239
0.594235
0.691529
-0.86821
-0.54807
-0.284988
-0.0676229
0.111457
0.26081
0.386685
0.491324
0.558828
0.573401
-0.340412
-0.166493
-0.0100056
0.132188
0.254893
0.359861
0.446727
0.512892
0.556088
0.578603
-0.0318682
0.0769041
0.180709
0.278006
0.363598
0.436804
0.496693
0.542945
0.576958
0.59815
0.173873
0.248318
0.3212
0.39034
0.451713
0.50465
0.548787
0.584373
0.612377
0.630398
0.326783
0.376604
0.433656
0.484691
0.53127
0.572154
0.607188
0.636481
0.660061
0.674897
0.447302
0.486603
0.531388
0.572412
0.610342
0.644672
0.674695
0.700045
0.720238
0.732412
0.550966
0.585979
0.623925
0.660918
0.69514
0.726441
0.753837
0.776814
0.794506
0.80461
0.64882
0.684098
0.721365
0.758121
0.791579
0.821599
0.847567
0.868843
0.884578
0.893714
0.754994
0.794361
0.83357
0.871323
0.904725
0.933563
0.957779
0.977269
0.991533
1.00117
0.884561
0.92807
0.967866
1.0042
1.03522
1.06143
1.08345
1.10135
1.11505
1.12648
1.04727
1.08934
1.1236
1.15298
1.17777
1.19961
1.21954
1.23717
1.25233
1.2662
1.23867
1.26839
1.29037
1.30977
1.32821
1.34573
1.36208
1.378
1.39485
1.41224
1.43586
1.4466
1.45903
1.47371
1.48842
1.50148
1.51286
1.52378
1.5366
1.55221
1.62302
1.63264
1.6423
1.64448
1.64527
1.64963
1.66053
1.67692
1.69426
1.6989
1.92791
1.86905
1.81733
1.77732
1.755
1.7509
1.76459
1.79843
1.8544
1.93372
0.440955
0.383914
0.341698
0.308399
0.2844
0.267354
0.255232
0.24665
0.240817
0.237472
0.236942
0.239335
0.244228
0.251586
0.261956
0.276445
0.296779
0.325182
0.363381
0.411321
0.244844
0.254059
0.260519
0.261511
0.257977
0.252109
0.246056
0.24095
0.237314
0.235587
0.236476
0.239576
0.244248
0.2501
0.256406
0.261525
0.263097
0.259355
0.250689
0.24339
0.219763
0.221964
0.227092
0.231478
0.235092
0.237454
0.237843
0.236503
0.234529
0.232965
0.232758
0.234211
0.23642
0.238443
0.239184
0.237875
0.234845
0.230916
0.226156
0.221352
0.213023
0.213971
0.217277
0.220957
0.223625
0.22543
0.226717
0.227539
0.22781
0.227845
0.228046
0.228436
0.228723
0.228471
0.22761
0.226221
0.224129
0.220957
0.217244
0.214828
0.210154
0.210516
0.212574
0.215629
0.218453
0.22077
0.222477
0.223567
0.224194
0.224529
0.224834
0.225151
0.225137
0.224607
0.223406
0.221556
0.219082
0.216172
0.213453
0.212307
0.209936
0.21006
0.210818
0.212075
0.213409
0.214864
0.216363
0.21769
0.21872
0.219452
0.219918
0.220014
0.21969
0.218918
0.217809
0.216473
0.21519
0.213962
0.212921
0.212522
0.208339
0.208396
0.208847
0.20969
0.210652
0.211714
0.212657
0.213652
0.214577
0.215369
0.21592
0.216121
0.215932
0.21544
0.214802
0.214063
0.213214
0.21238
0.211751
0.211544
0.205952
0.205973
0.206183
0.206643
0.207224
0.207943
0.208792
0.209705
0.210623
0.211489
0.21217
0.212469
0.212407
0.212101
0.211637
0.211129
0.210685
0.210257
0.209975
0.209895
0.20293
0.202942
0.203065
0.203351
0.203756
0.204261
0.204879
0.205614
0.206449
0.207334
0.208138
0.208653
0.208843
0.208816
0.208674
0.20847
0.208243
0.208018
0.207874
0.207834
0.199492
0.199502
0.199587
0.199786
0.200091
0.20051
0.201066
0.201772
0.20263
0.203618
0.204608
0.205343
0.205752
0.205929
0.205965
0.205921
0.205842
0.205756
0.205701
0.205684
0.19568
0.195689
0.195755
0.195912
0.196167
0.19654
0.197064
0.197775
0.198696
0.199826
0.201051
0.202058
0.202718
0.203116
0.203341
0.203454
0.2035
0.203511
0.203512
0.20351
0.191532
0.191539
0.191604
0.19175
0.191997
0.192374
0.192927
0.193707
0.194759
0.196109
0.19764
0.19897
0.199898
0.200524
0.200918
0.20116
0.2013
0.201377
0.201415
0.201423
0.187018
0.187024
0.187091
0.18725
0.187518
0.187938
0.188567
0.189475
0.190731
0.192381
0.194306
0.196028
0.197282
0.198141
0.198712
0.199078
0.199304
0.199437
0.199504
0.19952
0.182096
0.182102
0.18218
0.182362
0.182675
0.183171
0.183925
0.185026
0.186567
0.18862
0.19105
0.19326
0.194884
0.19602
0.196786
0.197285
0.197598
0.197784
0.19788
0.197903
0.176672
0.17668
0.176774
0.176997
0.177381
0.177992
0.178924
0.180291
0.182216
0.184794
0.187865
0.190676
0.192755
0.194218
0.195211
0.195861
0.196272
0.196519
0.196646
0.196677
0.170629
0.170638
0.170758
0.171038
0.171521
0.17229
0.173464
0.175187
0.177617
0.180874
0.184759
0.188319
0.190958
0.192819
0.194084
0.194914
0.19544
0.195756
0.195918
0.195958
0.163802
0.163814
0.163967
0.164325
0.164942
0.165924
0.16742
0.169613
0.172699
0.176829
0.181744
0.186242
0.189571
0.19192
0.193517
0.194566
0.195231
0.19563
0.195836
0.195886
0.155969
0.155985
0.156184
0.156647
0.157444
0.158709
0.160632
0.163442
0.167381
0.172629
0.178846
0.184512
0.188698
0.191648
0.193652
0.194969
0.195804
0.196306
0.196564
0.196627
0.146832
0.146854
0.147115
0.147719
0.148759
0.150405
0.152896
0.156519
0.161566
0.168245
0.176102
0.183223
0.188465
0.192155
0.194661
0.196308
0.197352
0.197979
0.198301
0.198379
0.135985
0.136014
0.136361
0.13716
0.138533
0.140699
0.143955
0.148654
0.155146
0.163655
0.173566
0.182485
0.189028
0.193627
0.196751
0.198804
0.200105
0.200885
0.201285
0.201382
0.122856
0.122897
0.123364
0.124439
0.126287
0.129181
0.133485
0.139627
0.148011
0.158852
0.171319
0.182439
0.190565
0.196276
0.20016
0.202718
0.204339
0.205308
0.205802
0.205923
0.106621
0.106679
0.10732
0.108806
0.111362
0.115302
0.12107
0.129176
0.140051
0.153856
0.169466
0.183244
0.193283
0.200347
0.205171
0.20836
0.210385
0.211592
0.212201
0.21235
0.0860551
0.0861376
0.0870471
0.089187
0.0928355
0.0983252
0.106197
0.117023
0.131188
0.148721
0.168136
0.185071
0.197383
0.206086
0.212076
0.216074
0.218634
0.220162
0.220925
0.221107
0.0592431
0.0593672
0.0607425
0.0640216
0.0694505
0.0773486
0.0883491
0.102975
0.121443
0.14358
0.167493
0.188083
0.203043
0.213707
0.221151
0.226212
0.229519
0.23153
0.232535
0.232763
0.0228351
0.0230559
0.0254636
0.031045
0.0396469
0.0515305
0.0672654
0.0871248
0.111066
0.138705
0.167754
0.192433
0.210379
0.223335
0.23258
0.239057
0.243453
0.246245
0.247678
0.248007
-0.0297611
-0.029059
-0.023493
-0.0126448
0.00203219
0.0205634
0.0432099
0.0699544
0.100554
0.134484
0.169151
0.19821
0.219382
0.234905
0.246302
0.254632
0.260636
0.264749
0.267072
0.267664
-0.107351
-0.103353
-0.0879943
-0.0664521
-0.0418966
-0.0140712
0.0172987
0.0521689
0.0902798
0.131131
0.171911
0.205799
0.23067
0.249292
0.263475
0.274445
0.283051
0.289684
0.294247
0.296223
-0.189409
-0.180462
-0.152839
-0.120546
-0.0859397
-0.0487301
-0.00867075
0.0343212
0.0801297
0.128402
0.176179
0.215964
0.245529
0.268163
0.285951
0.300299
0.31213
0.322027
0.331041
0.3343
-0.254009
-0.244803
-0.210232
-0.169822
-0.126768
-0.0811874
-0.0330806
0.0175716
0.0706832
0.12597
0.180261
0.225287
0.258692
0.284264
0.304351
0.320459
0.333584
0.344318
0.352824
0.355876
-0.304533
-0.294696
-0.256704
-0.211202
-0.162227
-0.110308
-0.0555894
0.00173272
0.0614295
0.123109
0.183199
0.232619
0.268949
0.296415
0.317641
0.334347
0.347734
0.358539
0.366979
0.370213
-0.344954
-0.335039
-0.295063
-0.24581
-0.19249
-0.135737
-0.0757982
-0.0129616
0.0524209
0.119835
0.185245
0.238632
0.277421
0.306344
0.328371
0.345453
0.358922
0.369596
0.377745
0.381104
-0.378625
-0.368733
-0.32766
-0.275697
-0.219019
-0.158412
-0.0941499
-0.0265684
0.0438828
0.116546
0.186873
0.243895
0.284905
0.315104
0.33779
0.355137
0.368634
0.37922
0.387179
0.390537
-0.407787
-0.397946
-0.356182
-0.302214
-0.242906
-0.179126
-0.111213
-0.0395492
0.0353928
0.112875
0.18791
0.248533
0.291774
0.323267
0.346642
0.364298
0.377872
0.38842
0.396211
0.399556
-0.433949
-0.424103
-0.381807
-0.326277
-0.264911
-0.198587
-0.12762
-0.0523866
0.0266509
0.108728
0.188456
0.252801
0.298415
0.331327
0.355484
0.373517
0.387225
0.397763
0.405421
0.408744
-0.457991
-0.448133
-0.405409
-0.348626
-0.285569
-0.217134
-0.143578
-0.0652205
0.0175493
0.104021
0.188489
0.256783
0.305032
0.33957
0.364659
0.383177
0.397085
0.407651
0.415189
0.418482
-0.480641
-0.470716
-0.42759
-0.369767
-0.305321
-0.235107
-0.15935
-0.0782694
0.00789115
0.0985954
0.187918
0.260494
0.311721
0.348171
0.374395
0.393529
0.407712
0.418352
0.425778
0.429064
-0.502228
-0.4922
-0.448702
-0.390005
-0.324431
-0.252743
-0.17513
-0.0916797
-0.00244475
0.0923281
0.186637
0.263873
0.318497
0.357218
0.384836
0.404755
0.419324
0.430096
0.437505
0.440713
-0.522973
-0.512826
-0.468926
-0.409527
-0.343005
-0.270114
-0.190975
-0.105523
-0.0135398
0.0851068
0.184507
0.266802
0.325299
0.366709
0.396051
0.416975
0.432064
0.443039
0.450435
0.453566
-0.542911
-0.532681
-0.488442
-0.428417
-0.361099
-0.287259
-0.206906
-0.119818
-0.0254445
0.0768395
0.181389
0.269118
0.331982
0.376564
0.408016
0.430227
0.44602
0.457294
0.464728
0.467734
-0.562109
-0.551727
-0.507097
-0.44671
-0.378708
-0.304162
-0.222901
-0.134542
-0.0381674
0.0674658
0.177153
0.270637
0.338345
0.386613
0.420637
0.444479
0.461217
0.472956
0.480493
0.483311
-0.580604
-0.570116
-0.525076
-0.464282
-0.395818
-0.320757
-0.23889
-0.149635
-0.0516868
0.056949
0.171697
0.271171
0.34413
0.396593
0.433715
0.459637
0.477605
0.489982
0.497695
0.500365
-0.598349
-0.587722
-0.542408
-0.481157
-0.412371
-0.336988
-0.254799
-0.165026
-0.065927
0.0453012
0.164949
0.270547
0.349037
0.406158
0.446972
0.475506
0.495072
0.508262
0.516207
0.518755
-0.615204
-0.604471
-0.558898
-0.497263
-0.428285
-0.352779
-0.270527
-0.180604
-0.0808114
0.0325595
0.15686
0.268607
0.352763
0.414869
0.459909
0.49173
0.513488
0.527769
0.535933
0.538186
-0.631158
-0.620223
-0.574457
-0.512587
-0.443491
-0.368039
-0.285981
-0.196259
-0.0962361
0.0187912
0.147426
0.265243
0.355081
0.42216
0.471793
0.507796
0.53265
0.548368
0.556513
0.558258
-0.64625
-0.635266
-0.589127
-0.527071
-0.457951
-0.382692
-0.301061
-0.211875
-0.112084
0.00407922
0.136709
0.260473
0.355732
0.427417
0.481712
0.522864
0.552395
0.570669
0.578054
0.578194
-0.660402
-0.649279
-0.602889
-0.540665
-0.471614
-0.39669
-0.315682
-0.227347
-0.128226
-0.0114584
0.124766
0.254314
0.354684
0.430099
0.488535
0.535389
0.571671
0.595712
0.603116
0.597948
-0.673741
-0.662448
-0.615721
-0.553386
-0.484507
-0.410052
-0.329861
-0.242708
-0.144727
-0.0279239
0.111486
0.246676
0.351769
0.430173
0.491292
0.54308
0.587502
0.622409
0.638806
0.626525
-0.686248
-0.674766
-0.627723
-0.565366
-0.496814
-0.423032
-0.343923
-0.258409
-0.162223
-0.0461668
0.0960051
0.236936
0.346462
0.427
0.487921
0.541155
0.591012
0.630859
0.650819
0.609705
-0.698316
-0.685974
-0.638809
-0.57654
-0.508447
-0.435542
-0.357678
-0.274198
-0.18041
-0.0658806
0.0784917
0.225219
0.338795
0.420644
0.4773
0.522922
0.567105
0.597192
0.566112
0.49515
-0.711117
-0.695827
-0.648781
-0.587104
-0.519629
-0.44771
-0.371284
-0.290042
-0.199282
-0.0870978
0.0588336
0.211816
0.328871
0.410868
0.460551
0.482717
0.51102
0.501595
0.434492
0.355588
-0.72377
-0.721311
-0.656836
-0.594919
-0.528385
-0.457519
-0.384349
-0.305476
-0.218279
-0.109437
0.0377869
0.197711
0.31701
0.398407
0.433862
0.400561
0.412553
0.356759
0.272532
0.183021
-0.688174
-0.687975
-0.636399
-0.573743
-0.505893
-0.434344
-0.360672
-0.282457
-0.191543
-0.0664839
0.0969394
0.247136
0.341294
0.396968
0.42521
0.306419
0.206296
0.126605
0.036492
-0.157017
-0.722748
-0.697308
-0.64295
-0.580843
-0.513663
-0.44373
-0.372716
-0.298359
-0.21336
-0.0935546
0.0762862
0.236502
0.32632
0.347219
0.299645
0.131992
-0.0296813
-0.141703
-0.25198
-0.465603
-0.740529
-0.709176
-0.654375
-0.59217
-0.525541
-0.457103
-0.388367
-0.318967
-0.241687
-0.129006
0.0418343
0.214627
0.30409
0.288282
0.16794
-0.072982
-0.277559
-0.428741
-0.595107
-0.893782
-0.756145
-0.721665
-0.66581
-0.603044
-0.536851
-0.469772
-0.403881
-0.339913
-0.271271
-0.167059
0.00771619
0.192187
0.281521
0.228216
0.0105599
-0.297829
-0.564961
-0.778438
-1.02307
-1.5413
-0.769466
-0.733563
-0.676748
-0.613414
-0.547648
-0.481982
-0.419276
-0.361328
-0.302684
-0.210901
-0.0356654
0.169382
0.261844
0.155078
-0.155888
-0.529487
-0.879037
-1.20223
-1.56065
-2.63978
-0.780966
-0.744796
-0.687374
-0.623664
-0.558244
-0.494034
-0.434677
-0.383552
-0.336972
-0.263031
-0.0927734
0.134685
0.234721
0.0688842
-0.320813
-0.745964
-1.16983
-1.53573
-1.94249
-3.26333
-0.791592
-0.755307
-0.697594
-0.633654
-0.568563
-0.505745
-0.449819
-0.406029
-0.373669
-0.323466
-0.163183
0.0854279
0.187954
-0.0484297
-0.479651
-0.920195
-1.3735
-1.68561
-1.77166
-1.85349
-0.801601
-0.765198
-0.707306
-0.643218
-0.578476
-0.517049
-0.464732
-0.429132
-0.414481
-0.39854
-0.268374
-0.00230254
0.0997345
-0.217592
-0.638027
-1.04099
-1.47209
-1.72282
-1.72592
-1.74464
-0.811179
-0.774439
-0.716337
-0.652073
-0.587596
-0.527482
-0.478842
-0.452265
-0.459413
-0.493778
-0.431069
-0.16634
-0.0615013
-0.429979
-0.802304
-1.11903
-1.52639
-1.81539
-1.7555
-1.71039
-0.820243
-0.782955
-0.724453
-0.659882
-0.595486
-0.536446
-0.491299
-0.474264
-0.507385
-0.616719
-0.687467
-0.447734
-0.332811
-0.685416
-0.986402
-1.15412
-1.38596
-1.59646
-1.56358
-1.51833
-0.828623
-0.790556
-0.731412
-0.666312
-0.601683
-0.543239
-0.501025
-0.493442
-0.556298
-0.771486
-1.06299
-0.869003
-0.715533
-0.995544
-1.19728
-1.15115
-0.92565
-1.11044
-1.35095
-1.40043
-0.835993
-0.796976
-0.736946
-0.671006
-0.605686
-0.547133
-0.506711
-0.507363
-0.602135
-0.942278
-1.54182
-1.39379
-1.16262
-1.35793
-1.6155
-1.54042
-1.36452
-1.46936
-1.61415
-1.68278
-0.842262
-0.801986
-0.740785
-0.673632
-0.607031
-0.547376
-0.506963
-0.512202
-0.63308
-1.08619
-1.99655
-1.86899
-1.58452
-1.77023
-2.36711
-2.90748
-3.00266
-2.85514
-2.63272
-2.54778
-0.847162
-0.80547
-0.74271
-0.673928
-0.605345
-0.543363
-0.500493
-0.504679
-0.633236
-1.15819
-2.23386
-2.1281
-1.751
-2.03541
-2.93343
-4.16342
-4.40394
-4.01768
-3.54072
-3.35826
-0.850796
-0.807325
-0.742683
-0.67179
-0.600476
-0.534799
-0.486655
-0.482935
-0.598933
-1.10393
-2.10966
-1.91798
-1.46342
-1.66895
-2.45493
-3.48295
-3.65174
-3.17934
-2.71342
-2.51603
-0.852888
-0.807626
-0.740795
-0.667338
-0.592584
-0.52191
-0.465627
-0.446481
-0.526029
-0.903951
-1.59986
-1.26337
-0.677262
-0.478026
-0.603692
-0.875813
-0.961567
-0.762751
-0.613818
-0.560391
-0.853861
-0.806676
-0.737333
-0.660936
-0.582115
-0.50532
-0.438646
-0.398341
-0.422751
-0.611242
-0.882547
-0.460255
0.096138
0.410955
0.583007
0.68917
0.788909
0.840943
0.855653
0.855029
-0.85387
-0.804655
-0.732691
-0.652967
-0.569773
-0.486356
-0.408128
-0.344152
-0.310527
-0.32409
-0.255987
0.144154
0.570908
0.869714
1.0694
1.21475
1.31193
1.36209
1.37767
1.37702
-0.852822
-0.801728
-0.726963
-0.643866
-0.556288
-0.466251
-0.376728
-0.290814
-0.209615
-0.111396
0.100302
0.448994
0.763912
1.00842
1.17926
1.30051
1.38314
1.433
1.45667
1.46112
-0.848774
-0.797241
-0.719749
-0.633433
-0.541868
-0.446052
-0.346924
-0.243832
-0.130046
0.0246385
0.27048
0.561695
0.80716
0.998946
1.13767
1.23732
1.30851
1.35699
1.38409
1.38998
-0.840872
-0.78905
-0.709567
-0.620776
-0.526066
-0.425903
-0.319892
-0.205419
-0.0732909
0.103579
0.340331
0.58255
0.781601
0.935328
1.04964
1.13436
1.1976
1.24356
1.27034
1.27668
-0.825104
-0.775365
-0.694023
-0.603591
-0.507274
-0.404832
-0.2952
-0.174958
-0.0352279
0.144212
0.359228
0.562058
0.727031
0.854892
0.952225
1.02655
1.08377
1.12669
1.15446
1.16072
-0.795395
-0.749683
-0.66864
-0.578867
-0.483016
-0.38085
-0.271004
-0.150121
-0.0107444
0.160699
0.351166
0.522395
0.66066
0.769109
0.853514
0.919524
0.97165
1.01201
1.0389
1.04491
-0.745691
-0.706859
-0.628044
-0.542114
-0.449898
-0.35143
-0.245168
-0.128718
0.00456342
0.162162
0.327365
0.471987
0.587356
0.678981
0.751525
0.80952
0.856728
0.895548
0.921715
0.927743
-0.667319
-0.632775
-0.566363
-0.488598
-0.404215
-0.313651
-0.215577
-0.107769
0.0135717
0.153393
0.295173
0.414199
0.508314
0.582912
0.6424
0.690351
0.730285
0.764602
0.789907
0.797978
-0.548663
-0.529988
-0.479196
-0.414383
-0.343211
-0.26553
-0.180099
-0.0854775
0.0206192
0.140836
0.259524
0.35713
0.432455
0.490709
0.535901
0.571165
0.598559
0.619697
0.635177
0.641309
-0.400479
-0.392315
-0.361571
-0.318165
-0.266936
-0.207707
-0.139665
-0.0617483
0.0276057
0.129784
0.230391
0.312292
0.374614
0.421751
0.457036
0.482996
0.501888
0.51568
0.524015
0.525869
-0.260598
-0.25696
-0.242153
-0.217671
-0.185808
-0.145399
-0.095586
-0.0350956
0.036946
0.121072
0.20431
0.271614
0.322098
0.359075
0.385501
0.404068
0.416688
0.424459
0.428489
0.42929
-0.147531
-0.146743
-0.140741
-0.129147
-0.111469
-0.0864671
-0.0523846
-0.00785286
0.0481454
0.115717
0.183463
0.237915
0.278073
0.306845
0.326883
0.340067
0.348175
0.352849
0.354916
0.355098
-0.0670254
-0.0677394
-0.0670921
-0.0632
-0.0543423
-0.0386095
-0.0156995
0.0164224
0.0589265
0.112017
0.166147
0.209669
0.241445
0.263628
0.278347
0.287737
0.293405
0.296301
0.297378
0.297358
-0.01604
-0.0169218
-0.0182136
-0.0176323
-0.013557
-0.00416953
0.0115363
0.0349615
0.0671533
0.108458
0.151121
0.185365
0.210088
0.22717
0.238494
0.245505
0.249382
0.251174
0.251726
0.251674
0.0143593
0.0137697
0.0127395
0.0128106
0.015157
0.0209121
0.0315848
0.0485132
0.0727911
0.104737
0.13816
0.16505
0.184415
0.197623
0.206085
0.211148
0.213955
0.215194
0.215551
0.215511
0.0332582
0.0329311
0.0323441
0.0324553
0.0341481
0.0383068
0.0460471
0.0584363
0.0766303
0.101144
0.127124
0.148041
0.162969
0.173037
0.17948
0.183335
0.185389
0.186266
0.186509
0.186476
0.0455192
0.0453374
0.0450056
0.0451584
0.0464054
0.0494204
0.0551144
0.06444
0.0782555
0.0970529
0.117131
0.133331
0.144893
0.152678
0.15761
0.160517
0.162044
0.162687
0.162864
0.162837
0.0531986
0.0531034
0.0529397
0.0531468
0.0541601
0.0564621
0.0607679
0.0677615
0.0782434
0.0926673
0.108174
0.120702
0.129616
0.135579
0.139341
0.141551
0.142706
0.143185
0.143314
0.143291
0.0575855
0.0575352
0.057465
0.0576804
0.0584999
0.0602908
0.0635878
0.0689329
0.0769349
0.0879939
0.0999323
0.109587
0.116449
0.121033
0.123914
0.125603
0.126473
0.126828
0.12692
0.1269
0.0595464
0.0595201
0.0595061
0.0597187
0.0603897
0.0617951
0.064311
0.0684174
0.0745528
0.0830473
0.0922389
0.0996748
0.104955
0.108475
0.110682
0.111964
0.112624
0.112889
0.112956
0.112938
0.0597142
0.0596997
0.0597118
0.0599047
0.0604488
0.0615498
0.0634895
0.0666692
0.0713774
0.0779027
0.0849728
0.0906935
0.0947508
0.0974508
0.0991452
0.100119
0.100618
0.100815
0.100861
0.100846
0.0585244
0.0585156
0.0585357
0.0586996
0.0591333
0.0599906
0.0614718
0.0639618
0.0675773
0.0725946
0.0780314
0.082429
0.0855448
0.0876153
0.0889096
0.0896515
0.0900281
0.0901736
0.090206
0.0901927
0.0562925
0.0562867
0.056307
0.0564408
0.056784
0.0574557
0.0586222
0.0605077
0.0633011
0.0671599
0.0713394
0.0747169
0.0771079
0.0786939
0.0796892
0.080252
0.0805349
0.080641
0.0806623
0.0806509
0.0532528
0.0532485
0.0532659
0.0533723
0.0536406
0.0541618
0.0550574
0.0565178
0.0586664
0.0616332
0.0648438
0.0674371
0.0692718
0.0704924
0.0712414
0.0716681
0.0718811
0.0719593
0.071974
0.0719647
0.0495872
0.0495837
0.0495975
0.04968
0.049887
0.0502875
0.0509758
0.0520963
0.0537566
0.0560363
0.0585004
0.0604864
0.0618906
0.0628272
0.0633963
0.0637197
0.0638786
0.0639344
0.0639432
0.0639356
0.0454378
0.0454348
0.0454451
0.0455082
0.0456668
0.0459743
0.0465019
0.0473375
0.0486366
0.0503826
0.0522693
0.0537892
0.0548689
0.0555792
0.0560109
0.056255
0.0563734
0.0564136
0.0564191
0.0564129
0.0409166
0.0409141
0.0409209
0.0409679
0.0410883
0.0413224
0.0417252
0.0423671
0.0433529
0.0446926
0.0461336
0.0472929
0.0481324
0.0486581
0.0489822
0.0491639
0.0492509
0.049279
0.0492817
0.0492766
0.0361086
0.0361063
0.0361105
0.0361449
0.0362351
0.0364119
0.0367165
0.0372022
0.0379504
0.0389708
0.0400648
0.0409448
0.0415757
0.0419751
0.0422192
0.0423556
0.0424202
0.0424409
0.0424422
0.0424378
0.0310811
0.0310788
0.0310808
0.0311055
0.031172
0.0313038
0.0315325
0.0318966
0.0324641
0.0332301
0.0340528
0.0347099
0.0351857
0.0354817
0.0356634
0.0357648
0.035812
0.0358258
0.035826
0.0358223
0.0258875
0.0258854
0.0258862
0.0259035
0.0259515
0.0260478
0.026216
0.0264858
0.0269027
0.0274689
0.0280804
0.0285687
0.0289168
0.0291365
0.0292685
0.02934
0.0293716
0.0293793
0.029378
0.0293753
0.0205708
0.0205688
0.0205677
0.0205779
0.0206103
0.0206783
0.0207975
0.0209979
0.0212907
0.0216978
0.022135
0.0224878
0.022734
0.0228939
0.0229864
0.0230355
0.0230558
0.0230585
0.0230561
0.0230543
0.0151615
0.0151595
0.0151572
0.0151629
0.0151845
0.0152298
0.0153114
0.015446
0.0156463
0.015923
0.0162191
0.0164565
0.0166206
0.0167259
0.0167884
0.0168204
0.0168327
0.0168335
0.0168311
0.0168295
0.00968552
0.00968395
0.0096818
0.00968461
0.00969655
0.0097231
0.00977169
0.00985111
0.00997099
0.0101363
0.0103141
0.0104564
0.0105557
0.0106194
0.0106558
0.0106734
0.0106775
0.0106747
0.0106714
0.0106704
0.00416387
0.00416278
0.00416029
0.00415942
0.00416114
0.00416823
0.00418317
0.00420895
0.00424931
0.00430753
0.00438161
0.00445136
0.00450198
0.00453528
0.00455488
0.00456473
0.00456721
0.00456415
0.00455983
0.00455829
-1.63539
-0.941859
-0.506814
-0.201988
0.0337851
0.219224
0.376724
0.51819
0.662809
0.642756
-0.660559
-0.410501
-0.170661
0.026319
0.189548
0.326277
0.442107
0.531401
0.572244
0.574379
-0.236725
-0.087358
0.0636758
0.195845
0.309573
0.405654
0.482646
0.537173
0.570177
0.583837
0.0319446
0.128966
0.230788
0.322319
0.40182
0.468459
0.521486
0.561317
0.589732
0.605783
0.218177
0.285228
0.356676
0.422061
0.479275
0.527815
0.567595
0.599293
0.623254
0.639896
0.358699
0.407689
0.459511
0.508681
0.552447
0.590397
0.622538
0.649027
0.669088
0.68592
0.472165
0.509408
0.552309
0.59178
0.62802
0.660238
0.687988
0.710832
0.727678
0.744726
0.572155
0.604575
0.642771
0.678357
0.711221
0.740664
0.765914
0.786395
0.800659
0.817888
0.668589
0.7023
0.740102
0.775271
0.807044
0.835135
0.858825
0.877466
0.889922
0.907481
0.776047
0.813756
0.852916
0.888594
0.919719
0.946255
0.968138
0.985059
0.996665
1.01484
0.907449
0.948172
0.986679
1.02035
1.04888
1.07294
1.09292
1.10866
1.12071
1.1392
1.06946
1.10712
1.13895
1.16584
1.18897
1.2098
1.22868
1.24499
1.25925
1.27734
1.25438
1.28004
1.30023
1.31909
1.33711
1.35407
1.37002
1.38624
1.40361
1.42276
1.44068
1.45256
1.46619
1.48123
1.49518
1.50736
1.51825
1.52981
1.54421
1.5628
1.62414
1.63869
1.64394
1.64472
1.64675
1.65419
1.66815
1.68616
1.69874
1.7122
1.89684
1.84248
1.79529
1.76385
1.75077
1.75539
1.77885
1.8236
1.89093
1.98644
0.304568
0.300025
0.292856
0.281271
0.268659
0.257662
0.249
0.242593
0.238342
0.236447
0.237353
0.240825
0.246399
0.254084
0.264037
0.276116
0.288782
0.298358
0.304116
0.30742
0.225883
0.23329
0.23981
0.244579
0.246466
0.245284
0.242182
0.238657
0.235776
0.234292
0.23514
0.237786
0.241357
0.245031
0.247506
0.247323
0.243959
0.238216
0.230851
0.224884
0.21614
0.219483
0.223427
0.226564
0.229036
0.23086
0.231665
0.231429
0.230723
0.230368
0.230813
0.231838
0.232721
0.232708
0.231514
0.229424
0.226727
0.223148
0.219245
0.216893
0.21089
0.21265
0.216162
0.219606
0.222085
0.223745
0.224863
0.225553
0.225894
0.226114
0.226428
0.226671
0.226525
0.225863
0.22467
0.222765
0.219865
0.216221
0.213457
0.212609
0.21015
0.210831
0.212597
0.214629
0.216731
0.218736
0.220343
0.221438
0.22213
0.222582
0.222895
0.222923
0.222464
0.221422
0.219779
0.217844
0.215889
0.213943
0.212711
0.212446
0.209267
0.209558
0.210379
0.211429
0.21253
0.213506
0.21465
0.215724
0.216612
0.217273
0.21761
0.217518
0.217062
0.216327
0.2156
0.214656
0.213684
0.21276
0.21222
0.212102
0.20724
0.207386
0.207884
0.208613
0.209417
0.210492
0.211457
0.212387
0.213274
0.214036
0.214479
0.214528
0.214243
0.213755
0.21296
0.212268
0.211672
0.211116
0.210834
0.210783
0.204499
0.204564
0.204816
0.205236
0.205748
0.206374
0.207122
0.207963
0.208842
0.209679
0.210259
0.210471
0.210413
0.210187
0.209901
0.209589
0.209281
0.209018
0.208899
0.208875
0.201262
0.201308
0.201477
0.201777
0.202183
0.202706
0.203357
0.204136
0.205027
0.205972
0.20675
0.207202
0.207376
0.207374
0.207272
0.207126
0.206966
0.206834
0.206775
0.206761
0.197629
0.19766
0.197783
0.198006
0.198333
0.198789
0.199402
0.200194
0.201164
0.202277
0.203287
0.20397
0.204369
0.204574
0.204654
0.204665
0.204641
0.20461
0.204597
0.204587
0.19365
0.19368
0.193784
0.19398
0.194285
0.194731
0.195361
0.196216
0.197319
0.198662
0.199967
0.200942
0.201571
0.201972
0.202209
0.20234
0.202407
0.202438
0.20245
0.202444
0.189322
0.189351
0.189459
0.189658
0.189976
0.190458
0.191161
0.192145
0.193459
0.195113
0.196779
0.198057
0.19897
0.199569
0.199954
0.200192
0.200332
0.200409
0.200441
0.200436
0.184613
0.184644
0.184762
0.184986
0.185349
0.18591
0.18674
0.187921
0.189529
0.191591
0.193714
0.195403
0.196596
0.197413
0.19795
0.198292
0.198501
0.198618
0.198667
0.198662
0.179454
0.17949
0.17963
0.179897
0.180335
0.181016
0.182032
0.18349
0.185492
0.188084
0.190779
0.192938
0.194488
0.195556
0.196266
0.196722
0.197004
0.197164
0.19723
0.197225
0.173738
0.173783
0.173958
0.17429
0.174835
0.175685
0.176955
0.178785
0.181303
0.184575
0.18799
0.190735
0.192713
0.194081
0.194994
0.195582
0.195946
0.196154
0.19624
0.196234
0.167327
0.167385
0.167607
0.168029
0.168721
0.169798
0.171409
0.173726
0.176914
0.181055
0.185375
0.188846
0.19135
0.193083
0.194241
0.194988
0.195451
0.195715
0.195825
0.195817
0.160031
0.160107
0.160394
0.160937
0.161825
0.163204
0.165263
0.168219
0.172272
0.17752
0.182975
0.18735
0.190503
0.192684
0.19414
0.195081
0.195664
0.195997
0.196135
0.196125
0.151591
0.151691
0.152066
0.152773
0.153925
0.155707
0.158358
0.162147
0.167317
0.17397
0.18085
0.186346
0.190298
0.193029
0.194853
0.196032
0.196764
0.197182
0.197354
0.19734
0.141653
0.141787
0.142286
0.143218
0.144726
0.147048
0.150486
0.155369
0.161981
0.170418
0.179074
0.185955
0.190892
0.1943
0.196577
0.19805
0.198965
0.199488
0.199703
0.199684
0.129728
0.129912
0.130589
0.131837
0.133832
0.136889
0.141386
0.147716
0.156194
0.166884
0.177742
0.186322
0.192465
0.196706
0.199542
0.20138
0.202526
0.203184
0.203452
0.203428
0.115135
0.1154
0.11634
0.118035
0.120713
0.124794
0.130743
0.139004
0.149896
0.163416
0.176974
0.187618
0.195229
0.20049
0.204018
0.206314
0.207756
0.208592
0.208933
0.208899
0.0968817
0.0972875
0.0986345
0.100989
0.104669
0.110232
0.118214
0.12907
0.143076
0.160105
0.176919
0.190032
0.199414
0.205928
0.21032
0.213194
0.215018
0.216091
0.216533
0.21649
0.073421
0.0740876
0.0761099
0.0795151
0.0847781
0.0925876
0.103469
0.117826
0.135806
0.157104
0.177759
0.19376
0.205244
0.21329
0.218775
0.222403
0.224728
0.226119
0.226704
0.22666
0.0421861
0.0433743
0.0466316
0.051905
0.0598683
0.0711897
0.0862514
0.105295
0.128255
0.15462
0.179674
0.198962
0.212886
0.222787
0.229678
0.234339
0.237383
0.239235
0.240025
0.239983
-0.00140733
0.00100174
0.00699343
0.0160076
0.0287556
0.0455763
0.0665721
0.0917211
0.120714
0.152878
0.182796
0.205693
0.22236
0.234455
0.243145
0.249275
0.25347
0.256168
0.257309
0.257234
-0.0655847
-0.0588949
-0.0464169
-0.029727
-0.00875424
0.0162453
0.0451498
0.0777564
0.113655
0.152145
0.187193
0.21387
0.233467
0.248013
0.258867
0.266961
0.272933
0.277135
0.278935
0.278653
-0.142597
-0.130792
-0.107196
-0.0792998
-0.0483121
-0.0141974
0.0231204
0.0635934
0.106935
0.152586
0.193857
0.22548
0.249194
0.267382
0.281598
0.292873
0.302013
0.308398
0.311026
0.311935
-0.219309
-0.198117
-0.164699
-0.126993
-0.0866358
-0.0437087
0.00188239
0.050142
0.10088
0.153675
0.201183
0.237685
0.26528
0.286753
0.303862
0.317719
0.329038
0.337724
0.342683
0.343835
-0.276885
-0.252614
-0.213439
-0.168863
-0.121203
-0.0708926
-0.0180121
0.037333
0.0949311
0.154345
0.207404
0.247885
0.278276
0.301696
0.320082
0.334686
0.346355
0.355229
0.360211
0.361479
-0.3228
-0.296594
-0.253509
-0.204149
-0.151239
-0.0952248
-0.0363495
0.0251139
0.0887959
0.154124
0.212073
0.255887
0.28837
0.31303
0.332107
0.347055
0.358832
0.367792
0.372736
0.373933
-0.359988
-0.333131
-0.287255
-0.234313
-0.17736
-0.116844
-0.0530683
0.013626
0.0827618
0.153571
0.216052
0.262832
0.297084
0.322738
0.342299
0.357419
0.369184
0.37806
0.383001
0.384164
-0.391635
-0.364438
-0.316631
-0.260972
-0.200769
-0.136513
-0.0685345
0.00276071
0.0767997
0.152647
0.219385
0.26899
0.304932
0.331513
0.35153
0.366825
0.378616
0.387474
0.392441
0.393561
-0.419466
-0.392048
-0.342791
-0.285061
-0.222272
-0.154919
-0.0833768
-0.00805016
0.0704846
0.151184
0.222195
0.274714
0.312426
0.340009
0.360539
0.376056
0.3879
0.396756
0.401738
0.402809
-0.444669
-0.417096
-0.366701
-0.307322
-0.242453
-0.17255
-0.0979311
-0.0189785
0.0637586
0.149207
0.224595
0.28023
0.319897
0.348626
0.369774
0.385582
0.397524
0.406387
0.411413
0.412396
-0.46819
-0.440359
-0.389035
-0.328288
-0.261691
-0.189633
-0.112373
-0.0302011
0.0564512
0.146588
0.22657
0.28563
0.327536
0.357626
0.379533
0.395724
0.407828
0.416688
0.421713
0.422551
-0.490456
-0.462342
-0.410227
-0.348359
-0.280337
-0.206469
-0.126944
-0.0419043
0.0484224
0.143214
0.228058
0.290931
0.335438
0.367159
0.390015
0.406704
0.419029
0.427956
0.432991
0.433718
-0.511737
-0.483307
-0.430488
-0.367744
-0.298532
-0.22317
-0.14173
-0.0541821
0.0395481
0.138968
0.22894
0.296076
0.34361
0.377309
0.40135
0.418688
0.431322
0.440329
0.445391
0.446013
-0.532214
-0.503448
-0.450021
-0.386538
-0.316346
-0.239783
-0.156777
-0.0670816
0.0297481
0.133717
0.229085
0.300931
0.351977
0.388061
0.413594
0.431777
0.444842
0.454015
0.459036
0.459613
-0.551912
-0.522819
-0.468922
-0.404787
-0.333809
-0.256315
-0.172087
-0.0806153
0.0189818
0.127352
0.228324
0.305317
0.360382
0.399334
0.42673
0.44602
0.459657
0.469068
0.474084
0.474627
-0.570888
-0.541443
-0.487106
-0.422418
-0.350896
-0.272714
-0.187603
-0.0947558
0.00722803
0.119788
0.226499
0.309021
0.3686
0.410948
0.440663
0.461383
0.475792
0.48553
0.490537
0.491041
-0.589082
-0.559304
-0.50458
-0.439428
-0.367529
-0.288924
-0.203254
-0.109445
-0.0054951
0.110976
0.223453
0.311809
0.37633
0.422599
0.455165
0.477725
0.493218
0.503457
0.508478
0.508837
-0.606483
-0.576336
-0.521293
-0.455789
-0.383643
-0.304856
-0.218954
-0.124594
-0.0191314
0.100905
0.219101
0.313464
0.383209
0.433831
0.469892
0.494844
0.511735
0.522594
0.527664
0.527763
-0.622911
-0.592589
-0.537113
-0.471435
-0.399173
-0.320412
-0.234591
-0.140098
-0.0336001
0.0895814
0.213393
0.313785
0.388817
0.444139
0.484308
0.512503
0.531285
0.54278
0.547697
0.547513
-0.638512
-0.607901
-0.552108
-0.486291
-0.41405
-0.335512
-0.250059
-0.15583
-0.0488118
0.0770657
0.206301
0.312598
0.392792
0.452817
0.49772
0.530326
0.552056
0.564184
0.568225
0.567533
-0.653115
-0.62228
-0.566218
-0.500313
-0.42822
-0.350077
-0.265263
-0.171693
-0.0646376
0.0634513
0.197847
0.309878
0.394773
0.459129
0.509045
0.547301
0.574161
0.58792
0.589241
0.586898
-0.666933
-0.635745
-0.579398
-0.513473
-0.441628
-0.364029
-0.28008
-0.187536
-0.0809353
0.0488373
0.188133
0.305601
0.394671
0.462248
0.51647
0.561232
0.596431
0.61696
0.615666
0.594907
-0.679844
-0.648324
-0.591764
-0.525931
-0.454505
-0.377652
-0.2949
-0.203864
-0.0983796
0.0324673
0.176526
0.299437
0.392121
0.461355
0.517822
0.568243
0.61342
0.645677
0.644054
0.658241
-0.692056
-0.659959
-0.603282
-0.537668
-0.466807
-0.390881
-0.309676
-0.220616
-0.116977
0.014163
0.162872
0.291357
0.386794
0.455647
0.509097
0.559663
0.602266
0.633679
0.585729
0.552529
-0.704273
-0.670719
-0.613735
-0.548369
-0.478203
-0.403393
-0.324213
-0.237578
-0.136551
-0.00602756
0.147208
0.281543
0.379105
0.446281
0.487515
0.526614
0.555824
0.537049
0.465539
0.415099
-0.717604
-0.68035
-0.622864
-0.557614
-0.488439
-0.415064
-0.338228
-0.254677
-0.157245
-0.0283617
0.129198
0.269969
0.368009
0.433094
0.46406
0.46865
0.457585
0.398647
0.312114
0.260099
-0.389909
-0.312561
-0.227515
-0.120735
0.0268983
0.19115
0.311537
0.0732263
-0.718671
-0.701325
-0.667965
-0.609452
-0.544714
-0.475443
-0.40372
-0.329722
-0.249902
-0.14947
-0.004174
0.167727
0.296553
0.358534
0.377849
0.323094
0.15277
0.0366931
-0.0524903
-0.731641
-0.717775
-0.676945
-0.618138
-0.553548
-0.485266
-0.415655
-0.34511
-0.270368
-0.176147
-0.0321713
0.145933
0.278997
0.32644
0.291255
0.143467
-0.0661013
-0.219656
-0.346534
-0.746904
-0.733456
-0.688618
-0.629377
-0.5646
-0.497199
-0.429418
-0.362584
-0.294123
-0.208157
-0.0679187
0.122659
0.261415
0.287796
0.192199
-0.0483205
-0.307391
-0.508406
-0.691467
-0.76102
-0.747147
-0.700437
-0.64016
-0.575325
-0.508819
-0.443117
-0.380444
-0.319334
-0.244513
-0.111464
0.0896248
0.245989
0.251926
0.0882858
-0.246084
-0.574537
-0.854963
-1.1291
-0.773223
-0.759428
-0.71171
-0.65058
-0.585712
-0.520059
-0.45662
-0.398578
-0.346021
-0.285325
-0.161505
0.0501015
0.226113
0.210843
-0.0423053
-0.441028
-0.841753
-1.20965
-1.55692
-0.783984
-0.770696
-0.72245
-0.66082
-0.595904
-0.531039
-0.469854
-0.416702
-0.374014
-0.32997
-0.223946
-0.00177087
0.192878
0.143671
-0.186811
-0.616478
-1.0654
-1.49201
-1.75835
-1.98127
-0.794284
-0.781289
-0.732591
-0.67068
-0.605802
-0.541714
-0.482809
-0.434942
-0.40365
-0.381144
-0.30506
-0.0796952
0.137322
0.0435279
-0.348811
-0.768889
-1.21515
-1.59721
-1.73556
-1.77945
-0.803954
-0.791128
-0.742142
-0.67997
-0.615123
-0.551781
-0.495168
-0.453029
-0.434919
-0.442031
-0.418158
-0.205942
0.0292894
-0.109665
-0.533656
-0.895193
-1.2966
-1.68536
-1.75671
-1.73489
-0.813159
-0.800287
-0.750922
-0.688422
-0.623516
-0.56076
-0.506328
-0.470102
-0.466957
-0.513036
-0.57873
-0.430025
-0.174318
-0.335
-0.738898
-1.02346
-1.30012
-1.69015
-1.78087
-1.65367
-0.821731
-0.808718
-0.758746
-0.695752
-0.630587
-0.568113
-0.515484
-0.48494
-0.498237
-0.592655
-0.798851
-0.79564
-0.504829
-0.643825
-0.981428
-1.1599
-1.14705
-1.21122
-1.37861
-1.42563
-0.829446
-0.816175
-0.765389
-0.701669
-0.635918
-0.57327
-0.521705
-0.495979
-0.526459
-0.675827
-1.08091
-1.29735
-0.951341
-1.02085
-1.30412
-1.3569
-1.05286
-1.00599
-1.28868
-1.4519
-0.835957
-0.822367
-0.770575
-0.705858
-0.639111
-0.575621
-0.524016
-0.501172
-0.545606
-0.747073
-1.38112
-1.85833
-1.44083
-1.43144
-1.7435
-2.11333
-2.11821
-2.11856
-2.05879
-2.04002
-0.841199
-0.827215
-0.774086
-0.708085
-0.639805
-0.574627
-0.521456
-0.498394
-0.548891
-0.801029
-1.59304
-2.27057
-1.79104
-1.78407
-2.27036
-3.24108
-3.80819
-3.76097
-3.38627
-3.10351
-0.845075
-0.830561
-0.775838
-0.708147
-0.637771
-0.569945
-0.513343
-0.486042
-0.532765
-0.799998
-1.65938
-2.32871
-1.78912
-1.7502
-2.34922
-3.57158
-4.45086
-4.2253
-3.6041
-3.22325
-0.847435
-0.832365
-0.77583
-0.706058
-0.633015
-0.56153
-0.499617
-0.463574
-0.49389
-0.722471
-1.46342
-1.92604
-1.30587
-1.06008
-1.2933
-1.8926
-2.35269
-2.17871
-1.81967
-1.60784
-0.848346
-0.83278
-0.774229
-0.702028
-0.625819
-0.54979
-0.480731
-0.431798
-0.433755
-0.574003
-1.03101
-1.16709
-0.518327
-0.0823485
0.0936623
0.0946977
0.0747588
0.163854
0.245268
0.27681
-0.848089
-0.832214
-0.771365
-0.696456
-0.616617
-0.535424
-0.45807
-0.393628
-0.360159
-0.397039
-0.535249
-0.374734
0.142883
0.553374
0.798962
0.969785
1.09236
1.16731
1.19604
1.2003
-0.847113
-0.83052
-0.767574
-0.689638
-0.606038
-0.519514
-0.433465
-0.35291
-0.284761
-0.234484
-0.156498
0.130423
0.520422
0.845849
1.06754
1.22651
1.33701
1.40521
1.43914
1.44939
-0.844111
-0.826739
-0.762613
-0.681666
-0.594359
-0.50276
-0.408694
-0.313834
-0.217654
-0.109533
0.0650286
0.363508
0.665963
0.914858
1.09766
1.22787
1.3194
1.38093
1.41816
1.43275
-0.837198
-0.820095
-0.755295
-0.671767
-0.581319
-0.485495
-0.384959
-0.279177
-0.164134
-0.0235901
0.181615
0.450978
0.695951
0.891679
1.03838
1.14524
1.22298
1.27883
1.3164
1.33189
-0.825627
-0.809023
-0.743663
-0.6582
-0.565593
-0.466925
-0.362164
-0.249706
-0.124113
0.0301148
0.235789
0.469557
0.671655
0.831348
0.952593
1.04342
1.11164
1.16275
1.19713
1.21187
-0.802737
-0.785967
-0.723737
-0.638135
-0.544732
-0.445205
-0.339116
-0.224143
-0.0948442
0.0608549
0.253937
0.455254
0.624102
0.757665
0.860889
0.940227
1.0013
1.04845
1.07997
1.0951
-0.762572
-0.747356
-0.689741
-0.606858
-0.515576
-0.418103
-0.313545
-0.200171
-0.0730726
0.0761158
0.251246
0.42366
0.565299
0.677908
0.766413
0.835999
0.890638
0.933438
0.962231
0.977765
-0.702096
-0.690307
-0.636899
-0.559636
-0.473768
-0.381862
-0.283167
-0.176178
-0.0563258
0.0813027
0.235797
0.381906
0.499255
0.592683
0.666878
0.726253
0.7738
0.810932
0.838584
0.853217
-0.610474
-0.603614
-0.559367
-0.491484
-0.415677
-0.333982
-0.245488
-0.148696
-0.0411823
0.0801803
0.212662
0.333321
0.427945
0.501941
0.560122
0.606281
0.643596
0.673551
0.695095
0.705607
-0.475397
-0.472072
-0.445241
-0.395959
-0.337695
-0.272734
-0.19998
-0.118411
-0.0264787
0.0778222
0.190787
0.292609
0.37124
0.431458
0.477473
0.512591
0.53906
0.559075
0.574504
0.582264
-0.327517
-0.326948
-0.31359
-0.285131
-0.247779
-0.202561
-0.148413
-0.0845502
-0.00972732
0.0771062
0.171718
0.256518
0.321265
0.36988
0.405798
0.431694
0.450131
0.462953
0.47097
0.47415
-0.199612
-0.199854
-0.194218
-0.180446
-0.15991
-0.132039
-0.095529
-0.0488078
0.00906549
0.0788083
0.156249
0.225772
0.278269
0.316686
0.344104
0.363277
0.37605
0.383903
0.388314
0.389824
-0.102677
-0.103428
-0.102377
-0.097457
-0.0876246
-0.0715169
-0.0479858
-0.015302
0.0279897
0.0825386
0.144622
0.200651
0.242582
0.272862
0.2939
0.30773
0.316344
0.321453
0.32396
0.32463
-0.0379972
-0.038656
-0.039797
-0.0396417
-0.0358665
-0.026911
-0.011439
0.0116005
0.0436761
0.0856756
0.134647
0.179176
0.212295
0.235721
0.251562
0.261886
0.268182
0.271584
0.272962
0.273255
0.00128232
0.000838735
-0.00033186
-0.00111694
0.000242203
0.00506394
0.0149674
0.0312862
0.0551871
0.0874301
0.125705
0.160676
0.186598
0.204881
0.217169
0.22489
0.229343
0.231608
0.232478
0.232628
0.0249456
0.0246748
0.0239697
0.0234694
0.0244027
0.027694
0.0344889
0.0459948
0.0635867
0.0881298
0.117875
0.145268
0.165523
0.179609
0.188858
0.194606
0.197923
0.19957
0.200169
0.200274
0.0401422
0.0399796
0.0395807
0.0393118
0.0399987
0.0423697
0.0473289
0.0559093
0.0691029
0.0877586
0.110684
0.131911
0.147567
0.158422
0.165554
0.16995
0.172426
0.173621
0.174038
0.174111
0.0498878
0.0497896
0.049571
0.0494731
0.050062
0.0518516
0.055493
0.0618919
0.0718568
0.0861085
0.103778
0.120217
0.132346
0.140727
0.146183
0.149517
0.151386
0.152284
0.152594
0.152649
0.0557793
0.0557174
0.0556046
0.055604
0.0561187
0.0575248
0.0602819
0.065219
0.0727547
0.0836313
0.0972212
0.109905
0.119252
0.125691
0.129873
0.132426
0.133841
0.134512
0.134738
0.134775
0.0588506
0.0588085
0.0587553
0.0588078
0.0592509
0.0603672
0.0625299
0.066249
0.0720334
0.0803685
0.0908151
0.100589
0.107789
0.112743
0.115952
0.1179
0.118977
0.119482
0.119649
0.119675
0.0598438
0.0598134
0.0597928
0.0598699
0.060249
0.0611403
0.0628205
0.0656828
0.0701213
0.0765162
0.0845503
0.0920747
0.097615
0.101421
0.103882
0.10537
0.106186
0.106566
0.106687
0.106704
0.0592822
0.0592594
0.0592535
0.059333
0.0596464
0.0603496
0.0616483
0.0638904
0.0672944
0.0722061
0.0783817
0.0841693
0.0884277
0.0913483
0.0932334
0.0943714
0.0949919
0.095277
0.0953647
0.0953749
0.0575344
0.057517
0.0575164
0.0575869
0.0578397
0.0583929
0.0594054
0.0611255
0.0637573
0.0675357
0.0722855
0.0767361
0.0800069
0.0822476
0.0836971
0.0845607
0.0850299
0.085242
0.0853045
0.0853101
0.0548702
0.0548567
0.0548582
0.0549169
0.0551174
0.0555504
0.0563376
0.0576469
0.0596877
0.0625955
0.0662458
0.0696645
0.0721758
0.0738958
0.0750038
0.0756614
0.0760166
0.0761749
0.076219
0.0762218
0.0514964
0.051486
0.0514873
0.0515333
0.0516891
0.0520234
0.0526281
0.0536183
0.0552173
0.0574499
0.0602549
0.0628804
0.0648053
0.066122
0.0669697
0.0674678
0.0677356
0.0678534
0.0678848
0.0678856
0.047572
0.0475639
0.0475647
0.0476
0.0477198
0.0479771
0.0484428
0.0492124
0.0504279
0.0521473
0.0542981
0.0563087
0.057781
0.0588053
0.0594365
0.0598143
0.0600167
0.0601041
0.0601259
0.0601256
0.0432231
0.0432167
0.0432168
0.0432433
0.0433346
0.043531
0.0438873
0.0444726
0.0454106
0.0467248
0.0483704
0.0499081
0.0510356
0.0518124
0.0522951
0.05258
0.0527309
0.0527949
0.0528098
0.0528088
0.0385468
0.0385415
0.038541
0.0385606
0.0386297
0.0387792
0.0390503
0.0394973
0.0401917
0.0412127
0.0424676
0.0436383
0.0445026
0.0450871
0.04545
0.0456635
0.0457755
0.0458216
0.0458308
0.0458295
0.0336206
0.0336165
0.0336154
0.0336291
0.0336797
0.0337908
0.0339942
0.0343303
0.0348434
0.0356285
0.0365793
0.0374632
0.038125
0.0385539
0.0388261
0.0389867
0.0390703
0.0391032
0.0391083
0.0391069
0.0285044
0.0285012
0.0284994
0.0285078
0.0285441
0.0286261
0.0287769
0.0290276
0.029414
0.0299982
0.0307073
0.0313693
0.0318591
0.0321803
0.0323823
0.0324988
0.0325575
0.0325793
0.0325819
0.0325801
0.0232445
0.023242
0.0232399
0.0232446
0.0232699
0.0233289
0.0234377
0.0236197
0.0239107
0.0243264
0.0248454
0.0253285
0.0256839
0.025922
0.0260675
0.0261502
0.026191
0.0262054
0.0262057
0.0262036
0.0178764
0.0178743
0.017872
0.0178742
0.0178904
0.0179297
0.018005
0.0181374
0.0183395
0.0186309
0.018995
0.0193342
0.0195802
0.0197448
0.0198448
0.0199008
0.0199279
0.0199362
0.0199352
0.0199335
0.0124312
0.0124298
0.0124273
0.0124271
0.0124361
0.0124611
0.0125099
0.0125934
0.0127243
0.0129131
0.0131483
0.0133662
0.013524
0.0136293
0.0136951
0.013731
0.0137464
0.0137483
0.0137445
0.0137425
0.00692998
0.00692904
0.00692713
0.00692604
0.0069302
0.00694285
0.00696795
0.00701145
0.00708011
0.00717896
0.00730334
0.00742041
0.00750497
0.0075614
0.00759523
0.00761215
0.00761775
0.00761586
0.00761147
0.0076096
0.00416337
0.00416152
0.00415978
0.00415972
0.00416387
0.00417457
0.00419444
0.00422714
0.00427587
0.00434425
0.00441862
0.00447911
0.00452057
0.00454654
0.00456086
0.00456685
0.00456622
0.00456175
0.00455862
0.00151671
-1.31146
-0.820601
-0.468498
-0.194771
0.0232261
0.200108
0.347589
0.476918
0.571735
0.578367
-0.574214
-0.331953
-0.132753
0.040783
0.188541
0.31394
0.419387
0.502014
0.554005
0.573799
-0.172019
-0.0326426
0.0942864
0.210655
0.312897
0.400347
0.472113
0.52652
0.564518
0.586551
0.0788565
0.168564
0.255848
0.337456
0.40951
0.471253
0.522258
0.562424
0.59318
0.612685
0.254914
0.315409
0.379575
0.439078
0.492063
0.538147
0.577136
0.609153
0.634812
0.651069
0.389735
0.433397
0.483606
0.528969
0.570553
0.607577
0.639754
0.666828
0.688565
0.701887
0.500139
0.537343
0.577495
0.616083
0.651783
0.684216
0.712744
0.73675
0.755562
0.766489
0.599777
0.634218
0.671298
0.707927
0.74161
0.772167
0.798819
0.820886
0.837542
0.846847
0.699786
0.736614
0.774875
0.812406
0.845953
0.875442
0.900699
0.921065
0.935984
0.945015
0.81593
0.857572
0.897517
0.93535
0.968132
0.99589
1.01902
1.03759
1.05137
1.06166
0.961611
1.00537
1.04326
1.07706
1.10548
1.12967
1.15064
1.16827
1.18245
1.19478
1.14047
1.17777
1.20638
1.23063
1.25195
1.27158
1.29004
1.30734
1.32369
1.33914
1.33859
1.35815
1.37411
1.39042
1.40713
1.42271
1.43651
1.44978
1.46543
1.48344
1.52792
1.53572
1.54772
1.55956
1.56963
1.57894
1.58921
1.60058
1.61197
1.61934
1.74691
1.74516
1.73713
1.72034
1.70913
1.70856
1.72085
1.74578
1.77936
1.80687
2.15573
1.96896
1.86748
1.81
1.78078
1.77427
1.7895
1.83005
1.90598
2.05244
-0.694555
-0.697608
-0.65928
-0.600253
-0.53429
-0.463814
0.385757
0.442874
0.42888
0.348602
0.264483
0.177959
-0.140213
-0.464169
-0.878173
-1.43178
-2.20925
)
;

boundaryField
{
    wall-4
    {
        type            zeroGradient;
    }
    pressure-outlet-7
    {
        type            fixedValue;
        value           uniform 0;
    }
    velocity-inlet-6
    {
        type            zeroGradient;
    }
    velocity-inlet-5
    {
        type            zeroGradient;
    }
    frontAndBackPlanes
    {
        type            empty;
    }
}


// ************************************************************************* //
