/*--------------------------------*- C++ -*----------------------------------*\
| =========                 |                                                 |
| \\      /  F ield         | OpenFOAM: The Open Source CFD Toolbox           |
|  \\    /   O peration     | Version:  v2012                                 |
|   \\  /    A nd           | Website:  www.openfoam.com                      |
|    \\/     M anipulation  |                                                 |
\*---------------------------------------------------------------------------*/
FoamFile
{
    version     2.0;
    format      ascii;
    class       volScalarField;
    location    "65";
    object      p;
}
// * * * * * * * * * * * * * * * * * * * * * * * * * * * * * * * * * * * * * //

dimensions      [0 2 -2 0 0 0 0];


internalField   nonuniform List<scalar> 
8800
(
0.827842
0.779792
0.741417
0.712777
0.692155
0.677406
0.66681
0.659316
0.654493
0.652453
0.653763
0.658002
0.664698
0.674057
0.686827
0.704427
0.728879
0.762497
0.804947
0.862074
0.660368
0.667575
0.676014
0.679432
0.677519
0.671999
0.665291
0.659137
0.654392
0.651556
0.651308
0.653861
0.658407
0.664431
0.67136
0.677993
0.682135
0.681627
0.675571
0.666599
0.637065
0.643243
0.647444
0.650807
0.653311
0.654112
0.65301
0.650875
0.648855
0.647972
0.648975
0.65141
0.654274
0.656515
0.657066
0.655549
0.652712
0.649082
0.644552
0.640768
0.631914
0.634615
0.637338
0.639651
0.641301
0.642632
0.643548
0.643764
0.643518
0.643512
0.644305
0.645502
0.646324
0.646288
0.645513
0.644333
0.642596
0.640104
0.637684
0.636154
0.626698
0.628121
0.629922
0.63198
0.633737
0.635049
0.636084
0.636971
0.637671
0.638302
0.638994
0.639492
0.639559
0.639236
0.638563
0.637376
0.635693
0.633823
0.632506
0.631683
0.621659
0.622574
0.623812
0.625397
0.627056
0.628588
0.629871
0.630965
0.631989
0.632951
0.633689
0.634041
0.63402
0.633618
0.632774
0.631578
0.630242
0.628987
0.628171
0.627626
0.616753
0.617418
0.618379
0.619683
0.621105
0.622587
0.624049
0.625392
0.626629
0.627797
0.628682
0.629106
0.629071
0.628597
0.627805
0.626865
0.625868
0.624957
0.624377
0.623976
0.611952
0.612465
0.613248
0.614381
0.615665
0.617055
0.618528
0.620034
0.621505
0.622906
0.62399
0.624531
0.624557
0.624206
0.623627
0.622924
0.622171
0.621499
0.621071
0.620757
0.607191
0.607599
0.608256
0.609266
0.610479
0.611821
0.61329
0.614885
0.616561
0.618235
0.61957
0.620305
0.620527
0.620402
0.620054
0.619566
0.619018
0.61854
0.618223
0.617968
0.602387
0.602719
0.603287
0.604219
0.605386
0.606714
0.60822
0.609914
0.611783
0.613755
0.615415
0.616451
0.616957
0.617092
0.616979
0.616717
0.616366
0.616049
0.615817
0.615602
0.59745
0.597726
0.598234
0.59912
0.60027
0.601625
0.603207
0.605045
0.607147
0.609461
0.611533
0.612958
0.613804
0.614234
0.614378
0.614345
0.61419
0.614015
0.61385
0.613665
0.592292
0.592524
0.592993
0.593864
0.595038
0.596463
0.598164
0.6002
0.602602
0.605341
0.607915
0.609807
0.611052
0.611822
0.612253
0.612458
0.612501
0.612457
0.612348
0.612182
0.586821
0.587018
0.587468
0.588353
0.589592
0.591131
0.593007
0.595309
0.598092
0.601364
0.604548
0.606995
0.608705
0.609863
0.610617
0.611076
0.611334
0.611414
0.611351
0.611199
0.580933
0.581102
0.58155
0.582479
0.583823
0.585528
0.587646
0.590293
0.593561
0.597491
0.601413
0.604523
0.606782
0.608387
0.60951
0.610275
0.610747
0.610945
0.610924
0.610779
0.57451
0.574655
0.575116
0.576118
0.577614
0.579545
0.581981
0.58507
0.588945
0.593684
0.5985
0.602402
0.605312
0.607443
0.608987
0.610086
0.610801
0.611125
0.61114
0.611
0.567411
0.567531
0.568019
0.569126
0.570827
0.573053
0.575897
0.579545
0.584176
0.589903
0.595797
0.600645
0.604324
0.607076
0.609117
0.610602
0.611591
0.612043
0.612092
0.611951
0.559448
0.55955
0.560082
0.561329
0.563293
0.565892
0.569256
0.573609
0.579174
0.586107
0.5933
0.599275
0.603862
0.607345
0.609981
0.611918
0.61321
0.613798
0.613879
0.613734
0.550402
0.550503
0.551089
0.552496
0.554789
0.557875
0.561899
0.567133
0.573855
0.582258
0.591009
0.598322
0.603982
0.608323
0.611664
0.614125
0.615765
0.616496
0.616605
0.616453
0.53995
0.540032
0.540709
0.542341
0.545069
0.548777
0.553634
0.559974
0.568131
0.578326
0.588941
0.597828
0.604748
0.6101
0.614242
0.617334
0.619359
0.620239
0.620373
0.620208
0.527716
0.527784
0.528561
0.530506
0.533794
0.538298
0.54422
0.551962
0.561905
0.574282
0.587113
0.597842
0.606221
0.612748
0.617832
0.621638
0.624086
0.625115
0.625267
0.625088
0.513143
0.513201
0.514122
0.516484
0.52051
0.526063
0.533372
0.54291
0.555086
0.570111
0.585558
0.59842
0.608469
0.61634
0.622508
0.627119
0.630015
0.631183
0.631344
0.631146
0.495462
0.495509
0.496643
0.49959
0.504626
0.511598
0.520755
0.532627
0.547612
0.565842
0.584341
0.599632
0.611562
0.62095
0.62831
0.633822
0.637166
0.63845
0.638604
0.638386
0.473505
0.47355
0.475029
0.478858
0.485351
0.494319
0.50601
0.520967
0.539491
0.561563
0.583563
0.601562
0.615566
0.626625
0.635288
0.641734
0.64549
0.646842
0.646971
0.646733
0.445504
0.445569
0.447645
0.452899
0.461654
0.473559
0.488825
0.507883
0.530831
0.557438
0.583374
0.604308
0.620531
0.633355
0.643414
0.65077
0.654838
0.656184
0.656266
0.656009
0.408416
0.408587
0.411882
0.419761
0.43233
0.448736
0.469101
0.493544
0.521899
0.553721
0.583958
0.607982
0.626504
0.641148
0.652603
0.660736
0.664944
0.666185
0.666199
0.665927
0.356395
0.357402
0.363963
0.377247
0.396453
0.419815
0.447212
0.478454
0.513171
0.550777
0.585537
0.612702
0.63351
0.649903
0.662654
0.671322
0.67542
0.676454
0.676389
0.676111
0.280664
0.288049
0.303163
0.326473
0.355564
0.388235
0.424209
0.463263
0.505026
0.548892
0.588487
0.618992
0.642254
0.660535
0.674485
0.683451
0.687283
0.68809
0.687976
0.687733
0.199609
0.216561
0.241021
0.275101
0.314524
0.356633
0.401237
0.448281
0.497466
0.548234
0.593517
0.628121
0.65432
0.674792
0.690046
0.698921
0.702132
0.702665
0.702583
0.702424
0.131378
0.151502
0.183783
0.227065
0.275628
0.326632
0.379623
0.434512
0.490977
0.548445
0.599132
0.63754
0.666424
0.688704
0.704629
0.713062
0.715784
0.716245
0.716227
0.716114
0.0754665
0.0974579
0.135232
0.185013
0.240767
0.299266
0.359695
0.421811
0.485141
0.549005
0.604828
0.646802
0.678121
0.701938
0.718491
0.726885
0.729409
0.729839
0.729847
0.729765
0.0290717
0.0522868
0.0938426
0.148775
0.210293
0.27498
0.341783
0.410315
0.479932
0.549801
0.610533
0.655922
0.689583
0.714975
0.732309
0.74086
0.743427
0.743821
0.74385
0.743793
-0.0102475
0.0136591
0.0581005
0.117084
0.183466
0.253418
0.325752
0.39999
0.475356
0.550853
0.616266
0.66496
0.70092
0.727847
0.746076
0.755048
0.757779
0.75819
0.758228
0.758191
-0.0445266
-0.0201789
0.0265382
0.0888785
0.159372
0.233916
0.311173
0.390575
0.471236
0.552011
0.621899
0.673801
0.712035
0.740471
0.759692
0.769174
0.772131
0.772566
0.77261
0.772592
-0.0752708
-0.0505448
-0.00197216
0.0632346
0.137279
0.21586
0.297542
0.381662
0.467249
0.553038
0.627236
0.682255
0.722688
0.752693
0.772738
0.782764
0.785988
0.786499
0.786556
0.786543
-0.103467
-0.0784076
-0.0282446
0.0394369
0.116601
0.198766
0.284435
0.372897
0.463122
0.553709
0.632087
0.690133
0.73268
0.764091
0.785037
0.795551
0.799017
0.799621
0.799649
0.799638
-0.12992
-0.104487
-0.0528829
0.0169373
0.0969004
0.182269
0.271551
0.364023
0.458609
0.553812
0.63629
0.697304
0.741895
0.774678
0.796375
0.807293
0.810951
0.811607
0.811613
0.811591
-0.155024
-0.129213
-0.0763166
-0.00461357
0.0778616
0.166105
0.258667
0.354835
0.453531
0.553211
0.639757
0.703728
0.750313
0.784353
0.80663
0.817854
0.821642
0.822322
0.822301
0.822259
-0.17922
-0.152952
-0.0990303
-0.0254459
0.0592596
0.150081
0.245625
0.345202
0.447772
0.551795
0.642417
0.709395
0.757958
0.793141
0.815932
0.827309
0.831099
0.831787
0.831741
0.831685
-0.202644
-0.175896
-0.120999
-0.0457371
0.0409495
0.134087
0.232332
0.335046
0.441249
0.549482
0.644219
0.71432
0.764924
0.801202
0.824352
0.835693
0.839459
0.840101
0.840032
0.839953
-0.225451
-0.198246
-0.142309
-0.0655983
0.0228629
0.118071
0.218746
0.324318
0.433909
0.546207
0.645112
0.718525
0.771319
0.808689
0.83205
0.843235
0.846847
0.847422
0.847327
0.847231
-0.247768
-0.220029
-0.163099
-0.085075
0.00496195
0.102016
0.204862
0.31302
0.425739
0.541923
0.645043
0.722013
0.777256
0.815797
0.839233
0.850056
0.853394
0.853864
0.853734
0.853623
-0.269638
-0.241271
-0.183431
-0.10418
-0.0127366
0.0859352
0.190711
0.30118
0.416748
0.536592
0.643944
0.724761
0.782827
0.822728
0.846116
0.856321
0.859192
0.859489
0.859321
0.859201
-0.290918
-0.261956
-0.203237
-0.122897
-0.0302133
0.0698825
0.176342
0.288858
0.406979
0.530221
0.641743
0.7267
0.788054
0.829699
0.853042
0.862293
0.864389
0.864408
0.864213
0.864099
-0.311586
-0.282058
-0.222513
-0.141184
-0.0474211
0.0539076
0.161834
0.27612
0.396501
0.522824
0.638378
0.727711
0.792886
0.836876
0.860473
0.868521
0.869313
0.86873
0.868482
0.86843
-0.331714
-0.301544
-0.241246
-0.159023
-0.0643045
0.0380862
0.147267
0.263062
0.385393
0.514454
0.633788
0.727645
0.797164
0.844242
0.868859
0.875934
0.874829
0.872864
0.872288
0.872521
-0.351138
-0.320406
-0.259379
-0.176359
-0.0808117
0.022497
0.132732
0.249788
0.373764
0.505195
0.627943
0.726318
0.80062
0.851494
0.878301
0.885632
0.882954
0.87856
0.876195
0.876024
-0.369949
-0.338643
-0.276931
-0.193225
-0.0969775
0.00709916
0.118174
0.236242
0.361548
0.494978
0.620705
0.723457
0.802971
0.858158
0.888267
0.898034
0.896053
0.889036
0.880767
0.872235
-0.388077
-0.356237
-0.294027
-0.209819
-0.113085
-0.00843058
0.10319
0.221957
0.348226
0.483191
0.611459
0.718318
0.803746
0.863648
0.897232
0.911211
0.91056
0.898341
0.877713
0.872504
-0.405353
-0.373208
-0.310493
-0.225963
-0.128814
-0.023773
0.0879928
0.207249
0.334091
0.470071
0.600246
0.710319
0.802071
0.866784
0.901106
0.915236
0.916646
0.890663
0.825165
0.796582
-0.421312
-0.390844
-0.32596
-0.241183
-0.14333
-0.038416
0.0728952
0.192371
0.319389
0.455761
0.587026
0.699058
0.796559
0.866694
0.895105
0.903888
0.889651
0.833855
0.765276
0.723848
-0.470528
-0.40738
-0.339953
-0.256425
-0.157985
-0.0536599
0.0579218
0.177094
0.303795
0.439817
0.571203
0.68392
0.783142
0.859949
0.868726
0.862077
0.809358
0.737657
0.660618
0.618125
-0.437796
-0.421012
-0.360948
-0.276298
-0.180157
-0.0759437
0.0347309
0.153247
0.278985
0.413627
0.543337
0.654704
0.745837
0.829469
0.813625
0.69635
0.590802
0.516595
0.443193
0.473637
-0.468646
-0.438723
-0.377447
-0.293744
-0.197489
-0.0933645
0.0175257
0.135402
0.260102
0.393008
0.52004
0.627567
0.708732
0.753937
0.703191
0.551306
0.423877
0.332563
0.235082
0.284194
-0.492051
-0.459751
-0.396832
-0.31305
-0.216712
-0.112652
-0.00186516
0.115186
0.238497
0.369016
0.492297
0.593607
0.665371
0.674229
0.565454
0.393496
0.243068
0.125475
-0.00235816
0.0325302
-0.514954
-0.481322
-0.417133
-0.332498
-0.23612
-0.132223
-0.0219637
0.094116
0.215822
0.34354
0.462064
0.555337
0.611441
0.58833
0.427516
0.233082
0.0483511
-0.115299
-0.299103
-0.30912
-0.537369
-0.503301
-0.438235
-0.352873
-0.25637
-0.152715
-0.0431195
0.0718501
0.191677
0.316175
0.429177
0.514442
0.550406
0.490228
0.29609
0.0860541
-0.124222
-0.302229
-0.547685
-0.80782
-0.560124
-0.526031
-0.460462
-0.374635
-0.277965
-0.174492
-0.0654964
0.048322
0.166148
0.287151
0.394267
0.470924
0.484847
0.373421
0.180843
-0.031242
-0.234967
-0.39899
-0.47658
-0.583265
-0.584175
-0.549976
-0.484141
-0.398093
-0.301395
-0.198201
-0.0899029
0.0225844
0.138075
0.255037
0.355852
0.421133
0.40969
0.263768
0.0773664
-0.118121
-0.286014
-0.377849
-0.401143
-0.41731
-0.609788
-0.575445
-0.509435
-0.423323
-0.326789
-0.224053
-0.116697
-0.00585162
0.106867
0.219109
0.31315
0.363703
0.333695
0.161287
-0.01687
-0.187547
-0.316242
-0.355076
-0.367062
-0.368282
-0.63717
-0.602603
-0.536405
-0.450327
-0.354097
-0.252052
-0.145899
-0.0370363
0.0724584
0.179357
0.265715
0.30116
0.249709
0.0669143
-0.102284
-0.253686
-0.330857
-0.348063
-0.349055
-0.34885
-0.666378
-0.631512
-0.565075
-0.479105
-0.38334
-0.282188
-0.177514
-0.070985
0.0348591
0.135864
0.213561
0.236699
0.149341
-0.0191169
-0.180212
-0.303287
-0.340723
-0.338742
-0.338222
-0.33765
-0.697123
-0.662003
-0.595344
-0.509574
-0.414431
-0.314409
-0.211514
-0.107671
-0.00588753
0.0887477
0.157579
0.163733
0.0580956
-0.0988626
-0.241795
-0.318219
-0.328529
-0.330944
-0.331348
-0.331078
-0.728865
-0.693607
-0.626972
-0.541506
-0.447186
-0.348558
-0.247745
-0.146967
-0.049581
0.0383651
0.0983873
0.0896479
-0.0240569
-0.166366
-0.284615
-0.323221
-0.32746
-0.327147
-0.326644
-0.326309
-0.76113
-0.725749
-0.659515
-0.574503
-0.481264
-0.384315
-0.285925
-0.188589
-0.095926
-0.0145618
0.0348493
0.0181975
-0.0988878
-0.220281
-0.312401
-0.325581
-0.322421
-0.32303
-0.323183
-0.322907
-0.793041
-0.757731
-0.692058
-0.607987
-0.516123
-0.421207
-0.325598
-0.232056
-0.144477
-0.0693034
-0.0301974
-0.0481195
-0.164534
-0.258558
-0.314406
-0.32441
-0.32274
-0.321859
-0.321417
-0.321235
-0.823035
-0.788461
-0.723636
-0.64102
-0.550994
-0.458537
-0.366107
-0.276658
-0.194466
-0.12528
-0.0902448
-0.120992
-0.219089
-0.294328
-0.302685
-0.317424
-0.32082
-0.320056
-0.319783
-0.319618
-0.849495
-0.816018
-0.753176
-0.67241
-0.584835
-0.495371
-0.406591
-0.321506
-0.244732
-0.181715
-0.147083
-0.190148
-0.269724
-0.31818
-0.335144
-0.330546
-0.325341
-0.322273
-0.321802
-0.321524
-0.870314
-0.83851
-0.778572
-0.700769
-0.616374
-0.530561
-0.44597
-0.365552
-0.294029
-0.237252
-0.205136
-0.247474
-0.315756
-0.363727
-0.381652
-0.362561
-0.346112
-0.340331
-0.337984
-0.336658
-0.88325
-0.854118
-0.797907
-0.724191
-0.644121
-0.562787
-0.483024
-0.407605
-0.341195
-0.290034
-0.260711
-0.294246
-0.352221
-0.40715
-0.384596
-0.382653
-0.38306
-0.378132
-0.371824
-0.370364
-0.885647
-0.860501
-0.809257
-0.740886
-0.666384
-0.590705
-0.516426
-0.44643
-0.384997
-0.338415
-0.305644
-0.327814
-0.361778
-0.434888
-0.404766
-0.378022
-0.363603
-0.358021
-0.356604
-0.356621
-0.875393
-0.855085
-0.810474
-0.749263
-0.681708
-0.612795
-0.544904
-0.480746
-0.424198
-0.381204
-0.338961
-0.33463
-0.313705
-0.36942
-0.350071
-0.325295
-0.318956
-0.319842
-0.320894
-0.320461
-0.850209
-0.834985
-0.799718
-0.748103
-0.689138
-0.628121
-0.567329
-0.509315
-0.457697
-0.417639
-0.365932
-0.312058
-0.192539
-0.087422
-0.134733
-0.23148
-0.279169
-0.298698
-0.305518
-0.306976
-0.812825
-0.803001
-0.777794
-0.737563
-0.688681
-0.636464
-0.583177
-0.531183
-0.484528
-0.447142
-0.406441
-0.33009
-0.201229
-0.0477465
-0.161676
-0.274578
-0.336278
-0.363064
-0.374312
-0.378793
-0.770046
-0.764454
-0.749559
-0.720471
-0.682263
-0.638626
-0.592573
-0.546326
-0.503555
-0.470087
-0.44436
-0.45108
-0.553788
-0.724776
-0.787405
-0.712367
-0.621342
-0.577902
-0.566956
-0.564788
-0.73168
-0.728331
-0.721233
-0.702251
-0.672792
-0.636464
-0.596426
-0.554672
-0.514149
-0.483795
-0.464156
-0.557163
-0.752565
-0.951502
-0.943158
-0.816005
-0.736208
-0.696099
-0.670045
-0.666012
-0.704391
-0.702366
-0.698763
-0.687127
-0.664084
-0.632787
-0.596608
-0.556425
-0.515468
-0.476072
-0.452434
-0.439275
-0.481222
-0.558396
-0.672114
-0.748733
-0.780891
-0.756842
-0.671399
-0.632265
-0.683832
-0.683117
-0.681975
-0.676155
-0.658635
-0.630463
-0.594829
-0.554281
-0.508436
-0.459303
-0.426852
-0.385339
-0.327905
-0.251291
-0.208744
-0.193832
-0.179929
-0.167714
-0.11401
-0.0860771
-0.671736
-0.671465
-0.670857
-0.668127
-0.655834
-0.62941
-0.59277
-0.549792
-0.499107
-0.444528
-0.394062
-0.351578
-0.195357
0.0417454
0.27627
0.473632
0.556367
0.587849
0.594946
0.596207
-0.66354
-0.663372
-0.66284
-0.661839
-0.654406
-0.630203
-0.592241
-0.544042
-0.488692
-0.420972
-0.348993
-0.269659
-0.0662474
0.236555
0.534013
0.770078
0.87702
0.914685
0.92
0.917675
-0.658816
-0.658571
-0.657859
-0.657412
-0.653926
-0.633853
-0.593186
-0.540103
-0.476687
-0.399142
-0.310928
-0.211432
0.00343198
0.266649
0.504711
0.689747
0.805613
0.888921
0.946628
0.970577
-0.657939
-0.657997
-0.658141
-0.658145
-0.658397
-0.640952
-0.596209
-0.538125
-0.467628
-0.382834
-0.281411
-0.184145
0.025075
0.293297
0.547988
0.765056
0.922572
1.03516
1.10809
1.13639
-0.655963
-0.657414
-0.661247
-0.667563
-0.670598
-0.649015
-0.600211
-0.540242
-0.46589
-0.372876
-0.270067
-0.175692
0.00615353
0.271623
0.559539
0.814225
1.02065
1.15403
1.21961
1.23887
-0.654878
-0.65618
-0.656119
-0.652521
-0.648086
-0.634385
-0.602599
-0.550397
-0.471672
-0.374046
-0.271625
-0.175491
-0.0445168
0.22095
0.486111
0.719106
0.911461
1.03025
1.08257
1.09578
-0.684222
-0.682235
-0.665195
-0.623245
-0.586878
-0.600924
-0.614411
-0.568542
-0.48264
-0.380172
-0.280118
-0.185031
-0.0792262
0.124633
0.35272
0.545015
0.696668
0.785085
0.82224
0.830466
-0.748762
-0.745412
-0.740518
-0.726697
-0.715048
-0.713973
-0.690973
-0.604583
-0.498963
-0.388065
-0.288515
-0.200779
-0.120082
0.0294465
0.209935
0.356932
0.471368
0.534536
0.559649
0.563288
-0.879916
-0.896009
-0.940022
-0.985766
-0.98873
-0.946097
-0.821908
-0.659596
-0.516535
-0.393361
-0.296825
-0.220576
-0.160664
-0.0490078
0.0844001
0.192379
0.275802
0.318632
0.335468
0.336277
-0.997251
-1.02232
-1.06964
-1.10667
-1.10775
-1.05309
-0.888363
-0.685458
-0.518786
-0.39059
-0.29926
-0.234105
-0.19006
-0.11089
-0.0150044
0.0616025
0.115638
0.144103
0.153243
0.153411
-0.948706
-0.969858
-1.0075
-1.03912
-1.04122
-0.981054
-0.813972
-0.633603
-0.483021
-0.367543
-0.289704
-0.238396
-0.200971
-0.14855
-0.0920772
-0.0444915
-0.0124634
0.002251
0.00726548
0.00629996
-0.699439
-0.719854
-0.756083
-0.793463
-0.804766
-0.751557
-0.63135
-0.509994
-0.40581
-0.324669
-0.266505
-0.22741
-0.198815
-0.167212
-0.139237
-0.120882
-0.111582
-0.109405
-0.109287
-0.109806
-0.343887
-0.356787
-0.38243
-0.415185
-0.438007
-0.43245
-0.401164
-0.355305
-0.31008
-0.268182
-0.235235
-0.210488
-0.190867
-0.177469
-0.170214
-0.169451
-0.175527
-0.181077
-0.182424
-0.182439
-0.0489641
-0.0551965
-0.0719982
-0.101503
-0.140598
-0.176222
-0.20134
-0.21553
-0.217862
-0.210787
-0.202736
-0.195277
-0.187205
-0.183004
-0.184101
-0.192606
-0.202281
-0.208029
-0.208917
-0.20871
0.108084
0.104469
0.0923534
0.0659534
0.0232959
-0.0296395
-0.0789635
-0.117917
-0.144333
-0.161081
-0.173375
-0.184757
-0.191505
-0.185995
-0.18394
-0.187107
-0.193999
-0.197326
-0.19755
-0.197515
0.156643
0.154371
0.145407
0.124113
0.0876009
0.0405266
-0.0091685
-0.0546779
-0.0914736
-0.120298
-0.146086
-0.174962
-0.192196
-0.180711
-0.171734
-0.167902
-0.167486
-0.166865
-0.166397
-0.166656
0.152338
0.150809
0.144546
0.129266
0.102481
0.0663429
0.0250619
-0.0156703
-0.0524759
-0.0847736
-0.11535
-0.148812
-0.165131
-0.149422
-0.137165
-0.132485
-0.130383
-0.12974
-0.12981
-0.130293
0.130011
0.129068
0.125
0.114817
0.096487
0.0707063
0.0393844
0.00663018
-0.0246986
-0.0527258
-0.0770411
-0.099709
-0.107059
-0.0976926
-0.092722
-0.0921537
-0.0923596
-0.0927703
-0.0932906
-0.0937949
0.10473
0.104226
0.101751
0.0953143
0.0833278
0.065807
0.0436104
0.019374
-0.00418625
-0.0237722
-0.0359748
-0.0406043
-0.0359322
-0.0385362
-0.045281
-0.0512842
-0.054887
-0.0567341
-0.0576787
-0.0582229
0.0814864
0.0812247
0.0798411
0.0759804
0.0684907
0.0571016
0.0422421
0.0257212
0.00998768
-0.00092871
-0.000790593
0.0104581
0.0229102
0.0120565
-0.00319137
-0.01428
-0.0207627
-0.0237372
-0.0252204
-0.0257832
0.0614703
0.0613568
0.0606134
0.0584124
0.0539252
0.0468582
0.0374354
0.0270072
0.0179545
0.0146409
0.0233879
0.0420378
0.0565238
0.0425519
0.0251499
0.0131874
0.00702822
0.003741
0.00207815
0.00144901
0.0440197
0.0440198
0.0436952
0.0425892
0.040168
0.0361167
0.0306134
0.0246542
0.0204015
0.0218876
0.034715
0.0551073
0.0673635
0.0544606
0.0389929
0.0294017
0.024658
0.0221342
0.0205016
0.0198445
0.0287589
0.0288085
0.0287078
0.0282967
0.0271169
0.0250548
0.0221391
0.0191201
0.0177219
0.0212771
0.0340065
0.0525271
0.0605481
0.049196
0.0387782
0.0331575
0.0304278
0.0289346
0.0275806
0.0269209
0.0151506
0.015225
0.0152505
0.0151362
0.014734
0.0138832
0.0126637
0.0114336
0.0112963
0.0142241
0.0236711
0.0369872
0.0405992
0.0316239
0.0254447
0.0238462
0.0237558
0.0236994
0.022788
0.022107
0.00264292
0.00269184
0.00267503
0.00278041
0.002922
0.00292162
0.002695
0.00237778
0.00227777
0.0026908
0.00421601
0.0078127
0.0110425
0.0106201
0.00855545
0.00810128
0.00744641
0.00511665
0.0044768
0.00451601
-0.114296
0.0726632
0.272089
0.439226
0.572079
0.676181
0.762419
0.835003
0.864954
0.84886
0.207995
0.330539
0.458561
0.568856
0.66144
0.737948
0.799506
0.842711
0.865176
0.878133
0.425469
0.508352
0.595308
0.672533
0.738654
0.793859
0.837611
0.869877
0.893657
0.911605
0.583833
0.642725
0.70357
0.760019
0.808892
0.850309
0.884382
0.911959
0.934426
0.952733
0.707945
0.750126
0.796821
0.839611
0.877848
0.911261
0.939925
0.964115
0.983871
1.00184
0.811087
0.843913
0.882118
0.917296
0.949567
0.978623
1.00411
1.02574
1.04274
1.06035
0.903205
0.931946
0.965806
0.997846
1.02763
1.05471
1.07848
1.09828
1.11286
1.13031
0.991518
1.02085
1.05471
1.08675
1.11628
1.14282
1.16569
1.1841
1.19673
1.21419
1.08667
1.12019
1.15654
1.19018
1.22016
1.24626
1.26813
1.28519
1.29661
1.31441
1.20145
1.23997
1.27815
1.31231
1.34152
1.36615
1.38641
1.40208
1.4134
1.43173
1.34609
1.38554
1.42106
1.45143
1.47697
1.49899
1.51798
1.53348
1.54612
1.56424
1.52077
1.55281
1.57857
1.60089
1.62091
1.63964
1.65725
1.67379
1.68952
1.70771
1.70834
1.72589
1.7414
1.75798
1.77412
1.78866
1.80167
1.81564
1.83272
1.85239
1.88992
1.90088
1.91302
1.9238
1.93305
1.9426
1.95347
1.96506
1.975
1.99017
2.10091
2.10293
2.08777
2.07254
2.06615
2.07181
2.09041
2.12082
2.15296
2.1837
2.40683
2.26978
2.19348
2.15137
2.13392
2.13796
2.16531
2.22146
2.32491
2.54019
0.724131
0.720756
0.714831
0.705027
0.692089
0.679672
0.66937
0.66144
0.655806
0.652554
0.652221
0.654998
0.660148
0.667422
0.676877
0.688578
0.701717
0.713714
0.721173
0.725895
0.642134
0.64802
0.654926
0.660168
0.663019
0.662697
0.659802
0.655894
0.65235
0.650091
0.649968
0.652204
0.655923
0.660302
0.664266
0.666279
0.665175
0.66109
0.655201
0.648157
0.63446
0.636807
0.640159
0.643069
0.64529
0.647098
0.648067
0.647827
0.646817
0.64595
0.646154
0.647615
0.64946
0.650762
0.650824
0.649665
0.647866
0.645531
0.64238
0.639418
0.629291
0.630378
0.632245
0.63463
0.636595
0.637993
0.6391
0.639975
0.640466
0.640744
0.641273
0.642097
0.642672
0.642664
0.64216
0.641301
0.639906
0.637857
0.635751
0.634338
0.624161
0.624816
0.625926
0.62765
0.62946
0.631084
0.632362
0.633405
0.634352
0.635209
0.635985
0.636549
0.63673
0.636554
0.636014
0.635
0.633574
0.63201
0.630692
0.629911
0.619193
0.619648
0.620433
0.621732
0.623231
0.624772
0.626251
0.627556
0.628717
0.62982
0.630784
0.631384
0.631557
0.631316
0.630644
0.629657
0.628529
0.627402
0.626497
0.625978
0.614345
0.614685
0.615296
0.616366
0.617661
0.619049
0.620511
0.62198
0.623378
0.624696
0.625858
0.626601
0.626823
0.626579
0.625995
0.625228
0.624391
0.623537
0.622874
0.622494
0.609575
0.609839
0.610332
0.611243
0.612417
0.613722
0.615134
0.61665
0.618226
0.619792
0.621201
0.622131
0.62248
0.622393
0.622024
0.621486
0.620856
0.620231
0.619749
0.619459
0.604803
0.605013
0.605423
0.606225
0.60732
0.608579
0.609981
0.611543
0.613256
0.615069
0.616772
0.617969
0.618562
0.618724
0.618593
0.618281
0.61786
0.617428
0.617086
0.616859
0.599944
0.600113
0.600465
0.601194
0.602243
0.603483
0.604916
0.606564
0.608437
0.610511
0.612566
0.614129
0.615053
0.615509
0.615637
0.615558
0.615353
0.615097
0.614871
0.61469
0.594908
0.595045
0.595355
0.59604
0.597074
0.59834
0.599842
0.601621
0.603708
0.606099
0.608584
0.610602
0.611925
0.612722
0.613143
0.613315
0.613323
0.613237
0.613111
0.612965
0.589606
0.589715
0.589999
0.590665
0.591718
0.593055
0.594671
0.596634
0.599004
0.601798
0.604812
0.607377
0.609168
0.610361
0.611114
0.611559
0.611792
0.611878
0.611838
0.61172
0.58394
0.584026
0.584294
0.584966
0.586075
0.587524
0.589309
0.591524
0.594257
0.597559
0.601222
0.604445
0.606791
0.608442
0.609571
0.610336
0.610818
0.611066
0.611103
0.611006
0.5778
0.577866
0.578127
0.578827
0.58003
0.58164
0.583657
0.586204
0.589398
0.593335
0.59779
0.601801
0.604808
0.606997
0.608559
0.609682
0.610441
0.610865
0.610976
0.610896
0.571056
0.571102
0.571365
0.572116
0.573453
0.575279
0.577602
0.580574
0.584352
0.589071
0.594488
0.599449
0.60324
0.606066
0.608136
0.609661
0.610739
0.611355
0.611538
0.611471
0.563551
0.56358
0.563848
0.564672
0.566187
0.568295
0.571009
0.57452
0.579027
0.584709
0.591295
0.597392
0.602114
0.60569
0.608363
0.610371
0.611811
0.61263
0.612886
0.612829
0.555082
0.555096
0.555371
0.556295
0.558044
0.560498
0.563715
0.567908
0.573324
0.580187
0.588188
0.595645
0.60147
0.605929
0.609315
0.611898
0.613748
0.614794
0.615123
0.615072
0.545348
0.545334
0.545665
0.546731
0.548762
0.551676
0.555533
0.560583
0.56713
0.575447
0.585157
0.59423
0.601356
0.606855
0.611075
0.61433
0.616658
0.617952
0.618352
0.618305
0.534047
0.534009
0.534387
0.535646
0.538049
0.541552
0.546221
0.552356
0.560321
0.570428
0.582198
0.593181
0.601827
0.608542
0.613742
0.61777
0.620644
0.622202
0.622671
0.622623
0.520692
0.520628
0.521085
0.522598
0.525488
0.529758
0.53548
0.543007
0.55276
0.565072
0.579313
0.592537
0.602941
0.611055
0.617396
0.622313
0.625793
0.627623
0.628153
0.628098
0.504627
0.504535
0.505118
0.506985
0.510525
0.515823
0.52294
0.532283
0.544312
0.559344
0.57653
0.592356
0.604766
0.614467
0.6221
0.628022
0.632162
0.634257
0.634831
0.634762
0.484906
0.484788
0.485575
0.487956
0.492413
0.499138
0.508161
0.519924
0.534883
0.553267
0.573928
0.592719
0.607377
0.618846
0.627889
0.634937
0.639752
0.642081
0.642671
0.64258
0.460094
0.459963
0.461088
0.464267
0.470111
0.478925
0.490652
0.50571
0.524454
0.546938
0.571635
0.593735
0.610846
0.624232
0.634812
0.64303
0.648488
0.650978
0.651546
0.651426
0.427864
0.427761
0.429498
0.434058
0.442213
0.454286
0.469984
0.48957
0.513158
0.540564
0.569846
0.595542
0.615246
0.630648
0.642824
0.652217
0.658186
0.66072
0.661216
0.661062
0.384041
0.384108
0.387186
0.394625
0.407082
0.424476
0.446057
0.471743
0.501355
0.534493
0.568821
0.598297
0.620657
0.63809
0.651846
0.662302
0.668539
0.670942
0.671317
0.671129
0.320805
0.322026
0.32953
0.343468
0.363792
0.389651
0.419509
0.452954
0.489684
0.5292
0.568852
0.602152
0.627118
0.646492
0.661659
0.67287
0.679066
0.681107
0.681316
0.68111
0.245626
0.247725
0.262184
0.286141
0.317365
0.353208
0.392067
0.433755
0.478087
0.524598
0.570364
0.608323
0.636582
0.658367
0.675164
0.68704
0.692976
0.694712
0.694874
0.694755
0.168332
0.174788
0.196279
0.230472
0.272163
0.317725
0.365561
0.415548
0.467562
0.521161
0.573181
0.615911
0.647489
0.671707
0.690255
0.70238
0.707618
0.708861
0.708961
0.708915
0.105208
0.11382
0.139845
0.181132
0.231035
0.28487
0.340813
0.398584
0.457948
0.518388
0.576396
0.623602
0.658247
0.684547
0.704155
0.71634
0.721287
0.72243
0.722555
0.722566
0.0537609
0.0629881
0.092565
0.139098
0.195164
0.255653
0.318455
0.383107
0.44919
0.51604
0.579741
0.631212
0.668724
0.696991
0.71778
0.730296
0.735047
0.736165
0.736368
0.736426
0.0107521
0.0202474
0.0522665
0.102811
0.163939
0.229955
0.29856
0.369211
0.441332
0.514115
0.583211
0.638776
0.679078
0.709279
0.731238
0.74417
0.7491
0.75043
0.750659
0.750745
-0.0262273
-0.0166327
0.0172073
0.0709634
0.13629
0.207029
0.280697
0.356674
0.434279
0.512564
0.586761
0.646262
0.689288
0.721395
0.744643
0.758252
0.763535
0.764966
0.765196
0.765282
-0.0588638
-0.0492415
-0.0140074
0.042467
0.111312
0.186131
0.264297
0.345082
0.427719
0.511137
0.590191
0.653497
0.699176
0.733188
0.757616
0.772031
0.777722
0.779268
0.779491
0.779558
-0.0884442
-0.0787869
-0.0424099
0.016412
0.0882696
0.166669
0.24884
0.333994
0.421291
0.509572
0.593295
0.660289
0.708542
0.744348
0.769977
0.785066
0.791206
0.792871
0.793093
0.793143
-0.115859
-0.106165
-0.0687916
-0.00792589
0.0666046
0.148181
0.233939
0.323083
0.414728
0.507629
0.595871
0.666465
0.71721
0.754735
0.781431
0.797194
0.803748
0.805488
0.805691
0.805711
-0.141692
-0.131929
-0.0936283
-0.0310458
0.0459011
0.130323
0.219316
0.312109
0.407798
0.505102
0.597767
0.671927
0.725118
0.764291
0.791997
0.808217
0.815044
0.816863
0.817052
0.817039
-0.166418
-0.156523
-0.117341
-0.0532559
0.0258853
0.112845
0.204762
0.300889
0.40035
0.501864
0.598882
0.67663
0.73226
0.772999
0.801582
0.818156
0.82512
0.826947
0.827124
0.827071
-0.190326
-0.180219
-0.140323
-0.0747332
0.00636257
0.0955798
0.190138
0.289316
0.392284
0.497818
0.599134
0.68054
0.738671
0.780949
0.810282
0.827082
0.834024
0.835833
0.835983
0.835917
-0.213526
-0.203228
-0.162616
-0.0956114
-0.0127983
0.078447
0.175377
0.277327
0.383536
0.492882
0.598456
0.683643
0.744413
0.78828
0.818249
0.835101
0.841936
0.84366
0.84377
0.843676
-0.236206
-0.225633
-0.184267
-0.115994
-0.0316553
0.0613984
0.160446
0.264896
0.37408
0.487022
0.596787
0.685914
0.749554
0.795136
0.825682
0.842421
0.848998
0.850571
0.85063
0.850514
-0.25832
-0.247491
-0.205414
-0.135943
-0.0502237
0.0444321
0.145362
0.252045
0.363926
0.480212
0.59407
0.687306
0.754142
0.801681
0.83279
0.849199
0.85533
0.85667
0.856649
0.856512
-0.279948
-0.268818
-0.225997
-0.155452
-0.0684958
0.0275686
0.130155
0.23882
0.353113
0.47246
0.590257
0.687751
0.758174
0.808053
0.839833
0.855688
0.861051
0.862007
0.861897
0.86176
-0.300924
-0.289572
-0.246008
-0.174483
-0.0864338
0.0108692
0.114883
0.225281
0.341702
0.463813
0.585314
0.687159
0.761584
0.814339
0.847139
0.862312
0.866494
0.866745
0.866472
0.866349
-0.321384
-0.309705
-0.265442
-0.193028
-0.104012
-0.00563336
0.0996294
0.211504
0.329773
0.45434
0.579237
0.685421
0.764234
0.820501
0.854985
0.869719
0.872327
0.871213
0.870479
0.870407
-0.341178
-0.329194
-0.284279
-0.211045
-0.121161
-0.0218595
0.0844724
0.197602
0.317428
0.444098
0.572052
0.682419
0.765927
0.826333
0.863404
0.878628
0.879895
0.876626
0.874392
0.873732
-0.360358
-0.348089
-0.302467
-0.228489
-0.137848
-0.0377443
0.0694931
0.183652
0.304772
0.433216
0.563819
0.678035
0.76642
0.831452
0.871933
0.889224
0.89081
0.885865
0.879657
0.87121
-0.378852
-0.366353
-0.320088
-0.245516
-0.154284
-0.0535553
0.0543658
0.169265
0.291377
0.421214
0.554041
0.671742
0.76529
0.835602
0.880011
0.900983
0.905557
0.90023
0.889383
0.886067
-0.396609
-0.383979
-0.337136
-0.262092
-0.17047
-0.0692695
0.0391088
0.154423
0.277198
0.407968
0.542514
0.663108
0.761737
0.837987
0.885728
0.909829
0.916682
0.914151
0.876271
0.829412
-0.413343
-0.400301
-0.35353
-0.278131
-0.186461
-0.0849943
0.0236837
0.139243
0.262286
0.393515
0.529135
0.651839
0.754556
0.837855
0.886999
0.906977
0.913278
0.891961
0.83476
0.774267
-0.430846
-0.41522
-0.369013
-0.293029
-0.201827
-0.100389
0.00780909
0.123768
0.246762
0.378006
0.513884
0.63769
0.742248
0.835592
0.8814
0.909539
0.876345
0.824958
0.753085
0.686129
-0.418053
-0.397748
-0.346582
-0.266145
-0.168565
-0.0642624
0.049381
0.16835
0.294773
0.430433
0.561559
0.674288
0.772134
0.867089
0.893697
0.817314
0.761496
0.692763
0.618699
0.570116
-0.437614
-0.424357
-0.387234
-0.315956
-0.225245
-0.125074
-0.0165618
0.0989169
0.221325
0.35164
0.48623
0.609317
0.711937
0.800782
0.870123
0.849788
0.728971
0.641492
0.575644
0.493728
-0.458333
-0.443999
-0.40199
-0.329539
-0.238208
-0.138395
-0.0309498
0.0835925
0.20509
0.334098
0.467177
0.588658
0.688337
0.764468
0.790588
0.704126
0.561761
0.464188
0.387605
0.300808
-0.4793
-0.466881
-0.420739
-0.347301
-0.255925
-0.155633
-0.0481857
0.0660956
0.186746
0.314344
0.444736
0.561837
0.652403
0.712762
0.688397
0.55249
0.399865
0.28243
0.184466
0.0531726
-0.502205
-0.489685
-0.441488
-0.366818
-0.27535
-0.174972
-0.0676628
0.0460614
0.165628
0.291367
0.418367
0.529819
0.610696
0.649193
0.587007
0.403254
0.224951
0.0753887
-0.0624809
-0.249743
-0.524462
-0.51218
-0.462847
-0.386959
-0.2951
-0.194802
-0.0879079
0.0249663
0.143171
0.266623
0.38968
0.494653
0.567519
0.570556
0.458339
0.260274
0.0522432
-0.139225
-0.310811
-0.688633
-0.546889
-0.534852
-0.48499
-0.408267
-0.316067
-0.215768
-0.109306
0.00268045
0.119378
0.240251
0.358922
0.456423
0.517341
0.487637
0.33349
0.131812
-0.083526
-0.283595
-0.45218
-0.744633
-0.570238
-0.558337
-0.508199
-0.430974
-0.338555
-0.238248
-0.132182
-0.0210764
0.0940292
0.212098
0.326058
0.415577
0.460931
0.412397
0.220852
0.0248233
-0.175593
-0.342569
-0.411766
-0.450304
-0.595049
-0.583275
-0.532858
-0.455362
-0.362931
-0.262804
-0.1573
-0.0473191
0.0658443
0.180573
0.289129
0.369989
0.398024
0.312822
0.119523
-0.0656327
-0.234302
-0.341343
-0.376935
-0.385481
-0.621576
-0.60976
-0.559131
-0.481458
-0.389144
-0.289392
-0.184681
-0.0761025
0.0347271
0.145568
0.247947
0.319907
0.32128
0.206206
0.0266597
-0.144177
-0.28581
-0.341753
-0.353194
-0.357067
-0.649903
-0.637991
-0.587094
-0.509283
-0.417199
-0.318017
-0.214333
-0.107472
0.000639398
0.10711
0.202544
0.264915
0.24155
0.10631
-0.058928
-0.218715
-0.318969
-0.345022
-0.34307
-0.343217
-0.679798
-0.668086
-0.616708
-0.538807
-0.447064
-0.348637
-0.246244
-0.141417
-0.036402
0.065216
0.153234
0.203726
0.170477
0.0147893
-0.136414
-0.276353
-0.319746
-0.330094
-0.33393
-0.334148
-0.7111
-0.699394
-0.64776
-0.569871
-0.478608
-0.381152
-0.280325
-0.177862
-0.0763303
0.0200657
0.100254
0.139431
0.0986016
-0.0632873
-0.203851
-0.301293
-0.341503
-0.330874
-0.329089
-0.328856
-0.743296
-0.731538
-0.679949
-0.602147
-0.511543
-0.415315
-0.316343
-0.216599
-0.118933
-0.0279627
0.0440044
0.0740842
0.0135082
-0.131032
-0.256444
-0.309472
-0.324142
-0.325304
-0.325089
-0.324775
-0.775669
-0.763896
-0.712402
-0.635068
-0.545417
-0.450709
-0.353937
-0.257263
-0.163847
-0.0784396
-0.0142327
0.00131554
-0.0674283
-0.18731
-0.286795
-0.315369
-0.319017
-0.322344
-0.322449
-0.322378
-0.806956
-0.795559
-0.74425
-0.667939
-0.579533
-0.48672
-0.392536
-0.299282
-0.210445
-0.130883
-0.0723867
-0.0702419
-0.138524
-0.23624
-0.300854
-0.347343
-0.327377
-0.321883
-0.320698
-0.320492
-0.835637
-0.824749
-0.774484
-0.699365
-0.612931
-0.522497
-0.431369
-0.341898
-0.257843
-0.184342
-0.130093
-0.133505
-0.205047
-0.275966
-0.317432
-0.313953
-0.320431
-0.320534
-0.320133
-0.320108
-0.860082
-0.849864
-0.801115
-0.728216
-0.644366
-0.556926
-0.469427
-0.384164
-0.304976
-0.237389
-0.188355
-0.19061
-0.261968
-0.317995
-0.334714
-0.348979
-0.33913
-0.329952
-0.3274
-0.326895
-0.877888
-0.868582
-0.82219
-0.752514
-0.672338
-0.588772
-0.505511
-0.424942
-0.350716
-0.288652
-0.245491
-0.243312
-0.306932
-0.363597
-0.381049
-0.376524
-0.367524
-0.363603
-0.358772
-0.355065
-0.886944
-0.878484
-0.83563
-0.770342
-0.69505
-0.616521
-0.538336
-0.462929
-0.393876
-0.336845
-0.297365
-0.28972
-0.338518
-0.393603
-0.412078
-0.38964
-0.385773
-0.380957
-0.37597
-0.372406
-0.883177
-0.876201
-0.839647
-0.779859
-0.710817
-0.638618
-0.566505
-0.496914
-0.433192
-0.380599
-0.342311
-0.322692
-0.339456
-0.376203
-0.425582
-0.374773
-0.350419
-0.340958
-0.339727
-0.339452
-0.864945
-0.860181
-0.831549
-0.779682
-0.718367
-0.653806
-0.588799
-0.525615
-0.467429
-0.419011
-0.38163
-0.347063
-0.288804
-0.221797
-0.245719
-0.263832
-0.288061
-0.301355
-0.306367
-0.307669
-0.83285
-0.829412
-0.80995
-0.768884
-0.717242
-0.661546
-0.604461
-0.548002
-0.495508
-0.450949
-0.418873
-0.361965
-0.238898
-0.052751
-0.00500373
-0.148333
-0.254948
-0.302586
-0.319903
-0.325665
-0.79156
-0.789389
-0.778338
-0.749575
-0.708526
-0.662369
-0.613484
-0.563805
-0.516343
-0.476189
-0.445593
-0.407346
-0.357542
-0.322148
-0.359054
-0.431788
-0.453733
-0.456059
-0.459291
-0.462743
-0.749719
-0.748447
-0.743057
-0.726236
-0.695886
-0.658122
-0.616786
-0.573188
-0.530059
-0.492483
-0.465673
-0.480056
-0.622079
-0.899807
-1.01364
-0.901993
-0.765053
-0.706294
-0.675931
-0.665751
-0.716475
-0.715802
-0.713133
-0.703531
-0.682406
-0.652022
-0.616268
-0.576806
-0.536017
-0.497236
-0.476092
-0.466357
-0.577622
-0.673002
-0.798008
-0.807892
-0.787592
-0.746082
-0.684749
-0.655029
-0.693268
-0.692557
-0.691175
-0.687253
-0.672534
-0.647183
-0.614218
-0.576447
-0.533805
-0.490214
-0.451033
-0.406848
-0.397169
-0.385897
-0.409171
-0.459554
-0.513634
-0.529569
-0.455843
-0.404462
-0.677178
-0.67693
-0.676368
-0.674487
-0.666184
-0.644613
-0.612744
-0.573493
-0.528771
-0.478769
-0.42775
-0.404525
-0.331888
-0.180637
-0.0335433
0.0943459
0.180156
0.211961
0.244181
0.272125
-0.667214
-0.667165
-0.666807
-0.666039
-0.661943
-0.643886
-0.61208
-0.570236
-0.521683
-0.463688
-0.40285
-0.34917
-0.238564
0.0183232
0.310432
0.601382
0.769725
0.82145
0.829038
0.820433
-0.66067
-0.660645
-0.660248
-0.659627
-0.658014
-0.645138
-0.613455
-0.56787
-0.512702
-0.448474
-0.370131
-0.287395
-0.148056
0.116837
0.395344
0.634029
0.790021
0.873616
0.919701
0.941567
-0.658006
-0.657897
-0.657437
-0.656517
-0.655445
-0.649448
-0.617666
-0.567656
-0.506659
-0.434098
-0.343287
-0.247628
-0.0976013
0.154521
0.404045
0.624844
0.781291
0.892362
0.977899
1.02758
-0.657406
-0.657809
-0.659102
-0.661755
-0.665094
-0.659297
-0.624249
-0.5698
-0.504589
-0.422612
-0.326162
-0.226378
-0.0978047
0.151731
0.427156
0.691281
0.910268
1.06646
1.1642
1.2083
-0.65308
-0.654392
-0.656715
-0.662282
-0.669189
-0.661788
-0.626433
-0.57552
-0.50861
-0.422017
-0.323227
-0.217697
-0.110767
0.110593
0.395981
0.661863
0.892653
1.06257
1.15483
1.18855
-0.664117
-0.664953
-0.662124
-0.646086
-0.621132
-0.610985
-0.613755
-0.587542
-0.520199
-0.428429
-0.326399
-0.22448
-0.138887
0.0507045
0.303589
0.534692
0.731609
0.870636
0.941659
0.965871
-0.711467
-0.710024
-0.700505
-0.670508
-0.628709
-0.615882
-0.639829
-0.618283
-0.539484
-0.437999
-0.333427
-0.236695
-0.15271
-0.0222901
0.182753
0.368796
0.521628
0.625687
0.675739
0.692125
-0.808472
-0.804691
-0.819232
-0.84698
-0.865365
-0.846783
-0.808105
-0.695056
-0.569337
-0.448199
-0.339766
-0.250297
-0.177194
-0.0879927
0.0705834
0.210287
0.325399
0.40024
0.434556
0.443975
-0.954302
-0.958892
-0.998145
-1.0533
-1.07939
-1.05547
-0.960693
-0.771706
-0.596087
-0.453925
-0.344002
-0.262048
-0.200122
-0.139775
-0.0224281
0.0800901
0.160671
0.212237
0.234973
0.241244
-0.996786
-1.00757
-1.04235
-1.0807
-1.10146
-1.07664
-0.968855
-0.766502
-0.582861
-0.440032
-0.335605
-0.264685
-0.212451
-0.172446
-0.0933875
-0.0233254
0.029563
0.0614562
0.0747959
0.0777233
-0.844528
-0.854531
-0.88561
-0.924198
-0.9487
-0.926739
-0.813053
-0.651903
-0.509539
-0.394894
-0.310885
-0.255049
-0.213947
-0.181841
-0.138173
-0.101279
-0.074399
-0.0615333
-0.05671
-0.0560403
-0.520034
-0.530324
-0.555355
-0.591301
-0.620552
-0.618957
-0.559084
-0.475575
-0.393808
-0.326659
-0.272618
-0.23389
-0.205425
-0.183627
-0.16395
-0.151316
-0.147842
-0.149021
-0.151384
-0.151529
-0.17852
-0.184183
-0.198764
-0.22501
-0.258918
-0.281701
-0.292207
-0.2879
-0.272677
-0.250869
-0.228324
-0.210207
-0.194561
-0.183262
-0.179324
-0.181253
-0.189169
-0.197595
-0.201256
-0.20119
0.0479423
0.0450279
0.0364519
0.0157623
-0.0197649
-0.0680497
-0.113343
-0.148189
-0.171396
-0.182232
-0.18641
-0.188747
-0.189624
-0.186297
-0.184277
-0.188634
-0.196815
-0.204554
-0.206828
-0.206622
0.142864
0.141203
0.135498
0.118854
0.0864477
0.0392032
-0.013236
-0.0622976
-0.100866
-0.128867
-0.149657
-0.170308
-0.190272
-0.190959
-0.181992
-0.178987
-0.181017
-0.183379
-0.183549
-0.18336
0.158828
0.157784
0.153752
0.141409
0.116473
0.0788061
0.0343949
-0.0114218
-0.0524529
-0.0868197
-0.116401
-0.148074
-0.178663
-0.176559
-0.162131
-0.153389
-0.150382
-0.14901
-0.148266
-0.148386
0.142351
0.141789
0.139105
0.130717
0.113366
0.0864334
0.0526016
0.015199
-0.0207275
-0.0532984
-0.082584
-0.111912
-0.137344
-0.13094
-0.119532
-0.113655
-0.111572
-0.111149
-0.111248
-0.111743
0.117373
0.117134
0.11547
0.110104
0.0986822
0.0803597
0.0561647
0.0280865
-0.000274903
-0.0262565
-0.0473059
-0.0641909
-0.0732327
-0.068165
-0.0680643
-0.0704816
-0.0726402
-0.0740959
-0.0749306
-0.0755741
0.0926648
0.0926303
0.0917015
0.0884872
0.0813306
0.0694066
0.0530306
0.0334623
0.0131836
-0.00475358
-0.0159688
-0.0166257
-0.0087051
-0.00640508
-0.0170561
-0.0276187
-0.0348179
-0.038645
-0.0403901
-0.0412742
0.0710543
0.0710991
0.0705752
0.0687393
0.0644367
0.0569876
0.0463986
0.0335396
0.0203835
0.0101131
0.00868435
0.0198642
0.0372255
0.0372859
0.0207413
0.00661512
-0.00294383
-0.00773982
-0.0101388
-0.0111654
0.0523647
0.0524718
0.0522322
0.0512724
0.0488838
0.0444887
0.0380584
0.0302295
0.0226279
0.0182921
0.0234226
0.040515
0.0600237
0.0594795
0.0411442
0.0276123
0.0200057
0.0157337
0.0133181
0.0121994
0.0360844
0.0362035
0.0361482
0.0357154
0.0345436
0.0322239
0.0286539
0.0243426
0.0205377
0.0198346
0.0278157
0.0462196
0.0636458
0.0614313
0.0463829
0.0362299
0.0308423
0.0279448
0.0260987
0.0250759
0.0217322
0.021851
0.0218823
0.0217649
0.0212634
0.0201971
0.0184805
0.0163884
0.0148589
0.0157501
0.0231407
0.0398139
0.0516105
0.0482576
0.0370461
0.030807
0.0289016
0.0283885
0.0272044
0.0262544
0.00268344
0.00267793
0.00270302
0.00288229
0.00295353
0.00283265
0.00252941
0.00230836
0.00244279
0.00332997
0.00560465
0.00945912
0.0128092
0.00904693
0.00824531
0.00773391
0.00644285
0.00458091
0.00459523
0.0157448
-1.01652
-0.40635
0.0149779
0.265182
0.447652
0.586606
0.694125
0.781921
0.876423
0.953332
-0.0748091
0.123238
0.295527
0.443116
0.565772
0.665478
0.746519
0.812343
0.852311
0.857753
0.256165
0.371444
0.479985
0.579057
0.663918
0.735324
0.79363
0.83762
0.866683
0.884729
0.462771
0.540762
0.615961
0.685875
0.747026
0.799061
0.841832
0.875496
0.901813
0.920664
0.61429
0.667157
0.725472
0.776576
0.822505
0.862364
0.896221
0.924495
0.948039
0.964761
0.734713
0.775282
0.819871
0.859591
0.896158
0.929032
0.957876
0.982705
1.00355
1.01757
0.836065
0.870665
0.906442
0.940591
0.972481
1.00181
1.028
1.05062
1.06916
1.08078
0.928495
0.959822
0.992712
1.02526
1.05583
1.08402
1.10908
1.13036
1.147
1.15672
1.01901
1.05191
1.08627
1.12028
1.15151
1.17968
1.20416
1.22437
1.23941
1.24824
1.12064
1.15853
1.19613
1.23229
1.26427
1.29198
1.3153
1.33409
1.34789
1.35729
1.24725
1.28998
1.32891
1.36435
1.39455
1.42006
1.44152
1.45898
1.47237
1.4836
1.40851
1.45005
1.48359
1.51257
1.53695
1.55842
1.57795
1.59529
1.61024
1.62395
1.59892
1.62834
1.64994
1.66905
1.68729
1.70461
1.72073
1.73641
1.7531
1.77033
1.79547
1.80609
1.81835
1.83287
1.84739
1.8603
1.87157
1.88239
1.8951
1.91066
1.98241
1.992
2.00161
2.00363
2.00419
2.00839
2.0192
2.03552
2.05286
2.05755
2.28704
2.22817
2.17645
2.13642
2.11404
2.10994
2.12349
2.1572
2.21317
2.2925
0.85887
0.801763
0.759372
0.72584
0.701517
0.684112
0.67163
0.662683
0.656554
0.653069
0.652695
0.655589
0.66107
0.669048
0.679991
0.694978
0.715757
0.744502
0.782949
0.831039
0.66324
0.672271
0.678416
0.679032
0.675059
0.668673
0.662098
0.656576
0.65272
0.651072
0.652271
0.655904
0.66124
0.667817
0.674821
0.680546
0.682596
0.679267
0.670917
0.663731
0.638765
0.640863
0.645462
0.649217
0.652228
0.653985
0.653769
0.651996
0.649775
0.6482
0.648232
0.650089
0.652856
0.655541
0.65704
0.656521
0.654221
0.651008
0.646903
0.642469
0.632549
0.633449
0.635955
0.638595
0.640539
0.642002
0.643172
0.64375
0.643661
0.643432
0.643805
0.644908
0.645998
0.646414
0.645962
0.644965
0.643556
0.641419
0.638817
0.636795
0.627055
0.62752
0.62893
0.630981
0.632919
0.634447
0.635589
0.636551
0.637347
0.637979
0.638642
0.639288
0.639579
0.639436
0.638949
0.638036
0.636573
0.634734
0.633073
0.632049
0.621909
0.622198
0.623114
0.624588
0.626235
0.627852
0.629265
0.630435
0.631485
0.632482
0.633355
0.633914
0.634073
0.633869
0.633247
0.632203
0.630908
0.629588
0.628512
0.627887
0.61694
0.617144
0.617831
0.619003
0.620387
0.621845
0.623332
0.624741
0.626022
0.627226
0.628284
0.628951
0.629143
0.628881
0.628227
0.627343
0.626373
0.625391
0.624617
0.624177
0.612096
0.612251
0.612797
0.613781
0.615009
0.61635
0.617786
0.619285
0.62078
0.62222
0.623499
0.624328
0.624599
0.624416
0.623935
0.623284
0.622552
0.621816
0.621249
0.620918
0.607305
0.607427
0.607874
0.608724
0.609855
0.611137
0.612541
0.614076
0.61572
0.617409
0.618959
0.62001
0.620467
0.620497
0.620248
0.619822
0.619294
0.618765
0.618357
0.618102
0.602477
0.602575
0.602953
0.603714
0.604783
0.606031
0.607446
0.609046
0.610832
0.61277
0.614641
0.616009
0.616758
0.617061
0.617059
0.61686
0.616544
0.616199
0.615919
0.615717
0.597521
0.597602
0.597931
0.598634
0.599672
0.600923
0.602388
0.604095
0.606066
0.608289
0.610548
0.612327
0.613442
0.614061
0.614334
0.614375
0.614275
0.614102
0.613928
0.613766
0.592348
0.592415
0.59271
0.593381
0.59442
0.595721
0.597277
0.59914
0.601358
0.603938
0.606673
0.608953
0.610499
0.611486
0.612073
0.612374
0.612495
0.612488
0.612405
0.612275
0.586863
0.586919
0.587192
0.587857
0.588933
0.590326
0.592023
0.594102
0.596641
0.599674
0.602996
0.605875
0.607931
0.609342
0.610283
0.610876
0.61123
0.611393
0.611393
0.611286
0.580963
0.58101
0.581272
0.581953
0.583103
0.584633
0.58653
0.5889
0.591847
0.595449
0.599488
0.603087
0.605748
0.607654
0.609
0.609937
0.610546
0.610877
0.610952
0.610864
0.574528
0.574566
0.574826
0.575545
0.576808
0.578527
0.580692
0.583437
0.586905
0.591212
0.596124
0.600589
0.603969
0.606462
0.608278
0.609592
0.610492
0.611009
0.611157
0.611085
0.567415
0.567444
0.567709
0.568489
0.569906
0.571875
0.574388
0.577611
0.581732
0.586906
0.59288
0.598383
0.602618
0.605802
0.608175
0.609924
0.611162
0.611878
0.612099
0.612038
0.559444
0.559463
0.559743
0.560605
0.562224
0.564511
0.567467
0.571297
0.576231
0.582472
0.589731
0.596479
0.601728
0.605725
0.608757
0.611031
0.612651
0.613583
0.613877
0.613825
0.550378
0.550402
0.550711
0.551671
0.553543
0.55623
0.559756
0.56435
0.570297
0.577849
0.586663
0.594894
0.601343
0.606299
0.610104
0.612995
0.615059
0.61623
0.616597
0.61655
0.539909
0.539923
0.540273
0.541381
0.54358
0.546799
0.551044
0.5566
0.563813
0.572977
0.583669
0.593658
0.601515
0.607598
0.612309
0.615911
0.618492
0.619921
0.62036
0.620314
0.527655
0.527664
0.528055
0.529358
0.531994
0.535893
0.541061
0.547842
0.556646
0.567796
0.580745
0.592806
0.602301
0.60969
0.615463
0.619888
0.623047
0.624747
0.625253
0.625202
0.513058
0.513062
0.513517
0.515087
0.518299
0.523097
0.529473
0.53784
0.548657
0.562256
0.577905
0.592386
0.603765
0.612643
0.619643
0.625001
0.628799
0.630772
0.631332
0.631271
0.495346
0.495345
0.495894
0.497846
0.501854
0.507877
0.515873
0.52633
0.539727
0.556347
0.5752
0.592465
0.605974
0.616536
0.624886
0.631303
0.635779
0.638008
0.6386
0.638522
0.473346
0.47334
0.474051
0.476599
0.481775
0.489541
0.499792
0.513066
0.529793
0.550126
0.572732
0.593139
0.609005
0.621417
0.63125
0.638811
0.643957
0.646389
0.646981
0.646877
0.445282
0.445274
0.446276
0.449817
0.456847
0.467236
0.480747
0.497883
0.518903
0.543741
0.570664
0.594532
0.612931
0.627314
0.63872
0.647468
0.653209
0.655751
0.656296
0.65616
0.408093
0.408099
0.409735
0.415198
0.42552
0.440076
0.458427
0.480844
0.507291
0.537465
0.569219
0.596792
0.617829
0.634253
0.647269
0.657135
0.6633
0.665808
0.666255
0.666081
0.355917
0.35615
0.359887
0.369791
0.386247
0.407658
0.433051
0.462415
0.495463
0.531723
0.56869
0.600083
0.623771
0.642195
0.656742
0.66756
0.673871
0.676167
0.676473
0.676263
0.281253
0.283601
0.294558
0.313914
0.340545
0.371528
0.405885
0.443441
0.483921
0.526836
0.569387
0.604847
0.631367
0.651946
0.668078
0.679644
0.685892
0.687892
0.68807
0.687861
0.20193
0.208137
0.227512
0.257061
0.294493
0.335342
0.378709
0.424557
0.472738
0.522806
0.571725
0.61211
0.642073
0.665192
0.683156
0.695302
0.701048
0.702552
0.702643
0.702514
0.13354
0.140108
0.166113
0.2044
0.251059
0.300972
0.35299
0.406957
0.462701
0.519756
0.574801
0.619799
0.652951
0.678305
0.697566
0.709736
0.714894
0.716137
0.716252
0.716177
0.0775586
0.0845542
0.114537
0.159022
0.212544
0.269871
0.329377
0.390697
0.453503
0.517202
0.57809
0.627449
0.663547
0.690879
0.711214
0.723623
0.728612
0.72973
0.729858
0.729813
0.0311473
0.0384689
0.0709876
0.120183
0.179121
0.242475
0.308274
0.376016
0.44519
0.515057
0.581491
0.635027
0.673944
0.70322
0.724741
0.737538
0.742542
0.743733
0.743846
0.74383
-0.00820231
-0.000711434
0.0335838
0.0863056
0.149802
0.218257
0.289457
0.362836
0.437757
0.513338
0.585017
0.642566
0.684238
0.715415
0.738099
0.751547
0.75694
0.75808
0.758223
0.758216
-0.0425197
-0.0349295
0.000640401
0.0563066
0.12358
0.19642
0.27239
0.350826
0.430993
0.511881
0.58853
0.649948
0.694311
0.72739
0.751414
0.765454
0.771206
0.772445
0.772604
0.772601
-0.0733001
-0.0656152
-0.0290132
0.0291762
0.0996423
0.1763
0.256514
0.33953
0.424536
0.510412
0.591819
0.656983
0.703958
0.73889
0.76401
0.778836
0.784951
0.786359
0.786546
0.786547
-0.101517
-0.0937547
-0.0562664
0.0041021
0.0773405
0.157366
0.241371
0.328561
0.418067
0.508685
0.594681
0.663483
0.712991
0.749667
0.775916
0.791429
0.797871
0.799463
0.799655
0.799641
-0.127943
-0.120081
-0.0817477
-0.0195848
0.0561915
0.139225
0.226633
0.317641
0.411342
0.506467
0.59693
0.669308
0.721277
0.759644
0.786875
0.803002
0.809721
0.811443
0.811632
0.811598
-0.153048
-0.145062
-0.1059
-0.0422241
0.0358547
0.121578
0.212064
0.306561
0.404165
0.503595
0.598444
0.674392
0.7288
0.768767
0.79695
0.813447
0.82036
0.822157
0.822334
0.822274
-0.177213
-0.169067
-0.129101
-0.0640557
0.0160999
0.104217
0.197485
0.295171
0.396416
0.499963
0.599136
0.678702
0.735568
0.777079
0.806062
0.822827
0.829809
0.831632
0.83178
0.831715
-0.200606
-0.19226
-0.151756
-0.0852188
-0.00323454
0.0870238
0.182794
0.283393
0.388014
0.495478
0.598928
0.682209
0.741636
0.7847
0.814373
0.831245
0.83819
0.839965
0.840086
0.839991
-0.223386
-0.214879
-0.173664
-0.105844
-0.0222405
0.069931
0.167946
0.271181
0.378913
0.490081
0.597763
0.684897
0.747068
0.791773
0.822042
0.838878
0.845645
0.847309
0.84739
0.847279
-0.245631
-0.23695
-0.195006
-0.126012
-0.0409557
0.0529213
0.152936
0.258537
0.369098
0.483741
0.595572
0.686734
0.751928
0.798453
0.829283
0.845895
0.8523
0.853788
0.853808
0.853684
-0.267373
-0.258496
-0.215854
-0.14575
-0.0593846
0.0360025
0.137779
0.245487
0.358605
0.476462
0.592311
0.687661
0.756242
0.804897
0.836319
0.852486
0.85829
0.859472
0.859408
0.859258
-0.288564
-0.279502
-0.236132
-0.165026
-0.0774977
0.0192055
0.122534
0.23209
0.347485
0.468255
0.587935
0.687601
0.759977
0.811219
0.843451
0.858973
0.863811
0.864479
0.864301
0.864153
-0.309166
-0.299913
-0.25584
-0.183821
-0.0952606
0.002593
0.10726
0.218423
0.335803
0.459184
0.582421
0.686449
0.76303
0.817458
0.851001
0.865892
0.869326
0.869006
0.868565
0.868454
-0.329175
-0.31972
-0.274969
-0.202108
-0.112636
-0.01377
0.0920409
0.204573
0.32365
0.449311
0.575789
0.684093
0.76523
0.823493
0.859156
0.873971
0.87581
0.873687
0.872427
0.87236
-0.34853
-0.338878
-0.293485
-0.219849
-0.129566
-0.0298354
0.0769549
0.190626
0.31113
0.438731
0.568062
0.680413
0.766357
0.829025
0.867726
0.883767
0.884907
0.880615
0.877104
0.875836
-0.367258
-0.357417
-0.311366
-0.237049
-0.146079
-0.0456194
0.0619821
0.176556
0.29822
0.427414
0.559178
0.675187
0.766134
0.8337
0.876127
0.895086
0.897887
0.892858
0.884909
0.870236
-0.385373
-0.375369
-0.328709
-0.253887
-0.162417
-0.061417
0.0467511
0.161907
0.284388
0.414746
0.548505
0.667742
0.763911
0.83709
0.88333
0.906054
0.912308
0.905616
0.895511
0.85875
-0.403112
-0.392475
-0.345458
-0.27022
-0.178466
-0.0770953
0.031442
0.146896
0.26985
0.400908
0.536074
0.657831
0.75874
0.838289
0.887083
0.91015
0.916214
0.910342
0.858749
0.801657
-0.421741
-0.407507
-0.361408
-0.28591
-0.194419
-0.0928801
0.0157887
0.13152
0.254576
0.385857
0.521711
0.645115
0.749154
0.836915
0.884859
0.895798
0.900226
0.865171
0.799503
0.735734
-0.44127
-0.441121
-0.381999
-0.298689
-0.207171
-0.106041
0.000306063
0.116435
0.2393
0.370396
0.506053
0.629914
0.734474
0.834881
0.851711
0.865738
0.838099
0.774046
0.699243
0.628906
-0.417431
-0.414084
-0.355663
-0.272208
-0.175765
-0.0715234
0.0397852
0.158584
0.284693
0.419883
0.55047
0.662755
0.758059
0.853142
0.860383
0.76212
0.677632
0.609348
0.536858
0.397207
-0.456276
-0.429297
-0.368598
-0.284369
-0.188199
-0.0840124
0.0267303
0.144951
0.270234
0.404107
0.532599
0.642379
0.728152
0.792585
0.760295
0.626739
0.507987
0.425945
0.342761
0.186031
-0.480599
-0.449201
-0.386996
-0.303411
-0.207076
-0.102997
0.00791419
0.125394
0.249429
0.381186
0.506481
0.611113
0.687743
0.715599
0.635567
0.473105
0.336287
0.234408
0.121979
-0.100041
-0.503937
-0.470628
-0.406944
-0.322733
-0.226378
-0.122383
-0.0118143
0.104768
0.2273
0.356465
0.477472
0.574831
0.639679
0.631536
0.496142
0.312492
0.146462
0.00808481
-0.146412
-0.506132
-0.526481
-0.492366
-0.427596
-0.342526
-0.246094
-0.142309
-0.0323831
0.0831552
0.203956
0.33011
0.445946
0.535146
0.581402
0.54364
0.360616
0.156777
-0.0480717
-0.218801
-0.463269
-0.977233
-0.548887
-0.514708
-0.449248
-0.363592
-0.266994
-0.16344
-0.0541583
0.0602289
0.179064
0.301825
0.411896
0.492931
0.518768
0.431328
0.236158
0.0231151
-0.187298
-0.371899
-0.545458
-1.09994
-0.572299
-0.538001
-0.472168
-0.386157
-0.289436
-0.186079
-0.0774162
0.0357782
0.152486
0.271552
0.375548
0.446735
0.447807
0.317412
0.127877
-0.0777913
-0.266643
-0.391485
-0.425019
-0.469554
-0.597129
-0.562714
-0.496656
-0.410507
-0.31385
-0.210864
-0.103002
0.00870669
0.122858
0.237538
0.335025
0.393052
0.3716
0.211571
0.0292525
-0.153249
-0.300432
-0.360543
-0.381529
-0.386662
-0.623676
-0.589032
-0.522804
-0.436631
-0.34021
-0.23779
-0.131001
-0.0211095
0.090056
0.199688
0.289997
0.332534
0.294661
0.112979
-0.0604916
-0.220522
-0.329587
-0.353904
-0.356257
-0.35682
-0.652086
-0.617094
-0.550655
-0.464523
-0.368486
-0.266862
-0.161416
-0.053676
0.0540457
0.158055
0.240097
0.269613
0.199799
0.0228934
-0.141887
-0.281231
-0.330257
-0.342763
-0.343295
-0.342861
-0.682224
-0.646844
-0.580173
-0.494174
-0.398667
-0.298055
-0.194234
-0.0889997
0.0148557
0.112725
0.185812
0.20115
0.101805
-0.0602655
-0.211396
-0.31921
-0.331797
-0.332889
-0.334223
-0.33389
-0.713633
-0.678076
-0.611182
-0.525416
-0.430623
-0.331268
-0.229378
-0.127021
-0.0273952
0.0639065
0.128192
0.126506
0.0162134
-0.133771
-0.265041
-0.309266
-0.326828
-0.32903
-0.328982
-0.328722
-0.745962
-0.710101
-0.643346
-0.557948
-0.464097
-0.366273
-0.266634
-0.167528
-0.0724605
0.012146
0.0668901
0.0533615
-0.0629235
-0.194264
-0.298751
-0.339101
-0.328292
-0.325252
-0.324917
-0.324626
-0.778287
-0.742374
-0.676127
-0.591277
-0.498648
-0.402671
-0.305632
-0.210152
-0.119987
-0.0417628
0.00164948
-0.0145435
-0.133255
-0.238634
-0.315926
-0.316394
-0.320909
-0.322419
-0.322435
-0.322294
-0.809562
-0.774162
-0.708266
-0.624687
-0.533626
-0.439887
-0.345818
-0.254286
-0.169382
-0.0971966
-0.0613317
-0.0839428
-0.192933
-0.276052
-0.303369
-0.322517
-0.321861
-0.321027
-0.320567
-0.320417
-0.838206
-0.803828
-0.739039
-0.657088
-0.568125
-0.477103
-0.38644
-0.299137
-0.219668
-0.153542
-0.119016
-0.156975
-0.244326
-0.30437
-0.314438
-0.31905
-0.321073
-0.320242
-0.32013
-0.319987
-0.862525
-0.829612
-0.766719
-0.687201
-0.600991
-0.513273
-0.426519
-0.343728
-0.269599
-0.209741
-0.176265
-0.220489
-0.292859
-0.335452
-0.360332
-0.347429
-0.333415
-0.328149
-0.327141
-0.326453
-0.880167
-0.84945
-0.789271
-0.713329
-0.630852
-0.547145
-0.464886
-0.386935
-0.31798
-0.264142
-0.234307
-0.272525
-0.335095
-0.386897
-0.380365
-0.371386
-0.365718
-0.361167
-0.356607
-0.354177
-0.888817
-0.860885
-0.804808
-0.733575
-0.65606
-0.577421
-0.500282
-0.427522
-0.363638
-0.314876
-0.285195
-0.313512
-0.362688
-0.418107
-0.39582
-0.385627
-0.385212
-0.378607
-0.373602
-0.372547
-0.885676
-0.861826
-0.811489
-0.746172
-0.675007
-0.602584
-0.531381
-0.464249
-0.405292
-0.360652
-0.323981
-0.336641
-0.345729
-0.427428
-0.388921
-0.360022
-0.344063
-0.339887
-0.339536
-0.339325
-0.867075
-0.849388
-0.807559
-0.749799
-0.686429
-0.621377
-0.556955
-0.495834
-0.441767
-0.40027
-0.360603
-0.326115
-0.250387
-0.233661
-0.250917
-0.276754
-0.296133
-0.304518
-0.30738
-0.307417
-0.834667
-0.822462
-0.791457
-0.743918
-0.689744
-0.633194
-0.576123
-0.521173
-0.472018
-0.433392
-0.390908
-0.310437
-0.155908
0.0270195
-0.0685898
-0.2113
-0.284306
-0.313637
-0.323656
-0.326428
-0.793116
-0.785565
-0.766133
-0.730018
-0.685872
-0.638268
-0.588696
-0.53967
-0.495219
-0.459624
-0.428363
-0.381218
-0.340511
-0.299759
-0.402286
-0.445286
-0.455571
-0.457262
-0.461213
-0.463918
-0.750908
-0.746703
-0.736356
-0.712408
-0.677682
-0.638021
-0.595175
-0.551474
-0.509967
-0.479064
-0.457524
-0.528467
-0.747056
-1.01119
-0.976197
-0.824262
-0.731682
-0.687163
-0.669989
-0.664762
-0.717193
-0.714969
-0.709607
-0.694344
-0.668202
-0.634478
-0.597016
-0.556422
-0.516104
-0.482685
-0.46455
-0.517404
-0.625039
-0.742629
-0.815842
-0.794766
-0.77147
-0.714669
-0.663492
-0.656371
-0.692965
-0.69197
-0.689974
-0.681407
-0.660954
-0.631465
-0.596014
-0.555625
-0.512416
-0.467084
-0.436956
-0.397614
-0.390429
-0.394358
-0.431904
-0.487239
-0.531814
-0.505454
-0.423359
-0.3966
-0.677109
-0.676663
-0.675922
-0.67172
-0.656947
-0.629843
-0.593815
-0.552164
-0.503771
-0.452566
-0.41396
-0.374164
-0.265204
-0.104324
0.0356337
0.143632
0.199128
0.227099
0.259125
0.280503
-0.667215
-0.667026
-0.666451
-0.664896
-0.654923
-0.629357
-0.59228
-0.546652
-0.494111
-0.433676
-0.371279
-0.314452
-0.123202
0.164732
0.459705
0.707479
0.802966
0.82954
0.824875
0.818617
-0.660696
-0.660504
-0.659891
-0.659374
-0.653722
-0.631365
-0.592068
-0.541632
-0.482775
-0.408887
-0.328651
-0.234678
-0.0277153
0.259128
0.52251
0.722822
0.838389
0.900229
0.933504
0.945528
-0.657976
-0.65772
-0.657026
-0.656212
-0.654904
-0.636571
-0.594264
-0.538841
-0.471506
-0.390886
-0.294707
-0.19402
0.0244297
0.280758
0.520087
0.713097
0.839952
0.93862
1.00822
1.03745
-0.65755
-0.658294
-0.660379
-0.663098
-0.664503
-0.645267
-0.598787
-0.538538
-0.465681
-0.376248
-0.273391
-0.180093
0.016765
0.288235
0.563316
0.807711
0.996495
1.12235
1.19257
1.216
-0.653711
-0.655292
-0.659014
-0.665804
-0.668841
-0.646984
-0.602548
-0.544391
-0.46805
-0.372504
-0.269609
-0.172602
-0.017234
0.251428
0.533611
0.781598
0.987632
1.11793
1.17745
1.19342
-0.664716
-0.664529
-0.655972
-0.633468
-0.613061
-0.614062
-0.605525
-0.558116
-0.476514
-0.376694
-0.275482
-0.180596
-0.0634341
0.175888
0.423125
0.637712
0.81022
0.913817
0.958187
0.968646
-0.71092
-0.707138
-0.688347
-0.648517
-0.617737
-0.627517
-0.638162
-0.583516
-0.490111
-0.38421
-0.284615
-0.191499
-0.0987555
0.0751307
0.280542
0.449076
0.581378
0.65633
0.687156
0.692764
-0.805495
-0.80963
-0.831252
-0.86075
-0.858495
-0.832312
-0.758341
-0.631597
-0.508319
-0.391134
-0.2925
-0.211053
-0.140945
-0.011832
0.144126
0.270794
0.369119
0.421433
0.441851
0.444177
-0.951854
-0.975118
-1.02711
-1.07117
-1.07314
-1.02292
-0.869197
-0.680248
-0.521047
-0.393931
-0.299612
-0.228376
-0.177585
-0.0825356
0.0317531
0.123169
0.191469
0.22631
0.239208
0.240222
-0.999055
-1.02247
-1.06222
-1.09509
-1.09573
-1.03715
-0.87031
-0.670375
-0.50666
-0.381845
-0.295953
-0.237635
-0.197495
-0.131647
-0.0569093
0.00547426
0.0486081
0.0699882
0.077483
0.076562
-0.846668
-0.868101
-0.904923
-0.939858
-0.945349
-0.884414
-0.731519
-0.578465
-0.448507
-0.348377
-0.279684
-0.234995
-0.200928
-0.159718
-0.118625
-0.0866681
-0.0663014
-0.0585124
-0.0559656
-0.0566798
-0.523792
-0.54094
-0.572755
-0.607818
-0.625324
-0.595204
-0.518218
-0.433546
-0.358561
-0.297369
-0.251425
-0.219024
-0.194755
-0.172948
-0.156576
-0.14858
-0.148064
-0.150517
-0.151542
-0.151833
-0.180863
-0.190035
-0.210309
-0.241797
-0.272681
-0.288049
-0.292005
-0.281122
-0.262553
-0.238899
-0.218711
-0.202338
-0.188124
-0.180693
-0.179196
-0.184883
-0.193798
-0.20013
-0.201401
-0.201245
0.0465873
0.041895
0.0278383
-0.000121214
-0.0427585
-0.0919369
-0.131925
-0.161324
-0.178068
-0.184698
-0.187542
-0.189568
-0.188555
-0.185034
-0.185205
-0.192376
-0.201371
-0.206237
-0.206795
-0.206654
0.14204
0.139305
0.128866
0.104731
0.0642997
0.013105
-0.0386117
-0.0829029
-0.115916
-0.139804
-0.159799
-0.180685
-0.194001
-0.185531
-0.180444
-0.179416
-0.182532
-0.183616
-0.183404
-0.183501
0.158346
0.156466
0.148894
0.130647
0.0989767
0.0571752
0.0112869
-0.0325537
-0.0703811
-0.101993
-0.131475
-0.164904
-0.183311
-0.168911
-0.156133
-0.151651
-0.149582
-0.148527
-0.14823
-0.148627
0.142135
0.140916
0.13583
0.123273
0.100984
0.0702725
0.0339737
-0.00293409
-0.0374488
-0.068393
-0.097032
-0.126726
-0.138883
-0.125136
-0.115532
-0.112388
-0.111241
-0.111131
-0.111471
-0.11198
0.117321
0.116602
0.113393
0.105244
0.0903449
0.0689585
0.0423729
0.0138881
-0.0136891
-0.0379709
-0.0560227
-0.0705766
-0.0719323
-0.0683436
-0.0690649
-0.0716451
-0.0735007
-0.0745617
-0.0752697
-0.0757832
0.0926717
0.0923582
0.09048
0.0854757
0.07596
0.0617633
0.0434983
0.0232947
0.003742
-0.0115342
-0.0175912
-0.0131467
-0.00371008
-0.0112711
-0.0228452
-0.0317063
-0.0370639
-0.0396984
-0.0409156
-0.0414711
0.071131
0.0709294
0.0698862
0.0669557
0.0611137
0.0520824
0.040147
0.0268529
0.014685
0.00786214
0.0127959
0.0285439
0.043264
0.0299648
0.0130089
0.00117736
-0.00592755
-0.00913818
-0.0107752
-0.0113527
0.0524449
0.0524099
0.0518826
0.0502985
0.0469492
0.0415263
0.0342443
0.0262639
0.0198491
0.0193108
0.0307508
0.0509705
0.0648052
0.0505329
0.0337074
0.0231018
0.0176676
0.0143169
0.0126274
0.0119799
0.0361628
0.0362008
0.0359984
0.0352511
0.0335449
0.0305964
0.0265314
0.0222464
0.0196087
0.0224817
0.0360924
0.0560002
0.0658011
0.0537073
0.040611
0.0331581
0.0291744
0.0269391
0.0254889
0.0248368
0.0218053
0.0218735
0.0218516
0.0215743
0.0208147
0.0194231
0.0174366
0.0154415
0.0148828
0.0185213
0.0294318
0.0463314
0.0520057
0.0415824
0.033303
0.0293596
0.0287916
0.0277699
0.0266559
0.0259948
0.0088376
0.00893486
0.00895519
0.00895309
0.00887538
0.0085597
0.00798094
0.00725415
0.00682267
0.00775367
0.0118016
0.0205482
0.028272
0.0252492
0.0181228
0.0159522
0.0157176
0.0166709
0.0162869
0.0154687
-0.667699
-0.159263
0.150606
0.360802
0.521268
0.642774
0.740456
0.825327
0.92719
0.919672
0.058291
0.212638
0.372664
0.507617
0.618359
0.707942
0.781552
0.836666
0.859
0.865387
0.326203
0.426196
0.531339
0.623236
0.701256
0.766143
0.817555
0.853766
0.877226
0.894429
0.510622
0.579166
0.651947
0.717604
0.77419
0.821614
0.859749
0.8894
0.912783
0.931445
0.649258
0.699506
0.751457
0.800317
0.843192
0.880023
0.911015
0.93681
0.957972
0.976393
0.761476
0.798285
0.840137
0.878304
0.91309
0.943956
0.970796
0.993636
1.01197
1.02996
0.858209
0.888474
0.923813
0.956829
0.987505
1.01533
1.03979
1.06044
1.07619
1.09388
0.94733
0.975904
1.00922
1.04081
1.07027
1.09698
1.12024
1.13933
1.15288
1.17042
1.03751
1.06869
1.10358
1.13625
1.16602
1.19241
1.21484
1.2326
1.24455
1.26223
1.14093
1.17714
1.21467
1.24881
1.27867
1.3042
1.32529
1.34162
1.35287
1.37106
1.26975
1.30968
1.34726
1.38008
1.40784
1.43127
1.45077
1.46611
1.47793
1.49636
1.43054
1.46732
1.49876
1.52523
1.54796
1.56842
1.58694
1.603
1.61708
1.63507
1.61451
1.63978
1.65964
1.67827
1.69609
1.71284
1.72854
1.74456
1.76178
1.78087
1.80026
1.81196
1.82543
1.8403
1.85407
1.86612
1.87692
1.88835
1.90268
1.92125
1.98352
1.99804
2.00319
2.00375
2.00557
2.0129
2.02679
2.04474
2.05735
2.07086
2.25597
2.20161
2.15441
2.12292
2.10981
2.11439
2.13765
2.18236
2.24971
2.34521
0.722654
0.717973
0.71058
0.698694
0.685719
0.674257
0.665147
0.658362
0.653884
0.651995
0.653253
0.65728
0.663491
0.671834
0.682423
0.695038
0.708111
0.718003
0.723977
0.727378
0.644653
0.651739
0.657721
0.661941
0.66323
0.661477
0.657883
0.654026
0.651023
0.64972
0.650831
0.653915
0.658073
0.662421
0.665627
0.666168
0.663474
0.658348
0.651506
0.645639
0.635467
0.638473
0.641733
0.64423
0.646251
0.647717
0.648081
0.647365
0.646311
0.645878
0.64677
0.648544
0.650238
0.650979
0.650371
0.648825
0.646793
0.644019
0.640746
0.638408
0.629746
0.631201
0.633439
0.635685
0.637345
0.638567
0.639573
0.640265
0.640603
0.640958
0.641682
0.642447
0.642749
0.642462
0.641782
0.640693
0.638958
0.636739
0.634961
0.633876
0.624456
0.625278
0.626748
0.628554
0.630307
0.63176
0.632898
0.633887
0.634788
0.635615
0.636314
0.63669
0.636685
0.636339
0.635574
0.634329
0.632801
0.631278
0.630264
0.629606
0.619408
0.619965
0.621045
0.622466
0.623998
0.625525
0.626924
0.628145
0.629272
0.63034
0.631144
0.631522
0.631493
0.631034
0.630181
0.629106
0.627955
0.626895
0.626214
0.625751
0.614509
0.614927
0.615792
0.617004
0.618341
0.61977
0.621247
0.622687
0.624043
0.625321
0.6263
0.626777
0.626757
0.626322
0.625629
0.624814
0.62395
0.623166
0.622668
0.622315
0.609702
0.610031
0.610745
0.611811
0.613054
0.614412
0.615878
0.617432
0.619011
0.620546
0.621747
0.622372
0.622483
0.622237
0.621773
0.621177
0.620533
0.619963
0.619595
0.619313
0.604904
0.605171
0.605779
0.606746
0.607931
0.609258
0.61074
0.61238
0.614152
0.615972
0.617459
0.618332
0.618689
0.618689
0.618456
0.61808
0.617637
0.617242
0.616969
0.616736
0.600024
0.600246
0.600782
0.601688
0.602839
0.604172
0.60571
0.60747
0.60945
0.611585
0.61344
0.614661
0.615332
0.615607
0.615618
0.615473
0.615223
0.614979
0.614782
0.614582
0.594971
0.59516
0.595647
0.596523
0.597677
0.599057
0.600692
0.602622
0.604866
0.607381
0.609692
0.61134
0.61238
0.612972
0.613255
0.61334
0.613286
0.61318
0.613044
0.612869
0.589654
0.589819
0.590277
0.591153
0.592352
0.593822
0.595602
0.597763
0.600345
0.603337
0.606201
0.608359
0.60983
0.610784
0.61137
0.611694
0.611852
0.611874
0.611788
0.61163
0.583975
0.584122
0.58457
0.585476
0.586759
0.588367
0.590354
0.592819
0.595832
0.599416
0.602952
0.605716
0.607693
0.609061
0.609991
0.610606
0.610971
0.61111
0.611068
0.61092
0.577824
0.577956
0.578411
0.579376
0.580787
0.582589
0.584855
0.587711
0.591267
0.595581
0.599929
0.603417
0.605993
0.607843
0.609165
0.6101
0.610696
0.610957
0.610953
0.610811
0.571067
0.57119
0.571666
0.572722
0.574309
0.576368
0.578995
0.58235
0.586584
0.591793
0.597122
0.601476
0.60476
0.607181
0.608954
0.610253
0.611108
0.611494
0.611526
0.611386
0.563551
0.563667
0.564173
0.565354
0.567173
0.569563
0.57265
0.576633
0.581709
0.588009
0.594523
0.599909
0.604029
0.607123
0.609437
0.611162
0.612302
0.612819
0.612882
0.61274
0.555067
0.555181
0.555731
0.557081
0.559186
0.561997
0.565672
0.570444
0.576558
0.584191
0.592128
0.598743
0.60385
0.607735
0.610698
0.612915
0.614378
0.615033
0.615127
0.614979
0.545316
0.54544
0.546083
0.547631
0.550111
0.553471
0.557887
0.563646
0.571048
0.580304
0.589946
0.598013
0.604285
0.609099
0.612821
0.615613
0.617441
0.618242
0.618362
0.618204
0.533997
0.534122
0.534882
0.536705
0.539665
0.543723
0.54908
0.556083
0.565085
0.576319
0.587995
0.597764
0.605396
0.611301
0.615895
0.61936
0.621593
0.622543
0.622685
0.622514
0.52062
0.520763
0.521683
0.523868
0.527452
0.532417
0.538987
0.547574
0.558573
0.572212
0.586298
0.598053
0.607247
0.614409
0.620023
0.62425
0.626917
0.628011
0.628166
0.627979
0.504528
0.504709
0.505862
0.508538
0.512956
0.51913
0.527298
0.537928
0.55143
0.567984
0.584902
0.598937
0.609908
0.618497
0.625262
0.630343
0.63346
0.634682
0.634839
0.634632
0.484773
0.485031
0.486534
0.489911
0.495494
0.503334
0.51366
0.526971
0.543626
0.563695
0.583889
0.600496
0.613448
0.623628
0.63165
0.63766
0.641211
0.642527
0.642668
0.64244
0.45992
0.460326
0.462386
0.466834
0.47415
0.484395
0.497725
0.514592
0.535213
0.559466
0.583384
0.602821
0.617926
0.629833
0.639207
0.646151
0.650071
0.651421
0.651526
0.651278
0.427644
0.428349
0.431379
0.437663
0.447775
0.461655
0.479259
0.500841
0.526371
0.555507
0.583555
0.606016
0.623386
0.637088
0.647881
0.655679
0.659828
0.661126
0.661173
0.66091
0.383787
0.385205
0.390307
0.40022
0.415215
0.434727
0.458363
0.486037
0.517468
0.552126
0.584609
0.610201
0.629871
0.645369
0.657531
0.66599
0.670135
0.671275
0.671249
0.67098
0.320612
0.325026
0.335698
0.352841
0.376134
0.404074
0.435749
0.470876
0.509066
0.549705
0.586759
0.615466
0.637364
0.654542
0.66783
0.676622
0.680476
0.681328
0.681228
0.680972
0.24534
0.253614
0.273142
0.300917
0.334817
0.372209
0.412484
0.455526
0.50101
0.548354
0.590829
0.623414
0.648141
0.667321
0.681836
0.690722
0.694211
0.694876
0.694822
0.694689
0.169879
0.183578
0.21225
0.250502
0.294537
0.341282
0.390185
0.441216
0.494083
0.548237
0.596262
0.632801
0.660345
0.681677
0.697259
0.705754
0.708527
0.708961
0.708938
0.70889
0.107328
0.124672
0.159095
0.205235
0.257528
0.312495
0.369357
0.427966
0.487938
0.548656
0.601945
0.64216
0.672265
0.695186
0.711298
0.719561
0.722122
0.722531
0.722559
0.722555
0.0559104
0.0753682
0.114245
0.166206
0.224926
0.28668
0.350431
0.415862
0.482416
0.549336
0.607644
0.65134
0.683822
0.708329
0.725193
0.733459
0.735818
0.736315
0.736399
0.73643
0.0128735
0.0335647
0.0757855
0.13237
0.19641
0.263842
0.333508
0.404975
0.477533
0.550267
0.61337
0.660426
0.695234
0.721311
0.738953
0.74739
0.750023
0.75059
0.750704
0.750763
-0.0241539
-0.00267675
0.0422025
0.10254
0.171062
0.2434
0.31827
0.395157
0.473227
0.551406
0.619081
0.66939
0.706489
0.734138
0.752724
0.761703
0.764528
0.765131
0.765238
0.765313
-0.0568416
-0.0348178
0.0122213
0.0757209
0.148059
0.224697
0.304232
0.386048
0.469216
0.552529
0.624592
0.678065
0.717408
0.74663
0.766094
0.775714
0.778786
0.779443
0.779519
0.779595
-0.086424
-0.0639976
-0.0151283
0.0510879
0.126745
0.207182
0.29091
0.37725
0.465193
0.553409
0.629713
0.686256
0.727755
0.758457
0.778852
0.78903
0.792351
0.793052
0.793112
0.79318
-0.113882
-0.0910413
-0.0405846
0.0280048
0.106609
0.190428
0.277951
0.368463
0.460904
0.553822
0.634258
0.693791
0.737366
0.769457
0.790696
0.801409
0.804967
0.805663
0.805695
0.805742
-0.139744
-0.116478
-0.064609
0.00601985
0.0872796
0.174131
0.265094
0.359456
0.45613
0.553588
0.638103
0.700593
0.746186
0.779604
0.801549
0.812576
0.816326
0.817037
0.81704
0.81706
-0.164464
-0.14071
-0.0877038
-0.0151376
0.0684862
0.158058
0.252152
0.350061
0.450724
0.552596
0.641175
0.706638
0.754212
0.788824
0.811344
0.822602
0.826408
0.827125
0.827095
0.827084
-0.188326
-0.164099
-0.110065
-0.0356754
0.0500485
0.142065
0.238995
0.340177
0.444594
0.550742
0.643415
0.711936
0.761503
0.797232
0.82021
0.831522
0.835314
0.835991
0.835949
0.835913
-0.211515
-0.186795
-0.13171
-0.0557364
0.0318593
0.126064
0.225559
0.329741
0.437672
0.547956
0.64477
0.716499
0.768171
0.804987
0.828246
0.839492
0.843177
0.843796
0.843718
0.843661
-0.234131
-0.2089
-0.152761
-0.075396
0.0138701
0.110032
0.211826
0.318728
0.429918
0.544181
0.645191
0.720345
0.774324
0.812259
0.83567
0.846682
0.850145
0.850671
0.850566
0.850489
-0.256178
-0.230474
-0.173332
-0.094685
-0.00392842
0.0939621
0.197804
0.307156
0.421331
0.539379
0.644613
0.723468
0.780071
0.819253
0.84267
0.853212
0.856335
0.856718
0.856573
0.856481
-0.277696
-0.251493
-0.193405
-0.113595
-0.021519
0.0778874
0.183537
0.295065
0.411948
0.53353
0.642976
0.725825
0.785472
0.826179
0.849527
0.859287
0.861811
0.861987
0.861816
0.861721
-0.298626
-0.27193
-0.212943
-0.132102
-0.0388684
0.0618689
0.169091
0.282524
0.401819
0.526639
0.640203
0.727318
0.790514
0.833241
0.856645
0.8653
0.866816
0.866596
0.866392
0.866318
-0.318979
-0.291745
-0.231953
-0.150165
-0.055918
0.0459646
0.154545
0.269624
0.39101
0.518749
0.636232
0.727813
0.795096
0.840531
0.864508
0.871981
0.871877
0.870725
0.8704
0.870461
-0.338669
-0.310945
-0.25039
-0.167752
-0.0726214
0.0302493
0.139973
0.256436
0.379626
0.509927
0.631017
0.72714
0.799001
0.847899
0.873453
0.880417
0.87835
0.875262
0.873903
0.873932
-0.357765
-0.329515
-0.268208
-0.184814
-0.0889094
0.0148058
0.125494
0.243093
0.367783
0.500256
0.624545
0.725106
0.801921
0.854879
0.883211
0.891426
0.888722
0.88281
0.876379
0.860525
-0.376201
-0.347451
-0.285545
-0.201553
-0.105073
-0.000684476
0.110701
0.22915
0.354989
0.489243
0.616313
0.721186
0.803587
0.861122
0.893097
0.904841
0.90384
0.895997
0.882963
0.898665
-0.394074
-0.364688
-0.302359
-0.217945
-0.121046
-0.0161714
0.0955978
0.214629
0.341226
0.476772
0.60609
0.714691
0.803237
0.865539
0.900037
0.914945
0.916733
0.905267
0.847196
0.83522
-0.412001
-0.381672
-0.318388
-0.233691
-0.136293
-0.0312364
0.0803837
0.199798
0.326787
0.46304
0.593878
0.705083
0.799887
0.867196
0.899264
0.913421
0.906111
0.867449
0.801101
0.761786
-0.431294
-0.399953
-0.333165
-0.248437
-0.15022
-0.0456173
0.0654854
0.184875
0.311802
0.448089
0.579559
0.692101
0.791203
0.864572
0.907845
0.886066
0.854987
0.788798
0.716788
0.673912
-0.00613281
0.109878
0.232605
0.363462
0.498537
0.621812
0.72516
0.557074
-0.448851
-0.433133
-0.394165
-0.322435
-0.231466
-0.131685
-0.0238392
0.0910404
0.21298
0.342654
0.476643
0.59935
0.701146
0.78452
0.835861
0.783034
0.641342
0.551753
0.481419
-0.468094
-0.45533
-0.410874
-0.337959
-0.24655
-0.146469
-0.0390772
0.0753189
0.196412
0.324752
0.4566
0.576135
0.672154
0.740822
0.737865
0.628148
0.4822
0.375711
0.286476
-0.490599
-0.478245
-0.430951
-0.356979
-0.265608
-0.16524
-0.0578066
0.0562594
0.176407
0.303138
0.431904
0.546303
0.631569
0.681925
0.641011
0.477652
0.313672
0.18178
0.0652371
-0.513264
-0.500853
-0.452022
-0.376762
-0.28512
-0.184788
-0.0776684
0.0356555
0.154559
0.279202
0.404306
0.512611
0.590127
0.612515
0.523269
0.330622
0.137236
-0.035654
-0.199092
-0.535394
-0.523323
-0.473718
-0.397422
-0.305406
-0.20511
-0.0984483
0.0139735
0.131437
0.253618
0.374512
0.475893
0.543596
0.527471
0.394543
0.193055
-0.021764
-0.217257
-0.398881
-0.558094
-0.546268
-0.496323
-0.419385
-0.327069
-0.226743
-0.12047
-0.00890458
0.107041
0.226583
0.342995
0.436628
0.489953
0.451098
0.275916
0.0766599
-0.134804
-0.327118
-0.443896
-0.513211
-0.582131
-0.570448
-0.520208
-0.442925
-0.350509
-0.250263
-0.144456
-0.0338752
0.0803043
0.196777
0.308139
0.393476
0.430508
0.365692
0.16883
-0.0231101
-0.207417
-0.344504
-0.388575
-0.41226
-0.60769
-0.596097
-0.545638
-0.468159
-0.3758
-0.275847
-0.170697
-0.0613821
0.0506615
0.163517
0.269098
0.345717
0.361498
0.258597
0.0723335
-0.105635
-0.261168
-0.342963
-0.36343
-0.368364
-0.635028
-0.623405
-0.572728
-0.495106
-0.402932
-0.303449
-0.199214
-0.0914615
0.0180612
0.126786
0.225782
0.293395
0.280488
0.155663
-0.0169458
-0.183412
-0.304555
-0.349028
-0.348286
-0.349212
-0.664057
-0.652516
-0.601502
-0.523775
-0.431903
-0.333071
-0.230004
-0.124114
-0.0175042
0.0866049
0.17839
0.235406
0.20461
0.0588207
-0.0990618
-0.253199
-0.319862
-0.33685
-0.338342
-0.338025
-0.694641
-0.683115
-0.631856
-0.554084
-0.462625
-0.364662
-0.263012
-0.15932
-0.0560066
0.0430406
0.127217
0.171937
0.136312
-0.0249787
-0.17322
-0.290142
-0.338658
-0.331372
-0.331231
-0.331277
-0.726286
-0.71468
-0.663526
-0.585786
-0.494908
-0.398042
-0.298097
-0.196946
-0.0972963
-0.00360075
0.0725515
0.107535
0.056851
-0.0986548
-0.232789
-0.313264
-0.33014
-0.327413
-0.326853
-0.326483
-0.758495
-0.746783
-0.695914
-0.618453
-0.52838
-0.432879
-0.334959
-0.236703
-0.141113
-0.0529027
0.0151032
0.0388062
-0.028353
-0.160668
-0.27757
-0.301916
-0.317435
-0.322624
-0.323201
-0.323069
-0.790296
-0.778525
-0.728141
-0.651443
-0.562477
-0.468672
-0.373135
-0.278125
-0.186963
-0.104441
-0.0432845
-0.0352173
-0.10344
-0.213741
-0.293238
-0.341464
-0.326332
-0.322684
-0.321575
-0.321315
-0.819805
-0.808862
-0.759301
-0.683707
-0.596369
-0.504688
-0.411961
-0.320546
-0.234085
-0.157549
-0.101054
-0.102978
-0.1721
-0.258459
-0.313659
-0.324084
-0.322142
-0.320362
-0.319862
-0.319724
-0.846235
-0.835596
-0.788049
-0.714005
-0.628943
-0.53994
-0.450544
-0.363117
-0.281485
-0.210988
-0.158973
-0.162639
-0.23504
-0.297281
-0.32377
-0.326426
-0.327286
-0.32338
-0.321865
-0.321744
-0.867008
-0.857016
-0.811895
-0.740909
-0.658843
-0.573252
-0.487766
-0.404794
-0.328062
-0.263297
-0.217096
-0.217496
-0.2855
-0.343763
-0.359026
-0.368336
-0.35266
-0.342688
-0.338859
-0.337339
-0.880051
-0.871103
-0.829256
-0.76224
-0.684421
-0.603231
-0.522408
-0.444344
-0.372663
-0.313183
-0.272058
-0.267513
-0.324567
-0.383381
-0.399296
-0.383508
-0.383274
-0.380928
-0.374673
-0.370659
-0.882797
-0.875433
-0.837982
-0.776256
-0.703868
-0.628345
-0.55305
-0.480486
-0.414069
-0.359313
-0.320309
-0.308588
-0.343387
-0.39807
-0.431774
-0.391257
-0.370146
-0.360194
-0.357041
-0.356473
-0.873399
-0.867466
-0.835838
-0.781074
-0.715724
-0.647102
-0.578412
-0.511983
-0.450987
-0.40046
-0.361883
-0.332203
-0.321721
-0.322915
-0.378057
-0.335082
-0.320636
-0.319138
-0.320507
-0.320875
-0.848406
-0.844206
-0.820132
-0.775267
-0.718997
-0.658575
-0.597434
-0.537605
-0.482245
-0.435855
-0.398858
-0.342952
-0.256918
-0.127752
-0.0990412
-0.193935
-0.259851
-0.291399
-0.30299
-0.306688
-0.811229
-0.808604
-0.792857
-0.759078
-0.713797
-0.662729
-0.609709
-0.556683
-0.506775
-0.464321
-0.432018
-0.372529
-0.269524
-0.121866
-0.1063
-0.225116
-0.31216
-0.35238
-0.369967
-0.376983
-0.768623
-0.766968
-0.759121
-0.736401
-0.702337
-0.660747
-0.615678
-0.569185
-0.524033
-0.485643
-0.45629
-0.443845
-0.488872
-0.648347
-0.765782
-0.758809
-0.662349
-0.593987
-0.570542
-0.565229
-0.730678
-0.72961
-0.726013
-0.713426
-0.688574
-0.655123
-0.616791
-0.575452
-0.533967
-0.496358
-0.47394
-0.491346
-0.651996
-0.86309
-0.974035
-0.87844
-0.771225
-0.712642
-0.680978
-0.666255
-0.703796
-0.703208
-0.700908
-0.694569
-0.676828
-0.649263
-0.615171
-0.576892
-0.535723
-0.494786
-0.46562
-0.424635
-0.465954
-0.509784
-0.616048
-0.717166
-0.769176
-0.776678
-0.71717
-0.639968
-0.683974
-0.683547
-0.682697
-0.680282
-0.66903
-0.645672
-0.613192
-0.575179
-0.531589
-0.485078
-0.438867
-0.40651
-0.362573
-0.284406
-0.226739
-0.200742
-0.185431
-0.177438
-0.144953
-0.089037
-0.671765
-0.67164
-0.671238
-0.669742
-0.663969
-0.644149
-0.61208
-0.57201
-0.52568
-0.471507
-0.416186
-0.384873
-0.289094
-0.0760868
0.157251
0.387604
0.527605
0.574963
0.592739
0.595407
-0.663513
-0.663499
-0.663164
-0.662743
-0.660033
-0.644456
-0.612628
-0.56926
-0.517243
-0.4559
-0.386764
-0.313265
-0.190658
0.0839556
0.387703
0.667493
0.835727
0.901767
0.919566
0.918389
-0.658818
-0.658744
-0.658278
-0.657447
-0.656089
-0.647096
-0.615566
-0.567735
-0.508968
-0.441235
-0.355772
-0.266802
-0.114772
0.136428
0.389952
0.606364
0.754712
0.849782
0.92175
0.962329
-0.657948
-0.657956
-0.658068
-0.658148
-0.658527
-0.653739
-0.621026
-0.568238
-0.50513
-0.427404
-0.332733
-0.233761
-0.0943707
0.160605
0.423438
0.663173
0.85007
0.983674
1.07712
1.12693
-0.655558
-0.656503
-0.658913
-0.664231
-0.670827
-0.664478
-0.626396
-0.571633
-0.505541
-0.420947
-0.323651
-0.221111
-0.101281
0.134022
0.417435
0.691906
0.925993
1.09631
1.19417
1.2327
-0.654131
-0.655496
-0.65664
-0.654634
-0.650887
-0.643914
-0.620634
-0.579971
-0.513644
-0.424742
-0.324146
-0.219295
-0.127539
0.0827555
0.357389
0.606796
0.823071
0.980317
1.06289
1.09202
-0.683959
-0.683861
-0.676831
-0.646771
-0.60064
-0.584661
-0.614372
-0.59853
-0.52875
-0.432885
-0.329726
-0.230424
-0.144548
0.0148344
0.243071
0.453412
0.627841
0.748541
0.80843
0.828269
-0.750727
-0.746902
-0.743701
-0.73347
-0.721072
-0.710504
-0.713904
-0.651622
-0.552923
-0.443325
-0.336753
-0.243415
-0.164301
-0.0570345
0.124561
0.286814
0.420144
0.508873
0.550462
0.563777
-0.883098
-0.883374
-0.915179
-0.966695
-0.99485
-0.973174
-0.897016
-0.73883
-0.585532
-0.452089
-0.342597
-0.256886
-0.189626
-0.115752
0.0216878
0.140664
0.23877
0.301385
0.32982
0.336368
-0.997188
-1.00585
-1.0451
-1.0912
-1.11394
-1.08878
-0.986654
-0.783428
-0.596298
-0.450932
-0.342057
-0.264675
-0.207653
-0.15898
-0.0610221
0.0263603
0.0920225
0.132548
0.150399
0.154619
-0.946023
-0.956603
-0.988921
-1.02537
-1.04593
-1.02241
-0.907792
-0.719939
-0.553662
-0.420995
-0.325097
-0.261611
-0.214589
-0.178077
-0.119386
-0.0667257
-0.026214
-0.00338567
0.00559852
0.00717878
-0.695383
-0.707328
-0.736598
-0.776201
-0.80494
-0.788875
-0.694534
-0.56892
-0.454542
-0.362834
-0.293098
-0.24527
-0.211098
-0.183531
-0.15226
-0.128665
-0.11525
-0.109966
-0.109401
-0.109345
-0.340853
-0.348734
-0.368127
-0.398517
-0.429593
-0.439404
-0.419183
-0.37902
-0.332018
-0.288689
-0.250577
-0.222011
-0.19959
-0.183278
-0.173224
-0.168789
-0.171988
-0.178625
-0.182236
-0.182282
-0.0472038
-0.0510979
-0.0619461
-0.0851749
-0.120538
-0.15988
-0.190352
-0.209849
-0.218348
-0.214897
-0.206788
-0.199053
-0.191303
-0.183993
-0.182882
-0.187927
-0.19738
-0.205913
-0.208885
-0.208694
0.109306
0.106879
0.0999333
0.0812272
0.0465571
-0.00297528
-0.0553859
-0.10018
-0.132673
-0.153704
-0.167466
-0.17931
-0.190347
-0.189113
-0.183878
-0.185029
-0.19058
-0.196254
-0.197622
-0.197439
0.1573
0.155953
0.151139
0.13664
0.107702
0.0646716
0.0156047
-0.0330454
-0.0743573
-0.10672
-0.132872
-0.160524
-0.187336
-0.187618
-0.176109
-0.168852
-0.167605
-0.167251
-0.166548
-0.166452
0.152672
0.15189
0.148573
0.1383
0.117316
0.0852133
0.046058
0.00415853
-0.0347879
-0.0690783
-0.0996652
-0.131992
-0.161906
-0.157014
-0.142492
-0.134404
-0.131127
-0.129996
-0.129688
-0.130045
0.130137
0.129759
0.127624
0.120872
0.106705
0.0843657
0.0555617
0.0228495
-0.00946451
-0.0391174
-0.0651637
-0.0886735
-0.10652
-0.100756
-0.0944078
-0.0923739
-0.0921427
-0.092575
-0.0930092
-0.0935756
0.104725
0.104645
0.10336
0.0991708
0.0900584
0.0751961
0.0551658
0.0315193
0.00724975
-0.0146996
-0.0307828
-0.0393107
-0.0392642
-0.0357783
-0.0414535
-0.0485804
-0.0533221
-0.05596
-0.0572477
-0.0580174
0.0814395
0.0814075
0.0807662
0.0783102
0.0727366
0.0632614
0.0500116
0.0340411
0.0175064
0.00350623
-0.00247078
0.00383574
0.0173302
0.0181204
0.00413932
-0.00919529
-0.0180444
-0.022605
-0.0246259
-0.0255946
0.0613897
0.0614819
0.0611121
0.059752
0.0564957
0.0507084
0.0423722
0.03223
0.0220619
0.0150598
0.0173579
0.0319504
0.0512683
0.0506054
0.0330195
0.0185265
0.00944098
0.00534214
0.00277346
0.0016544
0.0439415
0.0440517
0.0439057
0.0432831
0.0415769
0.0383414
0.033495
0.0275963
0.0221051
0.0198812
0.0268229
0.0446903
0.0637176
0.0626661
0.0461203
0.033401
0.0266918
0.0231524
0.0211936
0.0200724
0.0286855
0.0287998
0.0287874
0.0285778
0.0278157
0.0262046
0.0236653
0.0205798
0.0180521
0.0184118
0.0263711
0.0438632
0.059121
0.0564896
0.043165
0.0354348
0.0314542
0.0297492
0.0281739
0.0271703
0.0150861
0.0151953
0.0152504
0.0152073
0.0149972
0.0143569
0.0133088
0.0120339
0.0111135
0.0120163
0.0179543
0.0308453
0.0414257
0.0373123
0.028086
0.0242561
0.0236148
0.0238671
0.0233072
0.0223784
0.00890139
0.00894627
0.00896585
0.00892538
0.0087507
0.00830086
0.00760108
0.00695347
0.00714884
0.00931106
0.0157409
0.0249956
0.0282102
0.0207787
0.0164763
0.0156656
0.0160826
0.0165485
0.0160127
0.00462339
-0.372896
-0.0448567
0.173346
0.359422
0.508847
0.627038
0.720956
0.800968
0.85746
0.852478
0.109349
0.2618
0.39659
0.51601
0.617303
0.701551
0.770661
0.823779
0.856277
0.869766
0.367608
0.462793
0.552612
0.635357
0.706954
0.767628
0.817221
0.855047
0.882686
0.901552
0.543093
0.606766
0.672838
0.732769
0.785391
0.830523
0.868244
0.898859
0.923978
0.941641
0.67726
0.723119
0.774037
0.818734
0.85933
0.895155
0.926168
0.952539
0.974737
0.98996
0.786891
0.824179
0.863407
0.900073
0.933805
0.964523
0.991831
1.01541
1.03505
1.04768
0.88301
0.915497
0.949013
0.982106
1.01304
1.04155
1.06705
1.08891
1.10648
1.11692
0.973205
1.00473
1.03784
1.07105
1.10186
1.12997
1.15476
1.17552
1.19133
1.2003
1.06747
1.10259
1.13848
1.17383
1.20564
1.23372
1.25775
1.27732
1.29169
1.30044
1.17991
1.2206
1.25934
1.29587
1.32751
1.35439
1.37682
1.39484
1.40826
1.41834
1.32338
1.36641
1.40382
1.43693
1.46471
1.48836
1.50889
1.52618
1.54009
1.55228
1.50112
1.53811
1.56614
1.5901
1.6111
1.63041
1.64859
1.66564
1.68178
1.69711
1.69843
1.71781
1.7335
1.74963
1.76621
1.78162
1.79522
1.80833
1.82383
1.8417
1.8874
1.89514
1.907
1.91866
1.92852
1.93768
1.94792
1.95923
1.97056
1.97785
2.10622
2.10448
2.09638
2.07938
2.06799
2.06737
2.07953
2.10437
2.13804
2.16563
2.51475
2.32793
2.22636
2.16894
2.13989
2.13324
2.14851
2.18914
2.2649
2.41119
-0.419021
-0.420372
-0.380022
-0.3072
-0.215543
-0.114858
0.821484
0.881925
0.869077
0.788565
0.712065
0.637553
0.412574
0.195995
-0.0645186
-0.409598
-0.761533
)
;

boundaryField
{
    wall-4
    {
        type            zeroGradient;
    }
    pressure-outlet-7
    {
        type            fixedValue;
        value           uniform 0;
    }
    velocity-inlet-6
    {
        type            zeroGradient;
    }
    velocity-inlet-5
    {
        type            zeroGradient;
    }
    frontAndBackPlanes
    {
        type            empty;
    }
}


// ************************************************************************* //
