0.490941 	0.00580952 	3.00061 	-4.33406e-20
0.561075 	0.00580952 	3.00061 	-4.33406e-20
0.63121 	0.00580952 	3.00061 	-4.33406e-20
0.701344 	0.00580952 	3.00061 	-4.33406e-20
0.771478 	0.00580952 	3.00061 	-4.33406e-20
0.841613 	0.00580952 	3.00061 	-4.33406e-20
0.911747 	0.00580952 	3.00061 	-4.33406e-20
0.981881 	0.00580952 	3.00061 	-4.33406e-20
1.05202 	0.00580952 	3.00061 	-4.33406e-20
1.12215 	0.00580952 	3.00061 	-4.33406e-20
1.19228 	0.00580952 	3.00061 	-4.33406e-20
1.26242 	0.00580952 	3.00061 	-4.33406e-20
1.33255 	0.0139508 	3.01473 	-4.37338e-20
1.40269 	0.0139508 	3.01473 	-4.37338e-20
1.47282 	0.0139508 	3.01473 	-4.37338e-20
1.54296 	0.0139508 	3.01473 	-4.37338e-20
1.61309 	0.0139508 	3.01473 	-4.37338e-20
1.68323 	0.0139508 	3.01473 	-4.37338e-20
1.75336 	0.0139508 	3.01473 	-4.37338e-20
1.82349 	0.0139508 	3.01473 	-4.37338e-20
1.89363 	0.0139508 	3.01473 	-4.37338e-20
1.96376 	0.0139508 	3.01473 	-4.37338e-20
2.0339 	0.0139508 	3.01473 	-4.37338e-20
2.10403 	0.0139508 	3.01473 	-4.37338e-20
2.17417 	0.0144637 	3.03147 	9.20164e-20
2.2443 	0.0144637 	3.03147 	9.20164e-20
2.31443 	0.0144637 	3.03147 	9.20164e-20
2.38457 	0.0144637 	3.03147 	9.20164e-20
2.4547 	0.0144637 	3.03147 	9.20164e-20
2.52484 	0.0144637 	3.03147 	9.20164e-20
2.59497 	0.0144637 	3.03147 	9.20164e-20
2.66511 	0.0144637 	3.03147 	9.20164e-20
2.73524 	0.0144637 	3.03147 	9.20164e-20
2.80538 	0.0144637 	3.03147 	9.20164e-20
2.87551 	0.0144637 	3.03147 	9.20164e-20
2.94564 	0.0144637 	3.03147 	9.20164e-20
3.01578 	0.0161981 	3.05909 	-1.05055e-20
3.08591 	0.0161981 	3.05909 	-1.05055e-20
3.15605 	0.0161981 	3.05909 	-1.05055e-20
3.22618 	0.0161981 	3.05909 	-1.05055e-20
3.29632 	0.0161981 	3.05909 	-1.05055e-20
3.36645 	0.0161981 	3.05909 	-1.05055e-20
3.43659 	0.0161981 	3.05909 	-1.05055e-20
3.50672 	0.0161981 	3.05909 	-1.05055e-20
3.57685 	0.0161981 	3.05909 	-1.05055e-20
3.64699 	0.0161981 	3.05909 	-1.05055e-20
3.71712 	0.0161981 	3.05909 	-1.05055e-20
3.78726 	0.007156 	3.05481 	2.06047e-20
3.85739 	-0.00060559 	3.08445 	-1.4847e-19
3.92753 	-0.00060559 	3.08445 	-1.4847e-19
3.99766 	-0.00060559 	3.08445 	-1.4847e-19
4.06779 	-0.00060559 	3.08445 	-1.4847e-19
4.13793 	-0.00060559 	3.08445 	-1.4847e-19
4.20806 	-0.00060559 	3.08445 	-1.4847e-19
4.2782 	-0.00060559 	3.08445 	-1.4847e-19
4.34833 	-0.00060559 	3.08445 	-1.4847e-19
4.41847 	-0.00060559 	3.08445 	-1.4847e-19
4.4886 	-0.00060559 	3.08445 	-1.4847e-19
4.55874 	-0.00060559 	3.08445 	-1.4847e-19
4.62887 	-0.00060559 	3.08445 	-1.4847e-19
4.699 	-0.00060559 	3.08445 	-1.4847e-19
4.76914 	0.00565653 	3.10589 	2.86578e-19
4.83927 	0.00565653 	3.10589 	2.86578e-19
4.90941 	0.00565653 	3.10589 	2.86578e-19
4.97954 	0.00565653 	3.10589 	2.86578e-19
5.04968 	0.00565653 	3.10589 	2.86578e-19
5.11981 	0.00565653 	3.10589 	2.86578e-19
5.18994 	0.00565653 	3.10589 	2.86578e-19
5.26008 	0.00565653 	3.10589 	2.86578e-19
5.33021 	0.00565653 	3.10589 	2.86578e-19
5.40035 	0.00565653 	3.10589 	2.86578e-19
5.47048 	0.00565653 	3.10589 	2.86578e-19
5.54062 	0.00565653 	3.10589 	2.86578e-19
5.61075 	-0.00241692 	3.13401 	-1.37874e-19
5.68089 	-0.00241692 	3.13401 	-1.37874e-19
5.75102 	-0.00241692 	3.13401 	-1.37874e-19
5.82115 	-0.00241692 	3.13401 	-1.37874e-19
5.89129 	-0.00241692 	3.13401 	-1.37874e-19
5.96142 	-0.00241692 	3.13401 	-1.37874e-19
6.03156 	-0.00241692 	3.13401 	-1.37874e-19
6.10169 	-0.00241692 	3.13401 	-1.37874e-19
6.17183 	-0.00241692 	3.13401 	-1.37874e-19
6.24196 	-0.00241692 	3.13401 	-1.37874e-19
6.3121 	-0.00241692 	3.13401 	-1.37874e-19
6.38223 	-0.00241692 	3.13401 	-1.37874e-19
6.45236 	0.00639767 	3.15253 	0
6.5225 	0.00639767 	3.15253 	0
6.59263 	0.00639767 	3.15253 	0
6.66277 	0.00639767 	3.15253 	0
6.7329 	0.00639767 	3.15253 	0
6.80304 	0.00639767 	3.15253 	0
6.87317 	0.00639767 	3.15253 	0
6.9433 	0.00639767 	3.15253 	0
7.01344 	0.00639767 	3.15253 	0
7.08357 	0.00639767 	3.15253 	0
7.15371 	0.00639767 	3.15253 	0
7.22384 	0.00639767 	3.15253 	0
7.29398 	-0.000668469 	3.17886 	0
7.36411 	-0.000668469 	3.17886 	0
7.43425 	-0.000668469 	3.17886 	0
7.50438 	-0.000668469 	3.17886 	0
7.57451 	-0.000668469 	3.17886 	0
7.64465 	-0.000668469 	3.17886 	0
7.71478 	-0.000668469 	3.17886 	0
7.78492 	-0.000668469 	3.17886 	0
7.85505 	-0.000668469 	3.17886 	0
7.92519 	-0.000668469 	3.17886 	0
7.99532 	-0.000668469 	3.17886 	0
8.06545 	-0.000668469 	3.17886 	0
8.13559 	-0.000668469 	3.17886 	0
8.20572 	0.0100173 	3.19512 	3.94245e-22
8.27586 	0.0100173 	3.19512 	3.94245e-22
8.34599 	0.0100173 	3.19512 	3.94245e-22
8.41613 	0.0100173 	3.19512 	3.94245e-22
8.48626 	0.0100173 	3.19512 	3.94245e-22
8.5564 	0.0100173 	3.19512 	3.94245e-22
8.62653 	0.0100173 	3.19512 	3.94245e-22
8.69666 	0.0100173 	3.19512 	3.94245e-22
8.7668 	0.0100173 	3.19512 	3.94245e-22
8.83693 	0.0100173 	3.19512 	3.94245e-22
8.90707 	0.0100173 	3.19512 	3.94245e-22
8.9772 	0.0100173 	3.19512 	3.94245e-22
9.04734 	0.0064337 	3.22064 	1.83927e-19
9.11747 	0.0064337 	3.22064 	1.83927e-19
9.18761 	0.0064337 	3.22064 	1.83927e-19
9.25774 	0.0064337 	3.22064 	1.83927e-19
9.32787 	0.0064337 	3.22064 	1.83927e-19
9.39801 	0.0064337 	3.22064 	1.83927e-19
9.46814 	0.0064337 	3.22064 	1.83927e-19
9.53828 	0.0064337 	3.22064 	1.83927e-19
9.60841 	0.0064337 	3.22064 	1.83927e-19
9.67855 	0.0064337 	3.22064 	1.83927e-19
9.74868 	0.0064337 	3.22064 	1.83927e-19
9.81881 	0.0064337 	3.22064 	1.83927e-19
9.88895 	0.0064337 	3.22064 	1.83927e-19
9.95908 	0.023687 	3.23691 	-7.90762e-21
10.0292 	0.023687 	3.23691 	-7.90762e-21
10.0994 	0.023687 	3.23691 	-7.90762e-21
10.1695 	0.023687 	3.23691 	-7.90762e-21
10.2396 	0.023687 	3.23691 	-7.90762e-21
10.3098 	0.023687 	3.23691 	-7.90762e-21
10.3799 	0.023687 	3.23691 	-7.90762e-21
10.45 	0.023687 	3.23691 	-7.90762e-21
10.5202 	0.023687 	3.23691 	-7.90762e-21
10.5903 	0.023687 	3.23691 	-7.90762e-21
10.6604 	0.023687 	3.23691 	-7.90762e-21
10.7306 	0.023687 	3.23691 	-7.90762e-21
10.8007 	0.0326092 	3.26339 	-1.73739e-19
10.8708 	0.0326092 	3.26339 	-1.73739e-19
10.941 	0.0326092 	3.26339 	-1.73739e-19
11.0111 	0.0326092 	3.26339 	-1.73739e-19
11.0812 	0.0326092 	3.26339 	-1.73739e-19
11.1514 	0.0326092 	3.26339 	-1.73739e-19
11.2215 	0.0326092 	3.26339 	-1.73739e-19
11.2916 	0.0326092 	3.26339 	-1.73739e-19
11.3618 	0.0326092 	3.26339 	-1.73739e-19
11.4319 	0.0326092 	3.26339 	-1.73739e-19
11.502 	0.0326092 	3.26339 	-1.73739e-19
11.5722 	0.0326092 	3.26339 	-1.73739e-19
11.6423 	0.0326092 	3.26339 	-1.73739e-19
11.7124 	0.0703622 	3.28336 	-2.35687e-19
11.7826 	0.0703622 	3.28336 	-2.35687e-19
11.8527 	0.0703622 	3.28336 	-2.35687e-19
11.9228 	0.0703622 	3.28336 	-2.35687e-19
11.993 	0.0703622 	3.28336 	-2.35687e-19
12.0631 	0.0703622 	3.28336 	-2.35687e-19
12.1332 	0.0703622 	3.28336 	-2.35687e-19
12.2034 	0.0703622 	3.28336 	-2.35687e-19
12.2735 	0.0703622 	3.28336 	-2.35687e-19
12.3437 	0.0703622 	3.28336 	-2.35687e-19
12.4138 	0.0703622 	3.28336 	-2.35687e-19
12.4839 	0.0703622 	3.28336 	-2.35687e-19
12.5541 	0.0703622 	3.28336 	-2.35687e-19
12.6242 	0.101637 	3.31474 	4.24193e-19
12.6943 	0.101637 	3.31474 	4.24193e-19
12.7645 	0.101637 	3.31474 	4.24193e-19
12.8346 	0.101637 	3.31474 	4.24193e-19
12.9047 	0.101637 	3.31474 	4.24193e-19
12.9749 	0.101637 	3.31474 	4.24193e-19
13.045 	0.101637 	3.31474 	4.24193e-19
13.1151 	0.101637 	3.31474 	4.24193e-19
13.1853 	0.101637 	3.31474 	4.24193e-19
13.2554 	0.101637 	3.31474 	4.24193e-19
13.3255 	0.101637 	3.31474 	4.24193e-19
13.3957 	0.101637 	3.31474 	4.24193e-19
13.4658 	0.101637 	3.31474 	4.24193e-19
13.5359 	0.190473 	3.35549 	-1.86496e-19
13.6061 	0.190473 	3.35549 	-1.86496e-19
13.6762 	0.190473 	3.35549 	-1.86496e-19
13.7463 	0.190473 	3.35549 	-1.86496e-19
13.8165 	0.190473 	3.35549 	-1.86496e-19
13.8866 	0.190473 	3.35549 	-1.86496e-19
13.9567 	0.190473 	3.35549 	-1.86496e-19
14.0269 	0.190473 	3.35549 	-1.86496e-19
14.097 	0.190473 	3.35549 	-1.86496e-19
14.1671 	0.190473 	3.35549 	-1.86496e-19
14.2373 	0.190473 	3.35549 	-1.86496e-19
14.3074 	0.190473 	3.35549 	-1.86496e-19
14.3776 	0.218835 	3.38546 	0
14.4477 	0.215456 	3.45157 	-7.25077e-20
14.5178 	0.215456 	3.45157 	-7.25077e-20
14.588 	0.215456 	3.45157 	-7.25077e-20
14.6581 	0.215456 	3.45157 	-7.25077e-20
14.7282 	0.215456 	3.45157 	-7.25077e-20
14.7984 	0.215456 	3.45157 	-7.25077e-20
14.8685 	0.243664 	3.44272 	1.42269e-19
14.9386 	0.243664 	3.44272 	1.42269e-19
15.0088 	0.243664 	3.44272 	1.42269e-19
15.0789 	0.243664 	3.44272 	1.42269e-19
15.149 	0.243664 	3.44272 	1.42269e-19
15.2192 	0.317064 	3.52068 	-5.38702e-19
15.2893 	0.317064 	3.52068 	-5.38702e-19
15.3594 	0.317064 	3.52068 	-5.38702e-19
15.4296 	0.400975 	3.47627 	2.40047e-19
15.4997 	0.400975 	3.47627 	2.40047e-19
15.5698 	0.400975 	3.47627 	2.40047e-19
15.64 	0.400975 	3.47627 	2.40047e-19
15.7101 	0.400975 	3.47627 	2.40047e-19
15.7802 	0.400975 	3.47627 	2.40047e-19
15.8504 	0.400975 	3.47627 	2.40047e-19
15.9205 	0.401301 	3.57374 	1.15678e-19
15.9906 	0.401301 	3.57374 	1.15678e-19
16.0608 	0.401301 	3.57374 	1.15678e-19
16.1309 	0.5015 	3.48046 	-9.44848e-20
16.201 	0.5015 	3.48046 	-9.44848e-20
16.2712 	0.5015 	3.48046 	-9.44848e-20
16.3413 	0.5015 	3.48046 	-9.44848e-20
16.4114 	0.5015 	3.48046 	-9.44848e-20
16.4816 	0.5015 	3.48046 	-9.44848e-20
16.5517 	0.5015 	3.48046 	-9.44848e-20
16.6219 	0.612424 	3.57139 	0
16.692 	0.612424 	3.57139 	0
16.7621 	0.612424 	3.57139 	0
16.8323 	0.612424 	3.57139 	0
16.9024 	0.612424 	3.57139 	0
16.9725 	0.620466 	3.44729 	-6.12698e-20
17.0427 	0.620466 	3.44729 	-6.12698e-20
17.1128 	0.620466 	3.44729 	-6.12698e-20
17.1829 	0.620466 	3.44729 	-6.12698e-20
17.2531 	0.720168 	3.53022 	-4.30425e-19
17.3232 	0.720168 	3.53022 	-4.30425e-19
17.3933 	0.720168 	3.53022 	-4.30425e-19
17.4635 	0.720168 	3.53022 	-4.30425e-19
17.5336 	0.720168 	3.53022 	-4.30425e-19
17.6037 	0.720168 	3.53022 	-4.30425e-19
17.6739 	0.720168 	3.53022 	-4.30425e-19
17.744 	0.720168 	3.53022 	-4.30425e-19
17.8141 	0.720168 	3.53022 	-4.30425e-19
17.8843 	0.720168 	3.53022 	-4.30425e-19
17.9544 	0.764346 	3.40975 	0
18.0245 	0.764346 	3.40975 	0
18.0947 	0.764346 	3.40975 	0
18.1648 	0.764346 	3.40975 	0
18.2349 	0.764346 	3.40975 	0
18.3051 	0.764346 	3.40975 	0
18.3752 	0.764346 	3.40975 	0
18.4453 	0.764346 	3.40975 	0
18.5155 	0.764346 	3.40975 	0
18.5856 	0.855096 	3.46956 	0
18.6557 	0.855096 	3.46956 	0
18.7259 	0.855096 	3.46956 	0
18.796 	0.855096 	3.46956 	0
18.8662 	0.855096 	3.46956 	0
18.9363 	0.855096 	3.46956 	0
19.0064 	0.855096 	3.46956 	0
19.0766 	0.855096 	3.46956 	0
19.1467 	0.855096 	3.46956 	0
19.2168 	0.958855 	3.47894 	2.75273e-19
19.287 	0.857088 	3.10627 	1.28789e-19
19.3571 	0.857088 	3.10627 	1.28789e-19
19.4272 	0.857088 	3.10627 	1.28789e-19
19.4974 	0.857088 	3.10627 	1.28789e-19
19.5675 	0.857088 	3.10627 	1.28789e-19
19.6376 	0.857088 	3.10627 	1.28789e-19
19.7078 	0.857088 	3.10627 	1.28789e-19
19.7779 	0.857088 	3.10627 	1.28789e-19
19.848 	0.857088 	3.10627 	1.28789e-19
19.9182 	0.935103 	3.22658 	2.50259e-19
19.9883 	0.935103 	3.22658 	2.50259e-19
20.0584 	0.935103 	3.22658 	2.50259e-19
20.1286 	0.935103 	3.22658 	2.50259e-19
20.1987 	0.935103 	3.22658 	2.50259e-19
20.2688 	0.935103 	3.22658 	2.50259e-19
20.339 	0.935103 	3.22658 	2.50259e-19
20.4091 	0.935103 	3.22658 	2.50259e-19
20.4792 	0.935103 	3.22658 	2.50259e-19
20.5494 	0.935103 	3.22658 	2.50259e-19
20.6195 	1.01876 	3.28027 	1.88489e-19
20.6896 	1.01876 	3.28027 	1.88489e-19
20.7598 	1.01876 	3.28027 	1.88489e-19
20.8299 	1.01876 	3.28027 	1.88489e-19
20.9 	0.829384 	2.42566 	1.47353e-19
20.9702 	0.829384 	2.42566 	1.47353e-19
21.0403 	0.829384 	2.42566 	1.47353e-19
21.1105 	0.829384 	2.42566 	1.47353e-19
21.1806 	0.829384 	2.42566 	1.47353e-19
21.2507 	0.829384 	2.42566 	1.47353e-19
21.3209 	0.919348 	2.61299 	0
21.391 	0.919348 	2.61299 	0
21.4611 	0.919348 	2.61299 	0
21.5313 	0.919348 	2.61299 	0
21.6014 	0.919348 	2.61299 	0
21.6715 	0.919348 	2.61299 	0
21.7417 	0.919348 	2.61299 	0
21.8118 	0.919348 	2.61299 	0
21.8819 	0.919348 	2.61299 	0
21.9521 	0.919348 	2.61299 	0
22.0222 	0.919348 	2.61299 	0
22.0923 	1.00111 	2.74232 	1.71194e-19
22.1625 	1.00111 	2.74232 	1.71194e-19
22.2326 	1.00111 	2.74232 	1.71194e-19
22.3027 	1.00111 	2.74232 	1.71194e-19
22.3729 	1.00111 	2.74232 	1.71194e-19
22.443 	1.00111 	2.74232 	1.71194e-19
22.5131 	1.00111 	2.74232 	1.71194e-19
22.5833 	1.00111 	2.74232 	1.71194e-19
22.6534 	1.00111 	2.74232 	1.71194e-19
22.7235 	1.00111 	2.74232 	1.71194e-19
22.7937 	1.00111 	2.74232 	1.71194e-19
22.8638 	1.06507 	2.84104 	-4.84337e-19
22.9339 	1.06507 	2.84104 	-4.84337e-19
23.0041 	1.06507 	2.84104 	-4.84337e-19
23.0742 	0.720382 	1.79072 	-2.82481e-20
23.1443 	0.720382 	1.79072 	-2.82481e-20
23.2145 	0.720382 	1.79072 	-2.82481e-20
23.2846 	0.720382 	1.79072 	-2.82481e-20
23.3548 	0.720382 	1.79072 	-2.82481e-20
23.4249 	0.720382 	1.79072 	-2.82481e-20
23.495 	0.720382 	1.79072 	-2.82481e-20
23.5652 	0.720382 	1.79072 	-2.82481e-20
23.6353 	0.720382 	1.79072 	-2.82481e-20
23.7054 	0.785986 	1.84034 	3.29834e-21
23.7756 	0.785986 	1.84034 	3.29834e-21
23.8457 	0.785986 	1.84034 	3.29834e-21
23.9158 	0.785986 	1.84034 	3.29834e-21
23.986 	0.785986 	1.84034 	3.29834e-21
24.0561 	0.785986 	1.84034 	3.29834e-21
24.1262 	0.785986 	1.84034 	3.29834e-21
24.1964 	0.785986 	1.84034 	3.29834e-21
24.2665 	0.785986 	1.84034 	3.29834e-21
24.3366 	0.785986 	1.84034 	3.29834e-21
24.4068 	0.785986 	1.84034 	3.29834e-21
24.4769 	0.785986 	1.84034 	3.29834e-21
24.547 	0.785986 	1.84034 	3.29834e-21
24.6172 	0.843003 	1.8986 	-2.55552e-19
24.6873 	0.843003 	1.8986 	-2.55552e-19
24.7574 	0.843003 	1.8986 	-2.55552e-19
24.8276 	0.843003 	1.8986 	-2.55552e-19
24.8977 	0.843003 	1.8986 	-2.55552e-19
24.9678 	0.843003 	1.8986 	-2.55552e-19
25.038 	0.843003 	1.8986 	-2.55552e-19
25.1081 	0.843003 	1.8986 	-2.55552e-19
25.1782 	0.843003 	1.8986 	-2.55552e-19
25.2484 	0.843003 	1.8986 	-2.55552e-19
25.3185 	0.843003 	1.8986 	-2.55552e-19
25.3886 	0.843003 	1.8986 	-2.55552e-19
25.4588 	0.913012 	1.95033 	2.79226e-19
25.5289 	0.913012 	1.95033 	2.79226e-19
25.5991 	0.913012 	1.95033 	2.79226e-19
25.6692 	0.913012 	1.95033 	2.79226e-19
25.7393 	0.913012 	1.95033 	2.79226e-19
25.8095 	0.913012 	1.95033 	2.79226e-19
25.8796 	0.913012 	1.95033 	2.79226e-19
25.9497 	0.913012 	1.95033 	2.79226e-19
26.0199 	0.913012 	1.95033 	2.79226e-19
26.09 	0.92351 	1.4485 	7.303e-20
26.1601 	0.92351 	1.4485 	7.303e-20
26.2303 	0.92351 	1.4485 	7.303e-20
26.3004 	0.92351 	1.4485 	7.303e-20
26.3705 	0.92351 	1.4485 	7.303e-20
26.4407 	1.06006 	1.45102 	-9.65634e-20
26.5108 	1.06006 	1.45102 	-9.65634e-20
26.5809 	1.06006 	1.45102 	-9.65634e-20
26.6511 	1.06006 	1.45102 	-9.65634e-20
26.7212 	1.06006 	1.45102 	-9.65634e-20
26.7913 	1.06006 	1.45102 	-9.65634e-20
26.8615 	1.06006 	1.45102 	-9.65634e-20
26.9316 	1.06006 	1.45102 	-9.65634e-20
27.0017 	1.06006 	1.45102 	-9.65634e-20
27.0719 	1.06006 	1.45102 	-9.65634e-20
27.142 	1.06006 	1.45102 	-9.65634e-20
27.2121 	1.06006 	1.45102 	-9.65634e-20
27.2823 	1.06006 	1.45102 	-9.65634e-20
27.3524 	1.10908 	1.44696 	0
27.4225 	1.10908 	1.44696 	0
27.4927 	1.10908 	1.44696 	0
27.5628 	1.10908 	1.44696 	0
27.6329 	1.10908 	1.44696 	0
27.7031 	1.10908 	1.44696 	0
27.7732 	1.10908 	1.44696 	0
27.8434 	1.10908 	1.44696 	0
27.9135 	1.10908 	1.44696 	0
27.9836 	1.10908 	1.44696 	0
28.0538 	1.10908 	1.44696 	0
28.1239 	1.10908 	1.44696 	0
28.194 	1.10908 	1.44696 	0
28.2642 	1.10908 	1.44696 	0
28.3343 	1.10908 	1.44696 	0
28.4044 	1.09116 	1.44046 	0
28.4746 	1.09116 	1.44046 	0
28.5447 	1.09116 	1.44046 	0
28.6148 	1.09116 	1.44046 	0
28.685 	1.09116 	1.44046 	0
28.7551 	1.09116 	1.44046 	0
28.8252 	1.09116 	1.44046 	0
28.8954 	1.09116 	1.44046 	0
28.9655 	1.09116 	1.44046 	0
29.0356 	1.09116 	1.44046 	0
29.1058 	1.09116 	1.44046 	0
29.1759 	1.09116 	1.44046 	0
29.246 	1.09116 	1.44046 	0
29.3162 	1.09116 	1.44046 	0
29.3863 	1.09116 	1.44046 	0
29.4564 	0.935102 	1.45289 	-4.43339e-19
29.5266 	0.935102 	1.45289 	-4.43339e-19
29.5967 	0.935102 	1.45289 	-4.43339e-19
29.6668 	0.935102 	1.45289 	-4.43339e-19
29.737 	0.935102 	1.45289 	-4.43339e-19
29.8071 	0.935102 	1.45289 	-4.43339e-19
29.8773 	0.935102 	1.45289 	-4.43339e-19
29.9474 	0.935102 	1.45289 	-4.43339e-19
30.0175 	0.935102 	1.45289 	-4.43339e-19
30.0877 	0.935102 	1.45289 	-4.43339e-19
30.1578 	0.935102 	1.45289 	-4.43339e-19
30.2279 	0.935102 	1.45289 	-4.43339e-19
30.2981 	0.935102 	1.45289 	-4.43339e-19
30.3682 	0.935102 	1.45289 	-4.43339e-19
30.4383 	0.935102 	1.45289 	-4.43339e-19
30.5085 	0.935102 	1.45289 	-4.43339e-19
30.5786 	0.515253 	1.51509 	-6.53787e-20
30.6487 	0.515253 	1.51509 	-6.53787e-20
30.7189 	0.515253 	1.51509 	-6.53787e-20
30.789 	0.515253 	1.51509 	-6.53787e-20
30.8591 	0.515253 	1.51509 	-6.53787e-20
30.9293 	0.515253 	1.51509 	-6.53787e-20
30.9994 	0.515253 	1.51509 	-6.53787e-20
31.0695 	0.515253 	1.51509 	-6.53787e-20
31.1397 	0.515253 	1.51509 	-6.53787e-20
31.2098 	0.515253 	1.51509 	-6.53787e-20
31.2799 	0.515253 	1.51509 	-6.53787e-20
31.3501 	0.515253 	1.51509 	-6.53787e-20
31.4202 	0.515253 	1.51509 	-6.53787e-20
31.4903 	0.515253 	1.51509 	-6.53787e-20
31.5605 	0.444182 	1.02536 	-5.63401e-19
31.6306 	0.444182 	1.02536 	-5.63401e-19
31.7007 	0.0985187 	1.12444 	3.80557e-19
31.7709 	0.0985187 	1.12444 	3.80557e-19
31.841 	0.0985187 	1.12444 	3.80557e-19
31.9111 	0.0985187 	1.12444 	3.80557e-19
31.9813 	0.0985187 	1.12444 	3.80557e-19
32.0514 	0.0985187 	1.12444 	3.80557e-19
32.1216 	0.0985187 	1.12444 	3.80557e-19
32.1917 	0.0985187 	1.12444 	3.80557e-19
32.2618 	0.0985187 	1.12444 	3.80557e-19
32.332 	0.0985187 	1.12444 	3.80557e-19
32.4021 	0.0985187 	1.12444 	3.80557e-19
32.4722 	0.0985187 	1.12444 	3.80557e-19
32.5424 	0.0985187 	1.12444 	3.80557e-19
32.6125 	0.0985187 	1.12444 	3.80557e-19
32.6826 	0.0985187 	1.12444 	3.80557e-19
32.7528 	0.0985187 	1.12444 	3.80557e-19
32.8229 	0.0985187 	1.12444 	3.80557e-19
32.893 	0.0985187 	1.12444 	3.80557e-19
32.9632 	-0.200196 	1.2637 	6.33835e-20
33.0333 	-0.200196 	1.2637 	6.33835e-20
33.1034 	-0.200196 	1.2637 	6.33835e-20
33.1736 	-0.200196 	1.2637 	6.33835e-20
33.2437 	-0.200196 	1.2637 	6.33835e-20
33.3138 	-0.200196 	1.2637 	6.33835e-20
33.384 	-0.200196 	1.2637 	6.33835e-20
33.4541 	-0.200196 	1.2637 	6.33835e-20
33.5242 	-0.200196 	1.2637 	6.33835e-20
33.5944 	-0.200196 	1.2637 	6.33835e-20
33.6645 	-0.200196 	1.2637 	6.33835e-20
33.7346 	-0.200196 	1.2637 	6.33835e-20
33.8048 	-0.200196 	1.2637 	6.33835e-20
33.8749 	-0.200196 	1.2637 	6.33835e-20
33.945 	-0.200196 	1.2637 	6.33835e-20
34.0152 	-0.200196 	1.2637 	6.33835e-20
34.0853 	-0.200196 	1.2637 	6.33835e-20
34.1554 	-0.200196 	1.2637 	6.33835e-20
34.2256 	-0.354031 	1.4104 	-3.54141e-20
34.2957 	-0.354031 	1.4104 	-3.54141e-20
34.3659 	-0.354031 	1.4104 	-3.54141e-20
34.436 	-0.354031 	1.4104 	-3.54141e-20
34.5061 	-0.354031 	1.4104 	-3.54141e-20
34.5763 	-0.354031 	1.4104 	-3.54141e-20
34.6464 	-0.354031 	1.4104 	-3.54141e-20
34.7165 	-0.354031 	1.4104 	-3.54141e-20
34.7867 	-0.354031 	1.4104 	-3.54141e-20
34.8568 	-0.354031 	1.4104 	-3.54141e-20
34.9269 	-0.354031 	1.4104 	-3.54141e-20
34.9971 	-0.354031 	1.4104 	-3.54141e-20
35.0672 	-0.354031 	1.4104 	-3.54141e-20
35.1373 	-0.354031 	1.4104 	-3.54141e-20
35.2075 	-0.354031 	1.4104 	-3.54141e-20
35.2776 	-0.354031 	1.4104 	-3.54141e-20
35.3477 	-0.354031 	1.4104 	-3.54141e-20
35.4179 	-0.354031 	1.4104 	-3.54141e-20
35.488 	-0.354031 	1.4104 	-3.54141e-20
35.5581 	-0.354031 	1.4104 	-3.54141e-20
35.6283 	-0.366773 	1.54325 	-4.56202e-21
35.6984 	-0.366773 	1.54325 	-4.56202e-21
35.7685 	-0.366773 	1.54325 	-4.56202e-21
35.8387 	-0.366773 	1.54325 	-4.56202e-21
35.9088 	-0.366773 	1.54325 	-4.56202e-21
35.9789 	-0.366773 	1.54325 	-4.56202e-21
36.0491 	-0.366773 	1.54325 	-4.56202e-21
36.1192 	-0.366773 	1.54325 	-4.56202e-21
36.1893 	-0.366773 	1.54325 	-4.56202e-21
36.2595 	-0.366773 	1.54325 	-4.56202e-21
36.3296 	-0.366773 	1.54325 	-4.56202e-21
36.3997 	-0.366773 	1.54325 	-4.56202e-21
36.4699 	-0.366773 	1.54325 	-4.56202e-21
36.54 	-0.366773 	1.54325 	-4.56202e-21
36.6102 	-0.366773 	1.54325 	-4.56202e-21
36.6803 	-0.366773 	1.54325 	-4.56202e-21
36.7504 	-0.366773 	1.54325 	-4.56202e-21
36.8206 	-0.366773 	1.54325 	-4.56202e-21
36.8907 	-0.366773 	1.54325 	-4.56202e-21
36.9608 	-0.366773 	1.54325 	-4.56202e-21
37.031 	-0.366773 	1.54325 	-4.56202e-21
37.1011 	-0.312004 	1.64826 	0
37.1712 	-0.312004 	1.64826 	0
37.2414 	-0.312004 	1.64826 	0
37.3115 	-0.312004 	1.64826 	0
37.3816 	-0.312004 	1.64826 	0
37.4518 	-0.312004 	1.64826 	0
37.5219 	-0.312004 	1.64826 	0
37.592 	-0.312004 	1.64826 	0
37.6622 	-0.312004 	1.64826 	0
37.7323 	-0.312004 	1.64826 	0
37.8024 	-0.312004 	1.64826 	0
37.8726 	-0.312004 	1.64826 	0
37.9427 	-0.312004 	1.64826 	0
38.0128 	-0.312004 	1.64826 	0
38.083 	-0.312004 	1.64826 	0
38.1531 	-0.312004 	1.64826 	0
38.2232 	-0.312004 	1.64826 	0
38.2934 	-0.251727 	1.72145 	0
38.3635 	-0.251727 	1.72145 	0
38.4336 	-0.251727 	1.72145 	0
38.5038 	-0.251727 	1.72145 	0
38.5739 	-0.251727 	1.72145 	0
38.644 	-0.251727 	1.72145 	0
38.7142 	-0.251727 	1.72145 	0
38.7843 	-0.251727 	1.72145 	0
38.8545 	-0.251727 	1.72145 	0
38.9246 	-0.251727 	1.72145 	0
38.9947 	-0.251727 	1.72145 	0
39.0649 	-0.251727 	1.72145 	0
39.135 	-0.251727 	1.72145 	0
39.2051 	-0.251727 	1.72145 	0
39.2753 	-0.251727 	1.72145 	0
39.3454 	-0.251727 	1.72145 	0
39.4155 	-0.251727 	1.72145 	0
39.4857 	-0.251727 	1.72145 	0
39.5558 	-0.198679 	1.76573 	0
39.6259 	-0.198679 	1.76573 	0
39.6961 	-0.198679 	1.76573 	0
39.7662 	-0.198679 	1.76573 	0
39.8363 	-0.198679 	1.76573 	0
39.9065 	-0.198679 	1.76573 	0
39.9766 	-0.198679 	1.76573 	0
40.0467 	-0.198679 	1.76573 	0
40.1169 	-0.198679 	1.76573 	0
40.187 	-0.198679 	1.76573 	0
40.2571 	-0.198679 	1.76573 	0
40.3273 	-0.198679 	1.76573 	0
40.3974 	-0.198679 	1.76573 	0
40.4675 	-0.198679 	1.76573 	0
40.5377 	-0.198679 	1.76573 	0
40.6078 	-0.198679 	1.76573 	0
40.6779 	-0.198679 	1.76573 	0
40.7481 	-0.156736 	1.79232 	0
40.8182 	-0.156736 	1.79232 	0
40.8883 	-0.156736 	1.79232 	0
40.9585 	-0.156736 	1.79232 	0
41.0286 	-0.156736 	1.79232 	0
41.0988 	-0.156736 	1.79232 	0
41.1689 	-0.156736 	1.79232 	0
41.239 	-0.156736 	1.79232 	0
41.3092 	-0.156736 	1.79232 	0
41.3793 	-0.156736 	1.79232 	0
41.4494 	-0.156736 	1.79232 	0
41.5196 	-0.156736 	1.79232 	0
41.5897 	-0.156736 	1.79232 	0
41.6598 	-0.156736 	1.79232 	0
41.73 	-0.156736 	1.79232 	0
41.8001 	-0.156736 	1.79232 	0
41.8702 	-0.156736 	1.79232 	0
41.9404 	-0.156736 	1.79232 	0
42.0105 	-0.12386 	1.80752 	0
42.0806 	-0.12386 	1.80752 	0
42.1508 	-0.12386 	1.80752 	0
42.2209 	-0.12386 	1.80752 	0
42.291 	-0.12386 	1.80752 	0
42.3612 	-0.12386 	1.80752 	0
42.4313 	-0.12386 	1.80752 	0
42.5014 	-0.12386 	1.80752 	0
42.5716 	-0.12386 	1.80752 	0
42.6417 	-0.12386 	1.80752 	0
42.7118 	-0.12386 	1.80752 	0
42.782 	-0.12386 	1.80752 	0
42.8521 	-0.12386 	1.80752 	0
42.9222 	-0.12386 	1.80752 	0
42.9924 	-0.12386 	1.80752 	0
43.0625 	-0.12386 	1.80752 	0
43.1327 	-0.12386 	1.80752 	0
43.2028 	-0.0982834 	1.81635 	0
43.2729 	-0.0982834 	1.81635 	0
43.3431 	-0.0982834 	1.81635 	0
43.4132 	-0.0982834 	1.81635 	0
43.4833 	-0.0982834 	1.81635 	0
43.5535 	-0.0982834 	1.81635 	0
43.6236 	-0.0982834 	1.81635 	0
43.6937 	-0.0982834 	1.81635 	0
43.7639 	-0.0982834 	1.81635 	0
43.834 	-0.0982834 	1.81635 	0
43.9041 	-0.0982834 	1.81635 	0
43.9743 	-0.0982834 	1.81635 	0
44.0444 	-0.0982834 	1.81635 	0
44.1145 	-0.0982834 	1.81635 	0
44.1847 	-0.0982834 	1.81635 	0
44.2548 	-0.0982834 	1.81635 	0
44.3249 	-0.0982834 	1.81635 	0
44.3951 	-0.0982834 	1.81635 	0
44.4652 	-0.0782431 	1.82091 	0
44.5353 	-0.0782431 	1.82091 	0
44.6055 	-0.0782431 	1.82091 	0
44.6756 	-0.0782431 	1.82091 	0
44.7457 	-0.0782431 	1.82091 	0
44.8159 	-0.0782431 	1.82091 	0
44.886 	-0.0782431 	1.82091 	0
44.9561 	-0.0782431 	1.82091 	0
45.0263 	-0.0782431 	1.82091 	0
45.0964 	-0.0782431 	1.82091 	0
45.1665 	-0.0782431 	1.82091 	0
45.2367 	-0.0782431 	1.82091 	0
45.3068 	-0.0782431 	1.82091 	0
45.377 	-0.0782431 	1.82091 	0
45.4471 	-0.0782431 	1.82091 	0
45.5172 	-0.0782431 	1.82091 	0
45.5874 	-0.0782431 	1.82091 	0
45.6575 	-0.0620861 	1.82379 	0
45.7276 	-0.0620861 	1.82379 	0
45.7978 	-0.0620861 	1.82379 	0
45.8679 	-0.0620861 	1.82379 	0
45.938 	-0.0620861 	1.82379 	0
46.0082 	-0.0620861 	1.82379 	0
46.0783 	-0.0620861 	1.82379 	0
46.1484 	-0.0620861 	1.82379 	0
46.2186 	-0.0620861 	1.82379 	0
46.2887 	-0.0620861 	1.82379 	0
46.3588 	-0.0620861 	1.82379 	0
46.429 	-0.0620861 	1.82379 	0
46.4991 	-0.0620861 	1.82379 	0
46.5692 	-0.0620861 	1.82379 	0
46.6394 	-0.0620861 	1.82379 	0
46.7095 	-0.0620861 	1.82379 	0
46.7796 	-0.0635724 	1.84396 	0
46.8498 	-0.0635724 	1.84396 	0
46.9199 	-0.0501877 	1.84217 	0
46.99 	-0.0501877 	1.84217 	0
47.0602 	-0.0501877 	1.84217 	0
47.1303 	-0.0501877 	1.84217 	0
47.2004 	-0.0501877 	1.84217 	0
47.2706 	-0.0501877 	1.84217 	0
47.3407 	-0.0501877 	1.84217 	0
47.4108 	-0.0501877 	1.84217 	0
47.481 	-0.0501877 	1.84217 	0
47.5511 	-0.0501877 	1.84217 	0
47.6213 	-0.0501877 	1.84217 	0
47.6914 	-0.0501877 	1.84217 	0
47.7615 	-0.0501877 	1.84217 	0
47.8317 	-0.0501877 	1.84217 	0
47.9018 	-0.0501877 	1.84217 	0
47.9719 	-0.0501877 	1.84217 	0
48.0421 	-0.0501877 	1.84217 	0
48.1122 	-0.0501877 	1.84217 	0
48.1823 	-0.040084 	1.84127 	0
48.2525 	-0.040084 	1.84127 	0
48.3226 	-0.040084 	1.84127 	0
48.3927 	-0.040084 	1.84127 	0
48.4629 	-0.040084 	1.84127 	0
48.533 	-0.040084 	1.84127 	0
48.6031 	-0.040084 	1.84127 	0
48.6733 	-0.040084 	1.84127 	0
48.7434 	-0.040084 	1.84127 	0
48.8135 	-0.040084 	1.84127 	0
48.8837 	-0.040084 	1.84127 	0
48.9538 	-0.040084 	1.84127 	0
49.0239 	-0.040084 	1.84127 	0
49.0941 	-0.040084 	1.84127 	0
49.1642 	-0.040084 	1.84127 	0
49.2343 	-0.040084 	1.84127 	0
49.3045 	-0.040084 	1.84127 	0
49.3746 	-0.0323286 	1.84021 	0
49.4447 	-0.0323286 	1.84021 	0
49.5149 	-0.0323286 	1.84021 	0
49.585 	-0.0323286 	1.84021 	0
49.6551 	-0.0323286 	1.84021 	0
49.7253 	-0.0323286 	1.84021 	0
49.7954 	-0.0323286 	1.84021 	0
49.8656 	-0.0323286 	1.84021 	0
49.9357 	-0.0323286 	1.84021 	0
50.0058 	-0.0323286 	1.84021 	0
50.076 	-0.0323286 	1.84021 	0
50.1461 	-0.0323286 	1.84021 	0
50.2162 	-0.0323286 	1.84021 	0
50.2864 	-0.0323286 	1.84021 	0
50.3565 	-0.0323286 	1.84021 	0
50.4266 	-0.0323286 	1.84021 	0
50.4968 	-0.0323286 	1.84021 	0
50.5669 	-0.0323286 	1.84021 	0
50.637 	-0.0261298 	1.83899 	0
50.7072 	-0.0261298 	1.83899 	0
50.7773 	-0.0261298 	1.83899 	0
50.8474 	-0.0261298 	1.83899 	0
50.9176 	-0.0261298 	1.83899 	0
50.9877 	-0.0261298 	1.83899 	0
51.0578 	-0.0261298 	1.83899 	0
51.128 	-0.0261298 	1.83899 	0
51.1981 	-0.0261298 	1.83899 	0
51.2682 	-0.0261298 	1.83899 	0
51.3384 	-0.0261298 	1.83899 	0
51.4085 	-0.0261298 	1.83899 	0
51.4786 	-0.0261298 	1.83899 	0
51.5488 	-0.0261298 	1.83899 	0
51.6189 	-0.0261298 	1.83899 	0
51.689 	-0.0261298 	1.83899 	0
51.7592 	-0.0261298 	1.83899 	0
51.8293 	-0.0209316 	1.83783 	0
51.8994 	-0.0209316 	1.83783 	0
51.9696 	-0.0209316 	1.83783 	0
52.0397 	-0.0209316 	1.83783 	0
52.1099 	-0.0209316 	1.83783 	0
52.18 	-0.0209316 	1.83783 	0
52.2501 	-0.0209316 	1.83783 	0
52.3203 	-0.0209316 	1.83783 	0
52.3904 	-0.0209316 	1.83783 	0
52.4605 	-0.0209316 	1.83783 	0
52.5307 	-0.0209316 	1.83783 	0
52.6008 	-0.0209316 	1.83783 	0
52.6709 	-0.0209316 	1.83783 	0
52.7411 	-0.0209316 	1.83783 	0
52.8112 	-0.0209316 	1.83783 	0
52.8813 	-0.0209316 	1.83783 	0
52.9515 	-0.0209316 	1.83783 	0
53.0216 	-0.0209316 	1.83783 	0
53.0917 	-0.0168219 	1.837 	0
53.1619 	-0.0168219 	1.837 	0
53.232 	-0.0168219 	1.837 	0
53.3021 	-0.0168219 	1.837 	0
53.3723 	-0.0168219 	1.837 	0
53.4424 	-0.0168219 	1.837 	0
53.5125 	-0.0168219 	1.837 	0
53.5827 	-0.0168219 	1.837 	0
53.6528 	-0.0168219 	1.837 	0
53.7229 	-0.0168219 	1.837 	0
53.7931 	-0.0168219 	1.837 	0
53.8632 	-0.0168219 	1.837 	0
53.9333 	-0.0168219 	1.837 	0
54.0035 	-0.0168219 	1.837 	0
54.0736 	-0.0168219 	1.837 	0
54.1437 	-0.0168219 	1.837 	0
54.2139 	-0.0168219 	1.837 	0
54.284 	-0.0135576 	1.83636 	0
54.3542 	-0.0135576 	1.83636 	0
54.4243 	-0.0135576 	1.83636 	0
54.4944 	-0.0135576 	1.83636 	0
54.5646 	-0.0135576 	1.83636 	0
54.6347 	-0.0135576 	1.83636 	0
54.7048 	-0.0135576 	1.83636 	0
54.775 	-0.0135576 	1.83636 	0
54.8451 	-0.0135576 	1.83636 	0
54.9152 	-0.0135576 	1.83636 	0
54.9854 	-0.0135576 	1.83636 	0
55.0555 	-0.0135576 	1.83636 	0
55.1256 	-0.0135576 	1.83636 	0
55.1958 	-0.0135576 	1.83636 	0
55.2659 	-0.0135576 	1.83636 	0
55.336 	-0.0135576 	1.83636 	0
55.4062 	-0.0135576 	1.83636 	0
55.4763 	-0.0135576 	1.83636 	0
55.5464 	-0.0108993 	1.83567 	0
55.6166 	-0.0108993 	1.83567 	0
55.6867 	-0.0108993 	1.83567 	0
55.7568 	-0.0108993 	1.83567 	0
55.827 	-0.0108993 	1.83567 	0
55.8971 	-0.0108993 	1.83567 	0
55.9672 	-0.0108993 	1.83567 	0
56.0374 	-0.0108993 	1.83567 	0
56.1075 	-0.0108993 	1.83567 	0
56.1776 	-0.0108993 	1.83567 	0
56.2478 	-0.0108993 	1.83567 	0
56.3179 	-0.0108993 	1.83567 	0
56.3881 	-0.0108993 	1.83567 	0
56.4582 	-0.0108993 	1.83567 	0
56.5283 	-0.0108993 	1.83567 	0
56.5985 	-0.0108993 	1.83567 	0
56.6686 	-0.0108993 	1.83567 	0
56.7387 	-0.0108993 	1.83567 	0
56.8089 	-0.00872752 	1.83509 	0
56.879 	-0.00872752 	1.83509 	0
56.9491 	-0.00872752 	1.83509 	0
57.0193 	-0.00872752 	1.83509 	0
57.0894 	-0.00872752 	1.83509 	0
57.1595 	-0.00872752 	1.83509 	0
57.2297 	-0.00872752 	1.83509 	0
57.2998 	-0.00872752 	1.83509 	0
57.3699 	-0.00872752 	1.83509 	0
57.4401 	-0.00872752 	1.83509 	0
57.5102 	-0.00872752 	1.83509 	0
57.5803 	-0.00872752 	1.83509 	0
57.6505 	-0.00872752 	1.83509 	0
57.7206 	-0.00872752 	1.83509 	0
57.7907 	-0.00872752 	1.83509 	0
57.8609 	-0.00872752 	1.83509 	0
57.931 	-0.00872752 	1.83509 	0
58.0011 	-0.0069535 	1.83459 	0
58.0713 	-0.0069535 	1.83459 	0
58.1414 	-0.0069535 	1.83459 	0
58.2115 	-0.0069535 	1.83459 	0
58.2817 	-0.0069535 	1.83459 	0
58.3518 	-0.0069535 	1.83459 	0
58.4219 	-0.0069535 	1.83459 	0
58.4921 	-0.0069535 	1.83459 	0
58.5622 	-0.0069535 	1.83459 	0
58.6324 	-0.0069535 	1.83459 	0
58.7025 	-0.0069535 	1.83459 	0
58.7726 	-0.0069535 	1.83459 	0
58.8428 	-0.0069535 	1.83459 	0
58.9129 	-0.0069535 	1.83459 	0
58.983 	-0.0069535 	1.83459 	0
59.0532 	-0.0069535 	1.83459 	0
59.1233 	-0.0069535 	1.83459 	0
59.1934 	-0.0069535 	1.83459 	0
59.2636 	-0.00553132 	1.83417 	0
59.3337 	-0.00553132 	1.83417 	0
59.4038 	-0.00553132 	1.83417 	0
59.474 	-0.00553132 	1.83417 	0
59.5441 	-0.00553132 	1.83417 	0
59.6142 	-0.00553132 	1.83417 	0
59.6844 	-0.00553132 	1.83417 	0
59.7545 	-0.00553132 	1.83417 	0
59.8246 	-0.00553132 	1.83417 	0
59.8948 	-0.00553132 	1.83417 	0
59.9649 	-0.00553132 	1.83417 	0
60.035 	-0.00553132 	1.83417 	0
60.1052 	-0.00553132 	1.83417 	0
60.1753 	-0.00553132 	1.83417 	0
60.2454 	-0.00553132 	1.83417 	0
60.3156 	-0.00553132 	1.83417 	0
60.3857 	-0.00553132 	1.83417 	0
60.4558 	-0.00437296 	1.83388 	0
60.526 	-0.00437296 	1.83388 	0
60.5961 	-0.00437296 	1.83388 	0
60.6662 	-0.00437296 	1.83388 	0
60.7364 	-0.00437296 	1.83388 	0
60.8065 	-0.00437296 	1.83388 	0
60.8767 	-0.00437296 	1.83388 	0
60.9468 	-0.00437296 	1.83388 	0
61.0169 	-0.00437296 	1.83388 	0
61.0871 	-0.00437296 	1.83388 	0
61.1572 	-0.00437296 	1.83388 	0
61.2273 	-0.00437296 	1.83388 	0
61.2975 	-0.00437296 	1.83388 	0
61.3676 	-0.00437296 	1.83388 	0
61.4377 	-0.00437296 	1.83388 	0
61.5079 	-0.00437296 	1.83388 	0
61.578 	-0.00437296 	1.83388 	0
61.6481 	-0.00437296 	1.83388 	0
61.7183 	-0.00349168 	1.83361 	0
61.7884 	-0.00349168 	1.83361 	0
61.8585 	-0.00349168 	1.83361 	0
61.9287 	-0.00349168 	1.83361 	0
61.9988 	-0.00349168 	1.83361 	0
62.0689 	-0.00349168 	1.83361 	0
62.1391 	-0.00349168 	1.83361 	0
62.2092 	-0.00349168 	1.83361 	0
62.2793 	-0.00349168 	1.83361 	0
62.3495 	-0.00349168 	1.83361 	0
62.4196 	-0.00349168 	1.83361 	0
62.4897 	-0.00349168 	1.83361 	0
62.5599 	-0.00349168 	1.83361 	0
62.63 	-0.00349168 	1.83361 	0
62.7001 	-0.00349168 	1.83361 	0
62.7703 	-0.00349168 	1.83361 	0
62.8404 	-0.00349168 	1.83361 	0
62.9105 	-0.00269785 	1.83341 	0
62.9807 	-0.00269785 	1.83341 	0
63.0508 	-0.00269785 	1.83341 	0
63.121 	-0.00269785 	1.83341 	0
63.1911 	-0.00269785 	1.83341 	0
63.2612 	-0.00269785 	1.83341 	0
63.3314 	-0.00269785 	1.83341 	0
63.4015 	-0.00269785 	1.83341 	0
63.4716 	-0.00269785 	1.83341 	0
63.5418 	-0.00269785 	1.83341 	0
63.6119 	-0.00269785 	1.83341 	0
63.682 	-0.00269785 	1.83341 	0
63.7522 	-0.00269785 	1.83341 	0
63.8223 	-0.00269785 	1.83341 	0
63.8924 	-0.00269785 	1.83341 	0
63.9626 	-0.00269785 	1.83341 	0
64.0327 	-0.00269785 	1.83341 	0
64.1028 	-0.00269785 	1.83341 	0
64.173 	-0.0021709 	1.83327 	0
64.2431 	-0.0021709 	1.83327 	0
64.3132 	-0.0021709 	1.83327 	0
64.3834 	-0.0021709 	1.83327 	0
64.4535 	-0.0021709 	1.83327 	0
64.5236 	-0.0021709 	1.83327 	0
64.5938 	-0.0021709 	1.83327 	0
64.6639 	-0.0021709 	1.83327 	0
64.734 	-0.0021709 	1.83327 	0
64.8042 	-0.0021709 	1.83327 	0
64.8743 	-0.0021709 	1.83327 	0
64.9444 	-0.0021709 	1.83327 	0
65.0146 	-0.0021709 	1.83327 	0
65.0847 	-0.0021709 	1.83327 	0
65.1548 	-0.0021709 	1.83327 	0
65.225 	-0.0021709 	1.83327 	0
65.2951 	-0.0021709 	1.83327 	0
65.3653 	-0.0021709 	1.83327 	0
65.4354 	-0.00157474 	1.83316 	0
65.5055 	-0.00157474 	1.83316 	0
65.5757 	-0.00157474 	1.83316 	0
65.6458 	-0.00157474 	1.83316 	0
65.7159 	-0.00157474 	1.83316 	0
65.7861 	-0.00157474 	1.83316 	0
65.8562 	-0.00157474 	1.83316 	0
65.9263 	-0.00157474 	1.83316 	0
65.9965 	-0.00157474 	1.83316 	0
66.0666 	-0.00157474 	1.83316 	0
66.1367 	-0.00157474 	1.83316 	0
66.2069 	-0.00157474 	1.83316 	0
66.277 	-0.00157474 	1.83316 	0
66.3471 	-0.00157474 	1.83316 	0
66.4173 	-0.00157474 	1.83316 	0
66.4874 	-0.00157474 	1.83316 	0
66.5575 	-0.00157474 	1.83316 	0
66.6277 	-0.00131532 	1.83308 	0
66.6978 	-0.00131532 	1.83308 	0
66.7679 	-0.00131532 	1.83308 	0
66.8381 	-0.00131532 	1.83308 	0
66.9082 	-0.00131532 	1.83308 	0
66.9783 	-0.00131532 	1.83308 	0
67.0485 	-0.00131532 	1.83308 	0
67.1186 	-0.00131532 	1.83308 	0
67.1887 	-0.00131532 	1.83308 	0
67.2589 	-0.00131532 	1.83308 	0
67.329 	-0.00131532 	1.83308 	0
67.3991 	-0.00131532 	1.83308 	0
67.4693 	-0.00131532 	1.83308 	0
67.5394 	-0.00131532 	1.83308 	0
67.6096 	-0.00131532 	1.83308 	0
67.6797 	-0.00131532 	1.83308 	0
67.7498 	-0.00131532 	1.83308 	0
67.82 	-0.00131532 	1.83308 	0
67.8901 	-0.000761446 	1.833 	0
67.9602 	-0.000761446 	1.833 	0
68.0304 	-0.000761446 	1.833 	0
68.1005 	-0.000761446 	1.833 	0
68.1706 	-0.000761446 	1.833 	0
68.2408 	-0.000761446 	1.833 	0
68.3109 	-0.000761446 	1.833 	0
68.381 	-0.000761446 	1.833 	0
68.4512 	-0.000761446 	1.833 	0
68.5213 	-0.000761446 	1.833 	0
68.5914 	-0.000761446 	1.833 	0
68.6616 	-0.000761446 	1.833 	0
68.7317 	-0.000761446 	1.833 	0
68.8018 	-0.000761446 	1.833 	0
68.872 	-0.000761446 	1.833 	0
68.9421 	-0.000761446 	1.833 	0
69.0122 	-0.000761446 	1.833 	0
