0.490941 	1.72228
0.561075 	1.72228
0.63121 	1.72228
0.701344 	1.72228
0.771478 	1.72228
0.841613 	1.72228
0.911747 	1.72228
0.981881 	1.72228
1.05202 	1.72228
1.12215 	1.72228
1.19228 	1.72228
1.26242 	1.72228
1.33255 	1.68284
1.40269 	1.68284
1.47282 	1.68284
1.54296 	1.68284
1.61309 	1.68284
1.68323 	1.68284
1.75336 	1.68284
1.82349 	1.68284
1.89363 	1.68284
1.96376 	1.68284
2.0339 	1.68284
2.10403 	1.68284
2.17417 	1.62211
2.2443 	1.62211
2.31443 	1.62211
2.38457 	1.62211
2.4547 	1.62211
2.52484 	1.62211
2.59497 	1.62211
2.66511 	1.62211
2.73524 	1.62211
2.80538 	1.62211
2.87551 	1.62211
2.94564 	1.62211
3.01578 	1.54816
3.08591 	1.54816
3.15605 	1.54816
3.22618 	1.54816
3.29632 	1.54816
3.36645 	1.54816
3.43659 	1.54816
3.50672 	1.54816
3.57685 	1.54816
3.64699 	1.54816
3.71712 	1.54816
3.78726 	1.54097
3.85739 	1.46197
3.92753 	1.46197
3.99766 	1.46197
4.06779 	1.46197
4.13793 	1.46197
4.20806 	1.46197
4.2782 	1.46197
4.34833 	1.46197
4.41847 	1.46197
4.4886 	1.46197
4.55874 	1.46197
4.62887 	1.46197
4.699 	1.46197
4.76914 	1.38327
4.83927 	1.38327
4.90941 	1.38327
4.97954 	1.38327
5.04968 	1.38327
5.11981 	1.38327
5.18994 	1.38327
5.26008 	1.38327
5.33021 	1.38327
5.40035 	1.38327
5.47048 	1.38327
5.54062 	1.38327
5.61075 	1.30867
5.68089 	1.30867
5.75102 	1.30867
5.82115 	1.30867
5.89129 	1.30867
5.96142 	1.30867
6.03156 	1.30867
6.10169 	1.30867
6.17183 	1.30867
6.24196 	1.30867
6.3121 	1.30867
6.38223 	1.30867
6.45236 	1.23746
6.5225 	1.23746
6.59263 	1.23746
6.66277 	1.23746
6.7329 	1.23746
6.80304 	1.23746
6.87317 	1.23746
6.9433 	1.23746
7.01344 	1.23746
7.08357 	1.23746
7.15371 	1.23746
7.22384 	1.23746
7.29398 	1.16948
7.36411 	1.16948
7.43425 	1.16948
7.50438 	1.16948
7.57451 	1.16948
7.64465 	1.16948
7.71478 	1.16948
7.78492 	1.16948
7.85505 	1.16948
7.92519 	1.16948
7.99532 	1.16948
8.06545 	1.16948
8.13559 	1.16948
8.20572 	1.10233
8.27586 	1.10233
8.34599 	1.10233
8.41613 	1.10233
8.48626 	1.10233
8.5564 	1.10233
8.62653 	1.10233
8.69666 	1.10233
8.7668 	1.10233
8.83693 	1.10233
8.90707 	1.10233
8.9772 	1.10233
9.04734 	1.03586
9.11747 	1.03586
9.18761 	1.03586
9.25774 	1.03586
9.32787 	1.03586
9.39801 	1.03586
9.46814 	1.03586
9.53828 	1.03586
9.60841 	1.03586
9.67855 	1.03586
9.74868 	1.03586
9.81881 	1.03586
9.88895 	1.03586
9.95908 	0.968577
10.0292 	0.968577
10.0994 	0.968577
10.1695 	0.968577
10.2396 	0.968577
10.3098 	0.968577
10.3799 	0.968577
10.45 	0.968577
10.5202 	0.968577
10.5903 	0.968577
10.6604 	0.968577
10.7306 	0.968577
10.8007 	0.900783
10.8708 	0.900783
10.941 	0.900783
11.0111 	0.900783
11.0812 	0.900783
11.1514 	0.900783
11.2215 	0.900783
11.2916 	0.900783
11.3618 	0.900783
11.4319 	0.900783
11.502 	0.900783
11.5722 	0.900783
11.6423 	0.900783
11.7124 	0.828234
11.7826 	0.828234
11.8527 	0.828234
11.9228 	0.828234
11.993 	0.828234
12.0631 	0.828234
12.1332 	0.828234
12.2034 	0.828234
12.2735 	0.828234
12.3437 	0.828234
12.4138 	0.828234
12.4839 	0.828234
12.5541 	0.828234
12.6242 	0.747451
12.6943 	0.747451
12.7645 	0.747451
12.8346 	0.747451
12.9047 	0.747451
12.9749 	0.747451
13.045 	0.747451
13.1151 	0.747451
13.1853 	0.747451
13.2554 	0.747451
13.3255 	0.747451
13.3957 	0.747451
13.4658 	0.747451
13.5359 	0.645571
13.6061 	0.645571
13.6762 	0.645571
13.7463 	0.645571
13.8165 	0.645571
13.8866 	0.645571
13.9567 	0.645571
14.0269 	0.645571
14.097 	0.645571
14.1671 	0.645571
14.2373 	0.645571
14.3074 	0.645571
14.3776 	0.550703
14.4477 	0.350939
14.5178 	0.350939
14.588 	0.350939
14.6581 	0.350939
14.7282 	0.350939
14.7984 	0.350939
14.8685 	0.378729
14.9386 	0.378729
15.0088 	0.378729
15.0789 	0.378729
15.149 	0.378729
15.2192 	0.142143
15.2893 	0.142143
15.3594 	0.142143
15.4296 	0.272049
15.4997 	0.272049
15.5698 	0.272049
15.64 	0.272049
15.7101 	0.272049
15.7802 	0.272049
15.8504 	0.272049
15.9205 	0.0189179
15.9906 	0.0189179
16.0608 	0.0189179
16.1309 	0.23167
16.201 	0.23167
16.2712 	0.23167
16.3413 	0.23167
16.4114 	0.23167
16.4816 	0.23167
16.5517 	0.23167
16.6219 	0.0484311
16.692 	0.0484311
16.7621 	0.0484311
16.8323 	0.0484311
16.9024 	0.0484311
16.9725 	0.279271
17.0427 	0.279271
17.1128 	0.279271
17.1829 	0.279271
17.2531 	0.128616
17.3232 	0.128616
17.3933 	0.128616
17.4635 	0.128616
17.5336 	0.128616
17.6037 	0.128616
17.6739 	0.128616
17.744 	0.128616
17.8141 	0.128616
17.8843 	0.128616
17.9544 	0.204706
18.0245 	0.204706
18.0947 	0.204706
18.1648 	0.204706
18.2349 	0.204706
18.3051 	0.204706
18.3752 	0.204706
18.4453 	0.204706
18.5155 	0.204706
18.5856 	0.111902
18.6557 	0.111902
18.7259 	0.111902
18.796 	0.111902
18.8662 	0.111902
18.9363 	0.111902
19.0064 	0.111902
19.0766 	0.111902
19.1467 	0.111902
19.2168 	0.0622676
19.287 	0.288068
19.3571 	0.288068
19.4272 	0.288068
19.4974 	0.288068
19.5675 	0.288068
19.6376 	0.288068
19.7078 	0.288068
19.7779 	0.288068
19.848 	0.288068
19.9182 	0.234739
19.9883 	0.234739
20.0584 	0.234739
20.1286 	0.234739
20.1987 	0.234739
20.2688 	0.234739
20.339 	0.234739
20.4091 	0.234739
20.4792 	0.234739
20.5494 	0.234739
20.6195 	0.174207
20.6896 	0.174207
20.7598 	0.174207
20.8299 	0.174207
20.9 	0.255208
20.9702 	0.255208
21.0403 	0.255208
21.1105 	0.255208
21.1806 	0.255208
21.2507 	0.255208
21.3209 	0.21439
21.391 	0.21439
21.4611 	0.21439
21.5313 	0.21439
21.6014 	0.21439
21.6715 	0.21439
21.7417 	0.21439
21.8118 	0.21439
21.8819 	0.21439
21.9521 	0.21439
22.0222 	0.21439
22.0923 	0.171971
22.1625 	0.171971
22.2326 	0.171971
22.3027 	0.171971
22.3729 	0.171971
22.443 	0.171971
22.5131 	0.171971
22.5833 	0.171971
22.6534 	0.171971
22.7235 	0.171971
22.7937 	0.171971
22.8638 	0.119974
22.9339 	0.119974
23.0041 	0.119974
23.0742 	0.128615
23.1443 	0.128615
23.2145 	0.128615
23.2846 	0.128615
23.3548 	0.128615
23.4249 	0.128615
23.495 	0.128615
23.5652 	0.128615
23.6353 	0.128615
23.7054 	0.0808813
23.7756 	0.0808813
23.8457 	0.0808813
23.9158 	0.0808813
23.986 	0.0808813
24.0561 	0.0808813
24.1262 	0.0808813
24.1964 	0.0808813
24.2665 	0.0808813
24.3366 	0.0808813
24.4068 	0.0808813
24.4769 	0.0808813
24.547 	0.0808813
24.6172 	0.0373684
24.6873 	0.0373684
24.7574 	0.0373684
24.8276 	0.0373684
24.8977 	0.0373684
24.9678 	0.0373684
25.038 	0.0373684
25.1081 	0.0373684
25.1782 	0.0373684
25.2484 	0.0373684
25.3185 	0.0373684
25.3886 	0.0373684
25.4588 	-0.00343969
25.5289 	-0.00343969
25.5991 	-0.00343969
25.6692 	-0.00343969
25.7393 	-0.00343969
25.8095 	-0.00343969
25.8796 	-0.00343969
25.9497 	-0.00343969
26.0199 	-0.00343969
26.09 	-0.00556256
26.1601 	-0.00556256
26.2303 	-0.00556256
26.3004 	-0.00556256
26.3705 	-0.00556256
26.4407 	-0.051131
26.5108 	-0.051131
26.5809 	-0.051131
26.6511 	-0.051131
26.7212 	-0.051131
26.7913 	-0.051131
26.8615 	-0.051131
26.9316 	-0.051131
27.0017 	-0.051131
27.0719 	-0.051131
27.142 	-0.051131
27.2121 	-0.051131
27.2823 	-0.051131
27.3524 	-0.0958039
27.4225 	-0.0958039
27.4927 	-0.0958039
27.5628 	-0.0958039
27.6329 	-0.0958039
27.7031 	-0.0958039
27.7732 	-0.0958039
27.8434 	-0.0958039
27.9135 	-0.0958039
27.9836 	-0.0958039
28.0538 	-0.0958039
28.1239 	-0.0958039
28.194 	-0.0958039
28.2642 	-0.0958039
28.3343 	-0.0958039
28.4044 	-0.137007
28.4746 	-0.137007
28.5447 	-0.137007
28.6148 	-0.137007
28.685 	-0.137007
28.7551 	-0.137007
28.8252 	-0.137007
28.8954 	-0.137007
28.9655 	-0.137007
29.0356 	-0.137007
29.1058 	-0.137007
29.1759 	-0.137007
29.246 	-0.137007
29.3162 	-0.137007
29.3863 	-0.137007
29.4564 	-0.173355
29.5266 	-0.173355
29.5967 	-0.173355
29.6668 	-0.173355
29.737 	-0.173355
29.8071 	-0.173355
29.8773 	-0.173355
29.9474 	-0.173355
30.0175 	-0.173355
30.0877 	-0.173355
30.1578 	-0.173355
30.2279 	-0.173355
30.2981 	-0.173355
30.3682 	-0.173355
30.4383 	-0.173355
30.5085 	-0.173355
30.5786 	-0.203831
30.6487 	-0.203831
30.7189 	-0.203831
30.789 	-0.203831
30.8591 	-0.203831
30.9293 	-0.203831
30.9994 	-0.203831
31.0695 	-0.203831
31.1397 	-0.203831
31.2098 	-0.203831
31.2799 	-0.203831
31.3501 	-0.203831
31.4202 	-0.203831
31.4903 	-0.203831
31.5605 	-0.254042
31.6306 	-0.254042
31.7007 	-0.271264
31.7709 	-0.271264
31.841 	-0.271264
31.9111 	-0.271264
31.9813 	-0.271264
32.0514 	-0.271264
32.1216 	-0.271264
32.1917 	-0.271264
32.2618 	-0.271264
32.332 	-0.271264
32.4021 	-0.271264
32.4722 	-0.271264
32.5424 	-0.271264
32.6125 	-0.271264
32.6826 	-0.271264
32.7528 	-0.271264
32.8229 	-0.271264
32.893 	-0.271264
32.9632 	-0.275334
33.0333 	-0.275334
33.1034 	-0.275334
33.1736 	-0.275334
33.2437 	-0.275334
33.3138 	-0.275334
33.384 	-0.275334
33.4541 	-0.275334
33.5242 	-0.275334
33.5944 	-0.275334
33.6645 	-0.275334
33.7346 	-0.275334
33.8048 	-0.275334
33.8749 	-0.275334
33.945 	-0.275334
34.0152 	-0.275334
34.0853 	-0.275334
34.1554 	-0.275334
34.2256 	-0.262408
34.2957 	-0.262408
34.3659 	-0.262408
34.436 	-0.262408
34.5061 	-0.262408
34.5763 	-0.262408
34.6464 	-0.262408
34.7165 	-0.262408
34.7867 	-0.262408
34.8568 	-0.262408
34.9269 	-0.262408
34.9971 	-0.262408
35.0672 	-0.262408
35.1373 	-0.262408
35.2075 	-0.262408
35.2776 	-0.262408
35.3477 	-0.262408
35.4179 	-0.262408
35.488 	-0.262408
35.5581 	-0.262408
35.6283 	-0.22997
35.6984 	-0.22997
35.7685 	-0.22997
35.8387 	-0.22997
35.9088 	-0.22997
35.9789 	-0.22997
36.0491 	-0.22997
36.1192 	-0.22997
36.1893 	-0.22997
36.2595 	-0.22997
36.3296 	-0.22997
36.3997 	-0.22997
36.4699 	-0.22997
36.54 	-0.22997
36.6102 	-0.22997
36.6803 	-0.22997
36.7504 	-0.22997
36.8206 	-0.22997
36.8907 	-0.22997
36.9608 	-0.22997
37.031 	-0.22997
37.1011 	-0.19245
37.1712 	-0.19245
37.2414 	-0.19245
37.3115 	-0.19245
37.3816 	-0.19245
37.4518 	-0.19245
37.5219 	-0.19245
37.592 	-0.19245
37.6622 	-0.19245
37.7323 	-0.19245
37.8024 	-0.19245
37.8726 	-0.19245
37.9427 	-0.19245
38.0128 	-0.19245
38.083 	-0.19245
38.1531 	-0.19245
38.2232 	-0.19245
38.2934 	-0.164228
38.3635 	-0.164228
38.4336 	-0.164228
38.5038 	-0.164228
38.5739 	-0.164228
38.644 	-0.164228
38.7142 	-0.164228
38.7843 	-0.164228
38.8545 	-0.164228
38.9246 	-0.164228
38.9947 	-0.164228
39.0649 	-0.164228
39.135 	-0.164228
39.2051 	-0.164228
39.2753 	-0.164228
39.3454 	-0.164228
39.4155 	-0.164228
39.4857 	-0.164228
39.5558 	-0.148483
39.6259 	-0.148483
39.6961 	-0.148483
39.7662 	-0.148483
39.8363 	-0.148483
39.9065 	-0.148483
39.9766 	-0.148483
40.0467 	-0.148483
40.1169 	-0.148483
40.187 	-0.148483
40.2571 	-0.148483
40.3273 	-0.148483
40.3974 	-0.148483
40.4675 	-0.148483
40.5377 	-0.148483
40.6078 	-0.148483
40.6779 	-0.148483
40.7481 	-0.147355
40.8182 	-0.147355
40.8883 	-0.147355
40.9585 	-0.147355
41.0286 	-0.147355
41.0988 	-0.147355
41.1689 	-0.147355
41.239 	-0.147355
41.3092 	-0.147355
41.3793 	-0.147355
41.4494 	-0.147355
41.5196 	-0.147355
41.5897 	-0.147355
41.6598 	-0.147355
41.73 	-0.147355
41.8001 	-0.147355
41.8702 	-0.147355
41.9404 	-0.147355
42.0105 	-0.156912
42.0806 	-0.156912
42.1508 	-0.156912
42.2209 	-0.156912
42.291 	-0.156912
42.3612 	-0.156912
42.4313 	-0.156912
42.5014 	-0.156912
42.5716 	-0.156912
42.6417 	-0.156912
42.7118 	-0.156912
42.782 	-0.156912
42.8521 	-0.156912
42.9222 	-0.156912
42.9924 	-0.156912
43.0625 	-0.156912
43.1327 	-0.156912
43.2028 	-0.168873
43.2729 	-0.168873
43.3431 	-0.168873
43.4132 	-0.168873
43.4833 	-0.168873
43.5535 	-0.168873
43.6236 	-0.168873
43.6937 	-0.168873
43.7639 	-0.168873
43.834 	-0.168873
43.9041 	-0.168873
43.9743 	-0.168873
44.0444 	-0.168873
44.1145 	-0.168873
44.1847 	-0.168873
44.2548 	-0.168873
44.3249 	-0.168873
44.3951 	-0.168873
44.4652 	-0.177277
44.5353 	-0.177277
44.6055 	-0.177277
44.6756 	-0.177277
44.7457 	-0.177277
44.8159 	-0.177277
44.886 	-0.177277
44.9561 	-0.177277
45.0263 	-0.177277
45.0964 	-0.177277
45.1665 	-0.177277
45.2367 	-0.177277
45.3068 	-0.177277
45.377 	-0.177277
45.4471 	-0.177277
45.5172 	-0.177277
45.5874 	-0.177277
45.6575 	-0.178122
45.7276 	-0.178122
45.7978 	-0.178122
45.8679 	-0.178122
45.938 	-0.178122
46.0082 	-0.178122
46.0783 	-0.178122
46.1484 	-0.178122
46.2186 	-0.178122
46.2887 	-0.178122
46.3588 	-0.178122
46.429 	-0.178122
46.4991 	-0.178122
46.5692 	-0.178122
46.6394 	-0.178122
46.7095 	-0.178122
46.7796 	-0.10217
46.8498 	-0.10217
46.9199 	-0.106004
46.99 	-0.106004
47.0602 	-0.106004
47.1303 	-0.106004
47.2004 	-0.106004
47.2706 	-0.106004
47.3407 	-0.106004
47.4108 	-0.106004
47.481 	-0.106004
47.5511 	-0.106004
47.6213 	-0.106004
47.6914 	-0.106004
47.7615 	-0.106004
47.8317 	-0.106004
47.9018 	-0.106004
47.9719 	-0.106004
48.0421 	-0.106004
48.1122 	-0.106004
48.1823 	-0.102694
48.2525 	-0.102694
48.3226 	-0.102694
48.3927 	-0.102694
48.4629 	-0.102694
48.533 	-0.102694
48.6031 	-0.102694
48.6733 	-0.102694
48.7434 	-0.102694
48.8135 	-0.102694
48.8837 	-0.102694
48.9538 	-0.102694
49.0239 	-0.102694
49.0941 	-0.102694
49.1642 	-0.102694
49.2343 	-0.102694
49.3045 	-0.102694
49.3746 	-0.0920861
49.4447 	-0.0920861
49.5149 	-0.0920861
49.585 	-0.0920861
49.6551 	-0.0920861
49.7253 	-0.0920861
49.7954 	-0.0920861
49.8656 	-0.0920861
49.9357 	-0.0920861
50.0058 	-0.0920861
50.076 	-0.0920861
50.1461 	-0.0920861
50.2162 	-0.0920861
50.2864 	-0.0920861
50.3565 	-0.0920861
50.4266 	-0.0920861
50.4968 	-0.0920861
50.5669 	-0.0920861
50.637 	-0.0757032
50.7072 	-0.0757032
50.7773 	-0.0757032
50.8474 	-0.0757032
50.9176 	-0.0757032
50.9877 	-0.0757032
51.0578 	-0.0757032
51.128 	-0.0757032
51.1981 	-0.0757032
51.2682 	-0.0757032
51.3384 	-0.0757032
51.4085 	-0.0757032
51.4786 	-0.0757032
51.5488 	-0.0757032
51.6189 	-0.0757032
51.689 	-0.0757032
51.7592 	-0.0757032
51.8293 	-0.0570194
51.8994 	-0.0570194
51.9696 	-0.0570194
52.0397 	-0.0570194
52.1099 	-0.0570194
52.18 	-0.0570194
52.2501 	-0.0570194
52.3203 	-0.0570194
52.3904 	-0.0570194
52.4605 	-0.0570194
52.5307 	-0.0570194
52.6008 	-0.0570194
52.6709 	-0.0570194
52.7411 	-0.0570194
52.8112 	-0.0570194
52.8813 	-0.0570194
52.9515 	-0.0570194
53.0216 	-0.0570194
53.0917 	-0.0400224
53.1619 	-0.0400224
53.232 	-0.0400224
53.3021 	-0.0400224
53.3723 	-0.0400224
53.4424 	-0.0400224
53.5125 	-0.0400224
53.5827 	-0.0400224
53.6528 	-0.0400224
53.7229 	-0.0400224
53.7931 	-0.0400224
53.8632 	-0.0400224
53.9333 	-0.0400224
54.0035 	-0.0400224
54.0736 	-0.0400224
54.1437 	-0.0400224
54.2139 	-0.0400224
54.284 	-0.0267603
54.3542 	-0.0267603
54.4243 	-0.0267603
54.4944 	-0.0267603
54.5646 	-0.0267603
54.6347 	-0.0267603
54.7048 	-0.0267603
54.775 	-0.0267603
54.8451 	-0.0267603
54.9152 	-0.0267603
54.9854 	-0.0267603
55.0555 	-0.0267603
55.1256 	-0.0267603
55.1958 	-0.0267603
55.2659 	-0.0267603
55.336 	-0.0267603
55.4062 	-0.0267603
55.4763 	-0.0267603
55.5464 	-0.0176501
55.6166 	-0.0176501
55.6867 	-0.0176501
55.7568 	-0.0176501
55.827 	-0.0176501
55.8971 	-0.0176501
55.9672 	-0.0176501
56.0374 	-0.0176501
56.1075 	-0.0176501
56.1776 	-0.0176501
56.2478 	-0.0176501
56.3179 	-0.0176501
56.3881 	-0.0176501
56.4582 	-0.0176501
56.5283 	-0.0176501
56.5985 	-0.0176501
56.6686 	-0.0176501
56.7387 	-0.0176501
56.8089 	-0.011608
56.879 	-0.011608
56.9491 	-0.011608
57.0193 	-0.011608
57.0894 	-0.011608
57.1595 	-0.011608
57.2297 	-0.011608
57.2998 	-0.011608
57.3699 	-0.011608
57.4401 	-0.011608
57.5102 	-0.011608
57.5803 	-0.011608
57.6505 	-0.011608
57.7206 	-0.011608
57.7907 	-0.011608
57.8609 	-0.011608
57.931 	-0.011608
58.0011 	-0.00717908
58.0713 	-0.00717908
58.1414 	-0.00717908
58.2115 	-0.00717908
58.2817 	-0.00717908
58.3518 	-0.00717908
58.4219 	-0.00717908
58.4921 	-0.00717908
58.5622 	-0.00717908
58.6324 	-0.00717908
58.7025 	-0.00717908
58.7726 	-0.00717908
58.8428 	-0.00717908
58.9129 	-0.00717908
58.983 	-0.00717908
59.0532 	-0.00717908
59.1233 	-0.00717908
59.1934 	-0.00717908
59.2636 	-0.00349697
59.3337 	-0.00349697
59.4038 	-0.00349697
59.474 	-0.00349697
59.5441 	-0.00349697
59.6142 	-0.00349697
59.6844 	-0.00349697
59.7545 	-0.00349697
59.8246 	-0.00349697
59.8948 	-0.00349697
59.9649 	-0.00349697
60.035 	-0.00349697
60.1052 	-0.00349697
60.1753 	-0.00349697
60.2454 	-0.00349697
60.3156 	-0.00349697
60.3857 	-0.00349697
60.4558 	-0.000420886
60.526 	-0.000420886
60.5961 	-0.000420886
60.6662 	-0.000420886
60.7364 	-0.000420886
60.8065 	-0.000420886
60.8767 	-0.000420886
60.9468 	-0.000420886
61.0169 	-0.000420886
61.0871 	-0.000420886
61.1572 	-0.000420886
61.2273 	-0.000420886
61.2975 	-0.000420886
61.3676 	-0.000420886
61.4377 	-0.000420886
61.5079 	-0.000420886
61.578 	-0.000420886
61.6481 	-0.000420886
61.7183 	0.00153367
61.7884 	0.00153367
61.8585 	0.00153367
61.9287 	0.00153367
61.9988 	0.00153367
62.0689 	0.00153367
62.1391 	0.00153367
62.2092 	0.00153367
62.2793 	0.00153367
62.3495 	0.00153367
62.4196 	0.00153367
62.4897 	0.00153367
62.5599 	0.00153367
62.63 	0.00153367
62.7001 	0.00153367
62.7703 	0.00153367
62.8404 	0.00153367
62.9105 	0.00239436
62.9807 	0.00239436
63.0508 	0.00239436
63.121 	0.00239436
63.1911 	0.00239436
63.2612 	0.00239436
63.3314 	0.00239436
63.4015 	0.00239436
63.4716 	0.00239436
63.5418 	0.00239436
63.6119 	0.00239436
63.682 	0.00239436
63.7522 	0.00239436
63.8223 	0.00239436
63.8924 	0.00239436
63.9626 	0.00239436
64.0327 	0.00239436
64.1028 	0.00239436
64.173 	0.00243596
64.2431 	0.00243596
64.3132 	0.00243596
64.3834 	0.00243596
64.4535 	0.00243596
64.5236 	0.00243596
64.5938 	0.00243596
64.6639 	0.00243596
64.734 	0.00243596
64.8042 	0.00243596
64.8743 	0.00243596
64.9444 	0.00243596
65.0146 	0.00243596
65.0847 	0.00243596
65.1548 	0.00243596
65.225 	0.00243596
65.2951 	0.00243596
65.3653 	0.00243596
65.4354 	0.00213916
65.5055 	0.00213916
65.5757 	0.00213916
65.6458 	0.00213916
65.7159 	0.00213916
65.7861 	0.00213916
65.8562 	0.00213916
65.9263 	0.00213916
65.9965 	0.00213916
66.0666 	0.00213916
66.1367 	0.00213916
66.2069 	0.00213916
66.277 	0.00213916
66.3471 	0.00213916
66.4173 	0.00213916
66.4874 	0.00213916
66.5575 	0.00213916
66.6277 	0.00165829
66.6978 	0.00165829
66.7679 	0.00165829
66.8381 	0.00165829
66.9082 	0.00165829
66.9783 	0.00165829
67.0485 	0.00165829
67.1186 	0.00165829
67.1887 	0.00165829
67.2589 	0.00165829
67.329 	0.00165829
67.3991 	0.00165829
67.4693 	0.00165829
67.5394 	0.00165829
67.6096 	0.00165829
67.6797 	0.00165829
67.7498 	0.00165829
67.82 	0.00165829
67.8901 	0.000793085
67.9602 	0.000793085
68.0304 	0.000793085
68.1005 	0.000793085
68.1706 	0.000793085
68.2408 	0.000793085
68.3109 	0.000793085
68.381 	0.000793085
68.4512 	0.000793085
68.5213 	0.000793085
68.5914 	0.000793085
68.6616 	0.000793085
68.7317 	0.000793085
68.8018 	0.000793085
68.872 	0.000793085
68.9421 	0.000793085
69.0122 	0.000793085
