/*--------------------------------*- C++ -*----------------------------------*\
| =========                 |                                                 |
| \\      /  F ield         | OpenFOAM: The Open Source CFD Toolbox           |
|  \\    /   O peration     | Version:  v2012                                 |
|   \\  /    A nd           | Website:  www.openfoam.com                      |
|    \\/     M anipulation  |                                                 |
\*---------------------------------------------------------------------------*/
FoamFile
{
    version     2.0;
    format      ascii;
    class       volScalarField;
    location    "71";
    object      p;
}
// * * * * * * * * * * * * * * * * * * * * * * * * * * * * * * * * * * * * * //

dimensions      [0 2 -2 0 0 0 0];


internalField   nonuniform List<scalar> 
8800
(
0.852997
0.804947
0.766573
0.737935
0.717316
0.70257
0.691978
0.684492
0.679679
0.677653
0.678976
0.683228
0.689933
0.699298
0.712074
0.729676
0.75413
0.78775
0.830202
0.887329
0.68552
0.692727
0.701168
0.704587
0.702676
0.697159
0.690456
0.684308
0.679572
0.676748
0.676515
0.679082
0.683639
0.689671
0.696606
0.703243
0.707387
0.706881
0.700827
0.691856
0.662212
0.668391
0.672593
0.675958
0.678465
0.679271
0.678174
0.676047
0.674039
0.67317
0.67419
0.676638
0.679512
0.681761
0.682318
0.680805
0.677971
0.674344
0.669814
0.66603
0.657053
0.659755
0.662479
0.664795
0.666448
0.667785
0.668708
0.668932
0.6687
0.66871
0.669521
0.670733
0.671567
0.67154
0.670772
0.669597
0.667863
0.665374
0.662956
0.661426
0.651826
0.653249
0.655053
0.657115
0.658876
0.660193
0.661236
0.662134
0.662848
0.663498
0.664211
0.664728
0.664808
0.664496
0.66383
0.66265
0.660972
0.659106
0.65779
0.656967
0.646774
0.647688
0.64893
0.650519
0.652182
0.653721
0.655013
0.65612
0.657161
0.658145
0.658909
0.659282
0.659277
0.658889
0.658054
0.656865
0.655536
0.654285
0.653471
0.652926
0.64185
0.642516
0.643479
0.644788
0.646215
0.647706
0.649179
0.650537
0.651794
0.652989
0.653904
0.654352
0.654338
0.653881
0.653101
0.652171
0.651181
0.650275
0.649698
0.649296
0.637027
0.63754
0.638327
0.639464
0.640756
0.642156
0.643642
0.645166
0.646661
0.648094
0.649213
0.649785
0.649837
0.649505
0.648941
0.648251
0.647508
0.646842
0.646417
0.646103
0.63224
0.632648
0.633308
0.634324
0.635546
0.636899
0.638384
0.64
0.641705
0.643417
0.644795
0.645568
0.645821
0.64572
0.645392
0.64492
0.644385
0.643915
0.6436
0.643344
0.627403
0.627735
0.628307
0.629246
0.630423
0.631765
0.633289
0.635008
0.636912
0.638929
0.640641
0.641723
0.642268
0.642434
0.642346
0.642104
0.641768
0.641461
0.641231
0.641016
0.622427
0.622703
0.623214
0.624109
0.625271
0.626642
0.628246
0.630113
0.632257
0.634625
0.636759
0.638241
0.639135
0.639605
0.639779
0.639772
0.639637
0.639473
0.639311
0.639124
0.617222
0.617454
0.617927
0.618807
0.619995
0.621439
0.623166
0.625237
0.627687
0.630492
0.633142
0.635103
0.636406
0.637224
0.637694
0.637928
0.637998
0.637969
0.637863
0.637696
0.611694
0.611891
0.612345
0.613241
0.614496
0.616057
0.617963
0.620306
0.623146
0.626496
0.629771
0.632302
0.634084
0.635302
0.636105
0.636604
0.636893
0.63699
0.636932
0.636778
0.605738
0.605907
0.606359
0.6073
0.608663
0.610392
0.612545
0.615239
0.618574
0.622597
0.626628
0.629841
0.632188
0.633868
0.635053
0.635868
0.636378
0.636598
0.63658
0.636434
0.599233
0.599377
0.599844
0.600859
0.602376
0.604335
0.60681
0.609953
0.613906
0.618754
0.6237
0.627727
0.630745
0.632969
0.634591
0.635755
0.636518
0.636865
0.636885
0.636742
0.592036
0.592156
0.59265
0.593771
0.595494
0.597751
0.600638
0.60435
0.609071
0.614926
0.620975
0.625973
0.629784
0.632652
0.634789
0.636354
0.637402
0.637882
0.637936
0.637792
0.583955
0.584065
0.584599
0.585857
0.587844
0.590478
0.593892
0.598317
0.603987
0.611069
0.618445
0.624599
0.629346
0.632968
0.635725
0.637762
0.639127
0.639747
0.639832
0.639683
0.574766
0.574865
0.575459
0.576882
0.5792
0.582324
0.586405
0.591721
0.598563
0.60714
0.616105
0.62363
0.629482
0.633993
0.637482
0.640069
0.641794
0.642561
0.642674
0.642516
0.564141
0.564222
0.564904
0.566554
0.569311
0.57306
0.577979
0.584411
0.592704
0.603099
0.613964
0.623101
0.630251
0.635809
0.640133
0.643374
0.645501
0.64642
0.646556
0.646386
0.5517
0.551766
0.55255
0.554512
0.557828
0.562378
0.568368
0.576213
0.586309
0.598914
0.612034
0.623056
0.631706
0.638481
0.643781
0.647771
0.650334
0.651402
0.651554
0.651368
0.536874
0.53693
0.537858
0.540238
0.544294
0.549896
0.557279
0.566932
0.579282
0.594567
0.610344
0.623544
0.633906
0.642072
0.648499
0.653324
0.656345
0.657548
0.657705
0.6575
0.51888
0.518925
0.520067
0.523034
0.528104
0.535128
0.544368
0.55637
0.571551
0.590073
0.608945
0.624621
0.636916
0.646644
0.654307
0.66006
0.663532
0.66484
0.664984
0.664759
0.496536
0.496579
0.49807
0.501923
0.508452
0.517479
0.529263
0.544366
0.56311
0.585508
0.607928
0.626358
0.640779
0.652225
0.66123
0.667944
0.671815
0.673173
0.673285
0.67304
0.468048
0.468114
0.470205
0.47549
0.484293
0.496266
0.511642
0.530868
0.554063
0.581031
0.60743
0.628845
0.645532
0.658797
0.669234
0.676859
0.681011
0.682336
0.682394
0.682132
0.430336
0.43051
0.433834
0.44176
0.454399
0.470898
0.491399
0.51604
0.544674
0.576895
0.607632
0.632184
0.651213
0.666329
0.678204
0.686583
0.69082
0.692006
0.69199
0.691718
0.377481
0.378507
0.385132
0.39851
0.417828
0.441327
0.468903
0.500381
0.535411
0.573444
0.608735
0.636465
0.657826
0.674745
0.687921
0.696774
0.700825
0.70177
0.701675
0.701403
0.300604
0.308101
0.323378
0.346879
0.376144
0.409004
0.445206
0.48453
0.526628
0.570932
0.611064
0.642158
0.66601
0.684845
0.699193
0.708253
0.711942
0.712632
0.712487
0.712252
0.218336
0.235535
0.260257
0.29461
0.334279
0.376627
0.421487
0.46881
0.518315
0.56948
0.615234
0.650352
0.677119
0.698098
0.71364
0.722413
0.725358
0.725757
0.725638
0.725476
0.149058
0.169485
0.202102
0.245717
0.294576
0.345865
0.399137
0.454309
0.511066
0.568857
0.619907
0.658695
0.687992
0.710671
0.726635
0.734709
0.737094
0.737426
0.737365
0.737242
0.0922843
0.114593
0.15275
0.202909
0.258993
0.3178
0.378522
0.440909
0.504484
0.56858
0.624629
0.666837
0.698391
0.722346
0.738583
0.746335
0.74849
0.748803
0.748781
0.748688
0.045184
0.068726
0.110692
0.166032
0.227901
0.292911
0.360011
0.428803
0.498632
0.568651
0.629463
0.674904
0.708602
0.733886
0.7506
0.758158
0.760217
0.760553
0.760565
0.760496
0.00531277
0.029541
0.074411
0.133821
0.200575
0.270866
0.343507
0.417999
0.493538
0.569103
0.63448
0.68309
0.718938
0.745563
0.762808
0.770501
0.772631
0.772932
0.772973
0.772921
-0.0293804
-0.00472128
0.0424316
0.105219
0.176105
0.251004
0.328574
0.40822
0.48903
0.569833
0.63961
0.691335
0.729322
0.757321
0.775279
0.783389
0.78556
0.785869
0.785905
0.785869
-0.0604131
-0.0353915
0.0136218
0.0792893
0.153746
0.232697
0.314705
0.399084
0.484826
0.570622
0.644664
0.699446
0.739584
0.768984
0.787795
0.796278
0.798612
0.798915
0.798942
0.798921
-0.088788
-0.0634534
-0.0128489
0.0553114
0.132905
0.215464
0.301486
0.390226
0.480612
0.571202
0.649424
0.707235
0.749493
0.780301
0.799872
0.808794
0.811299
0.811631
0.81164
0.811628
-0.115324
-0.0896415
-0.0376201
0.0327241
0.113134
0.198925
0.288584
0.381355
0.476126
0.571363
0.65371
0.714518
0.758838
0.79101
0.811338
0.820638
0.823303
0.823658
0.823636
0.823618
-0.140424
-0.114389
-0.0610182
0.0111418
0.0941003
0.182794
0.275761
0.372264
0.471189
0.570943
0.657389
0.721191
0.767549
0.800987
0.821963
0.831557
0.834332
0.834683
0.834633
0.834602
-0.164555
-0.138091
-0.0837206
-0.00965512
0.0755656
0.166868
0.262854
0.362808
0.465649
0.569794
0.660362
0.727209
0.775582
0.810206
0.831667
0.841423
0.84425
0.844578
0.844498
0.844446
-0.187857
-0.160911
-0.105626
-0.029849
0.0573754
0.151025
0.24975
0.352881
0.459406
0.567826
0.662565
0.732562
0.782978
0.818663
0.840456
0.850264
0.853018
0.853332
0.853216
0.85315
-0.210489
-0.183144
-0.12682
-0.0495693
0.0394472
0.135199
0.236388
0.342423
0.452399
0.564956
0.663924
0.737247
0.789823
0.826531
0.848486
0.858118
0.860783
0.861026
0.860892
0.860811
-0.232601
-0.204749
-0.147444
-0.0688797
0.0217342
0.119361
0.222758
0.331428
0.444593
0.561117
0.664372
0.741271
0.796243
0.833989
0.855908
0.865177
0.867605
0.867771
0.867611
0.867519
-0.254233
-0.225786
-0.167589
-0.0877965
0.00424507
0.103517
0.208879
0.319907
0.435986
0.556259
0.663838
0.744613
0.802334
0.841261
0.862976
0.871595
0.873618
0.873659
0.873474
0.873376
-0.275268
-0.246253
-0.18719
-0.106309
-0.0130083
0.0877114
0.194789
0.307911
0.426611
0.550379
0.662237
0.747209
0.808151
0.8486
0.870038
0.877632
0.878948
0.878793
0.87864
0.878526
-0.295679
-0.266123
-0.206249
-0.124383
-0.0299866
0.071987
0.180562
0.295499
0.416526
0.543479
0.659498
0.748944
0.81367
0.856221
0.877601
0.883847
0.883907
0.883261
0.883087
0.883066
-0.315544
-0.285369
-0.224759
-0.142001
-0.0466391
0.056415
0.166273
0.282762
0.405805
0.5356
0.655548
0.749659
0.818749
0.864178
0.886208
0.891233
0.889346
0.887488
0.887146
0.887453
-0.334705
-0.303989
-0.242667
-0.159115
-0.0629172
0.0410708
0.152008
0.269797
0.39455
0.52682
0.650345
0.749158
0.823129
0.872223
0.89608
0.901036
0.897386
0.893143
0.891285
0.891375
-0.353254
-0.321983
-0.259995
-0.175761
-0.0788573
0.0259124
0.137713
0.25655
0.382695
0.51707
0.643748
0.747165
0.826537
0.879933
0.906836
0.913774
0.91038
0.903067
0.895019
0.886877
-0.371124
-0.339337
-0.276867
-0.192138
-0.0947414
0.0106198
0.122988
0.24256
0.369731
0.505753
0.635165
0.742967
0.828553
0.886815
0.917135
0.927894
0.925235
0.912325
0.891146
0.886697
-0.388151
-0.356081
-0.293113
-0.208068
-0.11025
-0.00448989
0.10804
0.228138
0.355942
0.49309
0.624603
0.735936
0.828232
0.891632
0.922923
0.934052
0.932789
0.905647
0.840404
0.812035
-0.403876
-0.373527
-0.308375
-0.223083
-0.124539
-0.0189011
0.0931877
0.213538
0.341576
0.47922
0.612009
0.725633
0.824088
0.893388
0.919249
0.92505
0.908617
0.851889
0.782503
0.741073
-0.452706
-0.389889
-0.322159
-0.238132
-0.138987
-0.0339325
0.0784522
0.198526
0.326297
0.463688
0.596758
0.711385
0.811945
0.888255
0.895034
0.886063
0.830604
0.757452
0.679948
0.637056
-0.41993
-0.403132
-0.342813
-0.257656
-0.16085
-0.0558918
0.0555918
0.175047
0.301921
0.438059
0.569641
0.683237
0.776228
0.859847
0.841451
0.721246
0.613987
0.538573
0.464493
0.493964
-0.45044
-0.420602
-0.359079
-0.274876
-0.177974
-0.0731027
0.0386162
0.157452
0.283322
0.417784
0.546773
0.656553
0.739473
0.784431
0.731592
0.576992
0.447955
0.355576
0.257449
0.305646
-0.473554
-0.441355
-0.378236
-0.293964
-0.196985
-0.0921789
0.0194459
0.137469
0.26197
0.394079
0.519354
0.622856
0.696158
0.704597
0.593456
0.419641
0.267841
0.149282
0.0209437
0.0548454
-0.496135
-0.462639
-0.398286
-0.313177
-0.216162
-0.111524
-0.000426997
0.11663
0.239538
0.368857
0.489373
0.58462
0.642078
0.618419
0.455241
0.259247
0.0734631
-0.0909006
-0.275024
-0.285861
-0.518215
-0.484312
-0.419109
-0.333293
-0.236166
-0.131779
-0.0213525
0.0945928
0.215621
0.34171
0.45666
0.543597
0.580766
0.519453
0.323401
0.111989
-0.0991212
-0.277687
-0.523198
-0.78231
-0.540624
-0.506717
-0.441039
-0.354781
-0.257504
-0.153314
-0.0434999
0.0712847
0.190299
0.31286
0.421812
0.500103
0.514635
0.401741
0.207661
-0.00571714
-0.210263
-0.374833
-0.452966
-0.558857
-0.56431
-0.530319
-0.4644
-0.377948
-0.280667
-0.176775
-0.0676751
0.0457623
0.162418
0.280881
0.383378
0.450157
0.438933
0.291466
0.103602
-0.0931747
-0.261991
-0.354412
-0.377843
-0.393932
-0.589538
-0.555424
-0.489356
-0.402872
-0.30578
-0.202371
-0.0942367
0.0175355
0.131384
0.245047
0.340642
0.392332
0.362341
0.188286
0.00873109
-0.163201
-0.292768
-0.331906
-0.343848
-0.345052
-0.616515
-0.582198
-0.515969
-0.429554
-0.332796
-0.230108
-0.123206
-0.0134481
0.097131
0.205358
0.293111
0.329396
0.277305
0.093273
-0.0773244
-0.229911
-0.307633
-0.324831
-0.325854
-0.325653
-0.645297
-0.610697
-0.544264
-0.457994
-0.361736
-0.259976
-0.154589
-0.0472056
0.0596701
0.161901
0.240809
0.264534
0.17618
0.00666307
-0.155746
-0.27994
-0.317677
-0.31562
-0.315043
-0.314475
-0.675593
-0.640765
-0.574143
-0.488113
-0.392517
-0.291927
-0.188361
-0.0837126
0.0190447
0.114801
0.184682
0.191269
0.084451
-0.0734964
-0.217598
-0.295227
-0.305447
-0.307794
-0.308198
-0.307905
-0.706866
-0.671911
-0.605367
-0.519686
-0.424956
-0.325807
-0.224371
-0.122842
-0.0245446
0.0644124
0.12535
0.11684
0.00184198
-0.141381
-0.26048
-0.299317
-0.304046
-0.30404
-0.3036
-0.303261
-0.738646
-0.703578
-0.637481
-0.552323
-0.458714
-0.361299
-0.262341
-0.16431
-0.0708036
0.0114884
0.0617732
0.0453149
-0.0732576
-0.195935
-0.288212
-0.302454
-0.299171
-0.299874
-0.30013
-0.299908
-0.770055
-0.735094
-0.669602
-0.585428
-0.493256
-0.397935
-0.301818
-0.207639
-0.119285
-0.0432257
-0.00322598
-0.0206674
-0.138801
-0.235346
-0.291438
-0.301111
-0.299578
-0.298576
-0.29817
-0.298028
-0.799559
-0.765358
-0.700765
-0.618076
-0.52782
-0.435022
-0.342151
-0.252127
-0.169219
-0.0991513
-0.0632591
-0.0925549
-0.192244
-0.272485
-0.282486
-0.296413
-0.298351
-0.296917
-0.296557
-0.29635
-0.825533
-0.792404
-0.729915
-0.649106
-0.561375
-0.471631
-0.382486
-0.296897
-0.219454
-0.155504
-0.11991
-0.159918
-0.238784
-0.294052
-0.313212
-0.306701
-0.302157
-0.300211
-0.299752
-0.299353
-0.845881
-0.814448
-0.754834
-0.677144
-0.592646
-0.506634
-0.421747
-0.340919
-0.268775
-0.210989
-0.17755
-0.214698
-0.276406
-0.32518
-0.349143
-0.329143
-0.319013
-0.315966
-0.314158
-0.313066
-0.858395
-0.829639
-0.773795
-0.700238
-0.620149
-0.538728
-0.458744
-0.383019
-0.316053
-0.263917
-0.232563
-0.259441
-0.30085
-0.343615
-0.329817
-0.329485
-0.330865
-0.329769
-0.327627
-0.327271
-0.860434
-0.835656
-0.784801
-0.716644
-0.642202
-0.566519
-0.492163
-0.421983
-0.360129
-0.312886
-0.277636
-0.294267
-0.308737
-0.343909
-0.330695
-0.322841
-0.318011
-0.316193
-0.316195
-0.316267
-0.849849
-0.829863
-0.785707
-0.724789
-0.657373
-0.588543
-0.520708
-0.456536
-0.399875
-0.356659
-0.313832
-0.315194
-0.294109
-0.313395
-0.311834
-0.30501
-0.304998
-0.305712
-0.305936
-0.305598
-0.824498
-0.809554
-0.774715
-0.723447
-0.664689
-0.603845
-0.543241
-0.485406
-0.434071
-0.394337
-0.34628
-0.318397
-0.258255
-0.205456
-0.227268
-0.270816
-0.293164
-0.302157
-0.305325
-0.306178
-0.787115
-0.777489
-0.752669
-0.712773
-0.664152
-0.612182
-0.559172
-0.507584
-0.461417
-0.425312
-0.391025
-0.346682
-0.288381
-0.237372
-0.275842
-0.308976
-0.327812
-0.335373
-0.339074
-0.340881
-0.744463
-0.738979
-0.724376
-0.695594
-0.657672
-0.614347
-0.568606
-0.522752
-0.480518
-0.447857
-0.421629
-0.408469
-0.443785
-0.525466
-0.554935
-0.506385
-0.445653
-0.41656
-0.409523
-0.408388
-0.7062
-0.702901
-0.695939
-0.677248
-0.648132
-0.612156
-0.572552
-0.531009
-0.490619
-0.458421
-0.434438
-0.447729
-0.486036
-0.535304
-0.497637
-0.424062
-0.407765
-0.415772
-0.417677
-0.416265
-0.678745
-0.676732
-0.673167
-0.661838
-0.639285
-0.608566
-0.572886
-0.533159
-0.492238
-0.452697
-0.425092
-0.39641
-0.382304
-0.372162
-0.422932
-0.511994
-0.576042
-0.563635
-0.494122
-0.47977
-0.658002
-0.657252
-0.656071
-0.650484
-0.633678
-0.606319
-0.571525
-0.531854
-0.487125
-0.439989
-0.406047
-0.35684
-0.316702
-0.314032
-0.370559
-0.433218
-0.446998
-0.442736
-0.379099
-0.35096
-0.646058
-0.64577
-0.64514
-0.642609
-0.630976
-0.605392
-0.5699
-0.528032
-0.479305
-0.425477
-0.378526
-0.342469
-0.242841
-0.131612
-0.0103353
0.0920644
0.0898505
0.0735357
0.0705263
0.0743764
-0.63807
-0.637968
-0.637638
-0.636972
-0.629791
-0.605997
-0.569159
-0.523433
-0.470212
-0.405176
-0.342162
-0.27103
-0.138655
0.0430555
0.187287
0.262148
0.320875
0.379336
0.428332
0.451473
-0.632208
-0.632265
-0.632317
-0.632765
-0.628165
-0.607745
-0.569757
-0.520126
-0.45981
-0.386426
-0.301761
-0.208433
-0.0278038
0.18666
0.399677
0.576269
0.710954
0.829833
0.916239
0.953771
-0.627109
-0.627003
-0.62655
-0.625551
-0.624133
-0.610049
-0.572249
-0.518084
-0.451416
-0.371027
-0.270822
-0.171593
0.0331155
0.318957
0.630862
0.922965
1.16248
1.32298
1.40924
1.43752
-0.624886
-0.625044
-0.625217
-0.624708
-0.624485
-0.616459
-0.577078
-0.518555
-0.449151
-0.361848
-0.25883
-0.155853
0.0226279
0.321474
0.663532
0.976639
1.23708
1.40074
1.4733
1.49189
-0.623257
-0.624833
-0.629519
-0.638893
-0.648176
-0.631274
-0.583382
-0.524454
-0.454267
-0.364223
-0.264038
-0.165286
-0.0348038
0.247102
0.547055
0.80868
1.02125
1.14795
1.20092
1.21318
-0.626633
-0.62842
-0.630703
-0.630398
-0.630413
-0.614019
-0.581165
-0.535684
-0.466218
-0.375397
-0.280081
-0.186499
-0.0863257
0.126838
0.369824
0.571132
0.726977
0.814129
0.849033
0.855698
-0.659097
-0.658812
-0.647554
-0.602831
-0.541919
-0.538486
-0.570344
-0.552792
-0.484383
-0.392251
-0.299722
-0.215281
-0.139898
0.0172559
0.197077
0.342683
0.45226
0.510424
0.5326
0.535617
-0.712989
-0.71005
-0.702999
-0.674228
-0.645453
-0.632695
-0.64669
-0.597562
-0.509273
-0.40914
-0.319866
-0.24641
-0.188523
-0.0736852
0.0521241
0.15195
0.224094
0.26136
0.274184
0.275714
-0.832082
-0.844556
-0.889252
-0.943594
-0.958686
-0.921878
-0.831422
-0.680669
-0.543377
-0.425385
-0.335804
-0.269325
-0.22224
-0.140724
-0.0589432
0.00293696
0.0437077
0.0630859
0.070322
0.0701136
-0.986206
-1.01395
-1.07111
-1.12216
-1.13787
-1.0938
-0.952515
-0.742248
-0.565774
-0.432448
-0.343249
-0.28397
-0.244338
-0.188163
-0.141451
-0.110215
-0.0940938
-0.0877716
-0.0858626
-0.0857093
-1.00675
-1.02788
-1.06734
-1.10426
-1.11561
-1.07074
-0.9226
-0.716044
-0.544462
-0.417281
-0.336493
-0.286221
-0.250966
-0.215191
-0.190598
-0.179342
-0.179188
-0.181146
-0.180287
-0.179611
-0.822475
-0.84361
-0.880528
-0.919452
-0.935596
-0.893565
-0.755008
-0.601617
-0.470985
-0.374442
-0.313442
-0.278529
-0.251992
-0.227352
-0.210733
-0.206986
-0.209412
-0.210759
-0.209543
-0.208847
-0.487588
-0.504116
-0.535819
-0.573826
-0.599186
-0.58397
-0.519609
-0.439973
-0.368259
-0.313296
-0.277935
-0.261812
-0.249764
-0.227353
-0.209898
-0.199001
-0.1946
-0.191756
-0.189931
-0.18984
-0.144329
-0.153854
-0.175407
-0.208981
-0.245081
-0.269243
-0.278057
-0.273546
-0.260899
-0.243385
-0.233439
-0.234507
-0.234738
-0.211238
-0.187892
-0.171693
-0.161424
-0.15581
-0.153875
-0.15458
0.0817134
0.0766622
0.0620437
0.0330685
-0.0111718
-0.0626836
-0.108511
-0.143368
-0.165064
-0.175415
-0.182618
-0.192566
-0.196217
-0.176132
-0.156188
-0.140602
-0.128937
-0.123019
-0.122026
-0.123065
0.17611
0.173086
0.162268
0.137816
0.0969349
0.0437318
-0.0113327
-0.0587081
-0.0935005
-0.116172
-0.129157
-0.136878
-0.13749
-0.127396
-0.117315
-0.109355
-0.102447
-0.0990922
-0.0989177
-0.0999838
0.190623
0.188559
0.180732
0.162352
0.130524
0.0878284
0.0405936
-0.00467155
-0.0418888
-0.0672439
-0.079316
-0.0806693
-0.0778536
-0.0793081
-0.0811333
-0.0822742
-0.0817559
-0.0818979
-0.082664
-0.0836814
0.171113
0.169822
0.164577
0.15192
0.129506
0.0982822
0.0614179
0.0246551
-0.00702531
-0.0292754
-0.0366697
-0.0326674
-0.0283264
-0.0387184
-0.0514563
-0.0608324
-0.0668157
-0.0706736
-0.0725414
-0.0733196
0.141218
0.140506
0.137212
0.12897
0.113951
0.0923777
0.0656945
0.0378809
0.0131261
-0.00317259
-0.00587849
0.000857988
0.00382394
-0.0114163
-0.0293359
-0.0436205
-0.0539769
-0.0606551
-0.063221
-0.0636813
0.10988
0.109651
0.107734
0.102642
0.0930148
0.078699
0.0603928
0.0409878
0.0233755
0.0126828
0.013592
0.0213021
0.0228402
0.00654859
-0.0124456
-0.0276904
-0.0392993
-0.0466257
-0.049117
-0.0493559
0.0805628
0.0804336
0.0794153
0.076433
0.0705131
0.0614453
0.0495189
0.0367528
0.0253535
0.0197633
0.023878
0.0324834
0.0330212
0.0172654
0.000140709
-0.0126943
-0.0220575
-0.0276556
-0.0295152
-0.0297467
0.053442
0.0534614
0.0529878
0.0514429
0.0481142
0.0427894
0.035648
0.0279884
0.0214615
0.0195003
0.0253322
0.0346883
0.0362734
0.0219633
0.0086352
-0.000323377
-0.00607821
-0.00921053
-0.0103595
-0.0106791
0.0284784
0.0285759
0.0284464
0.0278152
0.0263064
0.0237807
0.0202519
0.0164074
0.0133128
0.0132445
0.0185514
0.0277491
0.029018
0.0165177
0.0089826
0.00490446
0.00279506
0.0022179
0.00154338
0.0010014
0.00514113
0.00521344
0.00521198
0.00540588
0.00549915
0.00523035
0.00457047
0.00377621
0.00300261
0.00249855
0.00285412
0.00395623
0.0061925
0.00772754
0.00495407
0.00325196
0.00137508
0.000507113
0.000655386
0.000594913
-0.092097
0.0940651
0.29245
0.458755
0.590628
0.693614
0.778741
0.850383
0.879997
0.86395
0.228118
0.350067
0.477403
0.586987
0.678817
0.754581
0.815502
0.858272
0.88052
0.893532
0.444191
0.526648
0.613079
0.689798
0.755411
0.810169
0.853573
0.885601
0.909255
0.92724
0.60168
0.6602
0.720701
0.776798
0.825354
0.866507
0.900379
0.927818
0.950208
0.968538
0.72516
0.767088
0.81358
0.856129
0.894171
0.927426
0.955968
0.980074
0.999782
1.01777
0.827904
0.86059
0.898635
0.933674
0.965825
0.994783
1.02019
1.04177
1.05875
1.07636
0.919774
0.948432
0.982191
1.01415
1.04386
1.07088
1.0946
1.11436
1.12893
1.14638
1.00794
1.03722
1.07101
1.10301
1.13249
1.15899
1.18184
1.20022
1.21284
1.2303
1.103
1.13649
1.1728
1.20641
1.23637
1.26244
1.28429
1.30133
1.31275
1.33054
1.21773
1.25623
1.29438
1.32852
1.35772
1.38233
1.40258
1.41825
1.42955
1.44789
1.36233
1.40177
1.43728
1.46764
1.49316
1.51518
1.53416
1.54965
1.56228
1.58041
1.53699
1.56902
1.59478
1.61708
1.6371
1.65582
1.67343
1.68997
1.7057
1.72389
1.72455
1.74209
1.7576
1.77417
1.79031
1.80484
1.81786
1.83182
1.8489
1.86857
1.90612
1.91707
1.92921
1.93999
1.94924
1.95879
1.96966
1.98124
1.99118
2.00635
2.11711
2.11912
2.10396
2.08873
2.08234
2.088
2.1066
2.13701
2.16914
2.19989
2.42302
2.28598
2.20967
2.16756
2.15011
2.15415
2.1815
2.23764
2.34109
2.55638
0.749284
0.74591
0.739985
0.730183
0.717247
0.704833
0.694536
0.686612
0.680987
0.677747
0.677428
0.680218
0.685379
0.692661
0.702122
0.713826
0.726968
0.738967
0.746427
0.75115
0.667283
0.67317
0.680077
0.685321
0.688174
0.687855
0.684965
0.681064
0.67753
0.675283
0.675174
0.677426
0.681155
0.685543
0.689513
0.69153
0.690429
0.686347
0.680459
0.673416
0.659603
0.661951
0.665304
0.668216
0.67044
0.672251
0.673226
0.672993
0.671994
0.67114
0.67136
0.672837
0.674696
0.676007
0.676076
0.674923
0.673128
0.670794
0.667646
0.664685
0.654425
0.655512
0.65738
0.659768
0.661736
0.663139
0.664252
0.665135
0.665638
0.665932
0.66648
0.667322
0.667912
0.667915
0.667419
0.666566
0.665177
0.663131
0.661027
0.659616
0.649283
0.649938
0.651049
0.652776
0.654591
0.65622
0.657505
0.658559
0.659519
0.660394
0.661192
0.661778
0.661975
0.661813
0.661283
0.660277
0.658857
0.657298
0.655983
0.655202
0.644299
0.644754
0.64554
0.646842
0.648347
0.649895
0.651383
0.652699
0.653877
0.655
0.655991
0.656617
0.65681
0.656585
0.655926
0.654949
0.653829
0.652707
0.651806
0.651287
0.639432
0.639772
0.640383
0.641458
0.642759
0.644154
0.645627
0.64711
0.648527
0.64987
0.651064
0.651838
0.652085
0.651861
0.651293
0.650539
0.649711
0.648865
0.648205
0.647826
0.634637
0.634901
0.635395
0.636311
0.637492
0.638807
0.640231
0.641764
0.643363
0.644959
0.646405
0.647372
0.647753
0.64769
0.647341
0.646819
0.646202
0.645586
0.645108
0.644819
0.629836
0.630046
0.630458
0.631264
0.632367
0.633637
0.635054
0.636637
0.638376
0.640225
0.641973
0.643217
0.643848
0.64404
0.643935
0.643642
0.643237
0.642816
0.64248
0.642253
0.624941
0.62511
0.625463
0.626198
0.627257
0.62851
0.62996
0.631632
0.633536
0.635653
0.637763
0.639382
0.640354
0.640848
0.641007
0.640954
0.640767
0.640525
0.640306
0.640126
0.619863
0.619998
0.620311
0.621002
0.622047
0.623329
0.624851
0.626657
0.628783
0.631225
0.633776
0.635862
0.637242
0.638087
0.638547
0.63875
0.638782
0.638715
0.638596
0.638451
0.614508
0.614618
0.614903
0.615576
0.616642
0.617996
0.619636
0.621631
0.624047
0.626901
0.629995
0.632642
0.634504
0.635755
0.636556
0.637042
0.637307
0.637414
0.637383
0.637265
0.60878
0.608866
0.609136
0.609816
0.610939
0.612409
0.61422
0.616473
0.619258
0.622634
0.626391
0.629712
0.632146
0.633869
0.635058
0.635873
0.636397
0.636671
0.636718
0.636622
0.602567
0.602632
0.602895
0.603604
0.604822
0.606455
0.608502
0.611093
0.614348
0.61837
0.622937
0.627068
0.630182
0.63246
0.634097
0.635283
0.636093
0.63655
0.636673
0.636593
0.595734
0.595779
0.596043
0.596803
0.598157
0.60001
0.602367
0.605388
0.609236
0.614055
0.619606
0.624709
0.62863
0.631566
0.633731
0.635337
0.636478
0.637132
0.637329
0.637261
0.588129
0.588151
0.588417
0.589252
0.590786
0.592922
0.595674
0.599242
0.603831
0.609628
0.616371
0.622639
0.627517
0.631228
0.63402
0.636126
0.637642
0.63851
0.638781
0.638723
0.579519
0.579532
0.579815
0.580749
0.582516
0.584999
0.58826
0.592517
0.598026
0.605025
0.613209
0.620867
0.626879
0.6315
0.635031
0.63774
0.639685
0.640786
0.641131
0.641079
0.569629
0.569613
0.569946
0.571026
0.57308
0.576024
0.57993
0.585051
0.591704
0.600177
0.6101
0.619409
0.626759
0.632455
0.636852
0.64026
0.642702
0.64406
0.644477
0.644427
0.558139
0.558099
0.558481
0.559752
0.562177
0.565715
0.570437
0.576651
0.584735
0.595018
0.607034
0.618294
0.627203
0.634155
0.639569
0.643782
0.646795
0.648423
0.648908
0.648855
0.544555
0.544489
0.544951
0.546477
0.549388
0.553695
0.559474
0.567089
0.576976
0.589487
0.60401
0.617555
0.628265
0.636658
0.643258
0.648396
0.652036
0.653941
0.654483
0.654421
0.528209
0.528115
0.528704
0.530584
0.534148
0.539484
0.546664
0.556104
0.568285
0.583543
0.601048
0.61724
0.630002
0.640029
0.647965
0.654148
0.658466
0.660634
0.661212
0.661134
0.508139
0.50802
0.508815
0.511212
0.515694
0.522461
0.531553
0.543427
0.558555
0.577194
0.598213
0.617415
0.632478
0.644322
0.653717
0.661053
0.666061
0.66845
0.669034
0.668933
0.482894
0.482764
0.483899
0.487098
0.492971
0.501833
0.51364
0.528825
0.54776
0.570527
0.595623
0.618185
0.635746
0.649557
0.660534
0.669078
0.674718
0.677243
0.677789
0.677656
0.450113
0.450011
0.451764
0.456353
0.46455
0.476689
0.492486
0.512221
0.536027
0.563749
0.593467
0.619672
0.639873
0.655746
0.66836
0.6781
0.684219
0.686746
0.687203
0.687036
0.40557
0.405643
0.408756
0.416247
0.428772
0.446264
0.467978
0.493849
0.523714
0.5572
0.591999
0.62202
0.644924
0.662866
0.677107
0.687901
0.694221
0.696564
0.696885
0.696686
0.341343
0.342592
0.350189
0.364241
0.384698
0.410713
0.440754
0.474429
0.511448
0.551341
0.591488
0.625362
0.650912
0.670846
0.68652
0.698029
0.70422
0.706146
0.706297
0.706084
0.265013
0.267161
0.281809
0.305984
0.337431
0.37348
0.412567
0.454512
0.499142
0.54602
0.592254
0.630754
0.659586
0.681951
0.699229
0.711296
0.717094
0.718662
0.718759
0.718629
0.186561
0.193118
0.214892
0.249392
0.291371
0.337202
0.385304
0.435565
0.487872
0.541803
0.594218
0.637388
0.669439
0.694133
0.713063
0.725151
0.730072
0.731116
0.731153
0.731088
0.122465
0.131222
0.157562
0.199219
0.249454
0.303596
0.359833
0.417888
0.477525
0.538233
0.596526
0.64404
0.679
0.70563
0.725384
0.737204
0.741676
0.742609
0.742693
0.742686
0.070232
0.0796085
0.109531
0.156469
0.212898
0.273717
0.336825
0.401757
0.468086
0.535144
0.599016
0.650628
0.688288
0.716634
0.737203
0.749053
0.753287
0.754128
0.754255
0.754298
0.0265905
0.0362368
0.0686184
0.119591
0.181104
0.247467
0.316389
0.387322
0.459673
0.532608
0.601761
0.657315
0.697589
0.727695
0.749226
0.76116
0.76522
0.766209
0.766377
0.766462
-0.0108754
-0.00113366
0.0330749
0.0872722
0.153009
0.224115
0.298113
0.374373
0.452183
0.530569
0.604745
0.664131
0.707007
0.738855
0.761318
0.773645
0.777942
0.778968
0.77915
0.779254
-0.0438653
-0.0341044
0.00149835
0.0584231
0.127701
0.202905
0.281411
0.362483
0.445324
0.528832
0.607822
0.670937
0.716383
0.749996
0.773565
0.786476
0.791019
0.792115
0.79228
0.792371
-0.0736794
-0.063895
-0.0271551
0.0321245
0.104437
0.183238
0.265771
0.351234
0.43875
0.527116
0.610752
0.677529
0.725527
0.760938
0.785602
0.799135
0.803971
0.805103
0.805245
0.805315
-0.101228
-0.0914188
-0.0537003
0.00765885
0.0826466
0.164648
0.250796
0.340272
0.432149
0.525148
0.613319
0.683716
0.73422
0.771352
0.797078
0.811208
0.816385
0.817564
0.817669
0.817712
-0.127107
-0.117235
-0.0786243
-0.0155116
0.0618978
0.146774
0.236183
0.329333
0.425287
0.522728
0.615355
0.689347
0.742335
0.781136
0.807856
0.822501
0.827946
0.829151
0.829219
0.829228
-0.151794
-0.141813
-0.102309
-0.0377347
0.0419032
0.129348
0.221711
0.318232
0.418003
0.519695
0.616715
0.694334
0.749799
0.79021
0.817843
0.832845
0.838418
0.839643
0.839683
0.839658
-0.175605
-0.16543
-0.125193
-0.0591655
0.0224628
0.112193
0.207233
0.306844
0.410163
0.515926
0.617304
0.698621
0.756616
0.79858
0.826954
0.84217
0.847804
0.848956
0.848975
0.848919
-0.198656
-0.188299
-0.147406
-0.0799327
0.00343177
0.0952157
0.192661
0.295082
0.401692
0.511332
0.617036
0.702174
0.762809
0.806322
0.835293
0.850572
0.856092
0.857209
0.857178
0.857104
-0.221149
-0.210536
-0.168916
-0.100165
-0.0152629
0.078356
0.177951
0.282914
0.392554
0.50586
0.615828
0.704953
0.768443
0.8136
0.843044
0.858161
0.86345
0.864448
0.864373
0.864278
-0.243051
-0.232192
-0.18988
-0.119939
-0.0336442
0.0616031
0.163112
0.270349
0.382741
0.499465
0.613616
0.706908
0.773576
0.82057
0.850413
0.865138
0.869998
0.870802
0.870674
0.870562
-0.264432
-0.253292
-0.210264
-0.139254
-0.0517098
0.0449688
0.148164
0.257423
0.372281
0.492147
0.610339
0.707967
0.778212
0.827403
0.857695
0.871739
0.875865
0.876355
0.876154
0.876036
-0.285158
-0.273804
-0.23006
-0.158077
-0.0694294
0.028507
0.133156
0.244186
0.361228
0.48394
0.605951
0.708039
0.782306
0.834224
0.865247
0.878408
0.881348
0.881233
0.880957
0.880878
-0.305357
-0.29369
-0.249268
-0.176404
-0.0867849
0.0122438
0.118166
0.230709
0.349654
0.474904
0.600435
0.707003
0.785727
0.841038
0.873423
0.885854
0.887136
0.885746
0.885138
0.88516
-0.324884
-0.312926
-0.267875
-0.1942
-0.103708
-0.00374456
0.103269
0.217099
0.337653
0.465089
0.593808
0.70473
0.788276
0.847675
0.88235
0.894909
0.894594
0.891132
0.889181
0.88877
-0.3438
-0.331568
-0.285831
-0.211423
-0.120171
-0.0193961
0.0885416
0.203431
0.325327
0.454617
0.586119
0.701085
0.789697
0.853769
0.891652
0.905887
0.90551
0.900117
0.894116
0.886085
-0.362032
-0.349581
-0.303222
-0.228229
-0.136386
-0.034976
0.0736632
0.189321
0.312257
0.443023
0.576891
0.695572
0.789609
0.859138
0.900896
0.918494
0.920638
0.914256
0.903013
0.900081
-0.379532
-0.366958
-0.320044
-0.244587
-0.152355
-0.050463
0.0586495
0.17475
0.298396
0.430175
0.565909
0.68774
0.78718
0.862973
0.90821
0.928905
0.933021
0.928639
0.890427
0.843831
-0.396025
-0.383028
-0.336218
-0.260411
-0.168137
-0.0659702
0.0434579
0.15983
0.283787
0.416105
0.553052
0.67726
0.781149
0.864458
0.911455
0.928525
0.931821
0.908662
0.850854
0.790675
-0.41329
-0.397749
-0.351519
-0.275107
-0.183296
-0.0811525
0.0278048
0.144603
0.268551
0.400958
0.538294
0.663851
0.769971
0.863839
0.90815
0.933245
0.897545
0.844326
0.771729
0.704616
-0.400371
-0.380033
-0.328646
-0.247757
-0.149494
-0.0444572
0.0700128
0.189895
0.317411
0.454481
0.587356
0.702102
0.801447
0.896492
0.920003
0.841641
0.783689
0.713491
0.638778
0.589787
-0.419835
-0.406482
-0.369354
-0.297728
-0.206414
-0.105539
0.00374968
0.120091
0.243507
0.375078
0.511294
0.63639
0.741146
0.830681
0.899218
0.875629
0.752538
0.663584
0.59669
0.51432
-0.44029
-0.425956
-0.38389
-0.311067
-0.219146
-0.118636
-0.0104081
0.105011
0.227544
0.357859
0.492669
0.616267
0.718208
0.795123
0.820273
0.730502
0.586152
0.4872
0.409733
0.322568
-0.460982
-0.448596
-0.402405
-0.328599
-0.236639
-0.135651
-0.0274146
0.087759
0.209468
0.338411
0.470598
0.589842
0.68256
0.743574
0.718085
0.579448
0.425009
0.306335
0.207546
0.0759727
-0.483584
-0.471099
-0.4229
-0.347885
-0.255843
-0.154769
-0.0466706
0.0679534
0.188593
0.315697
0.444518
0.55806
0.64088
0.67989
0.616102
0.430257
0.250483
0.0998904
-0.0386228
-0.226291
-0.505506
-0.493293
-0.443983
-0.36777
-0.275352
-0.174364
-0.0666869
0.0470862
0.166367
0.291189
0.416063
0.523048
0.59774
0.60072
0.486716
0.287016
0.0778249
-0.114398
-0.28648
-0.663541
-0.52759
-0.515638
-0.465829
-0.3888
-0.29606
-0.195084
-0.0878498
0.0250278
0.142796
0.265028
0.385477
0.484806
0.547429
0.517491
0.361317
0.158142
-0.058203
-0.258924
-0.427935
-0.719338
-0.550584
-0.538772
-0.488721
-0.411212
-0.318276
-0.217311
-0.110489
0.00149445
0.117657
0.237057
0.352721
0.443779
0.49059
0.441563
0.248143
0.050613
-0.150806
-0.318525
-0.388278
-0.426997
-0.575022
-0.563343
-0.51304
-0.435288
-0.342367
-0.241604
-0.135366
-0.0245256
0.0896724
0.205689
0.315849
0.398088
0.427096
0.340806
0.14622
-0.0404141
-0.210172
-0.317928
-0.353738
-0.362217
-0.601153
-0.589441
-0.538952
-0.461054
-0.36828
-0.26792
-0.162501
-0.0530893
0.0587433
0.170814
0.274679
0.347842
0.349654
0.233481
0.0526686
-0.119546
-0.262214
-0.318541
-0.329989
-0.333854
-0.629062
-0.617269
-0.566532
-0.488532
-0.396021
-0.296263
-0.191903
-0.0842438
0.0248305
0.132464
0.229241
0.2926
0.269477
0.132923
-0.0335698
-0.19463
-0.295751
-0.321833
-0.31988
-0.320038
-0.658519
-0.646936
-0.595745
-0.517693
-0.42556
-0.326596
-0.223565
-0.11798
-0.0120503
0.0906556
0.179873
0.231231
0.198018
0.0408555
-0.11147
-0.252712
-0.296705
-0.306993
-0.310783
-0.310967
-0.689366
-0.677775
-0.626378
-0.54838
-0.45677
-0.358819
-0.257398
-0.154226
-0.0518347
0.0455728
0.126835
0.166694
0.125499
-0.0376515
-0.17916
-0.277575
-0.31861
-0.307891
-0.305971
-0.305734
-0.721087
-0.709452
-0.658148
-0.580275
-0.489366
-0.392688
-0.293175
-0.192775
-0.0943115
-0.00239705
0.0705164
0.101217
0.04002
-0.1059
-0.231963
-0.285778
-0.300414
-0.301999
-0.302061
-0.301789
-0.752963
-0.741335
-0.690119
-0.612824
-0.522893
-0.427792
-0.330538
-0.233265
-0.139115
-0.0528196
0.0122391
0.0285758
-0.0408248
-0.162756
-0.263166
-0.29133
-0.295636
-0.299169
-0.29925
-0.299237
-0.783752
-0.772499
-0.721533
-0.645257
-0.556662
-0.463522
-0.368918
-0.275131
-0.185617
-0.105214
-0.0459188
-0.0425579
-0.111146
-0.212118
-0.279295
-0.324968
-0.304929
-0.298669
-0.297371
-0.297173
-0.811945
-0.801195
-0.751307
-0.67628
-0.589727
-0.499032
-0.407552
-0.317622
-0.232946
-0.158636
-0.103549
-0.105387
-0.17548
-0.250457
-0.297947
-0.292556
-0.297916
-0.297803
-0.297322
-0.297225
-0.835907
-0.825829
-0.777474
-0.704747
-0.620859
-0.53322
-0.445436
-0.3598
-0.28005
-0.21168
-0.161614
-0.161562
-0.228362
-0.2847
-0.310661
-0.320889
-0.312957
-0.307658
-0.305878
-0.305106
-0.853258
-0.844087
-0.79812
-0.728683
-0.648535
-0.564857
-0.481381
-0.400544
-0.325825
-0.263028
-0.218506
-0.213239
-0.267282
-0.31471
-0.33082
-0.332115
-0.329466
-0.327784
-0.325183
-0.323135
-0.86192
-0.853572
-0.811176
-0.746174
-0.670969
-0.592419
-0.514136
-0.438553
-0.369131
-0.311449
-0.27046
-0.259258
-0.295097
-0.324726
-0.337976
-0.329051
-0.327279
-0.324984
-0.323738
-0.323497
-0.85775
-0.850911
-0.814863
-0.755397
-0.686513
-0.614374
-0.542279
-0.472637
-0.408752
-0.355657
-0.316648
-0.295659
-0.306702
-0.314335
-0.338907
-0.322743
-0.314711
-0.311901
-0.311504
-0.311401
-0.83929
-0.834609
-0.806432
-0.75499
-0.693904
-0.629472
-0.564581
-0.501501
-0.443407
-0.394975
-0.358378
-0.329975
-0.294315
-0.248636
-0.267519
-0.281132
-0.293162
-0.300173
-0.302837
-0.303492
-0.807114
-0.803743
-0.784653
-0.744025
-0.692656
-0.637161
-0.580277
-0.524089
-0.47187
-0.428004
-0.398335
-0.355653
-0.292885
-0.20735
-0.179193
-0.240182
-0.288281
-0.307986
-0.314908
-0.317227
-0.765891
-0.763764
-0.752952
-0.724607
-0.683859
-0.637949
-0.589327
-0.539978
-0.493043
-0.453587
-0.424873
-0.396743
-0.363336
-0.355202
-0.367715
-0.394524
-0.386446
-0.375641
-0.373697
-0.374304
-0.724211
-0.722963
-0.717688
-0.701156
-0.671148
-0.63366
-0.592675
-0.549336
-0.506593
-0.469245
-0.442781
-0.430724
-0.463984
-0.561619
-0.608883
-0.552529
-0.48156
-0.454648
-0.44097
-0.436389
-0.690966
-0.690304
-0.687652
-0.678238
-0.657475
-0.627536
-0.592189
-0.55313
-0.512546
-0.473445
-0.447366
-0.418324
-0.436826
-0.433232
-0.42188
-0.371417
-0.380773
-0.395476
-0.407304
-0.402947
-0.667486
-0.666778
-0.665365
-0.66154
-0.64733
-0.622669
-0.590314
-0.553181
-0.511577
-0.468338
-0.429366
-0.385683
-0.358802
-0.336154
-0.381354
-0.49778
-0.588596
-0.603808
-0.53792
-0.478828
-0.651414
-0.651151
-0.650546
-0.648648
-0.640822
-0.62008
-0.589077
-0.551002
-0.507489
-0.458462
-0.409664
-0.382176
-0.317537
-0.257067
-0.225981
-0.19756
-0.16633
-0.182344
-0.176454
-0.149974
-0.641679
-0.641619
-0.641282
-0.640668
-0.636973
-0.619637
-0.588555
-0.548231
-0.501212
-0.445694
-0.387955
-0.34124
-0.264043
-0.108338
0.0506596
0.183967
0.232561
0.2414
0.250776
0.260184
-0.634941
-0.634985
-0.634922
-0.634892
-0.633524
-0.620343
-0.589238
-0.546225
-0.493812
-0.432617
-0.358266
-0.286038
-0.166654
0.0103879
0.194864
0.330132
0.430846
0.524784
0.610994
0.665941
-0.629426
-0.629495
-0.62946
-0.629324
-0.628238
-0.620678
-0.591508
-0.545934
-0.488563
-0.419424
-0.33247
-0.238483
-0.0973997
0.139706
0.405031
0.660244
0.874884
1.04217
1.16091
1.22226
-0.625526
-0.625533
-0.625246
-0.624307
-0.623296
-0.620836
-0.596347
-0.547795
-0.485557
-0.409159
-0.316258
-0.211713
-0.0779095
0.176256
0.501381
0.835475
1.13202
1.34822
1.47007
1.5163
-0.624245
-0.624809
-0.626245
-0.629628
-0.633171
-0.63317
-0.605427
-0.552207
-0.487381
-0.408823
-0.313081
-0.205527
-0.100642
0.135018
0.459718
0.767444
1.03831
1.23514
1.33693
1.3712
-0.621186
-0.622642
-0.625739
-0.633725
-0.646269
-0.646526
-0.610539
-0.557919
-0.496977
-0.416749
-0.320895
-0.220999
-0.13416
0.0512766
0.3301
0.581849
0.793104
0.937773
1.00877
1.03151
-0.638395
-0.639606
-0.639427
-0.626742
-0.59977
-0.575873
-0.57825
-0.563539
-0.512755
-0.43085
-0.336634
-0.243778
-0.161846
-0.0344145
0.180715
0.370676
0.52578
0.626996
0.673859
0.688448
-0.683955
-0.682907
-0.677256
-0.645432
-0.581426
-0.54123
-0.571007
-0.58713
-0.537347
-0.449084
-0.354247
-0.269183
-0.199077
-0.108953
0.0492693
0.184421
0.292621
0.35989
0.390502
0.397872
-0.762089
-0.757142
-0.767365
-0.786663
-0.807106
-0.787413
-0.762359
-0.692287
-0.580592
-0.470396
-0.371211
-0.292121
-0.231123
-0.16574
-0.056009
0.0357062
0.104067
0.144901
0.162721
0.16751
-0.920274
-0.92231
-0.96488
-1.03138
-1.07315
-1.05977
-0.987017
-0.810904
-0.634043
-0.490309
-0.382282
-0.306966
-0.253615
-0.202246
-0.133545
-0.0788478
-0.0422727
-0.0233178
-0.015806
-0.0139534
-1.01926
-1.02959
-1.06961
-1.11739
-1.14759
-1.13657
-1.05094
-0.848725
-0.645699
-0.489039
-0.380591
-0.312855
-0.264881
-0.226343
-0.185545
-0.158661
-0.146001
-0.142618
-0.142286
-0.141134
-0.936932
-0.945738
-0.976821
-1.01544
-1.04256
-1.03167
-0.940425
-0.7553
-0.585477
-0.450933
-0.358747
-0.303251
-0.266246
-0.23563
-0.211934
-0.199215
-0.198909
-0.202655
-0.203276
-0.201885
-0.662929
-0.674608
-0.70295
-0.743797
-0.778517
-0.777161
-0.702353
-0.582818
-0.469103
-0.380058
-0.318312
-0.282362
-0.261817
-0.239766
-0.219752
-0.209286
-0.205991
-0.205957
-0.204321
-0.20323
-0.303971
-0.311711
-0.33111
-0.362893
-0.398323
-0.418646
-0.407573
-0.375534
-0.333517
-0.295664
-0.2659
-0.251472
-0.248582
-0.234354
-0.209646
-0.191956
-0.181911
-0.176249
-0.173223
-0.172541
-0.0113678
-0.0154356
-0.0270003
-0.0514153
-0.0889604
-0.131374
-0.16817
-0.193793
-0.208239
-0.210047
-0.207725
-0.211392
-0.219887
-0.208248
-0.184518
-0.164466
-0.14985
-0.14066
-0.136884
-0.137036
0.143924
0.141368
0.134049
0.114862
0.0794841
0.0285656
-0.0275657
-0.0764515
-0.11308
-0.136777
-0.15055
-0.160794
-0.169629
-0.160083
-0.14427
-0.130457
-0.119319
-0.111936
-0.109499
-0.110087
0.190638
0.189151
0.184025
0.169274
0.140188
0.0967058
0.0454599
-0.00555513
-0.0488151
-0.0798496
-0.0979628
-0.10694
-0.10862
-0.104798
-0.100344
-0.0970531
-0.093086
-0.0901457
-0.0895472
-0.0904379
0.18353
0.182677
0.179173
0.168744
0.147686
0.115252
0.0750319
0.0326521
-0.00599295
-0.0362796
-0.0533811
-0.0573431
-0.0520804
-0.0535353
-0.0614842
-0.0684496
-0.0725102
-0.0748891
-0.0765556
-0.0776417
0.156793
0.156415
0.154203
0.147339
0.133094
0.110583
0.0813452
0.0486872
0.01771
-0.0066982
-0.0191659
-0.0180473
-0.0105549
-0.0163
-0.0319381
-0.0462644
-0.0566027
-0.0635579
-0.0674142
-0.0685586
0.12542
0.125407
0.124111
0.119854
0.110656
0.0956575
0.07548
0.0521805
0.0292599
0.0113559
0.00385563
0.00812678
0.0153464
0.0071799
-0.0112971
-0.0282374
-0.0416948
-0.0512144
-0.0561998
-0.0571942
0.0948271
0.0948459
0.0942467
0.0917587
0.0861007
0.0765331
0.0632325
0.0475125
0.0319223
0.0201379
0.0171667
0.0237591
0.0302684
0.0215474
0.00310701
-0.0130385
-0.0258934
-0.0347275
-0.0391344
-0.0399196
0.0666311
0.0667855
0.066454
0.065112
0.0618317
0.0560168
0.0477234
0.037757
0.0279542
0.0212449
0.021994
0.0309042
0.0385736
0.0295389
0.0119234
-0.000643812
-0.0100539
-0.01606
-0.0188911
-0.01959
0.0406338
0.0408018
0.0407083
0.0401284
0.0384676
0.0353721
0.0307992
0.0252415
0.0198418
0.0165928
0.0192055
0.0284183
0.0364843
0.0272337
0.014251
0.00624963
0.00131933
-0.00149302
-0.00274608
-0.00342417
0.00520045
0.00519785
0.00527555
0.00547965
0.00542144
0.00495278
0.00416092
0.00332642
0.00282997
0.00255944
0.00321834
0.00435635
0.00820394
0.00597054
0.00399633
0.00216134
0.000764844
0.000561885
0.000708081
0.00301125
-0.991069
-0.383498
0.0368075
0.286149
0.467588
0.605378
0.711612
0.798022
0.891302
0.968089
-0.0529801
0.144035
0.315484
0.462289
0.584103
0.682896
0.763031
0.828091
0.867594
0.872904
0.275921
0.390568
0.498525
0.597007
0.681243
0.752036
0.809812
0.853405
0.882228
0.900183
0.481225
0.558824
0.633597
0.703073
0.763806
0.815463
0.85793
0.891372
0.917548
0.936345
0.631958
0.684479
0.742587
0.79334
0.839005
0.878636
0.912313
0.940456
0.963915
0.9806
0.751801
0.792219
0.83658
0.87612
0.912516
0.945251
0.973986
0.998734
1.01953
1.03353
0.852816
0.887311
0.922945
0.956977
0.988766
1.01801
1.04413
1.0667
1.08521
1.09681
0.94502
0.976281
1.00909
1.04157
1.07208
1.10021
1.12523
1.14647
1.1631
1.1728
1.0354
1.06826
1.10257
1.13654
1.16774
1.19587
1.22032
1.24051
1.25554
1.26436
1.13695
1.17481
1.21239
1.24852
1.28048
1.30817
1.33147
1.35025
1.36404
1.37343
1.26351
1.30622
1.34514
1.38056
1.41076
1.43625
1.4577
1.47515
1.48854
1.49975
1.42475
1.46627
1.4998
1.52878
1.55315
1.5746
1.59413
1.61147
1.62641
1.64012
1.61514
1.64455
1.66614
1.68525
1.70348
1.7208
1.73691
1.75259
1.76927
1.78651
1.81168
1.82229
1.83455
1.84906
1.86359
1.87648
1.88776
1.89858
1.91128
1.92684
1.99861
2.00819
2.0178
2.01982
2.02038
2.02458
2.03539
2.05171
2.06904
2.07373
2.30323
2.24436
2.19264
2.15261
2.13023
2.12613
2.13967
2.17338
2.22936
2.30869
0.884025
0.826918
0.784528
0.750997
0.726676
0.709274
0.696796
0.687855
0.681735
0.678261
0.677901
0.680809
0.6863
0.694287
0.705235
0.720226
0.741008
0.769754
0.808203
0.856294
0.688393
0.697424
0.703571
0.704188
0.700217
0.693835
0.687265
0.681751
0.677906
0.676272
0.677485
0.681131
0.686476
0.69306
0.700069
0.705797
0.707849
0.704521
0.696174
0.688988
0.663912
0.66601
0.67061
0.674367
0.677381
0.679141
0.678931
0.677164
0.674953
0.673391
0.673439
0.675311
0.67809
0.680784
0.682289
0.681775
0.679479
0.676269
0.672166
0.667732
0.657688
0.658588
0.661095
0.663738
0.665685
0.667153
0.668328
0.668914
0.668835
0.668621
0.669012
0.670131
0.671236
0.671662
0.671217
0.670226
0.668821
0.666688
0.664088
0.662067
0.652184
0.652649
0.65406
0.656114
0.658056
0.659589
0.660737
0.661709
0.662517
0.663166
0.663849
0.664514
0.664822
0.664691
0.664213
0.663307
0.66185
0.660014
0.658356
0.657333
0.647023
0.647313
0.64823
0.649707
0.651359
0.652982
0.654403
0.655583
0.656649
0.657665
0.658562
0.659144
0.659322
0.659133
0.658522
0.657487
0.656199
0.654884
0.653812
0.653187
0.642036
0.642241
0.642929
0.644105
0.645494
0.646959
0.648456
0.649878
0.651177
0.652404
0.653491
0.654185
0.6544
0.654156
0.653517
0.652644
0.651682
0.650706
0.649937
0.649497
0.637171
0.637326
0.637873
0.638862
0.640096
0.641446
0.642893
0.644407
0.645923
0.647391
0.648704
0.649568
0.649866
0.649706
0.649242
0.648605
0.647885
0.647156
0.646594
0.646264
0.632353
0.632475
0.632924
0.633779
0.634917
0.636209
0.637627
0.63918
0.640849
0.642571
0.644162
0.645255
0.645746
0.645804
0.645577
0.645168
0.644654
0.644136
0.643733
0.643479
0.627492
0.627591
0.627971
0.628737
0.629814
0.631074
0.632505
0.634127
0.635942
0.63792
0.63984
0.641259
0.642051
0.642388
0.642414
0.642237
0.641939
0.641607
0.641332
0.641131
0.622498
0.622579
0.622909
0.623618
0.624667
0.625931
0.627415
0.629148
0.631154
0.633424
0.635742
0.637584
0.63875
0.639413
0.639721
0.63979
0.639713
0.639555
0.639388
0.639227
0.617277
0.617344
0.617641
0.618319
0.61937
0.620687
0.622265
0.624158
0.626418
0.629053
0.631861
0.634215
0.635825
0.636865
0.637495
0.637831
0.637979
0.637994
0.63792
0.63779
0.611736
0.611791
0.612067
0.612739
0.613829
0.61524
0.616962
0.619076
0.621664
0.624764
0.628173
0.631142
0.633275
0.634753
0.635747
0.636386
0.636776
0.636963
0.636973
0.636866
0.605767
0.605814
0.606078
0.606767
0.607933
0.609484
0.61141
0.61382
0.616824
0.620505
0.624647
0.628355
0.631111
0.6331
0.634512
0.635506
0.63616
0.636522
0.636608
0.63652
0.59925
0.599288
0.59955
0.600279
0.601558
0.603301
0.6055
0.608291
0.611824
0.616223
0.621258
0.625854
0.62935
0.631945
0.633844
0.63523
0.636188
0.63674
0.636901
0.636828
0.592038
0.592067
0.592336
0.593125
0.59456
0.596557
0.599106
0.602382
0.606578
0.61186
0.617978
0.623639
0.628014
0.631323
0.6338
0.635639
0.636947
0.637707
0.637942
0.637881
0.583949
0.583974
0.584258
0.585126
0.586762
0.589078
0.592075
0.595966
0.600987
0.607353
0.614782
0.621716
0.627134
0.631282
0.634443
0.636827
0.638536
0.63952
0.63983
0.639776
0.574741
0.574764
0.575077
0.576048
0.577941
0.580659
0.584231
0.588893
0.59494
0.602636
0.611649
0.620098
0.62675
0.631887
0.635851
0.638879
0.641051
0.642282
0.642666
0.642616
0.564099
0.564113
0.564465
0.565583
0.567807
0.57106
0.575355
0.580987
0.588312
0.597641
0.608562
0.618808
0.626907
0.633208
0.638112
0.641881
0.644592
0.646089
0.646544
0.646494
0.551638
0.551646
0.55204
0.553354
0.556013
0.559948
0.565171
0.572036
0.580966
0.592303
0.605516
0.617877
0.627654
0.635303
0.641308
0.645935
0.649249
0.651022
0.651541
0.651486
0.536788
0.536791
0.537249
0.538831
0.542066
0.546904
0.553338
0.561798
0.572758
0.586569
0.602519
0.617344
0.629049
0.638231
0.645512
0.651106
0.65508
0.657128
0.657696
0.657628
0.518762
0.51876
0.519313
0.52128
0.525312
0.531378
0.53944
0.55
0.563558
0.580418
0.599609
0.617263
0.631149
0.642064
0.650736
0.657431
0.662097
0.664394
0.664986
0.664898
0.496375
0.496368
0.497084
0.499651
0.504854
0.512668
0.522993
0.536384
0.553291
0.573892
0.596877
0.617721
0.634015
0.646827
0.657028
0.664901
0.670242
0.672724
0.673302
0.673187
0.467825
0.467816
0.468827
0.472392
0.479459
0.489905
0.503503
0.520777
0.541999
0.567136
0.594477
0.618833
0.637705
0.652539
0.664357
0.673444
0.67936
0.681918
0.682434
0.682284
0.43001
0.430017
0.43167
0.437173
0.44755
0.462186
0.48065
0.503233
0.529915
0.560421
0.592631
0.620732
0.64229
0.659202
0.672673
0.682889
0.689182
0.691656
0.692056
0.69187
0.377
0.377238
0.381018
0.391006
0.407565
0.429097
0.454646
0.484216
0.517535
0.554159
0.59161
0.623564
0.647816
0.666777
0.681818
0.692956
0.699316
0.701521
0.701767
0.701549
0.301208
0.303594
0.314685
0.334221
0.361042
0.392199
0.426764
0.464567
0.505346
0.548641
0.591683
0.627716
0.654832
0.675984
0.692619
0.704443
0.710633
0.71248
0.712589
0.712373
0.220704
0.226999
0.246612
0.276434
0.31413
0.355216
0.39883
0.444943
0.493421
0.54384
0.593197
0.634077
0.664587
0.688263
0.706626
0.718892
0.724399
0.725693
0.72571
0.725565
0.151262
0.157939
0.184258
0.222891
0.269864
0.320064
0.372364
0.426613
0.482643
0.540001
0.595387
0.640764
0.674307
0.700082
0.719628
0.731578
0.736344
0.737365
0.737406
0.737307
0.0944128
0.101518
0.131862
0.176737
0.230609
0.288254
0.34806
0.409664
0.472727
0.536662
0.597778
0.647365
0.683703
0.711246
0.731535
0.743388
0.747821
0.748735
0.748805
0.748742
0.0472946
0.0547269
0.0876306
0.137246
0.196558
0.260249
0.326358
0.39438
0.463792
0.533841
0.600386
0.653983
0.692954
0.722216
0.743421
0.755343
0.759561
0.760471
0.760576
0.760541
0.00739084
0.0149896
0.04968
0.102836
0.166729
0.23554
0.307065
0.380728
0.455866
0.531569
0.603259
0.66074
0.702321
0.733327
0.755438
0.767689
0.772011
0.772849
0.772974
0.772959
-0.0273424
-0.0196495
0.0163156
0.0724233
0.14012
0.213336
0.289642
0.368361
0.448727
0.529707
0.606311
0.667573
0.711738
0.744488
0.767597
0.780335
0.784916
0.785785
0.785902
0.785899
-0.0584139
-0.0506333
-0.0136417
0.044994
0.115908
0.192958
0.273522
0.356834
0.442052
0.528016
0.609343
0.674295
0.72102
0.755545
0.77979
0.793061
0.797916
0.798837
0.798942
0.798935
-0.0868111
-0.078962
-0.0411009
0.0197315
0.0934342
0.173872
0.258253
0.345764
0.435496
0.5262
0.612112
0.680706
0.729961
0.766252
0.791512
0.80542
0.810536
0.811551
0.811646
0.811635
-0.113325
-0.105385
-0.0667029
-0.0040234
0.0722024
0.155676
0.243487
0.334837
0.428784
0.524025
0.614433
0.686627
0.738374
0.776353
0.802643
0.817115
0.82247
0.823584
0.823654
0.823624
-0.138431
-0.130381
-0.0909266
-0.0267026
0.0518546
0.138048
0.228964
0.323835
0.421726
0.521314
0.616143
0.691941
0.746166
0.785783
0.812991
0.827931
0.833455
0.834624
0.834665
0.834611
-0.16253
-0.154329
-0.114025
-0.0485194
0.0321523
0.120769
0.2145
0.3126
0.414175
0.517925
0.617126
0.696584
0.753303
0.794501
0.822542
0.837742
0.843356
0.844534
0.84454
0.844461
-0.185799
-0.177437
-0.136582
-0.0696019
0.0129261
0.10371
0.19998
0.30103
0.406025
0.51375
0.617295
0.700508
0.759803
0.802536
0.831236
0.846549
0.85217
0.853304
0.853273
0.853173
-0.208423
-0.199871
-0.158394
-0.090093
-0.00593246
0.0867908
0.185338
0.289064
0.397224
0.508721
0.616567
0.703675
0.765705
0.810026
0.839257
0.854501
0.85996
0.861028
0.860959
0.860842
-0.230466
-0.221762
-0.179567
-0.110097
-0.0244723
0.0699833
0.170562
0.276696
0.387741
0.502785
0.614861
0.706047
0.771084
0.817128
0.84678
0.861747
0.866874
0.867795
0.867685
0.867555
-0.25199
-0.243087
-0.200223
-0.12965
-0.0427036
0.0532868
0.155658
0.26394
0.377596
0.495931
0.612123
0.707564
0.775969
0.82401
0.854065
0.868493
0.873045
0.873722
0.873556
0.873414
-0.27293
-0.263857
-0.220294
-0.148726
-0.0606031
0.036724
0.140675
0.250844
0.366833
0.488162
0.608294
0.708144
0.780346
0.830825
0.861433
0.875053
0.878658
0.878908
0.878693
0.878568
-0.293279
-0.284024
-0.239779
-0.167308
-0.0781445
0.0203506
0.125666
0.237479
0.355508
0.479531
0.603339
0.707676
0.784126
0.837651
0.86926
0.882003
0.884167
0.883529
0.883131
0.883073
-0.313028
-0.30358
-0.25868
-0.185375
-0.0952957
0.0042266
0.110708
0.223925
0.343704
0.47009
0.597267
0.706037
0.787141
0.844411
0.877821
0.890158
0.890579
0.88823
0.887171
0.88726
-0.332121
-0.322484
-0.276964
-0.202893
-0.112
-0.011603
0.0958785
0.210266
0.331522
0.459929
0.590093
0.703094
0.789164
0.850833
0.887023
0.900203
0.899574
0.895037
0.891943
0.891071
-0.350588
-0.340771
-0.294614
-0.219873
-0.128291
-0.0271554
0.0811553
0.196473
0.318938
0.449019
0.581752
0.698622
0.789918
0.856589
0.896372
0.912095
0.912746
0.906954
0.89906
0.884594
-0.368447
-0.358473
-0.311728
-0.236492
-0.144409
-0.0427232
0.066171
0.1821
0.305428
0.436756
0.57163
0.691975
0.788789
0.861322
0.904962
0.924257
0.927837
0.919792
0.909196
0.872584
-0.385931
-0.375329
-0.328253
-0.252608
-0.160245
-0.0581784
0.051101
0.167354
0.291201
0.42331
0.559733
0.682863
0.784765
0.864061
0.910509
0.930393
0.933629
0.925479
0.873715
0.817033
-0.404294
-0.390117
-0.343988
-0.268087
-0.175994
-0.073751
0.0356746
0.152233
0.276222
0.40863
0.545878
0.670916
0.77633
0.864342
0.910445
0.91831
0.920097
0.883208
0.816761
0.753344
-0.423551
-0.423741
-0.364532
-0.280691
-0.188517
-0.0866834
0.0204122
0.137392
0.261231
0.393525
0.530702
0.656422
0.76274
0.863902
0.878458
0.891154
0.860547
0.794522
0.71877
0.648126
-0.399724
-0.396297
-0.33766
-0.253693
-0.156586
-0.0516049
0.0605111
0.180235
0.307457
0.444097
0.57649
0.690919
0.787959
0.883255
0.887332
0.786815
0.700439
0.630828
0.557618
0.41801
-0.438219
-0.411306
-0.350343
-0.26561
-0.168785
-0.0638517
0.0477098
0.16688
0.293319
0.428723
0.559135
0.671174
0.758774
0.823017
0.788621
0.652021
0.531621
0.448451
0.364624
0.208017
-0.462249
-0.430946
-0.368517
-0.284435
-0.187457
-0.0826319
0.0291146
0.147561
0.272776
0.406109
0.533386
0.640249
0.71856
0.746119
0.663664
0.499092
0.360754
0.25785
0.144839
-0.077219
-0.48528
-0.452091
-0.388226
-0.303533
-0.206538
-0.101798
0.00960907
0.127167
0.250896
0.381659
0.504664
0.604131
0.670421
0.661766
0.524047
0.338683
0.171446
0.0322115
-0.122749
-0.482194
-0.507493
-0.473534
-0.408613
-0.323079
-0.226015
-0.121493
-0.0107316
0.105784
0.227788
0.355541
0.473354
0.564372
0.611905
0.573455
0.388142
0.182851
-0.0229054
-0.194247
-0.438873
-0.95052
-0.529561
-0.495559
-0.429977
-0.343876
-0.246663
-0.142383
-0.0322759
0.0830831
0.203115
0.327452
0.439427
0.522058
0.5489
0.459984
0.263235
0.0488615
-0.16235
-0.347451
-0.521204
-1.07188
-0.552617
-0.518519
-0.452589
-0.36616
-0.268843
-0.164778
-0.0553041
0.0588493
0.176735
0.297333
0.403085
0.475873
0.477326
0.345442
0.154411
-0.0525338
-0.242263
-0.367741
-0.401709
-0.446135
-0.577071
-0.542878
-0.476749
-0.390212
-0.292983
-0.189311
-0.0806573
0.0319904
0.14729
0.263434
0.36254
0.421881
0.400569
0.238908
0.0551728
-0.128605
-0.276722
-0.337301
-0.358281
-0.363396
-0.603226
-0.568821
-0.50255
-0.416022
-0.319057
-0.215978
-0.108423
0.00237944
0.114653
0.225661
0.317454
0.360973
0.322799
0.139661
-0.0352292
-0.196448
-0.306281
-0.330681
-0.333046
-0.333602
-0.631218
-0.596486
-0.530036
-0.443583
-0.347034
-0.244784
-0.138606
-0.0299907
0.0787898
0.184077
0.267426
0.297627
0.226961
0.048938
-0.1172
-0.257689
-0.307101
-0.319567
-0.320109
-0.319687
-0.660916
-0.625815
-0.559171
-0.472889
-0.376909
-0.275709
-0.171194
-0.065129
0.0397292
0.138774
0.21299
0.228845
0.128397
-0.0347017
-0.187092
-0.296015
-0.308806
-0.309779
-0.311049
-0.310706
-0.691865
-0.656628
-0.589781
-0.503777
-0.408552
-0.308652
-0.206114
-0.102978
-0.00240855
0.0899578
0.155218
0.153845
0.0423287
-0.10859
-0.240873
-0.286038
-0.303645
-0.305921
-0.305868
-0.305588
-0.723713
-0.688163
-0.621526
-0.535949
-0.441708
-0.343389
-0.243154
-0.143326
-0.0473781
0.0381909
0.0938172
0.080475
-0.0371919
-0.169558
-0.274542
-0.314954
-0.304775
-0.302161
-0.301917
-0.301651
-0.755542
-0.719977
-0.653871
-0.56891
-0.47594
-0.379526
-0.281951
-0.185806
-0.0948265
-0.0157024
0.0285739
0.0126812
-0.107631
-0.214819
-0.292113
-0.292826
-0.297681
-0.299178
-0.299262
-0.299187
-0.786323
-0.751297
-0.685603
-0.60194
-0.510604
-0.416492
-0.321951
-0.229816
-0.144158
-0.0710957
-0.0343696
-0.0560667
-0.166831
-0.253604
-0.282116
-0.30092
-0.299162
-0.297741
-0.297238
-0.297105
-0.814478
-0.780474
-0.715967
-0.633961
-0.544805
-0.453472
-0.362411
-0.274571
-0.1944
-0.12737
-0.0919792
-0.127744
-0.215936
-0.28255
-0.294007
-0.297061
-0.298238
-0.297465
-0.297287
-0.297051
-0.838315
-0.805785
-0.7432
-0.663741
-0.577397
-0.489429
-0.402357
-0.319109
-0.244322
-0.183488
-0.148918
-0.189015
-0.258361
-0.305808
-0.335407
-0.320712
-0.309346
-0.306562
-0.305452
-0.304677
-0.855505
-0.825174
-0.765339
-0.68954
-0.607001
-0.523146
-0.440626
-0.362324
-0.292761
-0.237903
-0.206443
-0.23827
-0.289761
-0.336749
-0.335236
-0.330114
-0.328935
-0.326522
-0.323904
-0.322854
-0.863753
-0.836191
-0.780523
-0.709472
-0.63198
-0.553283
-0.476009
-0.402998
-0.338584
-0.288998
-0.256968
-0.278512
-0.306867
-0.341614
-0.329884
-0.327264
-0.326094
-0.324236
-0.323471
-0.323782
-0.860223
-0.836775
-0.786902
-0.721805
-0.650744
-0.57835
-0.507143
-0.439914
-0.380632
-0.335548
-0.296804
-0.30735
-0.303248
-0.335626
-0.325528
-0.31678
-0.312658
-0.311562
-0.31148
-0.311236
-0.841392
-0.824013
-0.782681
-0.725235
-0.662037
-0.597099
-0.532795
-0.47176
-0.417782
-0.37623
-0.338679
-0.318992
-0.266798
-0.252219
-0.268866
-0.28741
-0.2973
-0.301922
-0.303326
-0.303423
-0.808912
-0.796936
-0.7664
-0.719207
-0.665254
-0.608908
-0.552063
-0.497377
-0.448705
-0.410988
-0.37322
-0.329478
-0.252449
-0.171166
-0.204529
-0.269465
-0.300538
-0.31241
-0.316408
-0.317673
-0.767433
-0.760035
-0.740959
-0.705211
-0.661338
-0.613978
-0.564694
-0.51607
-0.47217
-0.437913
-0.410308
-0.377888
-0.358379
-0.351521
-0.388134
-0.391188
-0.380069
-0.373822
-0.373972
-0.374637
-0.725385
-0.721256
-0.711105
-0.687505
-0.653083
-0.613717
-0.571196
-0.527822
-0.486801
-0.455142
-0.430048
-0.441622
-0.503278
-0.609079
-0.586151
-0.510592
-0.466561
-0.445902
-0.438099
-0.435325
-0.691662
-0.689475
-0.684195
-0.669212
-0.643483
-0.610198
-0.573135
-0.532859
-0.492673
-0.457619
-0.433563
-0.429182
-0.432864
-0.431659
-0.392936
-0.373268
-0.387827
-0.404159
-0.404136
-0.406432
-0.667191
-0.666173
-0.664167
-0.65591
-0.636091
-0.607275
-0.572391
-0.532977
-0.49022
-0.446065
-0.415093
-0.369426
-0.345098
-0.34718
-0.436522
-0.553253
-0.608269
-0.577291
-0.503773
-0.472376
-0.651339
-0.650868
-0.650072
-0.646054
-0.631982
-0.605699
-0.57079
-0.530122
-0.483265
-0.433532
-0.393878
-0.352076
-0.285492
-0.240752
-0.209767
-0.176542
-0.17423
-0.183305
-0.163168
-0.150495
-0.641672
-0.641486
-0.640964
-0.63966
-0.630338
-0.605361
-0.569469
-0.525404
-0.474806
-0.415695
-0.361558
-0.312559
-0.190844
-0.0274964
0.123285
0.220683
0.236641
0.24585
0.256227
0.262483
-0.634975
-0.634965
-0.634851
-0.634964
-0.629112
-0.606617
-0.568991
-0.521284
-0.46513
-0.395156
-0.321585
-0.235752
-0.0838449
0.105766
0.268947
0.381052
0.47751
0.570521
0.64384
0.678128
-0.629473
-0.629486
-0.629407
-0.629289
-0.626654
-0.608547
-0.570447
-0.518841
-0.455094
-0.378562
-0.284097
-0.186902
0.014207
0.268684
0.535958
0.774842
0.96419
1.1081
1.19939
1.2336
-0.625556
-0.625435
-0.624889
-0.623418
-0.622271
-0.612229
-0.574401
-0.5179
-0.449393
-0.364995
-0.262533
-0.161681
0.0358622
0.331193
0.671571
0.990103
1.25238
1.42056
1.50084
1.52349
-0.624485
-0.625348
-0.627651
-0.631533
-0.634812
-0.623773
-0.580603
-0.520977
-0.450735
-0.361737
-0.2595
-0.157187
-0.00474645
0.294468
0.618043
0.908102
1.14917
1.29709
1.36035
1.37573
-0.621904
-0.623802
-0.628892
-0.639917
-0.650596
-0.632795
-0.584732
-0.529526
-0.459442
-0.36882
-0.271224
-0.175379
-0.0611365
0.187469
0.461124
0.692863
0.875744
0.98136
1.02463
1.03404
-0.639105
-0.63991
-0.635467
-0.614404
-0.587535
-0.577868
-0.573859
-0.542806
-0.474522
-0.38356
-0.289769
-0.199813
-0.112961
0.0699308
0.280564
0.452647
0.584398
0.656093
0.683979
0.688275
-0.68379
-0.681922
-0.66572
-0.615041
-0.554488
-0.548094
-0.587308
-0.569118
-0.495833
-0.400704
-0.309772
-0.231412
-0.165718
-0.0309111
0.120623
0.241896
0.332219
0.378637
0.39633
0.397981
-0.758823
-0.759741
-0.776529
-0.800526
-0.800176
-0.771975
-0.738084
-0.637103
-0.525546
-0.417659
-0.328913
-0.259025
-0.207308
-0.110178
-0.00732297
0.0727853
0.127911
0.156362
0.166244
0.166662
-0.916505
-0.9395
-0.997521
-1.05742
-1.07449
-1.03267
-0.907838
-0.718823
-0.558477
-0.430867
-0.340699
-0.277965
-0.234953
-0.166458
-0.104199
-0.0582955
-0.0307653
-0.0187811
-0.0143369
-0.0144326
-1.02032
-1.0464
-1.09415
-1.13597
-1.15135
-1.10583
-0.959417
-0.742663
-0.561854
-0.42838
-0.342189
-0.286666
-0.249616
-0.204451
-0.170139
-0.15058
-0.143576
-0.142539
-0.141655
-0.141201
-0.938527
-0.959647
-0.996116
-1.03171
-1.04381
-0.999188
-0.850153
-0.667215
-0.513374
-0.399
-0.326781
-0.283241
-0.251535
-0.222457
-0.20372
-0.19802
-0.200803
-0.203425
-0.20255
-0.201761
-0.667227
-0.686596
-0.722592
-0.763337
-0.784189
-0.750801
-0.643714
-0.524223
-0.421329
-0.345414
-0.297105
-0.271434
-0.251596
-0.229103
-0.213239
-0.206864
-0.206069
-0.205267
-0.203602
-0.203224
-0.306953
-0.319705
-0.345763
-0.381169
-0.411537
-0.41652
-0.39345
-0.354402
-0.31422
-0.278849
-0.256587
-0.249467
-0.244801
-0.221785
-0.19966
-0.186125
-0.17879
-0.174312
-0.172662
-0.172868
-0.0131784
-0.0197781
-0.0375238
-0.0687814
-0.110219
-0.151108
-0.182344
-0.202336
-0.210431
-0.208489
-0.208576
-0.215646
-0.218833
-0.196172
-0.173802
-0.156587
-0.144497
-0.138092
-0.136697
-0.137636
0.14267
0.138791
0.126238
0.0993011
0.0556092
0.000339167
-0.053167
-0.0962901
-0.126173
-0.144583
-0.1557
-0.165675
-0.168375
-0.152451
-0.136783
-0.124683
-0.114976
-0.110162
-0.109576
-0.110645
0.189932
0.187423
0.17815
0.156671
0.119969
0.0716181
0.019539
-0.0283911
-0.0657059
-0.0904204
-0.10338
-0.108587
-0.107511
-0.102476
-0.0987046
-0.0951585
-0.091321
-0.0896086
-0.0898741
-0.090935
0.183169
0.181514
0.175053
0.159678
0.13275
0.0958713
0.0537716
0.0126547
-0.0222687
-0.0467698
-0.0567776
-0.0550244
-0.0504587
-0.0573927
-0.0652202
-0.0708747
-0.0737851
-0.0758348
-0.0771287
-0.0780352
0.156666
0.1557
0.151517
0.141248
0.122808
0.0967263
0.0651056
0.0327595
0.00444525
-0.014788
-0.0200415
-0.0141762
-0.0101446
-0.0237389
-0.0395716
-0.0519308
-0.060452
-0.0659205
-0.0682115
-0.0688209
0.125447
0.124993
0.122472
0.115957
0.10386
0.0861875
0.0639554
0.0405271
0.019395
0.00594317
0.00491994
0.0121871
0.0143638
-0.00166624
-0.0201852
-0.035417
-0.0469575
-0.0543777
-0.0570039
-0.0573233
0.0949058
0.0946916
0.0933172
0.0893886
0.0818026
0.0703524
0.0554813
0.0396212
0.0253115
0.0172303
0.0197362
0.027717
0.0286521
0.0125252
-0.00539104
-0.0198893
-0.0308421
-0.0375494
-0.0397781
-0.0399821
0.0667439
0.0666708
0.0659791
0.0637582
0.0592452
0.0521879
0.0428032
0.0327634
0.0240091
0.0204086
0.0258271
0.0355753
0.0361579
0.0202763
0.00516233
-0.00574408
-0.0134826
-0.0178441
-0.0193854
-0.0196766
0.0407398
0.0408013
0.0405193
0.0394441
0.0371188
0.0332686
0.0280571
0.022483
0.0177949
0.016984
0.0234648
0.0334366
0.0343792
0.0201039
0.00974327
0.0034723
-0.000377284
-0.00220178
-0.00313853
-0.00357109
0.0167243
0.0168636
0.0168823
0.0167095
0.0161552
0.0150227
0.0132277
0.0109685
0.0088023
0.00800024
0.00989531
0.0150023
0.0191154
0.0164994
0.00886431
0.00457319
0.00387035
0.0035667
0.00347768
0.00275427
-0.643958
-0.137014
0.172002
0.381263
0.540674
0.660903
0.7573
0.840752
0.941923
0.9348
0.0794073
0.233014
0.392223
0.526379
0.636241
0.724897
0.797655
0.852133
0.874192
0.880639
0.345544
0.445042
0.549586
0.640876
0.718268
0.782577
0.833519
0.869414
0.892706
0.909955
0.528852
0.597035
0.669357
0.734592
0.790773
0.837854
0.875725
0.905194
0.928481
0.947172
0.666786
0.716674
0.768382
0.816942
0.859572
0.896199
0.927036
0.952723
0.973825
0.992263
0.778456
0.815094
0.856756
0.894743
0.929374
0.960118
0.986862
1.00963
1.02793
1.04593
0.874885
0.905044
0.940255
0.973163
1.00374
1.03149
1.05589
1.0765
1.09223
1.10992
0.963814
0.992323
1.02556
1.05708
1.08649
1.11315
1.13637
1.15543
1.16897
1.18651
1.05388
1.08502
1.11986
1.15249
1.18222
1.20859
1.23099
1.24873
1.26068
1.27835
1.15723
1.19341
1.23092
1.26503
1.29487
1.32038
1.34145
1.35777
1.36902
1.3872
1.286
1.32592
1.36348
1.39629
1.42404
1.44746
1.46695
1.48228
1.49409
1.51252
1.44677
1.48354
1.51497
1.54143
1.56415
1.5846
1.60312
1.61918
1.63325
1.65124
1.63072
1.65599
1.67584
1.69446
1.71228
1.72903
1.74472
1.76074
1.77795
1.79704
1.81646
1.82816
1.84162
1.85649
1.87026
1.88231
1.8931
1.90454
1.91886
1.93744
1.99971
2.01423
2.01938
2.01994
2.02176
2.02909
2.04297
2.06093
2.07354
2.08705
2.27216
2.2178
2.1706
2.13911
2.126
2.13057
2.15384
2.19855
2.2659
2.3614
0.747808
0.743127
0.735735
0.723851
0.710878
0.69942
0.690315
0.683538
0.679071
0.677195
0.678467
0.682506
0.688727
0.697076
0.70767
0.720288
0.733363
0.743257
0.749231
0.752633
0.669803
0.676889
0.682873
0.687095
0.688387
0.686638
0.68305
0.679201
0.676208
0.674919
0.676046
0.679143
0.683311
0.687666
0.690876
0.691421
0.68873
0.683606
0.676764
0.670898
0.66061
0.663617
0.666878
0.669378
0.671402
0.672873
0.673243
0.672536
0.671494
0.671076
0.671985
0.673774
0.675478
0.676228
0.675626
0.674084
0.672055
0.669284
0.666012
0.663674
0.65488
0.656335
0.658575
0.660825
0.662488
0.663716
0.664729
0.665431
0.665783
0.666155
0.666899
0.66768
0.667995
0.667717
0.667045
0.665961
0.66423
0.662014
0.660238
0.659153
0.649578
0.6504
0.651872
0.653682
0.655439
0.656899
0.658046
0.659046
0.659964
0.660811
0.661532
0.661928
0.661938
0.661604
0.660848
0.659609
0.658087
0.656567
0.655555
0.654897
0.644514
0.645072
0.646154
0.647579
0.649117
0.650651
0.65206
0.653296
0.654441
0.655533
0.656364
0.656766
0.656755
0.65631
0.655468
0.654402
0.653258
0.652202
0.651523
0.65106
0.639595
0.640014
0.640881
0.642098
0.643443
0.644881
0.646369
0.647826
0.649204
0.650511
0.651522
0.652027
0.65203
0.651612
0.650933
0.650129
0.649274
0.648495
0.648
0.647647
0.634764
0.635093
0.635811
0.636882
0.638134
0.639502
0.640983
0.642556
0.644161
0.645731
0.646971
0.64763
0.647769
0.647545
0.647099
0.646517
0.645883
0.645321
0.644955
0.644672
0.629936
0.630204
0.630816
0.631789
0.632984
0.634324
0.635822
0.637486
0.639288
0.64115
0.642684
0.643599
0.643991
0.644018
0.643808
0.64345
0.64302
0.642633
0.642363
0.642129
0.625021
0.625243
0.625783
0.626697
0.627859
0.629207
0.630765
0.632553
0.63457
0.636754
0.638666
0.639938
0.640653
0.640962
0.641002
0.640879
0.640645
0.640412
0.640218
0.640018
0.619925
0.620115
0.620605
0.62149
0.622657
0.624055
0.625713
0.627676
0.629964
0.632539
0.634918
0.63663
0.637723
0.638357
0.638675
0.638789
0.638756
0.638662
0.63853
0.638354
0.614556
0.614722
0.615184
0.61607
0.617284
0.618775
0.620582
0.622781
0.625416
0.628479
0.631427
0.63366
0.635196
0.636203
0.636833
0.637195
0.637379
0.637415
0.637334
0.637174
0.608815
0.608962
0.609415
0.610333
0.611633
0.613264
0.615283
0.617792
0.620867
0.624537
0.628172
0.631029
0.633085
0.634519
0.635504
0.636166
0.636564
0.636722
0.636684
0.636535
0.60259
0.602723
0.603182
0.60416
0.60559
0.607418
0.60972
0.612627
0.616256
0.620671
0.625138
0.62874
0.631413
0.633346
0.634736
0.635729
0.636368
0.63665
0.636651
0.636507
0.595745
0.595867
0.596347
0.597417
0.599026
0.601114
0.603782
0.607195
0.611514
0.616841
0.622313
0.626803
0.630207
0.632731
0.63459
0.635965
0.636869
0.637281
0.637317
0.637174
0.58813
0.588233
0.588747
0.589943
0.591786
0.594207
0.597341
0.601393
0.606565
0.613004
0.619686
0.625236
0.629502
0.632722
0.635145
0.636957
0.638163
0.63871
0.638778
0.638632
0.579502
0.579622
0.580179
0.581542
0.583671
0.586518
0.590246
0.595095
0.601322
0.609116
0.617251
0.62406
0.629344
0.633381
0.636481
0.638808
0.640348
0.641037
0.641135
0.640982
0.569595
0.569719
0.570369
0.571936
0.574442
0.577841
0.582317
0.588162
0.595693
0.605136
0.615009
0.623305
0.629789
0.634789
0.638679
0.641604
0.643525
0.644363
0.644487
0.644323
0.558087
0.558213
0.558981
0.560821
0.563808
0.56791
0.573331
0.580431
0.589578
0.601026
0.612971
0.623011
0.630894
0.637024
0.64182
0.645449
0.647788
0.648776
0.64892
0.648742
0.544481
0.544625
0.545555
0.547756
0.551368
0.556379
0.56302
0.571716
0.582878
0.59676
0.611156
0.623226
0.632713
0.640144
0.646001
0.650422
0.653208
0.654339
0.654493
0.654298
0.528108
0.528291
0.529454
0.532148
0.536595
0.542818
0.551065
0.561817
0.575504
0.592335
0.609603
0.623998
0.63531
0.644214
0.651264
0.656571
0.659813
0.661066
0.661216
0.661001
0.508004
0.508266
0.509782
0.513178
0.518793
0.526688
0.537102
0.55055
0.567413
0.587791
0.60838
0.625394
0.638741
0.649282
0.65763
0.663891
0.667565
0.668897
0.669025
0.66879
0.482719
0.48313
0.485206
0.489677
0.497031
0.507339
0.520771
0.537794
0.558647
0.583244
0.607603
0.627494
0.643042
0.655361
0.665103
0.672313
0.676333
0.677676
0.677761
0.677507
0.449891
0.450606
0.453659
0.459977
0.470141
0.484102
0.501828
0.523591
0.549383
0.578899
0.60743
0.630395
0.648253
0.662409
0.673609
0.681663
0.68587
0.68713
0.68715
0.686885
0.405315
0.406754
0.411901
0.421874
0.436951
0.456576
0.480369
0.50826
0.539987
0.575058
0.608057
0.634195
0.6544
0.67039
0.682991
0.691661
0.695795
0.696863
0.696807
0.69654
0.341152
0.345633
0.356413
0.373676
0.397117
0.425222
0.457102
0.492486
0.531005
0.572084
0.609679
0.638966
0.661449
0.679154
0.692882
0.70181
0.705572
0.706329
0.706201
0.705952
0.264729
0.273137
0.292875
0.320872
0.354985
0.392592
0.433108
0.476425
0.522237
0.570002
0.612985
0.646127
0.671434
0.691174
0.706053
0.714932
0.718231
0.718783
0.718698
0.718565
0.188134
0.202033
0.231019
0.269572
0.31388
0.360891
0.410063
0.461376
0.514553
0.569072
0.617519
0.654507
0.682542
0.704286
0.720129
0.728371
0.730858
0.731175
0.731117
0.731057
0.124629
0.142214
0.176996
0.223496
0.276101
0.331368
0.388519
0.447408
0.507648
0.568643
0.622228
0.662753
0.693184
0.716402
0.732391
0.740179
0.742363
0.742683
0.742691
0.742665
0.0724228
0.0921439
0.131409
0.183769
0.242828
0.304899
0.368944
0.434639
0.501419
0.568531
0.626992
0.670831
0.703439
0.727939
0.744304
0.751911
0.753898
0.754217
0.754286
0.754288
0.028752
0.049718
0.0923474
0.149353
0.213752
0.281515
0.351482
0.423209
0.495961
0.5688
0.63192
0.678952
0.713715
0.739581
0.756486
0.763871
0.765914
0.766325
0.766429
0.766467
-0.00876399
0.0129877
0.0582872
0.119064
0.187967
0.260654
0.335834
0.412969
0.491194
0.569416
0.637014
0.687189
0.724103
0.751314
0.768807
0.77649
0.778666
0.779093
0.779212
0.77927
-0.0418081
-0.0195167
0.0279492
0.0919034
0.164645
0.241646
0.321497
0.403562
0.486882
0.570211
0.642137
0.695396
0.734449
0.763099
0.781369
0.789486
0.791805
0.79223
0.792331
0.792398
-0.0716261
-0.0489479
0.00035519
0.0670371
0.143117
0.223935
0.308003
0.394612
0.482714
0.57093
0.647071
0.703372
0.744581
0.774667
0.793729
0.802331
0.804776
0.80521
0.80528
0.805345
-0.0992219
-0.0761463
-0.0252671
0.0438262
0.122867
0.207095
0.294983
0.385782
0.478392
0.571326
0.651616
0.710928
0.754217
0.785698
0.805559
0.814631
0.817235
0.817653
0.817686
0.817743
-0.125128
-0.101651
-0.0493347
0.0217829
0.103507
0.190794
0.282148
0.376825
0.473705
0.571216
0.655615
0.717917
0.763261
0.796061
0.816635
0.826087
0.828831
0.829223
0.829214
0.829254
-0.149817
-0.125879
-0.072407
0.000626259
0.0847508
0.174788
0.269306
0.367571
0.468484
0.570451
0.658952
0.724265
0.771631
0.80567
0.826867
0.836518
0.839331
0.839707
0.839657
0.839674
-0.173587
-0.149176
-0.0947291
-0.0198437
0.0664085
0.158921
0.256313
0.357891
0.462603
0.568904
0.661551
0.729956
0.779341
0.814499
0.836116
0.845883
0.848696
0.849021
0.848927
0.848927
-0.196632
-0.171753
-0.116285
-0.0397827
0.0483599
0.143093
0.243085
0.347706
0.45599
0.566496
0.663342
0.734974
0.786447
0.822639
0.844528
0.854221
0.856947
0.857232
0.857127
0.8571
-0.219064
-0.193711
-0.137193
-0.0592872
0.0305449
0.127265
0.229592
0.336981
0.448587
0.563148
0.664254
0.739327
0.793066
0.83028
0.852231
0.861686
0.864231
0.864448
0.864305
0.864266
-0.240904
-0.21509
-0.157585
-0.0783986
0.0129462
0.111424
0.215834
0.325721
0.440376
0.558807
0.664218
0.743015
0.799313
0.837613
0.859444
0.868419
0.870655
0.870764
0.870597
0.870544
-0.262187
-0.235899
-0.177463
-0.0971109
-0.00442712
0.0955918
0.201844
0.313954
0.431382
0.553442
0.663165
0.745997
0.805264
0.84489
0.866459
0.874605
0.876315
0.876267
0.876052
0.87602
-0.282863
-0.25611
-0.19679
-0.115408
-0.0215493
0.0798228
0.187679
0.30174
0.421648
0.547045
0.661007
0.748181
0.810942
0.852349
0.873701
0.880639
0.881407
0.881064
0.880896
0.880857
-0.302962
-0.275689
-0.215578
-0.133254
-0.0383682
0.0641689
0.173413
0.289164
0.411231
0.53965
0.657671
0.74943
0.816265
0.860148
0.881727
0.887289
0.886444
0.885315
0.885101
0.885232
-0.322389
-0.294648
-0.233791
-0.150619
-0.0548411
0.0487012
0.159116
0.276292
0.400227
0.531314
0.653098
0.749561
0.821034
0.868203
0.890982
0.895742
0.892836
0.88989
0.888832
0.889023
-0.341225
-0.312975
-0.251384
-0.16746
-0.070902
0.0334994
0.144902
0.263251
0.388749
0.522113
0.647263
0.748367
0.824935
0.876089
0.901323
0.906973
0.903088
0.897111
0.891065
0.875517
-0.359403
-0.33067
-0.268496
-0.183981
-0.0868404
0.0182479
0.13037
0.249606
0.376316
0.511571
0.639687
0.745357
0.827757
0.883553
0.912262
0.920975
0.918272
0.909747
0.896868
0.912865
-0.37702
-0.347671
-0.285087
-0.200156
-0.102593
0.00299554
0.115521
0.235377
0.362906
0.499563
0.630123
0.739819
0.828712
0.889515
0.920816
0.932569
0.931712
0.919478
0.861431
0.849886
-0.39469
-0.364443
-0.300902
-0.215694
-0.117616
-0.0118373
0.100554
0.220827
0.348808
0.486281
0.618552
0.73118
0.826736
0.892963
0.922257
0.933285
0.92366
0.88388
0.817307
0.778313
-0.413711
-0.382546
-0.315481
-0.230241
-0.131319
-0.0259907
0.0858985
0.206177
0.33415
0.471759
0.604837
0.719131
0.819341
0.892166
0.933656
0.908728
0.875291
0.807632
0.735217
0.691925
0.0140963
0.130965
0.254687
0.386778
0.523433
0.64866
0.75397
0.577179
-0.430946
-0.415169
-0.376175
-0.304085
-0.212522
-0.112043
-0.00341695
0.112331
0.235294
0.366249
0.50192
0.626698
0.730722
0.814898
0.865365
0.809083
0.665303
0.57429
0.503004
-0.449916
-0.43718
-0.392659
-0.31937
-0.227373
-0.126597
-0.0184184
0.0968626
0.219005
0.348672
0.482288
0.603964
0.70224
0.771615
0.767484
0.654908
0.507002
0.399199
0.309137
-0.472134
-0.459812
-0.412493
-0.338164
-0.246213
-0.145149
-0.0369254
0.0780378
0.199252
0.327341
0.457919
0.574442
0.661717
0.712693
0.670578
0.504675
0.339057
0.206022
0.0887264
-0.494476
-0.48212
-0.433299
-0.357705
-0.265496
-0.164469
-0.0565631
0.0576611
0.17764
0.303653
0.43058
0.540934
0.620345
0.643022
0.551892
0.357527
0.16283
-0.0109569
-0.174902
-0.516269
-0.504277
-0.454708
-0.378096
-0.28553
-0.184549
-0.07711
0.0362077
0.154746
0.278294
0.400989
0.504345
0.573795
0.557435
0.422669
0.219602
0.00372928
-0.192465
-0.374539
-0.538621
-0.526881
-0.477006
-0.399772
-0.306928
-0.205933
-0.0988972
0.013554
0.130565
0.251454
0.369612
0.464909
0.519849
0.480795
0.303475
0.102731
-0.109715
-0.302695
-0.420049
-0.489494
-0.562294
-0.550703
-0.500562
-0.423009
-0.33009
-0.229196
-0.122643
-0.0111932
0.104034
0.221817
0.334835
0.421625
0.459916
0.394223
0.195835
0.00238212
-0.182959
-0.320816
-0.365277
-0.388907
-0.587469
-0.575974
-0.525642
-0.447921
-0.355088
-0.254512
-0.14864
-0.0384788
0.0745853
0.1887
0.295828
0.373747
0.390171
0.286214
0.0986949
-0.0807101
-0.237331
-0.319667
-0.340247
-0.345138
-0.6144
-0.602886
-0.552359
-0.47453
-0.381912
-0.281837
-0.176909
-0.0683407
0.0421668
0.152088
0.252499
0.321214
0.308623
0.182597
0.00871043
-0.159069
-0.281162
-0.325833
-0.325078
-0.326015
-0.643005
-0.63158
-0.580742
-0.502843
-0.410563
-0.311175
-0.207449
-0.100781
0.00676944
0.112004
0.205056
0.262983
0.232349
0.0851536
-0.0739438
-0.229362
-0.296815
-0.313771
-0.315173
-0.314848
-0.673143
-0.661728
-0.610687
-0.532782
-0.440955
-0.342476
-0.240209
-0.135782
-0.0315804
0.0685154
0.15383
0.199341
0.163542
0.000878354
-0.148436
-0.266541
-0.315537
-0.3083
-0.308084
-0.308115
-0.704324
-0.692827
-0.641938
-0.564102
-0.472901
-0.375563
-0.275049
-0.173212
-0.0727352
0.0219366
0.0990959
0.134693
0.0834889
-0.0732434
-0.208236
-0.289475
-0.306782
-0.304197
-0.303795
-0.303438
-0.736047
-0.724457
-0.673868
-0.596393
-0.50603
-0.410107
-0.311673
-0.212786
-0.116434
-0.0273091
0.0415902
0.0659728
-0.00186589
-0.135801
-0.253421
-0.278095
-0.294001
-0.299351
-0.300112
-0.300043
-0.767332
-0.755726
-0.705641
-0.628976
-0.539779
-0.445614
-0.349624
-0.254041
-0.16218
-0.0787971
-0.0168183
-0.0077137
-0.0766119
-0.189441
-0.270402
-0.317326
-0.302921
-0.299403
-0.298323
-0.298083
-0.796371
-0.785546
-0.736354
-0.660822
-0.573327
-0.481355
-0.38824
-0.29632
-0.209217
-0.131863
-0.0745601
-0.0751775
-0.143838
-0.234103
-0.293158
-0.303811
-0.299917
-0.29743
-0.296658
-0.296483
-0.822319
-0.811805
-0.764627
-0.690716
-0.605581
-0.516351
-0.426636
-0.33878
-0.256564
-0.185279
-0.132346
-0.134109
-0.203674
-0.26882
-0.303622
-0.302495
-0.30347
-0.300982
-0.299871
-0.299619
-0.842618
-0.832759
-0.788018
-0.717261
-0.635187
-0.549438
-0.463703
-0.380392
-0.303141
-0.237623
-0.190239
-0.18796
-0.2491
-0.303382
-0.324192
-0.332529
-0.322247
-0.317315
-0.314935
-0.313541
-0.855238
-0.846426
-0.804979
-0.738239
-0.660472
-0.579222
-0.498232
-0.419936
-0.34783
-0.287671
-0.245031
-0.237045
-0.282587
-0.32347
-0.336642
-0.329466
-0.330446
-0.330547
-0.328584
-0.327202
-0.85762
-0.850384
-0.813349
-0.751937
-0.679665
-0.604167
-0.528843
-0.456142
-0.389466
-0.334125
-0.293855
-0.278801
-0.303105
-0.325709
-0.343892
-0.329219
-0.320511
-0.316704
-0.316154
-0.316239
-0.847878
-0.842053
-0.810853
-0.756478
-0.691332
-0.622808
-0.554198
-0.487781
-0.42677
-0.375943
-0.337558
-0.30905
-0.304434
-0.297655
-0.331137
-0.311152
-0.305039
-0.305365
-0.305882
-0.305837
-0.822715
-0.818602
-0.794913
-0.750456
-0.694463
-0.634214
-0.57325
-0.513605
-0.458472
-0.41233
-0.376686
-0.331433
-0.288583
-0.232232
-0.206457
-0.252625
-0.284002
-0.298932
-0.304139
-0.30595
-0.785529
-0.782957
-0.767539
-0.734134
-0.689146
-0.638328
-0.58556
-0.532858
-0.483369
-0.44176
-0.411424
-0.369866
-0.31803
-0.256621
-0.250911
-0.295402
-0.320565
-0.332213
-0.337523
-0.340112
-0.743055
-0.74143
-0.733767
-0.711377
-0.677601
-0.636304
-0.59155
-0.545414
-0.500699
-0.462693
-0.434964
-0.414628
-0.416354
-0.487522
-0.54868
-0.538895
-0.47377
-0.426883
-0.411828
-0.408583
-0.705215
-0.704165
-0.700621
-0.688271
-0.663726
-0.63065
-0.592688
-0.551719
-0.510397
-0.472569
-0.447425
-0.432005
-0.469422
-0.5141
-0.528358
-0.452601
-0.411058
-0.411871
-0.417549
-0.417153
-0.678162
-0.677583
-0.675276
-0.669087
-0.651774
-0.624747
-0.591182
-0.553441
-0.512449
-0.471704
-0.439976
-0.397919
-0.392988
-0.371473
-0.390374
-0.468258
-0.545895
-0.584946
-0.526211
-0.477339
-0.658143
-0.657707
-0.656805
-0.654415
-0.643686
-0.621117
-0.589491
-0.552218
-0.509884
-0.46401
-0.419327
-0.38398
-0.335702
-0.306163
-0.336099
-0.410624
-0.438368
-0.455707
-0.412205
-0.358161
-0.646094
-0.645953
-0.645533
-0.644088
-0.638757
-0.619658
-0.588679
-0.549688
-0.504742
-0.452371
-0.399791
-0.3679
-0.296924
-0.186275
-0.0735855
0.049514
0.100384
0.0796688
0.0706985
0.0724683
-0.638052
-0.638047
-0.63784
-0.637694
-0.635318
-0.619997
-0.588848
-0.547315
-0.497637
-0.439046
-0.373378
-0.312164
-0.2181
-0.0451185
0.12166
0.233705
0.291253
0.350783
0.405818
0.443247
-0.632163
-0.63224
-0.632287
-0.632412
-0.6312
-0.620693
-0.590491
-0.546089
-0.490863
-0.426068
-0.344601
-0.260963
-0.124473
0.0768012
0.299048
0.492412
0.64683
0.772913
0.878631
0.940949
-0.627074
-0.627091
-0.626842
-0.626102
-0.625281
-0.620103
-0.59384
-0.5466
-0.486723
-0.413297
-0.322641
-0.222115
-0.0827959
0.172862
0.474782
0.781506
1.05202
1.25234
1.37468
1.42823
-0.624811
-0.624961
-0.62514
-0.625104
-0.62474
-0.623943
-0.600393
-0.549297
-0.485561
-0.407756
-0.313212
-0.205708
-0.0829695
0.162344
0.49431
0.824657
1.11717
1.33148
1.44617
1.48618
-0.622756
-0.623841
-0.626616
-0.633738
-0.643894
-0.64409
-0.609839
-0.554596
-0.491259
-0.411959
-0.315756
-0.211576
-0.12051
0.0956157
0.402383
0.682239
0.924221
1.0953
1.18143
1.20986
-0.625847
-0.627383
-0.629815
-0.630725
-0.630482
-0.62593
-0.598967
-0.560618
-0.504233
-0.423087
-0.328072
-0.231912
-0.146493
0.00743877
0.254024
0.475167
0.657094
0.778437
0.836401
0.854616
-0.658843
-0.659135
-0.656262
-0.629254
-0.568573
-0.527688
-0.557368
-0.570265
-0.52342
-0.439653
-0.345561
-0.256308
-0.180014
-0.0734399
0.11215
0.273537
0.403853
0.486885
0.524673
0.535083
-0.714363
-0.711535
-0.707922
-0.691888
-0.659241
-0.635415
-0.642973
-0.630539
-0.556115
-0.459276
-0.362974
-0.281543
-0.216526
-0.139993
-0.00723292
0.105016
0.192758
0.246356
0.269956
0.276452
-0.834751
-0.833512
-0.863902
-0.919172
-0.958378
-0.945136
-0.888046
-0.75641
-0.608857
-0.48152
-0.377886
-0.300481
-0.243266
-0.186157
-0.097756
-0.0253176
0.0258966
0.0556266
0.0676686
0.0708122
-0.987891
-0.99503
-1.03997
-1.09999
-1.13628
-1.12326
-1.04357
-0.844689
-0.6481
-0.493673
-0.383588
-0.31147
-0.260792
-0.216573
-0.162957
-0.123788
-0.100409
-0.0899992
-0.0866931
-0.0854497
-1.00392
-1.0143
-1.04716
-1.088
-1.11484
-1.10225
-1.01533
-0.816203
-0.624618
-0.474932
-0.372422
-0.309885
-0.267024
-0.232043
-0.201353
-0.183323
-0.178124
-0.180633
-0.180948
-0.17967
-0.819347
-0.830636
-0.860815
-0.901177
-0.932418
-0.925315
-0.833326
-0.675831
-0.532028
-0.418341
-0.340319
-0.293997
-0.264776
-0.238559
-0.21765
-0.207653
-0.207813
-0.210538
-0.210307
-0.208965
-0.484027
-0.493837
-0.518274
-0.555298
-0.589961
-0.598438
-0.55581
-0.480357
-0.401579
-0.338701
-0.293345
-0.268107
-0.25666
-0.238362
-0.217978
-0.203609
-0.196272
-0.193197
-0.19061
-0.189672
-0.141952
-0.147755
-0.16299
-0.190935
-0.227826
-0.259702
-0.274883
-0.277422
-0.268164
-0.252123
-0.236966
-0.23289
-0.236936
-0.223976
-0.198738
-0.178927
-0.165894
-0.158042
-0.154427
-0.154064
0.0831187
0.0800267
0.0709744
0.0495585
0.0126019
-0.0369535
-0.0870418
-0.127534
-0.156169
-0.171327
-0.178812
-0.187306
-0.197278
-0.186413
-0.165927
-0.147798
-0.134152
-0.125268
-0.122096
-0.122471
0.177004
0.175158
0.169085
0.152087
0.11937
0.0712255
0.0156143
-0.0365748
-0.0779426
-0.106469
-0.123416
-0.133636
-0.138914
-0.13187
-0.121943
-0.113303
-0.10556
-0.100285
-0.0987109
-0.0994597
0.191144
0.189992
0.185708
0.173163
0.148126
0.110099
0.0642961
0.0172038
-0.0247671
-0.0563968
-0.0746248
-0.0815007
-0.0789383
-0.0787412
-0.0800607
-0.0819308
-0.0820534
-0.0817024
-0.0822141
-0.0832268
0.171343
0.170747
0.167931
0.159404
0.14197
0.114796
0.0801965
0.042621
0.00780138
-0.0197466
-0.0348321
-0.0354916
-0.029456
-0.0330124
-0.0453869
-0.0566004
-0.064147
-0.0689871
-0.0718252
-0.0729863
0.14126
0.141043
0.139339
0.133874
0.122357
0.103888
0.079476
0.051673
0.0247099
0.00350494
-0.006263
-0.00323521
0.00423672
-0.00297443
-0.020719
-0.0369896
-0.0492733
-0.0577814
-0.0623841
-0.063487
0.109851
0.109886
0.108985
0.105699
0.0984473
0.0864015
0.0699085
0.050639
0.031592
0.01682
0.0116832
0.0172381
0.0241614
0.0157918
-0.00342659
-0.0205087
-0.0340106
-0.0435221
-0.0483804
-0.0492702
0.0804512
0.0805598
0.0801098
0.0782499
0.0738776
0.0663527
0.055753
0.0431057
0.0305703
0.0215077
0.0205946
0.0282558
0.0353054
0.0261645
0.00815879
-0.00671337
-0.0178288
-0.0253257
-0.0289617
-0.0296804
0.053335
0.053498
0.0533148
0.0523991
0.0500321
0.0456862
0.0394022
0.0317988
0.0243276
0.0195965
0.0215161
0.0299901
0.0387317
0.0301701
0.0147451
0.00370406
-0.00352236
-0.0079608
-0.00997079
-0.0105726
0.0283827
0.028545
0.0285552
0.0282081
0.0271845
0.02517
0.0221155
0.0183118
0.0146139
0.0127078
0.0149708
0.0231011
0.0304887
0.0222782
0.0122581
0.00651938
0.00347826
0.00248986
0.00187753
0.00124784
0.0168156
0.0168802
0.0168298
0.0165029
0.0156656
0.0142186
0.0121176
0.00980983
0.00816922
0.00857153
0.0120119
0.0174606
0.0197151
0.0120336
0.00626799
0.00389954
0.00362346
0.00358028
0.00327147
0.000683326
-0.34965
-0.0228717
0.194192
0.379398
0.527902
0.645045
0.737825
0.816777
0.872585
0.867486
0.130062
0.281654
0.415773
0.534503
0.635059
0.71855
0.786955
0.83953
0.871703
0.885077
0.38666
0.481341
0.570628
0.65288
0.723961
0.784152
0.833343
0.870876
0.898334
0.91713
0.561114
0.624402
0.690222
0.749713
0.802007
0.846846
0.884333
0.914779
0.93979
0.957408
0.69462
0.740236
0.790914
0.835366
0.875745
0.911394
0.942268
0.968536
0.990666
1.00586
0.803788
0.840957
0.879999
0.916519
0.95012
0.980729
1.00795
1.03147
1.05107
1.06367
0.899634
0.932037
0.965447
0.998446
1.0293
1.05774
1.08319
1.10502
1.12255
1.13298
0.989654
1.02112
1.05418
1.08733
1.11809
1.14616
1.17091
1.19165
1.20744
1.2164
1.08382
1.1189
1.15475
1.19007
1.22185
1.24991
1.27392
1.29347
1.30783
1.31658
1.19619
1.23686
1.27558
1.31209
1.34371
1.37058
1.393
1.41101
1.42442
1.43449
1.33963
1.38264
1.42004
1.45315
1.48091
1.50455
1.52507
1.54236
1.55626
1.56844
1.51734
1.55433
1.58235
1.6063
1.6273
1.6466
1.66477
1.68182
1.69796
1.71329
1.71463
1.73401
1.7497
1.76583
1.7824
1.79781
1.8114
1.82451
1.84001
1.85788
1.9036
1.91133
1.92319
1.93485
1.94471
1.95387
1.9641
1.97542
1.98674
1.99403
2.12241
2.12067
2.11257
2.09558
2.08418
2.08356
2.09572
2.12055
2.15423
2.18182
2.53094
2.34412
2.24256
2.18513
2.15608
2.14942
2.1647
2.20532
2.28109
2.42738
-0.401322
-0.402677
-0.362263
-0.289085
-0.196791
-0.0954008
0.851043
0.91012
0.894409
0.811721
0.733501
0.658021
0.433676
0.218258
-0.0413529
-0.385593
-0.73612
)
;

boundaryField
{
    wall-4
    {
        type            zeroGradient;
    }
    pressure-outlet-7
    {
        type            fixedValue;
        value           uniform 0;
    }
    velocity-inlet-6
    {
        type            zeroGradient;
    }
    velocity-inlet-5
    {
        type            zeroGradient;
    }
    frontAndBackPlanes
    {
        type            empty;
    }
}


// ************************************************************************* //
