/*--------------------------------*- C++ -*----------------------------------*\
| =========                 |                                                 |
| \\      /  F ield         | OpenFOAM: The Open Source CFD Toolbox           |
|  \\    /   O peration     | Version:  2412                                  |
|   \\  /    A nd           | Website:  www.openfoam.com                      |
|    \\/     M anipulation  |                                                 |
\*---------------------------------------------------------------------------*/
FoamFile
{
    version     2.0;
    format      ascii;
    arch        "LSB;label=32;scalar=64";
    class       volScalarField;
    location    "5";
    object      T;
}
// * * * * * * * * * * * * * * * * * * * * * * * * * * * * * * * * * * * * * //

dimensions      [0 0 0 1 0 0 0];

internalField   nonuniform List<scalar> 
1000
(
2.98389e-14
5.52526e-15
-4.77695e-14
3.58731e-16
-4.46903e-14
2.53546e-14
3.37166e-14
3.87661e-14
3.62051e-14
-3.20388e-14
-5.08863e-14
-7.34219e-14
-3.5985e-14
3.91303e-14
8.99292e-14
1.16992e-13
5.18362e-14
-5.20034e-14
-1.53962e-13
-1.87142e-13
-9.82566e-14
7.05667e-14
2.49293e-13
3.17201e-13
2.00381e-13
-7.50024e-14
-3.9172e-13
-5.55499e-13
-4.24274e-13
1.19713e-14
5.8282e-13
9.76918e-13
9.05914e-13
2.5813e-13
-7.62405e-13
-1.67392e-12
-1.90064e-12
-1.08014e-12
6.69164e-13
2.65199e-12
3.81504e-12
3.1971e-12
5.16018e-13
-3.47549e-12
-7.02017e-12
-7.98952e-12
-4.86819e-12
2.19344e-12
1.08936e-11
1.71733e-11
1.67158e-11
7.03714e-12
-1.05149e-11
-3.00251e-11
-4.21729e-11
-3.75829e-11
-1.1379e-11
3.25798e-11
8.00635e-11
1.08968e-10
9.65734e-11
2.9908e-11
-8.39808e-11
-2.1263e-10
-3.01709e-10
-2.89818e-10
-1.32622e-10
1.69709e-10
5.51925e-10
8.81091e-10
9.80918e-10
6.84891e-10
-8.96241e-11
-1.26564e-09
-2.55686e-09
-3.47459e-09
-3.41492e-09
-1.83259e-09
1.51847e-09
6.3287e-09
1.15397e-08
1.53091e-08
1.5225e-08
8.82762e-09
-5.56329e-09
-2.78031e-08
-5.48488e-08
-7.99438e-08
-9.24232e-08
-7.85321e-08
-2.3619e-08
8.40392e-08
2.47703e-07
4.55092e-07
6.70195e-07
8.24715e-07
8.10095e-07
4.71295e-07
-3.96489e-07
-2.04705e-06
-4.77744e-06
-8.91674e-06
-1.48093e-05
-2.27932e-05
-3.31741e-05
-4.61979e-05
-6.20218e-05
-8.06884e-05
-0.000102103
-0.000126019
-0.00015203
-0.00017957
-0.000207928
-0.00023627
-0.00026367
-0.000289148
-0.000311713
-0.000330412
-0.000344375
-0.000352858
-0.000355281
-0.000351255
-0.000340608
-0.000323389
-0.000299869
-0.000270528
-0.000236032
-0.000197209
-0.000155006
-0.000110453
-6.46221e-05
-1.85838e-05
2.66299e-05
7.00607e-05
0.000110853
0.000148276
0.00018174
0.000210807
0.000235187
0.000254742
0.000269469
0.000279492
0.000285043
0.000286441
0.000284077
0.00027839
0.000269849
0.000258935
0.000246125
0.000231881
0.000216636
0.000200787
0.000184691
0.000168661
0.000152965
0.00013783
0.000123443
0.000109961
9.75099e-05
8.61981e-05
7.61203e-05
6.73651e-05
6.00205e-05
5.41784e-05
4.99368e-05
4.74005e-05
4.66786e-05
4.78797e-05
5.11049e-05
5.64384e-05
6.39368e-05
7.3617e-05
8.54447e-05
9.93229e-05
0.000115083
0.000132479
0.000151182
0.000170787
0.00019081
0.000210708
0.000229887
0.000247723
0.000263586
0.00027686
0.000286969
0.000293403
0.000295738
0.000293657
0.000286962
0.000275589
0.00025961
0.000239232
0.00021479
0.000186738
0.000155629
0.000122098
8.68366e-05
5.05707e-05
1.40349e-05
-2.20515e-05
-5.7006e-05
-9.02036e-05
-0.000121092
-0.000149206
-0.000174173
-0.000195721
-0.000213678
-0.000227969
-0.000238609
-0.000245698
-0.000249407
-0.000249967
-0.000247658
-0.000242795
-0.000235715
-0.000226767
-0.0002163
-0.000204655
-0.000192154
-0.000179099
-0.000165762
-0.000152386
-0.000139181
-0.000126323
-0.000113957
-0.000102196
-9.11239e-05
-8.0798e-05
-7.12527e-05
-6.25014e-05
-5.45404e-05
-4.73518e-05
-4.09064e-05
-3.5166e-05
-3.00867e-05
-2.56202e-05
-2.17163e-05
-1.83238e-05
-1.53925e-05
-1.28734e-05
-1.07201e-05
-8.88905e-06
-7.3399e-06
-6.03571e-06
-4.94307e-06
-4.03198e-06
-3.27579e-06
-2.65103e-06
-2.13714e-06
-1.7163e-06
-1.37314e-06
-1.09451e-06
-8.69212e-07
-6.87781e-07
-5.42266e-07
-4.26019e-07
-3.33516e-07
-2.60191e-07
-2.02289e-07
-1.56737e-07
-1.21033e-07
-9.31512e-08
-7.14555e-08
-5.46337e-08
-4.16368e-08
-3.163e-08
-2.39518e-08
-1.80805e-08
-1.36058e-08
-1.02069e-08
-7.63367e-09
-5.69182e-09
-4.23117e-09
-3.13597e-09
-2.31738e-09
-1.70744e-09
-1.25439e-09
-9.18884e-10
-6.71195e-10
-4.88874e-10
-3.55082e-10
-2.57179e-10
-1.8576e-10
-1.33799e-10
-9.61154e-11
-6.88527e-11
-4.91957e-11
-3.50517e-11
-2.4913e-11
-1.76557e-11
-1.24842e-11
-8.80045e-12
-6.19165e-12
-4.34134e-12
-3.03969e-12
-2.11975e-12
-1.47743e-12
-1.02453e-12
-7.1106e-13
-4.90222e-13
-3.38917e-13
-2.32272e-13
-1.59988e-13
-1.0906e-13
-7.47778e-14
-5.08577e-14
-3.45657e-14
-2.36941e-14
-1.57458e-14
-1.11894e-14
-7.00122e-15
-5.52621e-15
-2.96348e-15
-3.01185e-15
-1.11368e-15
-1.9209e-15
-2.83251e-16
-1.4572e-15
6.3836e-17
-1.25913e-15
1.71389e-16
-1.16579e-15
1.50797e-16
-1.10727e-15
5.51995e-17
-1.05362e-15
-8.67441e-17
-9.91443e-16
-2.56067e-16
-9.1369e-16
-4.3763e-16
-8.156e-16
-6.18394e-16
-6.93668e-16
-7.87497e-16
-5.45851e-16
-9.36935e-16
-3.72143e-16
-1.06221e-15
-1.75019e-16
-1.16257e-15
4.05046e-17
-1.24067e-15
2.67243e-16
-1.30173e-15
4.96603e-16
-1.35219e-15
7.1957e-16
-1.39828e-15
9.2776e-16
-1.4446e-15
1.11436e-15
-1.4932e-15
1.27482e-15
-1.54315e-15
1.40722e-15
-1.59084e-15
1.51225e-15
-1.63081e-15
1.59281e-15
-1.65699e-15
1.65335e-15
-1.664e-15
1.69891e-15
-1.64822e-15
1.73416e-15
-1.60844e-15
1.76251e-15
-1.54597e-15
1.78549e-15
-1.46422e-15
1.80253e-15
-1.3679e-15
1.81115e-15
-1.26206e-15
1.80767e-15
-1.15118e-15
1.78807e-15
-1.03847e-15
1.74898e-15
-9.25531e-16
1.68847e-15
-8.12309e-16
1.60648e-15
-6.97381e-16
1.50473e-15
-5.78445e-16
1.38622e-15
-4.5293e-16
1.25445e-15
-3.1864e-16
1.1125e-15
-1.74329e-16
9.62333e-16
-2.01511e-17
8.04395e-16
1.42115e-16
6.37703e-16
3.09088e-16
4.60329e-16
4.76082e-16
2.70191e-16
6.37646e-16
6.59567e-17
7.88246e-16
-1.52146e-16
9.22978e-16
-3.81774e-16
1.03816e-15
-6.18303e-16
1.13173e-15
-8.55101e-16
1.20331e-15
-1.08421e-15
1.25411e-15
-1.29732e-15
1.28654e-15
-1.48694e-15
1.30373e-15
-1.6474e-15
1.30908e-15
-1.77569e-15
1.30578e-15
-1.87173e-15
1.29649e-15
-1.93817e-15
1.28311e-15
-1.97967e-15
1.26672e-15
-2.0018e-15
1.24762e-15
-2.00982e-15
1.22553e-15
-2.00755e-15
1.19986e-15
-1.99663e-15
1.17e-15
-1.97616e-15
1.13547e-15
-1.94293e-15
1.09609e-15
-1.89203e-15
1.05183e-15
-1.81785e-15
1.00271e-15
-1.71521e-15
9.48562e-16
-1.58044e-15
8.88979e-16
-1.41231e-15
8.23258e-16
-1.21259e-15
7.50575e-16
-9.86068e-16
6.70248e-16
-7.40231e-16
5.82049e-16
-4.84403e-16
4.86492e-16
-2.28669e-16
3.85008e-16
1.73257e-17
2.7994e-16
2.45464e-16
1.74335e-16
4.49982e-16
7.15636e-17
6.27877e-16
-2.51812e-17
7.78847e-16
-1.13361e-16
9.0475e-16
-1.91437e-16
1.00868e-15
-2.58973e-16
1.09383e-15
-3.16463e-16
1.16237e-15
-3.64941e-16
1.21461e-15
-4.05498e-16
1.24868e-15
-4.38851e-16
1.26076e-15
-4.651e-16
1.24596e-15
-4.83733e-16
1.19954e-15
-4.93828e-16
1.11823e-15
-4.94379e-16
1.00131e-15
-4.84601e-16
8.51165e-16
-4.64116e-16
6.73189e-16
-4.32989e-16
4.75121e-16
-3.91629e-16
2.65908e-16
-3.40634e-16
5.44522e-17
-2.80661e-16
-1.51542e-16
-2.12352e-16
-3.46377e-16
-1.36312e-16
-5.26753e-16
-5.31175e-17
-6.91718e-16
3.67033e-17
-8.42251e-16
1.32699e-16
-9.80564e-16
2.34512e-16
-1.10927e-15
3.41861e-16
-1.23058e-15
4.54483e-16
-1.34567e-15
5.72086e-16
-1.45439e-15
6.94356e-16
-1.55545e-15
8.21029e-16
-1.64684e-15
9.51973e-16
-1.72652e-15
1.08717e-15
-1.79296e-15
1.22656e-15
-1.84546e-15
1.36964e-15
-1.8841e-15
1.51509e-15
-1.9095e-15
1.66035e-15
-1.92227e-15
1.80148e-15
-1.92262e-15
1.93319e-15
-1.90994e-15
2.04921e-15
-1.88264e-15
2.14286e-15
-1.83831e-15
2.20772e-15
-1.77405e-15
2.23843e-15
-1.68706e-15
2.2313e-15
-1.5754e-15
2.18492e-15
-1.43868e-15
2.10035e-15
-1.27858e-15
1.98105e-15
-1.09913e-15
1.83259e-15
-9.06626e-16
1.66207e-15
-7.092e-16
1.47737e-15
-5.16046e-16
1.28627e-15
-3.36242e-16
1.09535e-15
-1.7732e-16
9.08997e-16
-4.3818e-17
7.28473e-16
6.38037e-17
5.51634e-16
1.4946e-16
3.73427e-16
2.20723e-16
1.87224e-16
2.87179e-16
-1.3299e-17
3.58303e-16
-2.3228e-16
4.41448e-16
-4.70332e-16
5.40467e-16
-7.24061e-16
6.55193e-16
-9.86428e-16
7.81717e-16
-1.24774e-15
9.13236e-16
-1.49693e-15
1.04124e-15
-1.72301e-15
1.1569e-15
-1.91638e-15
1.25248e-15
-2.07008e-15
1.32257e-15
-2.18053e-15
1.36484e-15
-2.24768e-15
1.38012e-15
-2.27451e-15
1.37173e-15
-2.26582e-15
1.34432e-15
-2.22693e-15
1.30262e-15
-2.16249e-15
1.25051e-15
-2.07594e-15
1.19071e-15
-1.96964e-15
1.1251e-15
-1.84558e-15
1.05549e-15
-1.70632e-15
9.84347e-16
-1.55562e-15
9.15086e-16
-1.39844e-15
8.51646e-16
-1.24008e-15
7.97411e-16
-1.08492e-15
7.53906e-16
-9.35106e-16
7.19937e-16
-7.90073e-16
6.91736e-16
-6.47221e-16
6.64281e-16
-5.03636e-16
6.33361e-16
-3.58208e-16
5.97567e-16
-2.13237e-16
5.5935e-16
-7.48315e-17
5.24703e-16
4.80654e-17
5.01652e-16
1.45576e-16
4.9816e-16
2.09019e-16
5.20192e-16
2.3259e-16
5.7047e-16
2.14206e-16
6.48177e-16
1.55411e-16
7.49519e-16
6.05164e-17
8.68905e-16
-6.4678e-17
1.00029e-15
-2.14117e-16
1.13822e-15
-3.82299e-16
1.27837e-15
-5.64508e-16
1.41746e-15
-7.5667e-16
1.55303e-15
-9.55188e-16
1.6833e-15
-1.157e-15
1.80731e-15
-1.35983e-15
1.92502e-15
-1.56215e-15
2.03707e-15
-1.76267e-15
2.14377e-15
-1.95907e-15
2.24379e-15
-2.14678e-15
2.33301e-15
-2.31828e-15
2.40456e-15
-2.46396e-15
2.45025e-15
-2.57419e-15
2.46303e-15
-2.64196e-15
2.43935e-15
-2.66481e-15
2.3803e-15
-2.64511e-15
2.29102e-15
-2.5888e-15
2.17893e-15
-2.50347e-15
2.05182e-15
-2.39653e-15
1.91651e-15
-2.2744e-15
1.77845e-15
-2.14239e-15
1.64198e-15
-2.00505e-15
1.51089e-15
-1.86672e-15
1.38886e-15
-1.73176e-15
1.27957e-15
-1.60435e-15
1.18609e-15
-1.48748e-15
1.10958e-15
-1.38156e-15
1.04792e-15
-1.2834e-15
9.95206e-16
-1.18644e-15
9.42845e-16
-1.08283e-15
8.82297e-16
-9.66497e-16
8.08092e-16
-8.35527e-16
7.1918e-16
-6.91941e-16
6.16899e-16
-5.37625e-16
4.99203e-16
-3.67005e-16
3.52451e-16
-1.58296e-16
1.42714e-16
1.35056e-16
-1.92663e-16
5.93378e-16
-7.55686e-16
1.34465e-15
-1.70706e-15
2.59199e-15
-3.30526e-15
4.66811e-15
-5.98109e-15
8.13537e-15
-1.04704e-14
1.39594e-14
-1.80394e-14
2.38001e-14
-3.08592e-14
4.04918e-14
-5.26221e-14
6.8835e-14
-8.95569e-14
1.16898e-13
-1.521e-13
1.98162e-13
-2.57638e-13
3.35023e-13
-4.3499e-13
5.64512e-13
-7.31674e-13
9.47533e-13
-1.22564e-12
1.58373e-12
-2.0441e-12
2.63526e-12
-3.39349e-12
4.36462e-12
-5.60712e-12
7.19444e-12
-9.22017e-12
1.18015e-11
-1.50874e-11
1.92639e-11
-2.45664e-11
3.12891e-11
-3.9802e-11
5.05671e-11
-6.41634e-11
8.1312e-11
-1.02914e-10
1.30089e-10
-1.6423e-10
2.07066e-10
-2.60741e-10
3.27907e-10
-4.11844e-10
5.16598e-10
-6.47158e-10
8.09661e-10
-1.01165e-09
1.26237e-09
-1.57318e-09
1.95793e-09
-2.43356e-09
3.02074e-09
-3.74464e-09
4.63584e-09
-5.7315e-09
7.07664e-09
-8.72577e-09
1.07448e-08
-1.32131e-08
1.62265e-08
-1.99001e-08
2.43723e-08
-2.98089e-08
3.64083e-08
-4.44079e-08
5.40907e-08
-6.57939e-08
7.99187e-08
-9.69413e-08
1.17426e-07
-1.42042e-07
1.71577e-07
-2.06963e-07
2.49296e-07
-2.99864e-07
3.6018e-07
-4.32014e-07
5.17439e-07
-6.1887e-07
7.39126e-07
-8.81483e-07
1.04975e-06
-1.24832e-06
1.48232e-06
-1.75762e-06
2.08101e-06
-2.46031e-06
2.90449e-06
-3.42382e-06
4.03007e-06
-4.73666e-06
5.55888e-06
-6.51414e-06
7.62218e-06
-8.90536e-06
1.0389e-05
-1.21015e-05
1.40751e-05
-1.63458e-05
1.89541e-05
-2.19451e-05
2.53694e-05
-2.9283e-05
3.37486e-05
-3.88353e-05
4.46196e-05
-5.11862e-05
5.86279e-05
-6.70469e-05
7.65552e-05
-8.7275e-05
9.93394e-05
-0.000112893
0.000128094
-0.000145111
0.000164127
-0.000185338
0.000208957
-0.000235207
0.00026433
-0.000296578
0.000332224
-0.000371545
0.000414853
-0.000462438
0.000514659
-0.000571804
0.000634297
-0.000702382
0.000776599
-0.000857065
0.000944538
-0.00103884
0.00114116
-0.00125069
0.00136954
-0.00149554
0.00163265
-0.00177603
0.00193335
-0.00209445
0.00227428
-0.00245243
0.00265781
-0.00285066
0.00308614
-0.00328855
0.00356137
-0.00376365
0.00408587
-0.00427095
0.0046628
-0.00480189
0.00529707
-0.00534304
0.00599672
-0.00587427
0.00677487
-0.0063664
0.00765245
-0.00677816
0.00866166
-0.00705243
0.00985037
-0.0071118
0.0112872
-0.00685352
0.0130671
-0.00614416
0.0153174
-0.00481441
0.0182035
-0.00265467
0.021933
0.00058785
0.0267582
0.00520953
0.0329763
0.0115473
0.0409243
0.0199715
0.0509707
0.0308738
0.0635012
0.0446506
0.0789003
0.0616813
0.0975284
0.0823038
0.119695
0.106788
0.145634
0.135308
0.175475
0.167922
0.209224
0.204548
0.246747
0.24496
0.287762
0.288781
0.331845
0.335491
0.378436
0.384451
0.426869
0.434923
0.476395
0.486109
0.526223
0.537188
0.575555
0.587353
0.623626
0.635851
0.669738
0.682015
0.713291
0.725288
0.7538
0.765241
0.790912
0.801582
0.824407
0.834153
0.854193
0.862922
0.880297
0.887971
0.902846
0.909472
0.922049
0.927672
0.938172
0.942864
0.951523
0.955375
0.962426
0.965539
0.97121
0.973688
0.97819
0.980135
0.983662
0.985169
0.987893
0.989049
0.991118
0.992
0.993538
0.994209
0.99532
0.995835
0.996598
0.996999
0.997473
0.997793
0.998018
0.99828
)
;

boundaryField
{
    sides
    {
        type            inletOutlet;
        inletValue      uniform 0;
        value           nonuniform List<scalar> 2(0.99828 0);
    }
    empty
    {
        type            empty;
    }
}


// ************************************************************************* //
