0.490941 	0.848649
0.561075 	0.848649
0.63121 	0.848649
0.701344 	0.848649
0.771478 	0.848649
0.841613 	0.848649
0.911747 	0.848649
0.981881 	0.848649
1.05202 	0.848649
1.12215 	0.848649
1.19228 	0.848649
1.26242 	0.822517
1.33255 	0.822517
1.40269 	0.822517
1.47282 	0.822517
1.54296 	0.822517
1.61309 	0.822517
1.68323 	0.822517
1.75336 	0.822517
1.82349 	0.772694
1.89363 	0.772694
1.96376 	0.772694
2.0339 	0.772694
2.10403 	0.772694
2.17417 	0.772694
2.2443 	0.772694
2.31443 	0.772694
2.38457 	0.772694
2.4547 	0.772694
2.52484 	0.772694
2.59497 	0.738102
2.66511 	0.738102
2.73524 	0.738102
2.80538 	0.738102
2.87551 	0.738102
2.94564 	0.738102
3.01578 	0.738102
3.08591 	0.738102
3.15605 	0.738102
3.22618 	0.738102
3.29632 	0.705796
3.36645 	0.705796
3.43659 	0.705796
3.50672 	0.705796
3.57685 	0.705796
3.64699 	0.705796
3.71712 	0.705796
3.78726 	0.705796
3.85739 	0.705796
3.92753 	0.705796
3.99766 	0.705796
4.06779 	0.687558
4.13793 	0.687558
4.20806 	0.687558
4.2782 	0.687558
4.34833 	0.687558
4.41847 	0.687558
4.4886 	0.662528
4.55874 	0.662528
4.62887 	0.662528
4.699 	0.662528
4.76914 	0.662528
4.83927 	0.662528
4.90941 	0.662528
4.97954 	0.662528
5.04968 	0.662528
5.11981 	0.662528
5.18994 	0.640037
5.26008 	0.640037
5.33021 	0.640037
5.40035 	0.640037
5.47048 	0.640037
5.54062 	0.640037
5.61075 	0.640037
5.68089 	0.611262
5.75102 	0.611262
5.82115 	0.611262
5.89129 	0.611262
5.96142 	0.611262
6.03156 	0.611262
6.10169 	0.611262
6.17183 	0.611262
6.24196 	0.611262
6.3121 	0.582663
6.38223 	0.582663
6.45236 	0.582663
6.5225 	0.582663
6.59263 	0.582663
6.66277 	0.582663
6.7329 	0.582663
6.80304 	0.582663
6.87317 	0.556076
6.9433 	0.556076
7.01344 	0.556076
7.08357 	0.556076
7.15371 	0.556076
7.22384 	0.556076
7.29398 	0.556076
7.36411 	0.556076
7.43425 	0.556076
7.50438 	0.525698
7.57451 	0.525698
7.64465 	0.525698
7.71478 	0.525698
7.78492 	0.525698
7.85505 	0.525698
7.92519 	0.525698
7.99532 	0.525698
8.06545 	0.505119
8.13559 	0.505119
8.20572 	0.505119
8.27586 	0.505119
8.34599 	0.505119
8.41613 	0.505119
8.48626 	0.505119
8.5564 	0.505119
8.62653 	0.505119
8.69666 	0.472705
8.7668 	0.472705
8.83693 	0.472705
8.90707 	0.472705
8.9772 	0.472705
9.04734 	0.472705
9.11747 	0.472705
9.18761 	0.472705
9.25774 	0.44153
9.32787 	0.44153
9.39801 	0.44153
9.46814 	0.44153
9.53828 	0.44153
9.60841 	0.44153
9.67855 	0.44153
9.74868 	0.44153
9.81881 	0.426628
9.88895 	0.426628
9.95908 	0.426628
10.0292 	0.426628
10.0994 	0.426628
10.1695 	0.426628
10.2396 	0.426628
10.3098 	0.426628
10.3799 	0.426628
10.45 	0.426628
10.5202 	0.426628
10.5903 	0.426628
10.6604 	0.447949
10.7306 	0.395553
10.8007 	0.395553
10.8708 	0.395553
10.941 	0.395553
11.0111 	0.395553
11.0812 	0.395553
11.1514 	0.395553
11.2215 	0.395553
11.2916 	0.395553
11.3618 	0.395553
11.4319 	0.395553
11.502 	0.395553
11.5722 	0.395553
11.6423 	0.395553
11.7124 	0.403892
11.7826 	0.342053
11.8527 	0.342053
11.9228 	0.342053
11.993 	0.342053
12.0631 	0.342053
12.1332 	0.342053
12.2034 	0.242665
12.2735 	0.242665
12.3437 	0.242665
12.4138 	0.242665
12.4839 	0.242665
12.5541 	0.242665
12.6242 	0.242665
12.6943 	0.242665
12.7645 	0.242665
12.8346 	0.126511
12.9047 	0.111238
12.9749 	0.111238
13.045 	0.111238
13.1151 	0.111238
13.1853 	0.111238
13.2554 	0.111238
13.3255 	0.111238
13.3957 	0.339416
13.4658 	0.339416
13.5359 	0.339416
13.6061 	0.339416
13.6762 	0.339416
13.7463 	0.339416
13.8165 	0.418377
13.8866 	0.617734
13.9567 	0.617734
14.0269 	0.0353536
14.097 	0.0353536
14.1671 	0.0353536
14.2373 	0.0353536
14.3074 	0.0353536
14.3776 	0.0353536
14.4477 	0.0353536
14.5178 	0.0353536
14.588 	0.0353536
14.6581 	0.0353536
14.7282 	0.0353536
14.7984 	0.0353536
14.8685 	0.0353536
14.9386 	-0.142832
15.0088 	-0.142832
15.0789 	-0.142832
15.149 	-0.142832
15.2192 	-0.142832
15.2893 	-0.653716
15.3594 	-0.653716
15.4296 	-0.653716
15.4997 	-0.653716
15.5698 	-0.653716
15.64 	-0.653716
15.7101 	-1.15349
15.7802 	-1.15349
15.8504 	-1.0516
15.9205 	-1.0516
15.9906 	-1.0516
16.0608 	-1.0516
16.1309 	-1.0516
16.201 	-1.0516
16.2712 	-1.0516
16.3413 	-1.0516
16.4114 	-1.0516
16.4816 	-1.0516
16.5517 	-1.0516
16.6219 	-1.0516
16.692 	-1.0516
16.7621 	-1.0516
16.8323 	-0.604511
16.9024 	-0.604511
16.9725 	-0.604511
17.0427 	-0.604511
17.1128 	-0.604511
17.1829 	-0.604511
17.2531 	-0.604511
17.3232 	-0.604511
17.3933 	-0.604511
17.4635 	-0.604511
17.5336 	-0.519904
17.6037 	-0.519904
17.6739 	-0.519904
17.744 	-0.61316
17.8141 	-0.61316
17.8843 	-0.61316
17.9544 	-0.61316
18.0245 	-0.61316
18.0947 	-0.61316
18.1648 	-0.61316
18.2349 	-0.61316
18.3051 	-0.61316
18.3752 	-0.323803
18.4453 	-0.323803
18.5155 	-0.323803
18.5856 	-0.323803
18.6557 	-0.323803
18.7259 	-0.323803
18.796 	-0.323803
18.8662 	-0.251596
18.9363 	-0.251596
19.0064 	-0.251596
19.0766 	-0.251596
19.1467 	-0.251596
19.2168 	-0.251596
19.287 	-0.251596
19.3571 	-0.251596
19.4272 	-0.251596
19.4974 	-0.251596
19.5675 	-0.251596
19.6376 	-0.251596
19.7078 	-0.251596
19.7779 	-0.104058
19.848 	-0.104058
19.9182 	-0.104058
19.9883 	-0.104058
20.0584 	-0.104058
20.1286 	-0.104058
20.1987 	-0.104058
20.2688 	-0.108834
20.339 	-0.108834
20.4091 	-0.108834
20.4792 	-0.108834
20.5494 	-0.108834
20.6195 	-0.108834
20.6896 	-0.108834
20.7598 	-0.108834
20.8299 	-0.108834
20.9 	-0.108834
20.9702 	-0.108834
21.0403 	-0.108834
21.1105 	-0.108834
21.1806 	-0.108834
21.2507 	-0.108834
21.3209 	-0.108834
21.391 	-0.108834
21.4611 	-0.0973355
21.5313 	-0.0973355
21.6014 	-0.0973355
21.6715 	-0.204886
21.7417 	-0.204886
21.8118 	-0.204886
21.8819 	-0.204886
21.9521 	-0.204886
22.0222 	-0.336464
22.0923 	-0.336464
22.1625 	-0.336464
22.2326 	-0.336464
22.3027 	-0.336464
22.3729 	-0.336464
22.443 	-0.336464
22.5131 	-0.336464
22.5833 	-0.336464
22.6534 	-0.336464
22.7235 	-0.336464
22.7937 	-0.336464
22.8638 	-0.336464
22.9339 	-0.336464
23.0041 	-0.336464
23.0742 	-0.336464
23.1443 	-0.336464
23.2145 	-0.336464
23.2846 	-0.336464
23.3548 	-0.336464
23.4249 	-0.336464
23.495 	-0.152599
23.5652 	-0.152599
23.6353 	-0.152599
23.7054 	-0.152599
23.7756 	-0.152599
23.8457 	-0.152599
23.9158 	-0.152599
23.986 	-0.0231881
24.0561 	-0.0231881
24.1262 	-0.0231881
24.1964 	-0.0231881
24.2665 	-0.0231881
24.3366 	-0.0231881
24.4068 	-0.0231881
24.4769 	-0.0231881
24.547 	-0.0231881
24.6172 	-0.0231881
24.6873 	-0.0231881
24.7574 	-0.0231881
24.8276 	-0.0231881
24.8977 	-0.0231881
24.9678 	-0.0231881
25.038 	-0.0231881
25.1081 	-0.0231881
25.1782 	-0.075755
25.2484 	-0.075755
25.3185 	-0.075755
25.3886 	-0.075755
25.4588 	-0.075755
25.5289 	-0.075755
25.5991 	-0.075755
25.6692 	-0.075755
25.7393 	-0.075755
25.8095 	-0.075755
25.8796 	-0.075755
25.9497 	-0.075755
26.0199 	-0.075755
26.09 	-0.075755
26.1601 	-0.075755
26.2303 	-0.170021
26.3004 	-0.170021
26.3705 	-0.170021
26.4407 	-0.170021
26.5108 	-0.170021
26.5809 	-0.170021
26.6511 	-0.170021
26.7212 	-0.170021
26.7913 	-0.170021
26.8615 	-0.170021
26.9316 	-0.170021
27.0017 	-0.170021
27.0719 	-0.170021
27.142 	-0.170021
27.2121 	-0.170021
27.2823 	-0.170021
27.3524 	-0.226216
27.4225 	-0.226216
27.4927 	-0.226216
27.5628 	-0.226216
27.6329 	-0.226216
27.7031 	-0.226216
27.7732 	-0.226216
27.8434 	-0.226216
27.9135 	-0.226216
27.9836 	-0.226216
28.0538 	-0.226216
28.1239 	-0.226216
28.194 	-0.226216
28.2642 	-0.226216
28.3343 	-0.226216
28.4044 	-0.226216
28.4746 	-0.226216
28.5447 	-0.226216
28.6148 	-0.226216
28.685 	-0.226216
28.7551 	-0.226216
28.8252 	-0.226216
28.8954 	-0.226216
28.9655 	-0.269417
29.0356 	-0.269417
29.1058 	-0.269417
29.1759 	-0.269417
29.246 	-0.269417
29.3162 	-0.269417
29.3863 	-0.269417
29.4564 	-0.269417
29.5266 	-0.269417
29.5967 	-0.269417
29.6668 	-0.269417
29.737 	-0.269417
29.8071 	-0.269417
29.8773 	-0.269417
29.9474 	-0.269417
30.0175 	-0.269417
30.0877 	-0.269417
30.1578 	-0.269417
30.2279 	-0.269417
30.2981 	-0.269417
30.3682 	-0.269417
30.4383 	-0.269417
30.5085 	-0.269417
30.5786 	-0.269417
30.6487 	-0.269417
30.7189 	-0.269417
30.789 	-0.272856
30.8591 	-0.272856
30.9293 	-0.272856
30.9994 	-0.272856
31.0695 	-0.272856
31.1397 	-0.272856
31.2098 	-0.272856
31.2799 	-0.272856
31.3501 	-0.272856
31.4202 	-0.272856
31.4903 	-0.272856
31.5605 	-0.272856
31.6306 	-0.272856
31.7007 	-0.272856
31.7709 	-0.272856
31.841 	-0.272856
31.9111 	-0.272856
31.9813 	-0.272856
32.0514 	-0.272856
32.1216 	-0.272856
32.1917 	-0.272856
32.2618 	-0.272856
32.332 	-0.272856
32.4021 	-0.272856
32.4722 	-0.272856
32.5424 	-0.272856
32.6125 	-0.272856
32.6826 	-0.272856
32.7528 	-0.272856
32.8229 	-0.272856
32.893 	-0.272856
32.9632 	-0.272856
33.0333 	-0.272856
33.1034 	-0.272856
33.1736 	-0.272856
33.2437 	-0.272856
33.3138 	-0.272856
33.384 	-0.272856
33.4541 	-0.272856
33.5242 	-0.272856
33.5944 	-0.272856
33.6645 	-0.272856
33.7346 	-0.30783
33.8048 	-0.30783
33.8749 	-0.30783
33.945 	-0.30783
34.0152 	-0.30783
34.0853 	-0.30783
34.1554 	-0.312743
34.2256 	-0.312743
34.2957 	-0.312743
34.3659 	-0.312743
34.436 	-0.312743
34.5061 	-0.312743
34.5763 	-0.312743
34.6464 	-0.312743
34.7165 	-0.106347
34.7867 	-0.106347
34.8568 	-0.106347
34.9269 	-0.106347
34.9971 	-0.106347
35.0672 	-0.106347
35.1373 	-0.106347
35.2075 	-0.106347
35.2776 	-0.106347
35.3477 	-0.106347
35.4179 	-0.106347
35.488 	-0.106347
35.5581 	-0.106347
35.6283 	-0.106347
35.6984 	-0.106347
35.7685 	-0.106347
35.8387 	-0.106347
35.9088 	-0.106347
35.9789 	-0.106347
36.0491 	-0.130447
36.1192 	-0.130447
36.1893 	-0.130447
36.2595 	-0.130447
36.3296 	-0.130447
36.3997 	-0.130447
36.4699 	-0.130447
36.54 	-0.130447
36.6102 	-0.130447
36.6803 	-0.130447
36.7504 	-0.130447
36.8206 	-0.130447
36.8907 	-0.259396
36.9608 	-0.259396
37.031 	-0.259396
37.1011 	-0.259396
37.1712 	-0.259396
37.2414 	-0.259396
37.3115 	-0.259396
37.3816 	-0.259396
37.4518 	-0.259396
37.5219 	-0.259396
37.592 	-0.259396
37.6622 	-0.259396
37.7323 	-0.259396
37.8024 	-0.259396
37.8726 	-0.259396
37.9427 	-0.259396
38.0128 	-0.259396
38.083 	-0.259396
38.1531 	-0.259396
38.2232 	-0.234863
38.2934 	-0.234863
38.3635 	-0.234863
38.4336 	-0.234863
38.5038 	-0.234863
38.5739 	-0.234863
38.644 	-0.234863
38.7142 	-0.234863
38.7843 	-0.234863
38.8545 	-0.234863
38.9246 	-0.234863
38.9947 	-0.234863
39.0649 	-0.234863
39.135 	-0.234863
39.2051 	-0.272961
39.2753 	-0.272961
39.3454 	-0.272961
39.4155 	-0.272961
39.4857 	-0.272961
39.5558 	-0.272961
39.6259 	-0.272961
39.6961 	-0.272961
39.7662 	-0.272961
39.8363 	-0.272961
39.9065 	-0.272961
39.9766 	-0.272961
40.0467 	-0.272961
40.1169 	-0.272961
40.187 	-0.272961
40.2571 	-0.272961
40.3273 	-0.272961
40.3974 	-0.272961
40.4675 	-0.272961
40.5377 	-0.272961
40.6078 	-0.272961
40.6779 	-0.272062
40.7481 	-0.272062
40.8182 	-0.272062
40.8883 	-0.272062
40.9585 	-0.272062
41.0286 	-0.272062
41.0988 	-0.272062
41.1689 	-0.272062
41.239 	-0.261749
41.3092 	-0.261749
41.3793 	-0.261749
41.4494 	-0.261749
41.5196 	-0.261749
41.5897 	-0.261749
41.6598 	-0.261749
41.73 	-0.261749
41.8001 	-0.261749
41.8702 	-0.261749
41.9404 	-0.261749
42.0105 	-0.261749
42.0806 	-0.261749
42.1508 	-0.261749
42.2209 	-0.261749
42.291 	-0.261749
42.3612 	-0.261749
42.4313 	-0.261749
42.5014 	-0.261749
42.5716 	-0.261749
42.6417 	-0.261749
42.7118 	-0.275919
42.782 	-0.275919
42.8521 	-0.275919
42.9222 	-0.275919
42.9924 	-0.256433
43.0625 	-0.256433
43.1327 	-0.256433
43.2028 	-0.256433
43.2729 	-0.256433
43.3431 	-0.256433
43.4132 	-0.256433
43.4833 	-0.256433
43.5535 	-0.256433
43.6236 	-0.256433
43.6937 	-0.256433
43.7639 	-0.256433
43.834 	-0.256433
43.9041 	-0.256433
43.9743 	-0.256433
44.0444 	-0.256433
44.1145 	-0.256433
44.1847 	-0.256433
44.2548 	-0.256433
44.3249 	-0.256433
44.3951 	-0.256433
44.4652 	-0.256433
44.5353 	-0.256433
44.6055 	-0.256433
44.6756 	-0.256433
44.7457 	-0.256433
44.8159 	-0.275798
44.886 	-0.275798
44.9561 	-0.275798
45.0263 	-0.275798
45.0964 	-0.275798
45.1665 	-0.275798
45.2367 	-0.275798
45.3068 	-0.275798
45.377 	-0.275798
45.4471 	-0.275798
45.5172 	-0.275798
45.5874 	-0.275798
45.6575 	-0.275798
45.7276 	-0.275798
45.7978 	-0.275798
45.8679 	-0.275798
45.938 	-0.275798
46.0082 	-0.275798
46.0783 	-0.275798
46.1484 	-0.275798
46.2186 	-0.275798
46.2887 	-0.275798
46.3588 	-0.275798
46.429 	-0.275798
46.4991 	-0.275798
46.5692 	-0.275798
46.6394 	-0.306786
46.7095 	-0.306786
46.7796 	-0.306786
46.8498 	-0.306786
46.9199 	-0.306786
46.99 	-0.306786
47.0602 	-0.306786
47.1303 	-0.306786
47.2004 	-0.306786
47.2706 	-0.306786
47.3407 	-0.306786
47.4108 	-0.306786
47.481 	-0.336992
47.5511 	-0.336992
47.6213 	-0.336992
47.6914 	-0.336992
47.7615 	-0.336992
47.8317 	-0.336992
47.9018 	-0.336992
47.9719 	-0.336992
48.0421 	-0.336992
48.1122 	-0.336992
48.1823 	-0.336992
48.2525 	-0.336992
48.3226 	-0.336992
48.3927 	-0.336992
48.4629 	-0.336992
48.533 	-0.336992
48.6031 	-0.336992
48.6733 	-0.336992
48.7434 	-0.364599
48.8135 	-0.364599
48.8837 	-0.364599
48.9538 	-0.364599
49.0239 	-0.364599
49.0941 	-0.364599
49.1642 	-0.364599
49.2343 	-0.364599
49.3045 	-0.364599
49.3746 	-0.364599
49.4447 	-0.364599
49.5149 	-0.364599
49.585 	-0.364599
49.6551 	-0.364599
49.7253 	-0.364599
49.7954 	-0.364599
49.8656 	-0.364599
49.9357 	-0.364599
50.0058 	-0.364599
50.076 	-0.364599
50.1461 	-0.364599
50.2162 	-0.364599
50.2864 	-0.364599
50.3565 	-0.364599
50.4266 	-0.364599
50.4968 	-0.366128
50.5669 	-0.366128
50.637 	-0.366128
50.7072 	-0.366128
50.7773 	-0.366128
50.8474 	-0.366128
50.9176 	-0.366128
50.9877 	-0.432727
51.0578 	-0.432727
51.128 	-0.517947
51.1981 	-0.517947
51.2682 	-0.517947
51.3384 	-0.517947
51.4085 	-0.517947
51.4786 	-0.517947
51.5488 	-0.517947
51.6189 	-0.517947
51.689 	-0.517947
51.7592 	-0.517947
51.8293 	-0.517947
51.8994 	-0.517947
51.9696 	-0.517947
52.0397 	-0.517947
52.1099 	-0.517947
52.18 	-0.517947
52.2501 	-0.517947
52.3203 	-0.517947
52.3904 	-0.517947
52.4605 	-0.517947
52.5307 	-0.517947
52.6008 	-0.517947
52.6709 	-0.517947
52.7411 	-0.517947
52.8112 	-0.517947
52.8813 	-0.517947
52.9515 	-0.517947
53.0216 	-0.517947
53.0917 	-0.517947
53.1619 	-0.517947
53.232 	-0.517947
53.3021 	-0.517947
53.3723 	-0.517947
53.4424 	-0.482028
53.5125 	-0.482028
53.5827 	-0.482028
53.6528 	-0.482028
53.7229 	-0.482028
53.7931 	-0.482028
53.8632 	-0.482028
53.9333 	-0.482028
54.0035 	-0.482028
54.0736 	-0.482028
54.1437 	-0.482028
54.2139 	-0.482028
54.284 	-0.482028
54.3542 	-0.458011
54.4243 	-0.458011
54.4944 	-0.458011
54.5646 	-0.458011
54.6347 	-0.458011
54.7048 	-0.458011
54.775 	-0.458011
54.8451 	-0.458011
54.9152 	-0.458011
54.9854 	-0.458011
55.0555 	-0.458011
55.1256 	-0.459223
55.1958 	-0.459223
55.2659 	-0.459223
55.336 	-0.459223
55.4062 	-0.459223
55.4763 	-0.459223
55.5464 	-0.459223
55.6166 	-0.459223
55.6867 	-0.459223
55.7568 	-0.459223
55.827 	-0.459223
55.8971 	-0.459223
55.9672 	-0.459223
56.0374 	-0.459223
56.1075 	-0.459223
56.1776 	-0.459223
56.2478 	-0.459223
56.3179 	-0.459223
56.3881 	-0.433619
56.4582 	-0.433619
56.5283 	-0.433619
56.5985 	-0.433619
56.6686 	-0.433619
56.7387 	-0.433619
56.8089 	-0.433619
56.879 	-0.433619
56.9491 	-0.41436
57.0193 	-0.41436
57.0894 	-0.41436
57.1595 	-0.41436
57.2297 	-0.41436
57.2998 	-0.41436
57.3699 	-0.41436
57.4401 	-0.41436
57.5102 	-0.41436
57.5803 	-0.41436
57.6505 	-0.41436
57.7206 	-0.41436
57.7907 	-0.41436
57.8609 	-0.41436
57.931 	-0.41436
58.0011 	-0.41436
58.0713 	-0.41436
58.1414 	-0.41436
58.2115 	-0.41436
58.2817 	-0.41436
58.3518 	-0.41436
58.4219 	-0.41436
58.4921 	-0.41436
58.5622 	-0.347296
58.6324 	-0.347296
58.7025 	-0.347296
58.7726 	-0.347296
58.8428 	-0.347296
58.9129 	-0.276961
58.983 	-0.276961
59.0532 	-0.276961
59.1233 	-0.276961
59.1934 	-0.276961
59.2636 	-0.276961
59.3337 	-0.276961
59.4038 	-0.276961
59.474 	-0.276961
59.5441 	-0.276961
59.6142 	-0.276961
59.6844 	-0.276961
59.7545 	-0.276961
59.8246 	-0.276961
59.8948 	-0.276961
59.9649 	-0.276961
60.035 	-0.276961
60.1052 	-0.276961
60.1753 	-0.276961
60.2454 	-0.276961
60.3156 	-0.276961
60.3857 	-0.276961
60.4558 	-0.276961
60.526 	-0.276961
60.5961 	-0.276961
60.6662 	-0.217969
60.7364 	-0.217969
60.8065 	-0.217969
60.8767 	-0.217969
60.9468 	-0.217969
61.0169 	-0.217969
61.0871 	-0.217969
61.1572 	-0.217969
61.2273 	-0.217969
61.2975 	-0.217969
61.3676 	-0.217969
61.4377 	-0.217969
61.5079 	-0.217969
61.578 	-0.217969
61.6481 	-0.138743
61.7183 	-0.138743
61.7884 	-0.0930194
61.8585 	-0.0930194
61.9287 	-0.0930194
61.9988 	-0.0930194
62.0689 	-0.0930194
62.1391 	-0.0930194
62.2092 	-0.0848707
62.2793 	-0.0848707
62.3495 	-0.0848707
62.4196 	-0.0848707
62.4897 	-0.0848707
62.5599 	-0.0848707
62.63 	-0.0848707
62.7001 	-0.0848707
62.7703 	-0.0848707
62.8404 	-0.0848707
62.9105 	-0.0848707
62.9807 	-0.0848707
63.0508 	-0.0848707
63.121 	-0.0848707
63.1911 	-0.0848707
63.2612 	-0.0848707
63.3314 	-0.0848707
63.4015 	-0.0848707
63.4716 	-0.0848707
63.5418 	-0.0848707
63.6119 	-0.0848707
63.682 	-0.0848707
63.7522 	-0.0848707
63.8223 	-0.0848707
63.8924 	-0.0848707
63.9626 	-0.0848707
64.0327 	-0.0848707
64.1028 	-0.0848707
64.173 	-0.0555665
64.2431 	-0.0555665
64.3132 	-0.0555665
64.3834 	-0.0555665
64.4535 	-0.0555665
64.5236 	-0.0555665
64.5938 	-0.0555665
64.6639 	-0.0555665
64.734 	-0.0555665
64.8042 	-0.0555665
64.8743 	0.00165843
64.9444 	0.00165843
65.0146 	0.00165843
65.0847 	0.00165843
65.1548 	0.00165843
65.225 	0.00165843
65.2951 	0.00165843
65.3653 	0.00165843
65.4354 	0.00165843
65.5055 	0.00165843
65.5757 	0.00165843
65.6458 	0.00165843
65.7159 	0.00165843
65.7861 	0.00165843
65.8562 	0.00165843
65.9263 	0.00165843
65.9965 	0.00165843
66.0666 	0.00165843
66.1367 	0.00165843
66.2069 	0.00165843
66.277 	0.00165843
66.3471 	0.00165843
66.4173 	0.00165843
66.4874 	0.00165843
66.5575 	0.00165843
66.6277 	0.00165843
66.6978 	0.00165843
66.7679 	0.00165843
66.8381 	0.00165843
66.9082 	0.00165843
66.9783 	0.00201044
67.0485 	0.00201044
67.1186 	0.00201044
67.1887 	0.00201044
67.2589 	0.00201044
67.329 	0.00201044
67.3991 	0.00149822
67.4693 	0.00149822
67.5394 	-0.00361023
67.6096 	-0.00361023
67.6797 	-0.00361023
67.7498 	-0.00361023
67.82 	-0.00361023
67.8901 	-0.00361023
67.9602 	-0.00361023
68.0304 	-0.00361023
68.1005 	-0.00361023
68.1706 	-0.00361023
68.2408 	-0.00361023
68.3109 	-0.00361023
68.381 	-0.00361023
68.4512 	-0.00361023
68.5213 	-0.00361023
68.5914 	-0.00361023
68.6616 	-0.00361023
68.7317 	-0.00361023
68.8018 	-0.00361023
68.872 	-0.00361023
68.9421 	-0.00361023
69.0122 	-0.00361023
