0.490941 	1.70733
0.561075 	1.70733
0.63121 	1.70733
0.701344 	1.70733
0.771478 	1.70733
0.841613 	1.70733
0.911747 	1.70733
0.981881 	1.70733
1.05202 	1.70733
1.12215 	1.70733
1.19228 	1.70733
1.26242 	1.70733
1.33255 	1.66786
1.40269 	1.66786
1.47282 	1.66786
1.54296 	1.66786
1.61309 	1.66786
1.68323 	1.66786
1.75336 	1.66786
1.82349 	1.66786
1.89363 	1.66786
1.96376 	1.66786
2.0339 	1.66786
2.10403 	1.66786
2.17417 	1.60716
2.2443 	1.60716
2.31443 	1.60716
2.38457 	1.60716
2.4547 	1.60716
2.52484 	1.60716
2.59497 	1.60716
2.66511 	1.60716
2.73524 	1.60716
2.80538 	1.60716
2.87551 	1.60716
2.94564 	1.60716
3.01578 	1.53322
3.08591 	1.53322
3.15605 	1.53322
3.22618 	1.53322
3.29632 	1.53322
3.36645 	1.53322
3.43659 	1.53322
3.50672 	1.53322
3.57685 	1.53322
3.64699 	1.53322
3.71712 	1.53322
3.78726 	1.52604
3.85739 	1.44704
3.92753 	1.44704
3.99766 	1.44704
4.06779 	1.44704
4.13793 	1.44704
4.20806 	1.44704
4.2782 	1.44704
4.34833 	1.44704
4.41847 	1.44704
4.4886 	1.44704
4.55874 	1.44704
4.62887 	1.44704
4.699 	1.44704
4.76914 	1.36834
4.83927 	1.36834
4.90941 	1.36834
4.97954 	1.36834
5.04968 	1.36834
5.11981 	1.36834
5.18994 	1.36834
5.26008 	1.36834
5.33021 	1.36834
5.40035 	1.36834
5.47048 	1.36834
5.54062 	1.36834
5.61075 	1.29371
5.68089 	1.29371
5.75102 	1.29371
5.82115 	1.29371
5.89129 	1.29371
5.96142 	1.29371
6.03156 	1.29371
6.10169 	1.29371
6.17183 	1.29371
6.24196 	1.29371
6.3121 	1.29371
6.38223 	1.29371
6.45236 	1.22248
6.5225 	1.22248
6.59263 	1.22248
6.66277 	1.22248
6.7329 	1.22248
6.80304 	1.22248
6.87317 	1.22248
6.9433 	1.22248
7.01344 	1.22248
7.08357 	1.22248
7.15371 	1.22248
7.22384 	1.22248
7.29398 	1.15447
7.36411 	1.15447
7.43425 	1.15447
7.50438 	1.15447
7.57451 	1.15447
7.64465 	1.15447
7.71478 	1.15447
7.78492 	1.15447
7.85505 	1.15447
7.92519 	1.15447
7.99532 	1.15447
8.06545 	1.15447
8.13559 	1.15447
8.20572 	1.0873
8.27586 	1.0873
8.34599 	1.0873
8.41613 	1.0873
8.48626 	1.0873
8.5564 	1.0873
8.62653 	1.0873
8.69666 	1.0873
8.7668 	1.0873
8.83693 	1.0873
8.90707 	1.0873
8.9772 	1.0873
9.04734 	1.02082
9.11747 	1.02082
9.18761 	1.02082
9.25774 	1.02082
9.32787 	1.02082
9.39801 	1.02082
9.46814 	1.02082
9.53828 	1.02082
9.60841 	1.02082
9.67855 	1.02082
9.74868 	1.02082
9.81881 	1.02082
9.88895 	1.02082
9.95908 	0.953552
10.0292 	0.953552
10.0994 	0.953552
10.1695 	0.953552
10.2396 	0.953552
10.3098 	0.953552
10.3799 	0.953552
10.45 	0.953552
10.5202 	0.953552
10.5903 	0.953552
10.6604 	0.953552
10.7306 	0.953552
10.8007 	0.885862
10.8708 	0.885862
10.941 	0.885862
11.0111 	0.885862
11.0812 	0.885862
11.1514 	0.885862
11.2215 	0.885862
11.2916 	0.885862
11.3618 	0.885862
11.4319 	0.885862
11.502 	0.885862
11.5722 	0.885862
11.6423 	0.885862
11.7124 	0.813817
11.7826 	0.813817
11.8527 	0.813817
11.9228 	0.813817
11.993 	0.813817
12.0631 	0.813817
12.1332 	0.813817
12.2034 	0.813817
12.2735 	0.813817
12.3437 	0.813817
12.4138 	0.813817
12.4839 	0.813817
12.5541 	0.813817
12.6242 	0.734176
12.6943 	0.734176
12.7645 	0.734176
12.8346 	0.734176
12.9047 	0.734176
12.9749 	0.734176
13.045 	0.734176
13.1151 	0.734176
13.1853 	0.734176
13.2554 	0.734176
13.3255 	0.734176
13.3957 	0.734176
13.4658 	0.734176
13.5359 	0.635071
13.6061 	0.635071
13.6762 	0.635071
13.7463 	0.635071
13.8165 	0.635071
13.8866 	0.635071
13.9567 	0.635071
14.0269 	0.635071
14.097 	0.635071
14.1671 	0.635071
14.2373 	0.635071
14.3074 	0.635071
14.3776 	0.543732
14.4477 	0.345711
14.5178 	0.345711
14.588 	0.345711
14.6581 	0.345711
14.7282 	0.345711
14.7984 	0.345711
14.8685 	0.374989
14.9386 	0.374989
15.0088 	0.374989
15.0789 	0.374989
15.149 	0.374989
15.2192 	0.13943
15.2893 	0.13943
15.3594 	0.13943
15.4296 	0.271105
15.4997 	0.271105
15.5698 	0.271105
15.64 	0.271105
15.7101 	0.271105
15.7802 	0.271105
15.8504 	0.271105
15.9205 	0.0188257
15.9906 	0.0188257
16.0608 	0.0188257
16.1309 	0.233336
16.201 	0.233336
16.2712 	0.233336
16.3413 	0.233336
16.4114 	0.233336
16.4816 	0.233336
16.5517 	0.233336
16.6219 	0.0504248
16.692 	0.0504248
16.7621 	0.0504248
16.8323 	0.0504248
16.9024 	0.0504248
16.9725 	0.282621
17.0427 	0.282621
17.1128 	0.282621
17.1829 	0.282621
17.2531 	0.131446
17.3232 	0.131446
17.3933 	0.131446
17.4635 	0.131446
17.5336 	0.131446
17.6037 	0.131446
17.6739 	0.131446
17.744 	0.131446
17.8141 	0.131446
17.8843 	0.131446
17.9544 	0.208195
18.0245 	0.208195
18.0947 	0.208195
18.1648 	0.208195
18.2349 	0.208195
18.3051 	0.208195
18.3752 	0.208195
18.4453 	0.208195
18.5155 	0.208195
18.5856 	0.114642
18.6557 	0.114642
18.7259 	0.114642
18.796 	0.114642
18.8662 	0.114642
18.9363 	0.114642
19.0064 	0.114642
19.0766 	0.114642
19.1467 	0.114642
19.2168 	0.0650049
19.287 	0.29191
19.3571 	0.29191
19.4272 	0.29191
19.4974 	0.29191
19.5675 	0.29191
19.6376 	0.29191
19.7078 	0.29191
19.7779 	0.29191
19.848 	0.29191
19.9182 	0.237284
19.9883 	0.237284
20.0584 	0.237284
20.1286 	0.237284
20.1987 	0.237284
20.2688 	0.237284
20.339 	0.237284
20.4091 	0.237284
20.4792 	0.237284
20.5494 	0.237284
20.6195 	0.17573
20.6896 	0.17573
20.7598 	0.17573
20.8299 	0.17573
20.9 	0.257103
20.9702 	0.257103
21.0403 	0.257103
21.1105 	0.257103
21.1806 	0.257103
21.2507 	0.257103
21.3209 	0.215786
21.391 	0.215786
21.4611 	0.215786
21.5313 	0.215786
21.6014 	0.215786
21.6715 	0.215786
21.7417 	0.215786
21.8118 	0.215786
21.8819 	0.215786
21.9521 	0.215786
22.0222 	0.215786
22.0923 	0.172569
22.1625 	0.172569
22.2326 	0.172569
22.3027 	0.172569
22.3729 	0.172569
22.443 	0.172569
22.5131 	0.172569
22.5833 	0.172569
22.6534 	0.172569
22.7235 	0.172569
22.7937 	0.172569
22.8638 	0.120636
22.9339 	0.120636
23.0041 	0.120636
23.0742 	0.128599
23.1443 	0.128599
23.2145 	0.128599
23.2846 	0.128599
23.3548 	0.128599
23.4249 	0.128599
23.495 	0.128599
23.5652 	0.128599
23.6353 	0.128599
23.7054 	0.0805399
23.7756 	0.0805399
23.8457 	0.0805399
23.9158 	0.0805399
23.986 	0.0805399
24.0561 	0.0805399
24.1262 	0.0805399
24.1964 	0.0805399
24.2665 	0.0805399
24.3366 	0.0805399
24.4068 	0.0805399
24.4769 	0.0805399
24.547 	0.0805399
24.6172 	0.0370413
24.6873 	0.0370413
24.7574 	0.0370413
24.8276 	0.0370413
24.8977 	0.0370413
24.9678 	0.0370413
25.038 	0.0370413
25.1081 	0.0370413
25.1782 	0.0370413
25.2484 	0.0370413
25.3185 	0.0370413
25.3886 	0.0370413
25.4588 	-0.00329206
25.5289 	-0.00329206
25.5991 	-0.00329206
25.6692 	-0.00329206
25.7393 	-0.00329206
25.8095 	-0.00329206
25.8796 	-0.00329206
25.9497 	-0.00329206
26.0199 	-0.00329206
26.09 	-0.00688656
26.1601 	-0.00688656
26.2303 	-0.00688656
26.3004 	-0.00688656
26.3705 	-0.00688656
26.4407 	-0.0521168
26.5108 	-0.0521168
26.5809 	-0.0521168
26.6511 	-0.0521168
26.7212 	-0.0521168
26.7913 	-0.0521168
26.8615 	-0.0521168
26.9316 	-0.0521168
27.0017 	-0.0521168
27.0719 	-0.0521168
27.142 	-0.0521168
27.2121 	-0.0521168
27.2823 	-0.0521168
27.3524 	-0.0964144
27.4225 	-0.0964144
27.4927 	-0.0964144
27.5628 	-0.0964144
27.6329 	-0.0964144
27.7031 	-0.0964144
27.7732 	-0.0964144
27.8434 	-0.0964144
27.9135 	-0.0964144
27.9836 	-0.0964144
28.0538 	-0.0964144
28.1239 	-0.0964144
28.194 	-0.0964144
28.2642 	-0.0964144
28.3343 	-0.0964144
28.4044 	-0.137165
28.4746 	-0.137165
28.5447 	-0.137165
28.6148 	-0.137165
28.685 	-0.137165
28.7551 	-0.137165
28.8252 	-0.137165
28.8954 	-0.137165
28.9655 	-0.137165
29.0356 	-0.137165
29.1058 	-0.137165
29.1759 	-0.137165
29.246 	-0.137165
29.3162 	-0.137165
29.3863 	-0.137165
29.4564 	-0.173535
29.5266 	-0.173535
29.5967 	-0.173535
29.6668 	-0.173535
29.737 	-0.173535
29.8071 	-0.173535
29.8773 	-0.173535
29.9474 	-0.173535
30.0175 	-0.173535
30.0877 	-0.173535
30.1578 	-0.173535
30.2279 	-0.173535
30.2981 	-0.173535
30.3682 	-0.173535
30.4383 	-0.173535
30.5085 	-0.173535
30.5786 	-0.203999
30.6487 	-0.203999
30.7189 	-0.203999
30.789 	-0.203999
30.8591 	-0.203999
30.9293 	-0.203999
30.9994 	-0.203999
31.0695 	-0.203999
31.1397 	-0.203999
31.2098 	-0.203999
31.2799 	-0.203999
31.3501 	-0.203999
31.4202 	-0.203999
31.4903 	-0.203999
31.5605 	-0.258268
31.6306 	-0.258268
31.7007 	-0.277729
31.7709 	-0.277729
31.841 	-0.277729
31.9111 	-0.277729
31.9813 	-0.277729
32.0514 	-0.277729
32.1216 	-0.277729
32.1917 	-0.277729
32.2618 	-0.277729
32.332 	-0.277729
32.4021 	-0.277729
32.4722 	-0.277729
32.5424 	-0.277729
32.6125 	-0.277729
32.6826 	-0.277729
32.7528 	-0.277729
32.8229 	-0.277729
32.893 	-0.277729
32.9632 	-0.285986
33.0333 	-0.285986
33.1034 	-0.285986
33.1736 	-0.285986
33.2437 	-0.285986
33.3138 	-0.285986
33.384 	-0.285986
33.4541 	-0.285986
33.5242 	-0.285986
33.5944 	-0.285986
33.6645 	-0.285986
33.7346 	-0.285986
33.8048 	-0.285986
33.8749 	-0.285986
33.945 	-0.285986
34.0152 	-0.285986
34.0853 	-0.285986
34.1554 	-0.285986
34.2256 	-0.280677
34.2957 	-0.280677
34.3659 	-0.280677
34.436 	-0.280677
34.5061 	-0.280677
34.5763 	-0.280677
34.6464 	-0.280677
34.7165 	-0.280677
34.7867 	-0.280677
34.8568 	-0.280677
34.9269 	-0.280677
34.9971 	-0.280677
35.0672 	-0.280677
35.1373 	-0.280677
35.2075 	-0.280677
35.2776 	-0.280677
35.3477 	-0.280677
35.4179 	-0.280677
35.488 	-0.280677
35.5581 	-0.280677
35.6283 	-0.258092
35.6984 	-0.258092
35.7685 	-0.258092
35.8387 	-0.258092
35.9088 	-0.258092
35.9789 	-0.258092
36.0491 	-0.258092
36.1192 	-0.258092
36.1893 	-0.258092
36.2595 	-0.258092
36.3296 	-0.258092
36.3997 	-0.258092
36.4699 	-0.258092
36.54 	-0.258092
36.6102 	-0.258092
36.6803 	-0.258092
36.7504 	-0.258092
36.8206 	-0.258092
36.8907 	-0.258092
36.9608 	-0.258092
37.031 	-0.258092
37.1011 	-0.227906
37.1712 	-0.227906
37.2414 	-0.227906
37.3115 	-0.227906
37.3816 	-0.227906
37.4518 	-0.227906
37.5219 	-0.227906
37.592 	-0.227906
37.6622 	-0.227906
37.7323 	-0.227906
37.8024 	-0.227906
37.8726 	-0.227906
37.9427 	-0.227906
38.0128 	-0.227906
38.083 	-0.227906
38.1531 	-0.227906
38.2232 	-0.227906
38.2934 	-0.20304
38.3635 	-0.20304
38.4336 	-0.20304
38.5038 	-0.20304
38.5739 	-0.20304
38.644 	-0.20304
38.7142 	-0.20304
38.7843 	-0.20304
38.8545 	-0.20304
38.9246 	-0.20304
38.9947 	-0.20304
39.0649 	-0.20304
39.135 	-0.20304
39.2051 	-0.20304
39.2753 	-0.20304
39.3454 	-0.20304
39.4155 	-0.20304
39.4857 	-0.20304
39.5558 	-0.187537
39.6259 	-0.187537
39.6961 	-0.187537
39.7662 	-0.187537
39.8363 	-0.187537
39.9065 	-0.187537
39.9766 	-0.187537
40.0467 	-0.187537
40.1169 	-0.187537
40.187 	-0.187537
40.2571 	-0.187537
40.3273 	-0.187537
40.3974 	-0.187537
40.4675 	-0.187537
40.5377 	-0.187537
40.6078 	-0.187537
40.6779 	-0.187537
40.7481 	-0.184852
40.8182 	-0.184852
40.8883 	-0.184852
40.9585 	-0.184852
41.0286 	-0.184852
41.0988 	-0.184852
41.1689 	-0.184852
41.239 	-0.184852
41.3092 	-0.184852
41.3793 	-0.184852
41.4494 	-0.184852
41.5196 	-0.184852
41.5897 	-0.184852
41.6598 	-0.184852
41.73 	-0.184852
41.8001 	-0.184852
41.8702 	-0.184852
41.9404 	-0.184852
42.0105 	-0.193306
42.0806 	-0.193306
42.1508 	-0.193306
42.2209 	-0.193306
42.291 	-0.193306
42.3612 	-0.193306
42.4313 	-0.193306
42.5014 	-0.193306
42.5716 	-0.193306
42.6417 	-0.193306
42.7118 	-0.193306
42.782 	-0.193306
42.8521 	-0.193306
42.9222 	-0.193306
42.9924 	-0.193306
43.0625 	-0.193306
43.1327 	-0.193306
43.2028 	-0.207583
43.2729 	-0.207583
43.3431 	-0.207583
43.4132 	-0.207583
43.4833 	-0.207583
43.5535 	-0.207583
43.6236 	-0.207583
43.6937 	-0.207583
43.7639 	-0.207583
43.834 	-0.207583
43.9041 	-0.207583
43.9743 	-0.207583
44.0444 	-0.207583
44.1145 	-0.207583
44.1847 	-0.207583
44.2548 	-0.207583
44.3249 	-0.207583
44.3951 	-0.207583
44.4652 	-0.222411
44.5353 	-0.222411
44.6055 	-0.222411
44.6756 	-0.222411
44.7457 	-0.222411
44.8159 	-0.222411
44.886 	-0.222411
44.9561 	-0.222411
45.0263 	-0.222411
45.0964 	-0.222411
45.1665 	-0.222411
45.2367 	-0.222411
45.3068 	-0.222411
45.377 	-0.222411
45.4471 	-0.222411
45.5172 	-0.222411
45.5874 	-0.222411
45.6575 	-0.23326
45.7276 	-0.23326
45.7978 	-0.23326
45.8679 	-0.23326
45.938 	-0.23326
46.0082 	-0.23326
46.0783 	-0.23326
46.1484 	-0.23326
46.2186 	-0.23326
46.2887 	-0.23326
46.3588 	-0.23326
46.429 	-0.23326
46.4991 	-0.23326
46.5692 	-0.23326
46.6394 	-0.23326
46.7095 	-0.23326
46.7796 	-0.152223
46.8498 	-0.152223
46.9199 	-0.165033
46.99 	-0.165033
47.0602 	-0.165033
47.1303 	-0.165033
47.2004 	-0.165033
47.2706 	-0.165033
47.3407 	-0.165033
47.4108 	-0.165033
47.481 	-0.165033
47.5511 	-0.165033
47.6213 	-0.165033
47.6914 	-0.165033
47.7615 	-0.165033
47.8317 	-0.165033
47.9018 	-0.165033
47.9719 	-0.165033
48.0421 	-0.165033
48.1122 	-0.165033
48.1823 	-0.170945
48.2525 	-0.170945
48.3226 	-0.170945
48.3927 	-0.170945
48.4629 	-0.170945
48.533 	-0.170945
48.6031 	-0.170945
48.6733 	-0.170945
48.7434 	-0.170945
48.8135 	-0.170945
48.8837 	-0.170945
48.9538 	-0.170945
49.0239 	-0.170945
49.0941 	-0.170945
49.1642 	-0.170945
49.2343 	-0.170945
49.3045 	-0.170945
49.3746 	-0.168465
49.4447 	-0.168465
49.5149 	-0.168465
49.585 	-0.168465
49.6551 	-0.168465
49.7253 	-0.168465
49.7954 	-0.168465
49.8656 	-0.168465
49.9357 	-0.168465
50.0058 	-0.168465
50.076 	-0.168465
50.1461 	-0.168465
50.2162 	-0.168465
50.2864 	-0.168465
50.3565 	-0.168465
50.4266 	-0.168465
50.4968 	-0.168465
50.5669 	-0.168465
50.637 	-0.156365
50.7072 	-0.156365
50.7773 	-0.156365
50.8474 	-0.156365
50.9176 	-0.156365
50.9877 	-0.156365
51.0578 	-0.156365
51.128 	-0.156365
51.1981 	-0.156365
51.2682 	-0.156365
51.3384 	-0.156365
51.4085 	-0.156365
51.4786 	-0.156365
51.5488 	-0.156365
51.6189 	-0.156365
51.689 	-0.156365
51.7592 	-0.156365
51.8293 	-0.135345
51.8994 	-0.135345
51.9696 	-0.135345
52.0397 	-0.135345
52.1099 	-0.135345
52.18 	-0.135345
52.2501 	-0.135345
52.3203 	-0.135345
52.3904 	-0.135345
52.4605 	-0.135345
52.5307 	-0.135345
52.6008 	-0.135345
52.6709 	-0.135345
52.7411 	-0.135345
52.8112 	-0.135345
52.8813 	-0.135345
52.9515 	-0.135345
53.0216 	-0.135345
53.0917 	-0.108464
53.1619 	-0.108464
53.232 	-0.108464
53.3021 	-0.108464
53.3723 	-0.108464
53.4424 	-0.108464
53.5125 	-0.108464
53.5827 	-0.108464
53.6528 	-0.108464
53.7229 	-0.108464
53.7931 	-0.108464
53.8632 	-0.108464
53.9333 	-0.108464
54.0035 	-0.108464
54.0736 	-0.108464
54.1437 	-0.108464
54.2139 	-0.108464
54.284 	-0.0803983
54.3542 	-0.0803983
54.4243 	-0.0803983
54.4944 	-0.0803983
54.5646 	-0.0803983
54.6347 	-0.0803983
54.7048 	-0.0803983
54.775 	-0.0803983
54.8451 	-0.0803983
54.9152 	-0.0803983
54.9854 	-0.0803983
55.0555 	-0.0803983
55.1256 	-0.0803983
55.1958 	-0.0803983
55.2659 	-0.0803983
55.336 	-0.0803983
55.4062 	-0.0803983
55.4763 	-0.0803983
55.5464 	-0.0561837
55.6166 	-0.0561837
55.6867 	-0.0561837
55.7568 	-0.0561837
55.827 	-0.0561837
55.8971 	-0.0561837
55.9672 	-0.0561837
56.0374 	-0.0561837
56.1075 	-0.0561837
56.1776 	-0.0561837
56.2478 	-0.0561837
56.3179 	-0.0561837
56.3881 	-0.0561837
56.4582 	-0.0561837
56.5283 	-0.0561837
56.5985 	-0.0561837
56.6686 	-0.0561837
56.7387 	-0.0561837
56.8089 	-0.0386255
56.879 	-0.0386255
56.9491 	-0.0386255
57.0193 	-0.0386255
57.0894 	-0.0386255
57.1595 	-0.0386255
57.2297 	-0.0386255
57.2998 	-0.0386255
57.3699 	-0.0386255
57.4401 	-0.0386255
57.5102 	-0.0386255
57.5803 	-0.0386255
57.6505 	-0.0386255
57.7206 	-0.0386255
57.7907 	-0.0386255
57.8609 	-0.0386255
57.931 	-0.0386255
58.0011 	-0.0270074
58.0713 	-0.0270074
58.1414 	-0.0270074
58.2115 	-0.0270074
58.2817 	-0.0270074
58.3518 	-0.0270074
58.4219 	-0.0270074
58.4921 	-0.0270074
58.5622 	-0.0270074
58.6324 	-0.0270074
58.7025 	-0.0270074
58.7726 	-0.0270074
58.8428 	-0.0270074
58.9129 	-0.0270074
58.983 	-0.0270074
59.0532 	-0.0270074
59.1233 	-0.0270074
59.1934 	-0.0270074
59.2636 	-0.0189881
59.3337 	-0.0189881
59.4038 	-0.0189881
59.474 	-0.0189881
59.5441 	-0.0189881
59.6142 	-0.0189881
59.6844 	-0.0189881
59.7545 	-0.0189881
59.8246 	-0.0189881
59.8948 	-0.0189881
59.9649 	-0.0189881
60.035 	-0.0189881
60.1052 	-0.0189881
60.1753 	-0.0189881
60.2454 	-0.0189881
60.3156 	-0.0189881
60.3857 	-0.0189881
60.4558 	-0.0124743
60.526 	-0.0124743
60.5961 	-0.0124743
60.6662 	-0.0124743
60.7364 	-0.0124743
60.8065 	-0.0124743
60.8767 	-0.0124743
60.9468 	-0.0124743
61.0169 	-0.0124743
61.0871 	-0.0124743
61.1572 	-0.0124743
61.2273 	-0.0124743
61.2975 	-0.0124743
61.3676 	-0.0124743
61.4377 	-0.0124743
61.5079 	-0.0124743
61.578 	-0.0124743
61.6481 	-0.0124743
61.7183 	-0.00698477
61.7884 	-0.00698477
61.8585 	-0.00698477
61.9287 	-0.00698477
61.9988 	-0.00698477
62.0689 	-0.00698477
62.1391 	-0.00698477
62.2092 	-0.00698477
62.2793 	-0.00698477
62.3495 	-0.00698477
62.4196 	-0.00698477
62.4897 	-0.00698477
62.5599 	-0.00698477
62.63 	-0.00698477
62.7001 	-0.00698477
62.7703 	-0.00698477
62.8404 	-0.00698477
62.9105 	-0.00295115
62.9807 	-0.00295115
63.0508 	-0.00295115
63.121 	-0.00295115
63.1911 	-0.00295115
63.2612 	-0.00295115
63.3314 	-0.00295115
63.4015 	-0.00295115
63.4716 	-0.00295115
63.5418 	-0.00295115
63.6119 	-0.00295115
63.682 	-0.00295115
63.7522 	-0.00295115
63.8223 	-0.00295115
63.8924 	-0.00295115
63.9626 	-0.00295115
64.0327 	-0.00295115
64.1028 	-0.00295115
64.173 	-0.000566482
64.2431 	-0.000566482
64.3132 	-0.000566482
64.3834 	-0.000566482
64.4535 	-0.000566482
64.5236 	-0.000566482
64.5938 	-0.000566482
64.6639 	-0.000566482
64.734 	-0.000566482
64.8042 	-0.000566482
64.8743 	-0.000566482
64.9444 	-0.000566482
65.0146 	-0.000566482
65.0847 	-0.000566482
65.1548 	-0.000566482
65.225 	-0.000566482
65.2951 	-0.000566482
65.3653 	-0.000566482
65.4354 	0.000340233
65.5055 	0.000340233
65.5757 	0.000340233
65.6458 	0.000340233
65.7159 	0.000340233
65.7861 	0.000340233
65.8562 	0.000340233
65.9263 	0.000340233
65.9965 	0.000340233
66.0666 	0.000340233
66.1367 	0.000340233
66.2069 	0.000340233
66.277 	0.000340233
66.3471 	0.000340233
66.4173 	0.000340233
66.4874 	0.000340233
66.5575 	0.000340233
66.6277 	0.000331989
66.6978 	0.000331989
66.7679 	0.000331989
66.8381 	0.000331989
66.9082 	0.000331989
66.9783 	0.000331989
67.0485 	0.000331989
67.1186 	0.000331989
67.1887 	0.000331989
67.2589 	0.000331989
67.329 	0.000331989
67.3991 	0.000331989
67.4693 	0.000331989
67.5394 	0.000331989
67.6096 	0.000331989
67.6797 	0.000331989
67.7498 	0.000331989
67.82 	0.000331989
67.8901 	0.000181636
67.9602 	0.000181636
68.0304 	0.000181636
68.1005 	0.000181636
68.1706 	0.000181636
68.2408 	0.000181636
68.3109 	0.000181636
68.381 	0.000181636
68.4512 	0.000181636
68.5213 	0.000181636
68.5914 	0.000181636
68.6616 	0.000181636
68.7317 	0.000181636
68.8018 	0.000181636
68.872 	0.000181636
68.9421 	0.000181636
69.0122 	0.000181636
