/*--------------------------------*- C++ -*----------------------------------*\
| =========                 |                                                 |
| \\      /  F ield         | OpenFOAM: The Open Source CFD Toolbox           |
|  \\    /   O peration     | Version:  v2012                                 |
|   \\  /    A nd           | Website:  www.openfoam.com                      |
|    \\/     M anipulation  |                                                 |
\*---------------------------------------------------------------------------*/
FoamFile
{
    version     2.0;
    format      ascii;
    class       volScalarField;
    location    "30";
    object      p;
}
// * * * * * * * * * * * * * * * * * * * * * * * * * * * * * * * * * * * * * //

dimensions      [0 2 -2 0 0 0 0];


internalField   nonuniform List<scalar> 
8800
(
1.64869
1.60064
1.56226
1.53361
1.51297
1.49819
1.48756
1.48001
1.47511
1.47296
1.47413
1.47825
1.48485
1.49413
1.50685
1.52441
1.54884
1.58243
1.62487
1.68199
1.48123
1.48844
1.49687
1.50028
1.49835
1.49281
1.48608
1.47988
1.47507
1.47213
1.47175
1.47416
1.47859
1.48453
1.49139
1.49797
1.50208
1.50155
1.49547
1.48648
1.45796
1.46414
1.46833
1.47168
1.47417
1.47494
1.4738
1.47161
1.4695
1.46849
1.46934
1.47164
1.47439
1.47654
1.47702
1.47546
1.47258
1.46892
1.46438
1.46059
1.45286
1.45556
1.45828
1.46058
1.46221
1.46352
1.46439
1.46454
1.4642
1.46405
1.46467
1.46571
1.4664
1.46626
1.46541
1.46416
1.46237
1.45984
1.4574
1.45587
1.44771
1.44914
1.45093
1.45298
1.45473
1.45601
1.457
1.45781
1.4584
1.45887
1.45936
1.45968
1.45959
1.45914
1.45837
1.4571
1.45535
1.45342
1.45208
1.45126
1.44277
1.44368
1.44492
1.44651
1.44815
1.44966
1.45089
1.45191
1.4528
1.45358
1.45408
1.45421
1.454
1.45344
1.45247
1.45116
1.44973
1.44841
1.44756
1.44702
1.43799
1.43865
1.43962
1.44093
1.44235
1.44382
1.44524
1.4465
1.4476
1.44854
1.44915
1.44931
1.44903
1.44834
1.44737
1.44628
1.44515
1.44415
1.44353
1.44314
1.43335
1.43386
1.43466
1.43581
1.4371
1.43848
1.43992
1.44135
1.44267
1.44382
1.44457
1.44477
1.44448
1.44385
1.44304
1.44213
1.44121
1.44042
1.43995
1.43965
1.42882
1.42922
1.42989
1.43094
1.43217
1.43351
1.43494
1.43645
1.43796
1.43934
1.44027
1.44058
1.4404
1.43994
1.4393
1.43855
1.43778
1.43715
1.43679
1.43655
1.42432
1.42464
1.42523
1.42621
1.4274
1.42872
1.43017
1.43173
1.43337
1.43498
1.43616
1.4367
1.43676
1.4365
1.43603
1.43545
1.43482
1.43432
1.43403
1.43384
1.4198
1.42006
1.42059
1.42153
1.42272
1.42408
1.4256
1.42728
1.4291
1.43098
1.43247
1.43331
1.43362
1.43356
1.43325
1.43281
1.43231
1.43192
1.4317
1.43155
1.41522
1.41542
1.41591
1.41685
1.41808
1.41951
1.42116
1.42302
1.42509
1.42729
1.42919
1.4304
1.43099
1.43113
1.43101
1.4307
1.43031
1.43
1.42984
1.42972
1.41053
1.41069
1.41115
1.41211
1.41339
1.41491
1.41666
1.41873
1.42115
1.42381
1.42619
1.42778
1.42871
1.42917
1.42928
1.42915
1.42888
1.42866
1.42855
1.42845
1.40569
1.4058
1.40625
1.40722
1.40856
1.41019
1.41213
1.41444
1.41718
1.42035
1.42334
1.42554
1.42695
1.42776
1.42813
1.42822
1.42811
1.42799
1.42793
1.42785
1.40065
1.40072
1.40115
1.40216
1.40361
1.4054
1.40758
1.41029
1.41358
1.41746
1.42119
1.42399
1.42587
1.42706
1.42775
1.42807
1.42814
1.42814
1.42813
1.42807
1.39529
1.39535
1.39575
1.39675
1.39826
1.4002
1.40263
1.40572
1.40959
1.41429
1.41896
1.42261
1.4252
1.42694
1.42808
1.42875
1.4291
1.42927
1.42931
1.42926
1.38925
1.3893
1.38972
1.39074
1.39238
1.39456
1.3974
1.40108
1.40578
1.41154
1.41734
1.42194
1.42526
1.42762
1.42928
1.43035
1.431
1.43133
1.43142
1.43136
1.38221
1.38225
1.38271
1.38381
1.38565
1.38817
1.39153
1.39595
1.40167
1.40876
1.41595
1.42173
1.426
1.42908
1.43129
1.43283
1.43381
1.43431
1.43443
1.43437
1.37375
1.37378
1.37432
1.3756
1.37776
1.38078
1.38484
1.39025
1.39727
1.406
1.41491
1.42211
1.42745
1.43137
1.43424
1.43626
1.43759
1.43824
1.4384
1.43833
1.36344
1.36348
1.36413
1.36571
1.36836
1.37208
1.37712
1.38385
1.39256
1.40337
1.41435
1.42321
1.42981
1.43468
1.43826
1.44081
1.44248
1.44329
1.44349
1.44339
1.35076
1.35081
1.35163
1.35362
1.35696
1.36166
1.36802
1.37647
1.38736
1.40073
1.41422
1.42504
1.43312
1.43908
1.44351
1.44666
1.44871
1.44968
1.44991
1.4498
1.33495
1.33502
1.33609
1.33869
1.34301
1.34906
1.35724
1.36801
1.38169
1.39824
1.4147
1.42782
1.43758
1.4448
1.45018
1.45403
1.4565
1.45764
1.45791
1.45778
1.31488
1.31496
1.31642
1.31992
1.32571
1.33373
1.34444
1.35831
1.37555
1.39596
1.41592
1.43166
1.44335
1.45202
1.45851
1.46314
1.46606
1.46739
1.46769
1.46754
1.28888
1.289
1.29108
1.29604
1.30411
1.31508
1.32938
1.34737
1.36908
1.3941
1.41805
1.43675
1.45061
1.46092
1.46863
1.47415
1.47756
1.4791
1.47943
1.47924
1.25408
1.25434
1.25769
1.26528
1.2771
1.29259
1.31199
1.33539
1.36256
1.3929
1.4213
1.44323
1.45946
1.47159
1.48067
1.48715
1.49112
1.49287
1.49321
1.49298
1.20488
1.20604
1.21273
1.22567
1.24393
1.26626
1.29263
1.32283
1.35643
1.39271
1.42588
1.45122
1.46994
1.48398
1.49452
1.50208
1.5067
1.50865
1.50896
1.50867
1.13261
1.14027
1.15565
1.1784
1.20612
1.23745
1.27227
1.31029
1.35107
1.39389
1.43232
1.46146
1.48304
1.49933
1.51171
1.52071
1.52624
1.52864
1.52907
1.52886
1.05556
1.07273
1.09752
1.13062
1.16811
1.20856
1.25192
1.298
1.34645
1.39665
1.44148
1.47557
1.50096
1.52025
1.53513
1.54624
1.55313
1.55602
1.55676
1.55673
0.991505
1.01173
1.04441
1.08605
1.13207
1.18105
1.23262
1.28656
1.3425
1.39984
1.4507
1.48927
1.51801
1.53994
1.55681
1.56932
1.57732
1.58096
1.58156
1.58162
0.93937
0.96157
0.999384
1.04706
1.09977
1.15581
1.21459
1.27571
1.33863
1.40265
1.45906
1.50161
1.53315
1.55711
1.57553
1.58928
1.59841
1.60225
1.60297
1.60311
0.896201
0.919528
0.9608
1.0133
1.07132
1.13316
1.19807
1.26548
1.3347
1.40483
1.46625
1.51225
1.54613
1.57173
1.59136
1.60596
1.61564
1.61995
1.62094
1.62113
0.859283
0.883261
0.927313
0.983487
1.04595
1.11269
1.18288
1.25584
1.3307
1.40636
1.47229
1.52131
1.55715
1.58405
1.60453
1.61974
1.62982
1.63452
1.63575
1.63594
0.82667
0.851095
0.897238
0.956546
1.02278
1.09377
1.16862
1.24654
1.32651
1.40724
1.47731
1.52905
1.56657
1.59448
1.61557
1.63117
1.64135
1.64632
1.64765
1.64782
0.796953
0.821777
0.869669
0.931644
1.00111
1.07584
1.15485
1.23727
1.32197
1.40744
1.48143
1.53573
1.57477
1.60353
1.62502
1.6408
1.65108
1.65614
1.65755
1.65767
0.76926
0.794442
0.843906
0.908135
0.980468
1.0585
1.14125
1.22779
1.31689
1.40689
1.48469
1.54151
1.58204
1.61162
1.63352
1.64942
1.65976
1.66486
1.66632
1.66642
0.742886
0.76847
0.819366
0.885574
0.96048
1.04147
1.12759
1.2179
1.31114
1.4055
1.4871
1.54651
1.58862
1.6191
1.64146
1.65757
1.66792
1.67293
1.67443
1.67456
0.717537
0.743559
0.795519
0.863694
0.940896
1.02454
1.11372
1.2075
1.3046
1.40321
1.48865
1.55081
1.59469
1.62621
1.64914
1.6655
1.67592
1.68087
1.68227
1.68234
0.692862
0.719457
0.772409
0.84232
0.921566
1.00759
1.09954
1.1965
1.29724
1.39995
1.48934
1.55449
1.60035
1.6331
1.65674
1.67344
1.68393
1.68881
1.69007
1.69007
0.668781
0.695794
0.749874
0.821328
0.902403
0.990572
1.08502
1.18488
1.28901
1.39571
1.48914
1.5575
1.60562
1.63981
1.6643
1.68142
1.69199
1.69675
1.69787
1.69777
0.645202
0.672765
0.727805
0.80066
0.883384
0.973466
1.07015
1.17265
1.2799
1.39043
1.48793
1.55977
1.61046
1.64637
1.67186
1.68944
1.70003
1.7046
1.70556
1.70537
0.622057
0.650224
0.706186
0.780319
0.864511
0.956301
1.05498
1.15983
1.26994
1.38406
1.48562
1.56118
1.61483
1.65277
1.67943
1.69749
1.70803
1.7123
1.71305
1.71281
0.599346
0.628169
0.685038
0.760333
0.845835
0.939121
1.03955
1.14648
1.25915
1.37659
1.48213
1.56161
1.61859
1.659
1.68709
1.7056
1.71589
1.71973
1.72025
1.71995
0.577241
0.606671
0.664404
0.740741
0.827404
0.922004
1.02395
1.13269
1.2476
1.36806
1.4774
1.56088
1.62156
1.66499
1.69495
1.71392
1.72363
1.72677
1.72701
1.72668
0.555779
0.585784
0.644319
0.721603
0.809284
0.905018
1.00827
1.11855
1.2354
1.3585
1.47137
1.55883
1.62351
1.67057
1.70315
1.72287
1.73154
1.73339
1.73319
1.73287
0.534901
0.565553
0.624822
0.702961
0.791544
0.888251
0.992608
1.10417
1.22264
1.348
1.46401
1.55534
1.62414
1.67538
1.71166
1.73312
1.74061
1.74009
1.73874
1.73856
0.51478
0.545995
0.605977
0.684885
0.774246
0.871788
0.977058
1.08966
1.20945
1.33667
1.45535
1.55028
1.62313
1.67884
1.71996
1.74512
1.75289
1.74942
1.74502
1.74384
0.495334
0.527114
0.587767
0.667349
0.757359
0.855584
0.961566
1.07496
1.19575
1.32444
1.44525
1.54339
1.62019
1.68017
1.72682
1.75813
1.76993
1.76723
1.75625
1.74392
0.476636
0.508921
0.570063
0.650164
0.740589
0.8393
0.945711
1.05958
1.18099
1.31064
1.43303
1.5338
1.61461
1.67817
1.72955
1.76805
1.78499
1.77768
1.76051
1.74802
0.458854
0.491399
0.553034
0.633554
0.724208
0.823267
0.929717
1.04386
1.1655
1.29557
1.41885
1.52115
1.60597
1.6719
1.72305
1.76193
1.78189
1.76295
1.69415
1.66162
0.44244
0.473364
0.537069
0.618103
0.708936
0.807991
0.913875
1.02804
1.14952
1.27941
1.40278
1.50525
1.59332
1.66158
1.70336
1.73374
1.73672
1.68746
1.61569
1.57195
0.392356
0.456676
0.522427
0.602858
0.693587
0.792251
0.898204
1.01191
1.13277
1.26177
1.38435
1.48586
1.57342
1.64861
1.65801
1.66822
1.63445
1.57106
1.49403
1.45105
0.425528
0.442288
0.500946
0.580825
0.670917
0.769236
0.874254
0.987017
1.10647
1.23334
1.35303
1.45166
1.53004
1.60621
1.60468
1.4996
1.39817
1.32721
1.25435
1.29151
0.394174
0.424178
0.484023
0.563425
0.653479
0.75143
0.85651
0.96849
1.08668
1.21144
1.32789
1.42248
1.49293
1.53327
1.48952
1.3456
1.21942
1.12935
1.03058
1.08678
0.370402
0.402854
0.464366
0.544028
0.634086
0.731884
0.836752
0.947766
1.06437
1.18646
1.29888
1.38779
1.44829
1.45629
1.35299
1.17915
1.02578
0.90619
0.77564
0.816837
0.347216
0.381019
0.443793
0.524222
0.61443
0.712072
0.816365
0.926285
1.04111
1.16021
1.26782
1.35032
1.39585
1.37091
1.21248
1.0123
0.819546
0.644968
0.451856
0.453501
0.324645
0.358795
0.422443
0.503547
0.593953
0.691387
0.79499
0.903709
1.01653
1.1323
1.23455
1.30986
1.33779
1.27729
1.07822
0.859542
0.637299
0.444712
0.180063
-0.103026
0.301831
0.335944
0.400053
0.481624
0.572237
0.669515
0.772501
0.880005
0.990747
1.103
1.1997
1.26666
1.27657
1.16488
0.960532
0.738267
0.520292
0.343864
0.261946
0.127541
0.2779
0.312012
0.376321
0.458126
0.548813
0.645849
0.748128
0.854255
0.962615
1.07088
1.16158
1.21875
1.20321
1.05336
0.855278
0.648989
0.469145
0.370293
0.346301
0.327647
0.252565
0.286673
0.351104
0.432985
0.523575
0.620213
0.721563
0.826023
0.931587
1.03524
1.11951
1.16438
1.12674
0.948874
0.76001
0.579312
0.440366
0.399434
0.384942
0.383117
0.225625
0.259803
0.324365
0.406237
0.496606
0.592642
0.69283
0.795306
0.897638
0.996093
1.07325
1.10422
1.047
0.850571
0.671337
0.511204
0.420571
0.404709
0.403349
0.403293
0.197079
0.231391
0.296105
0.377925
0.467934
0.563194
0.66198
0.762153
0.860824
0.953562
1.02258
1.04074
0.949533
0.759759
0.588528
0.456361
0.41646
0.412913
0.412618
0.413174
0.167243
0.201727
0.266472
0.348177
0.437697
0.531986
0.629117
0.726672
0.821251
0.907794
0.96805
0.970384
0.849495
0.673039
0.520605
0.431398
0.42091
0.419068
0.418315
0.41858
0.136703
0.171242
0.235752
0.317257
0.40614
0.49925
0.594479
0.689099
0.77922
0.859049
0.910884
0.893465
0.756039
0.592742
0.462266
0.436711
0.421123
0.419714
0.420688
0.421273
0.105891
0.140342
0.204535
0.285609
0.373665
0.465392
0.558457
0.649844
0.735213
0.808008
0.851317
0.816571
0.662627
0.513918
0.416105
0.388019
0.404937
0.416034
0.420089
0.421109
0.0756849
0.109814
0.173581
0.253851
0.34087
0.430985
0.521642
0.609535
0.689937
0.755668
0.789231
0.740243
0.568059
0.433812
0.364662
0.382382
0.390382
0.400547
0.408452
0.411612
0.0475834
0.0807741
0.143723
0.222924
0.308621
0.396835
0.484862
0.569085
0.644315
0.703099
0.728424
0.666817
0.47792
0.327355
0.306062
0.3212
0.331528
0.339375
0.348664
0.354673
0.0228846
0.0550947
0.115927
0.193993
0.277957
0.364002
0.449184
0.529682
0.599739
0.651706
0.672984
0.597688
0.411992
0.202532
0.155814
0.188194
0.24089
0.256925
0.261426
0.265649
0.00349345
0.0338401
0.0924994
0.168309
0.250155
0.333751
0.415938
0.49275
0.558109
0.60292
0.623462
0.537672
0.390608
0.184164
-0.0131053
0.0661034
0.10899
0.117515
0.125002
0.129062
-0.0088475
0.0189386
0.0745706
0.147658
0.226803
0.307581
0.386684
0.45998
0.521351
0.559698
0.579696
0.484337
0.40639
0.445261
0.394343
0.179347
-0.0212045
-0.0292096
-0.0127962
-0.00746451
-0.011883
0.012229
0.0638745
0.133526
0.209493
0.287084
0.363108
0.433332
0.491255
0.525703
0.534137
0.429487
0.385251
0.668841
0.767732
0.361791
0.0400783
0.00209351
-0.0160037
-0.0225789
-0.00435993
0.0155368
0.0621311
0.127267
0.199548
0.27379
0.347072
0.414991
0.470604
0.502532
0.491019
0.325491
-0.00936772
-0.391232
-0.748534
-1.10005
-0.969795
-0.579899
-0.339142
-0.323812
0.0156011
0.0312189
0.0705865
0.1298
0.19782
0.268846
0.339883
0.407071
0.463501
0.495501
0.478325
0.219693
-0.487835
-1.5474
-2.1266
-2.35959
-2.18704
-1.79787
-1.40005
-1.20225
0.0463696
0.0571645
0.0887978
0.140877
0.204376
0.272479
0.342472
0.41086
0.472354
0.513815
0.507766
0.300702
-0.215735
-0.833964
-1.33437
-1.47205
-1.30232
-1.00209
-0.733761
-0.599145
0.0839039
0.0903584
0.113618
0.158495
0.217623
0.283681
0.354227
0.426651
0.496507
0.563419
0.600551
0.618524
0.594401
0.713536
0.923542
1.22487
1.52459
1.7384
1.87124
1.92679
0.122587
0.126147
0.140808
0.178687
0.234527
0.300008
0.372261
0.451148
0.535228
0.625724
0.731611
0.876865
1.19903
1.74625
2.3651
2.92514
3.32519
3.54777
3.63833
3.66332
0.156919
0.158927
0.167275
0.197757
0.250598
0.317081
0.392796
0.477287
0.574029
0.682829
0.80757
0.938956
1.21416
1.77872
2.39062
2.92713
3.31145
3.53284
3.63182
3.65907
0.190991
0.191783
0.19466
0.21546
0.264058
0.331947
0.410195
0.497962
0.594375
0.704772
0.819298
0.939943
1.09992
1.52556
2.02522
2.43173
2.72764
2.90546
2.98854
3.01456
0.217632
0.21884
0.219481
0.232522
0.277155
0.34583
0.425549
0.512517
0.605675
0.711458
0.817181
0.921965
1.0254
1.27501
1.63562
1.93414
2.15939
2.2962
2.35879
2.37508
0.232112
0.231641
0.230115
0.24204
0.290453
0.363441
0.444031
0.527551
0.615506
0.712084
0.805176
0.889369
0.968029
1.11768
1.35208
1.55943
1.71506
1.80689
1.84883
1.85792
0.260176
0.256316
0.253385
0.267105
0.319194
0.393224
0.470732
0.547271
0.625873
0.709571
0.789316
0.858651
0.925764
1.01923
1.1749
1.30818
1.4043
1.46009
1.48334
1.48783
0.344559
0.339664
0.336464
0.349506
0.390984
0.449584
0.511764
0.574232
0.638934
0.708007
0.773986
0.828795
0.880447
0.940242
1.03935
1.12445
1.18529
1.21977
1.23396
1.23485
0.475715
0.473146
0.4712
0.477155
0.497662
0.528221
0.565496
0.607528
0.654824
0.70763
0.758037
0.797469
0.832912
0.86839
0.930562
0.990717
1.03029
1.05343
1.06191
1.0618
0.597058
0.596164
0.594356
0.592769
0.594522
0.602395
0.617775
0.640757
0.671602
0.708821
0.743807
0.769528
0.792228
0.814234
0.852857
0.892313
0.922194
0.939011
0.945907
0.945242
0.673624
0.673276
0.671216
0.665912
0.659113
0.65548
0.658355
0.668886
0.686994
0.710866
0.732364
0.744688
0.751904
0.765065
0.797222
0.82895
0.851009
0.863345
0.868002
0.867021
0.709683
0.7093
0.707256
0.702082
0.694454
0.687945
0.685657
0.689443
0.699792
0.714915
0.726827
0.727548
0.719205
0.729873
0.761641
0.789946
0.80839
0.817348
0.820443
0.819403
0.721912
0.721482
0.719788
0.715898
0.710212
0.704746
0.701768
0.703364
0.71017
0.721124
0.727882
0.722069
0.708676
0.719596
0.748768
0.772923
0.788037
0.795787
0.798607
0.797865
0.722516
0.722164
0.720969
0.718318
0.714761
0.711407
0.709812
0.711859
0.718428
0.729221
0.737711
0.735271
0.726949
0.742358
0.767382
0.784914
0.794643
0.799503
0.801247
0.800625
0.716856
0.716703
0.716107
0.714524
0.712505
0.711069
0.711477
0.715387
0.724535
0.738242
0.753711
0.763085
0.769852
0.786167
0.803697
0.815007
0.822222
0.826319
0.827814
0.826772
0.705561
0.705677
0.70574
0.705268
0.704661
0.70502
0.707624
0.714364
0.727448
0.746181
0.770854
0.793785
0.815572
0.834233
0.842317
0.849874
0.857162
0.863485
0.865754
0.864604
0.687044
0.68742
0.688074
0.6887
0.689674
0.692117
0.697523
0.707681
0.725381
0.751649
0.783979
0.817203
0.852518
0.86808
0.872588
0.880769
0.889754
0.897071
0.899697
0.898198
0.659342
0.659991
0.66123
0.662834
0.665409
0.670173
0.678652
0.692976
0.716205
0.749865
0.788466
0.824316
0.858797
0.873965
0.883552
0.897975
0.91091
0.920412
0.92176
0.9198
0.621016
0.621953
0.623556
0.626016
0.630003
0.636824
0.648203
0.666805
0.695681
0.736612
0.781107
0.815977
0.841533
0.854047
0.874416
0.898237
0.91616
0.924168
0.925349
0.924845
0.569678
0.5708
0.572841
0.575999
0.58101
0.589141
0.602283
0.623617
0.656662
0.704787
0.759166
0.80111
0.815746
0.829466
0.866737
0.903683
0.927392
0.937565
0.937658
0.937302
0.502863
0.504208
0.506476
0.509937
0.515165
0.52304
0.535166
0.554789
0.58685
0.639784
0.711232
0.770454
0.787628
0.811872
0.866434
0.920396
0.952172
0.962217
0.961345
0.962227
0.419361
0.420706
0.422763
0.425735
0.4296
0.434226
0.439964
0.448948
0.46747
0.516537
0.617436
0.711864
0.745972
0.78894
0.880628
0.956162
1.01075
1.02256
1.01876
1.01865
0.321093
0.322062
0.323221
0.324448
0.324461
0.321174
0.312181
0.296024
0.281562
0.315197
0.459744
0.609156
0.675219
0.758714
0.882137
0.990907
1.05258
1.06421
1.06059
1.05833
0.215413
0.215547
0.21506
0.213113
0.20649
0.190111
0.156187
0.0962453
0.0213085
0.0336795
0.237789
0.459523
0.577295
0.705416
0.856175
0.979732
1.03613
1.03535
1.03054
1.0272
0.115773
0.114787
0.112325
0.106423
0.0916797
0.059315
-0.00584607
-0.121015
-0.268362
-0.274722
-0.00407736
0.276586
0.446975
0.626726
0.799671
0.896857
0.925294
0.929542
0.928574
0.926553
0.0391818
0.0370387
0.0327574
0.023981
0.00277041
-0.0425354
-0.133364
-0.293744
-0.487111
-0.519233
-0.20684
0.123167
0.324329
0.545954
0.731382
0.80614
0.8064
0.801957
0.798693
0.796019
-0.002763
-0.00489981
-0.00852673
-0.0177337
-0.0396933
-0.0869419
-0.184026
-0.35359
-0.552213
-0.580092
-0.292355
0.0141758
0.226417
0.448969
0.629813
0.671329
0.658653
0.643314
0.633576
0.62803
-0.00956581
-0.0111337
-0.0134184
-0.0186018
-0.0329438
-0.0669805
-0.141644
-0.277687
-0.424794
-0.446118
-0.233524
-0.0209014
0.124034
0.272728
0.4354
0.442806
0.418943
0.395547
0.382852
0.376338
0.00336015
0.00307489
0.00415482
0.00549604
0.00468833
0.000124865
-0.0139756
-0.0493263
-0.094204
-0.112649
-0.0817549
-0.0234867
0.0172311
0.00191827
-0.0144039
0.0454608
0.0641545
0.0665183
0.0666353
0.0687395
0.657598
0.860645
1.07914
1.25964
1.40488
1.52086
1.61815
1.69949
1.7326
1.71672
1.01146
1.14488
1.2835
1.40337
1.50478
1.58929
1.65742
1.7052
1.73025
1.74282
1.24866
1.33853
1.43221
1.51581
1.58778
1.64796
1.69559
1.73063
1.75606
1.77366
1.41887
1.48168
1.54772
1.60834
1.66094
1.70545
1.74192
1.77124
1.79472
1.81281
1.55076
1.59586
1.64514
1.6908
1.73139
1.76673
1.79692
1.82221
1.84262
1.86046
1.65848
1.69299
1.73321
1.7701
1.80387
1.83415
1.8606
1.88293
1.90038
1.91792
1.75353
1.78331
1.81849
1.85161
1.88232
1.91018
1.93457
1.95482
1.96971
1.98715
1.8437
1.87368
1.90833
1.94105
1.97116
1.99821
2.02148
2.04019
2.05303
2.0705
1.94002
1.97385
2.0107
2.0448
2.07516
2.10159
2.12372
2.14097
2.15254
2.17036
2.05559
2.09418
2.13266
2.16715
2.19661
2.22143
2.24185
2.25765
2.26907
2.28743
2.20079
2.24044
2.27594
2.30643
2.3321
2.35425
2.37332
2.38891
2.4016
2.41975
2.37543
2.40772
2.43362
2.45596
2.47606
2.49485
2.51252
2.5291
2.54488
2.56308
2.56313
2.58078
2.59642
2.61307
2.62925
2.64382
2.65688
2.67087
2.68797
2.70766
2.745
2.75586
2.76803
2.77885
2.78812
2.79771
2.80862
2.82023
2.8302
2.84538
2.95592
2.95796
2.94282
2.9276
2.92124
2.92693
2.94555
2.97598
3.00812
3.03887
3.26184
3.12479
3.04852
3.00647
2.98905
2.99309
3.02046
3.07661
3.18007
3.39535
1.54498
1.54161
1.53568
1.52586
1.51291
1.50048
1.49015
1.48218
1.47648
1.47313
1.47266
1.4753
1.48034
1.48752
1.49691
1.50857
1.52167
1.53365
1.54109
1.54581
1.46301
1.46889
1.4758
1.48103
1.48387
1.48353
1.4806
1.47665
1.47304
1.47067
1.47041
1.4725
1.4761
1.48038
1.48428
1.48624
1.48509
1.48098
1.47506
1.46801
1.45538
1.45773
1.46107
1.46397
1.46618
1.46797
1.46891
1.46862
1.46753
1.46655
1.4666
1.46791
1.46962
1.47081
1.47079
1.46956
1.46772
1.46534
1.46216
1.45919
1.45027
1.45136
1.45322
1.4556
1.45755
1.45893
1.46
1.46081
1.46122
1.46137
1.46173
1.46237
1.46279
1.46266
1.46205
1.46111
1.45966
1.45755
1.45541
1.45399
1.44522
1.44587
1.44698
1.44871
1.45051
1.45211
1.45336
1.45434
1.45518
1.4559
1.45648
1.45682
1.45682
1.45649
1.45582
1.4547
1.45319
1.45155
1.45019
1.4494
1.44036
1.44081
1.4416
1.4429
1.4444
1.44593
1.44738
1.44862
1.44967
1.4506
1.45133
1.45168
1.45162
1.45119
1.45035
1.44922
1.44797
1.44675
1.44579
1.44526
1.43566
1.43599
1.43661
1.43769
1.43899
1.44038
1.44182
1.44324
1.44453
1.44566
1.44654
1.44697
1.4469
1.44639
1.44558
1.44463
1.44363
1.44265
1.44191
1.44152
1.43108
1.43134
1.43184
1.43277
1.43397
1.43528
1.43668
1.43814
1.4396
1.44095
1.44203
1.44258
1.44256
1.44214
1.44148
1.4407
1.43986
1.43907
1.43849
1.43819
1.42657
1.42677
1.42719
1.42802
1.42915
1.43042
1.4318
1.43328
1.43485
1.43642
1.43773
1.43845
1.4386
1.43837
1.43789
1.43728
1.43659
1.43594
1.4355
1.43526
1.42207
1.42222
1.42258
1.42335
1.42445
1.42571
1.42711
1.42865
1.43033
1.43208
1.43366
1.43468
1.43509
1.43508
1.43479
1.43433
1.43379
1.43327
1.43292
1.43274
1.41752
1.41764
1.41795
1.41868
1.41978
1.42107
1.42255
1.42422
1.42608
1.42808
1.42999
1.43137
1.43208
1.4323
1.43219
1.43188
1.43147
1.43106
1.43079
1.43065
1.41289
1.41298
1.41326
1.41398
1.41511
1.41647
1.41804
1.41988
1.42199
1.42434
1.42669
1.42848
1.42952
1.43
1.43012
1.42999
1.4297
1.42939
1.42919
1.42909
1.40813
1.40819
1.40844
1.40915
1.41031
1.41175
1.41342
1.41541
1.41778
1.42053
1.42341
1.42572
1.42722
1.4281
1.42853
1.42863
1.42851
1.42832
1.4282
1.42813
1.40319
1.40322
1.40344
1.40417
1.40539
1.40694
1.40881
1.41108
1.41384
1.41709
1.42062
1.42361
1.42564
1.4269
1.42764
1.42797
1.42805
1.42799
1.42795
1.42791
1.39804
1.39804
1.39824
1.39895
1.40021
1.40188
1.40393
1.40651
1.40974
1.41368
1.41804
1.42179
1.42447
1.42629
1.42741
1.42807
1.42843
1.42857
1.42862
1.42861
1.39238
1.39237
1.39258
1.39327
1.39457
1.39636
1.39866
1.40163
1.40542
1.41014
1.4155
1.42029
1.42379
1.42624
1.42791
1.42904
1.42974
1.43011
1.43026
1.43026
1.38589
1.38586
1.38609
1.38682
1.38823
1.39023
1.39291
1.39645
1.40105
1.40685
1.41347
1.41941
1.42383
1.42703
1.4293
1.43089
1.43196
1.43258
1.43282
1.43283
1.37818
1.37814
1.3784
1.37923
1.38082
1.38313
1.38631
1.39056
1.39613
1.40323
1.41141
1.41882
1.42441
1.4285
1.43146
1.43361
1.43509
1.43596
1.43629
1.43631
1.36884
1.36879
1.3691
1.37011
1.372
1.37481
1.3787
1.38394
1.39084
1.39961
1.40971
1.41887
1.42577
1.43088
1.43462
1.43736
1.43926
1.44037
1.44079
1.44081
1.35741
1.35734
1.35774
1.35901
1.36135
1.36486
1.36971
1.37626
1.38486
1.39576
1.40822
1.41946
1.42795
1.43423
1.43886
1.44227
1.44464
1.446
1.44651
1.44653
1.34323
1.34315
1.3437
1.34533
1.34832
1.3528
1.35899
1.3673
1.37815
1.39172
1.40705
1.42078
1.43108
1.43872
1.44438
1.44856
1.45146
1.4531
1.45369
1.45372
1.32539
1.32529
1.32605
1.32824
1.33216
1.33803
1.34611
1.35683
1.37061
1.38753
1.40633
1.42294
1.43534
1.44453
1.45137
1.45642
1.45993
1.46186
1.46255
1.46258
1.30251
1.3024
1.30352
1.30653
1.31188
1.31983
1.33062
1.34465
1.36224
1.38331
1.40617
1.4261
1.4409
1.45186
1.46005
1.46607
1.47024
1.4725
1.47329
1.47332
1.27239
1.27232
1.27408
1.2785
1.28617
1.29739
1.31216
1.33075
1.35322
1.37928
1.40683
1.43044
1.44788
1.46083
1.47052
1.47767
1.48253
1.48515
1.48605
1.48606
1.23109
1.2312
1.23438
1.24171
1.25358
1.27007
1.29068
1.31536
1.34389
1.37578
1.40853
1.43614
1.45642
1.4715
1.48282
1.49119
1.49684
1.49984
1.50081
1.50079
1.1711
1.17238
1.18012
1.19387
1.21334
1.23806
1.26677
1.29915
1.33483
1.37322
1.41155
1.44331
1.4665
1.48376
1.49676
1.50639
1.51295
1.51634
1.5173
1.51724
1.09945
1.10179
1.11656
1.14025
1.17028
1.20451
1.24203
1.28264
1.32605
1.37175
1.41672
1.45383
1.48104
1.50146
1.51693
1.52846
1.53636
1.54051
1.54166
1.54166
1.02611
1.03302
1.05491
1.08849
1.1283
1.17177
1.21805
1.26691
1.31814
1.37127
1.42308
1.46572
1.49704
1.52066
1.53877
1.55254
1.56194
1.56615
1.56756
1.56786
0.967246
0.975941
1.00249
1.04284
1.09018
1.14143
1.1955
1.25204
1.3107
1.37093
1.42919
1.47687
1.5118
1.53808
1.5582
1.57338
1.58379
1.58902
1.59119
1.59161
0.919315
0.928592
0.958573
1.00378
1.05685
1.11429
1.17489
1.23815
1.30351
1.37029
1.4345
1.48669
1.52468
1.55312
1.57484
1.59132
1.60278
1.60883
1.6113
1.61178
0.879153
0.888638
0.920938
0.969899
1.02759
1.09012
1.15622
1.22528
1.2966
1.3693
1.43888
1.49508
1.53568
1.56588
1.58882
1.60621
1.61838
1.62503
1.62777
1.62829
0.844205
0.85378
0.887764
0.939805
1.00132
1.06819
1.13905
1.21322
1.28986
1.36791
1.44239
1.50218
1.54505
1.5767
1.60055
1.61855
1.63118
1.6383
1.64118
1.64171
0.812909
0.822524
0.857837
0.912442
0.977181
1.04779
1.12285
1.2016
1.28307
1.36604
1.44508
1.50821
1.55313
1.58599
1.61053
1.62887
1.64172
1.64905
1.65196
1.65252
0.784086
0.793759
0.830181
0.887003
0.95451
1.02839
1.10719
1.19007
1.27599
1.36359
1.44697
1.51331
1.56019
1.59416
1.61929
1.63789
1.65082
1.65829
1.66118
1.66175
0.756965
0.766704
0.804117
0.862845
0.932837
1.00964
1.09177
1.1784
1.26843
1.36041
1.44802
1.51757
1.56643
1.60156
1.62729
1.6462
1.65925
1.66672
1.66964
1.67004
0.731051
0.740889
0.779228
0.839557
0.911825
0.991232
1.07638
1.16642
1.26026
1.35641
1.44819
1.52103
1.57201
1.60842
1.63487
1.65412
1.66731
1.67477
1.67765
1.67803
0.705942
0.715963
0.755123
0.816984
0.891265
0.973006
1.06086
1.15402
1.2514
1.35151
1.44743
1.52373
1.57704
1.61492
1.64223
1.66194
1.67533
1.68277
1.68554
1.68592
0.681455
0.691713
0.731608
0.794967
0.87103
0.954857
1.04515
1.14114
1.24179
1.34568
1.44573
1.52567
1.58156
1.62113
1.64947
1.66976
1.68338
1.69081
1.69344
1.69376
0.65753
0.668005
0.708682
0.773373
0.851045
0.936745
1.02923
1.12778
1.23143
1.33888
1.44303
1.52677
1.58553
1.62707
1.65664
1.67759
1.69147
1.69883
1.70129
1.70151
0.63406
0.644837
0.686258
0.752173
0.831294
0.918669
1.01311
1.11395
1.22033
1.3311
1.43922
1.52692
1.58888
1.63273
1.66375
1.68546
1.69956
1.70679
1.70902
1.70913
0.611103
0.622172
0.664337
0.731373
0.811802
0.900663
0.996837
1.0997
1.20852
1.32234
1.43425
1.52602
1.5915
1.63805
1.67082
1.69339
1.70763
1.71457
1.71649
1.71649
0.58863
0.600016
0.642945
0.711012
0.792609
0.882778
0.980468
1.08511
1.19607
1.31261
1.42812
1.52394
1.59321
1.64293
1.6779
1.70148
1.71568
1.72208
1.7236
1.72348
0.566836
0.578458
0.622127
0.691134
0.773776
0.865096
0.964082
1.07026
1.18307
1.30202
1.42079
1.52058
1.59382
1.64719
1.685
1.70998
1.72393
1.72932
1.7302
1.72997
0.545598
0.557558
0.601921
0.671778
0.755345
0.847667
0.94778
1.05524
1.16963
1.29065
1.41229
1.51583
1.59312
1.65053
1.69199
1.71924
1.73303
1.73666
1.73626
1.73582
0.525076
0.537348
0.582358
0.653002
0.737403
0.830579
0.931648
1.04019
1.15586
1.27858
1.40268
1.50963
1.59089
1.65254
1.69845
1.7294
1.74417
1.74565
1.74242
1.7409
0.505228
0.517786
0.563496
0.634863
0.719992
0.813905
0.915773
1.02517
1.14187
1.26596
1.39206
1.50193
1.58697
1.65276
1.70351
1.7398
1.75825
1.75978
1.75269
1.74216
0.486131
0.498906
0.545245
0.617205
0.702898
0.797356
0.89981
1.00978
1.12719
1.25225
1.37986
1.49207
1.58077
1.65052
1.70586
1.74871
1.77406
1.7794
1.77089
1.76308
0.467842
0.480736
0.527598
0.600083
0.686144
0.780945
0.883791
0.994005
1.11181
1.23736
1.36593
1.47973
1.57166
1.64514
1.70297
1.75035
1.77936
1.78951
1.7542
1.7045
0.450627
0.46395
0.510585
0.583587
0.669671
0.76458
0.867696
0.977974
1.09579
1.22136
1.35025
1.46478
1.55871
1.6364
1.69303
1.73366
1.76341
1.75423
1.69683
1.63176
0.432698
0.448564
0.494541
0.568244
0.653712
0.748634
0.851256
0.961743
1.07926
1.20442
1.33282
1.44716
1.54075
1.62546
1.67526
1.72363
1.70348
1.66513
1.59613
1.52643
0.44556
0.465836
0.514983
0.592657
0.682961
0.781615
0.88945
1.00286
1.12329
1.25167
1.37359
1.47453
1.56007
1.64837
1.69304
1.62158
1.57868
1.518
1.44528
1.39662
0.425846
0.439159
0.47578
0.54399
0.629066
0.723463
0.826162
0.936005
1.05258
1.17623
1.30236
1.4145
1.50369
1.58454
1.65298
1.6501
1.53818
1.45628
1.39413
1.31114
0.404699
0.419108
0.460762
0.530321
0.61572
0.709691
0.811176
0.920007
1.03548
1.15751
1.28154
1.39124
1.47718
1.54452
1.57228
1.50154
1.36231
1.26704
1.19189
1.10296
0.383373
0.395853
0.441639
0.512484
0.597987
0.692101
0.793501
0.901935
1.01638
1.13672
1.25766
1.36265
1.44168
1.49207
1.47046
1.34203
1.18933
1.07152
0.973285
0.837827
0.360087
0.372823
0.420631
0.492628
0.578396
0.672509
0.773747
0.881507
0.994708
1.11297
1.23028
1.32981
1.40079
1.43101
1.37156
1.18752
1.00449
0.849484
0.705793
0.514228
0.337594
0.350064
0.399038
0.472138
0.55838
0.652446
0.753278
0.860111
0.971822
1.08764
1.20092
1.29444
1.35656
1.35777
1.24571
1.04023
0.824213
0.617577
0.436512
0.028925
0.315102
0.327215
0.376708
0.450589
0.537232
0.631315
0.73173
0.837622
0.947733
1.06087
1.16979
1.25665
1.30815
1.27474
1.11975
0.908142
0.681094
0.467661
0.284303
-0.0535282
0.291761
0.303715
0.353413
0.427761
0.514685
0.608788
0.708823
0.813796
0.922249
1.03254
1.13687
1.21656
1.25432
1.19994
1.00491
0.799343
0.585438
0.405935
0.332934
0.295337
0.267103
0.278893
0.328785
0.403371
0.490373
0.584336
0.683836
0.787666
0.89413
1.00109
1.10021
1.17189
1.19483
1.10853
0.901245
0.706801
0.52736
0.411163
0.375398
0.363996
0.240968
0.252685
0.302687
0.377418
0.464373
0.558031
0.65679
0.759224
0.863327
0.966441
1.05965
1.12301
1.12394
1.00125
0.806301
0.626842
0.475432
0.412628
0.399667
0.394979
0.213287
0.224748
0.275074
0.349914
0.436725
0.529911
0.627725
0.728478
0.829854
0.92865
1.0152
1.06998
1.04368
0.898619
0.716375
0.549012
0.439041
0.403354
0.407994
0.40809
0.184094
0.195559
0.245985
0.320933
0.407508
0.500067
0.59671
0.695508
0.793794
0.887764
0.967176
1.01149
0.965745
0.800028
0.633383
0.484566
0.432082
0.419701
0.416242
0.415991
0.153788
0.165281
0.215633
0.290683
0.376901
0.468666
0.563912
0.660477
0.755313
0.843986
0.915991
0.947815
0.89138
0.710571
0.557502
0.452482
0.407072
0.417418
0.419537
0.419794
0.122861
0.134319
0.184688
0.259508
0.345246
0.436026
0.529651
0.623697
0.714761
0.797762
0.861915
0.883495
0.80401
0.625308
0.489472
0.419911
0.41606
0.416702
0.419228
0.420586
0.0921533
0.103347
0.153702
0.227918
0.313047
0.402638
0.494399
0.585658
0.672669
0.749797
0.805816
0.81679
0.707343
0.540494
0.419999
0.406166
0.398113
0.407189
0.416604
0.419289
0.0626706
0.073499
0.123196
0.197014
0.281014
0.369204
0.458855
0.547099
0.629828
0.700975
0.749123
0.7446
0.615838
0.447003
0.352377
0.338331
0.358657
0.371462
0.380152
0.387526
0.0357797
0.0461473
0.0948319
0.167385
0.250245
0.336658
0.42394
0.509007
0.58735
0.652386
0.693741
0.677902
0.538564
0.345757
0.23105
0.254375
0.280097
0.294534
0.302912
0.310841
0.01298
0.0226717
0.069973
0.140809
0.221778
0.30616
0.390841
0.472614
0.546716
0.605668
0.641288
0.619689
0.483098
0.292503
0.0511241
0.0474627
0.152928
0.198862
0.201589
0.20424
-0.00373451
0.00510262
0.0501659
0.118782
0.197207
0.2791
0.360971
0.439395
0.509586
0.563297
0.591986
0.570524
0.443391
0.35139
0.163095
0.132868
0.0429399
0.010313
0.0311986
0.046557
-0.0126927
-0.00465693
0.0372854
0.102726
0.178179
0.257081
0.335884
0.411125
0.477779
0.527662
0.545559
0.534244
0.406017
0.511816
0.80704
0.549635
0.124519
-0.027739
-0.0180799
-0.0190155
-0.0107045
-0.00397103
0.0326336
0.0943559
0.166151
0.241617
0.317301
0.38973
0.453571
0.500244
0.510344
0.474364
0.290532
0.249669
0.401075
0.116772
-0.111935
-0.138068
-0.0707506
-0.076645
0.00341097
0.00806917
0.0381457
0.0947036
0.162308
0.233967
0.306661
0.377098
0.439679
0.484675
0.495214
0.412956
0.0179697
-0.707315
-1.47013
-1.96718
-1.95751
-1.57601
-1.12241
-0.822988
0.0293404
0.0328006
0.0552445
0.104226
0.166831
0.234744
0.305004
0.374506
0.43851
0.488202
0.501427
0.424595
-0.0833365
-0.912072
-1.75344
-2.09753
-2.12122
-1.8803
-1.56132
-1.33772
0.0641958
0.0664216
0.0813729
0.121663
0.178943
0.243424
0.312184
0.382735
0.450979
0.512068
0.54549
0.541373
0.304282
0.0409967
-0.180146
-0.218921
-0.0422985
0.209994
0.443285
0.614075
0.103228
0.104463
0.113593
0.143995
0.1956
0.258041
0.326499
0.400223
0.476877
0.552722
0.632335
0.702068
0.854426
1.14388
1.59419
2.08084
2.51012
2.81599
2.9982
3.08076
0.140422
0.141095
0.14556
0.168033
0.213798
0.27521
0.344781
0.422499
0.509089
0.604445
0.717179
0.845954
1.05527
1.53427
2.18626
2.81165
3.30028
3.61215
3.77413
3.83558
0.1737
0.174521
0.176382
0.189662
0.229383
0.289732
0.362132
0.444461
0.535596
0.641018
0.753793
0.880712
1.01197
1.37986
1.94123
2.45514
2.86391
3.12695
3.26579
3.32148
0.205555
0.206372
0.207278
0.21299
0.243871
0.302733
0.377311
0.460846
0.552044
0.65326
0.763731
0.876116
0.990243
1.19264
1.61513
2.01075
2.31457
2.52327
2.63613
2.68055
0.225049
0.226262
0.226319
0.228765
0.256107
0.316909
0.393454
0.476278
0.564707
0.660226
0.762353
0.859034
0.951789
1.0673
1.33187
1.60961
1.83275
1.98478
2.06291
2.09191
0.24125
0.241014
0.237685
0.239192
0.270348
0.337122
0.415959
0.496282
0.578365
0.664656
0.75498
0.835909
0.912801
0.990657
1.16032
1.34442
1.49003
1.58843
1.63869
1.65743
0.295035
0.292938
0.286296
0.289073
0.31984
0.382372
0.453599
0.5247
0.595734
0.669488
0.745916
0.814159
0.87597
0.931553
1.04183
1.16052
1.25118
1.31167
1.34091
1.34828
0.408651
0.405823
0.401635
0.403505
0.42436
0.464415
0.512348
0.563867
0.618125
0.676531
0.737526
0.790622
0.836093
0.873489
0.942383
1.01868
1.07872
1.11709
1.13534
1.14116
0.54192
0.540394
0.538466
0.537818
0.543716
0.557572
0.579218
0.607826
0.643156
0.684866
0.729742
0.768377
0.798583
0.820882
0.864272
0.913578
0.955198
0.982307
0.99559
0.999145
0.641861
0.641087
0.640115
0.636979
0.632319
0.630437
0.634761
0.646761
0.666676
0.693717
0.724665
0.748625
0.764346
0.776456
0.805117
0.840316
0.87142
0.891494
0.901166
0.90333
0.696019
0.69555
0.694642
0.690959
0.683892
0.676466
0.673043
0.675912
0.685982
0.702546
0.722919
0.733422
0.734966
0.732687
0.760112
0.793433
0.817989
0.83287
0.839472
0.840573
0.718101
0.717689
0.716769
0.7136
0.707693
0.700711
0.695782
0.695226
0.700376
0.711125
0.723342
0.726568
0.717736
0.71139
0.735539
0.765521
0.787284
0.799587
0.804973
0.805882
0.723404
0.723033
0.722266
0.719928
0.715921
0.711143
0.707465
0.70685
0.710758
0.719253
0.729278
0.730974
0.71958
0.714913
0.741099
0.766702
0.783568
0.792902
0.796999
0.797583
0.720518
0.720234
0.71977
0.718257
0.715711
0.713012
0.71135
0.712211
0.717405
0.727287
0.740044
0.747948
0.74678
0.75191
0.774652
0.791875
0.802651
0.808828
0.811332
0.811726
0.712104
0.711964
0.711915
0.711278
0.709963
0.708892
0.70917
0.712126
0.721234
0.733728
0.752716
0.771179
0.785983
0.802785
0.817838
0.828362
0.8355
0.840811
0.844336
0.844603
0.697376
0.697403
0.697782
0.698034
0.698053
0.698669
0.701096
0.707089
0.718845
0.737527
0.763798
0.792629
0.822589
0.848317
0.857706
0.863508
0.872285
0.881099
0.886354
0.885847
0.674454
0.674658
0.675418
0.676431
0.677772
0.680303
0.685342
0.694769
0.710863
0.73538
0.769537
0.80516
0.841806
0.870446
0.878457
0.886175
0.893993
0.904739
0.910232
0.910025
0.641617
0.641977
0.643018
0.64476
0.647336
0.651733
0.659424
0.67248
0.693331
0.724501
0.765455
0.804976
0.83884
0.860023
0.872512
0.890003
0.9089
0.919812
0.924772
0.92398
0.596982
0.597542
0.598964
0.601257
0.604821
0.610712
0.620493
0.636428
0.661548
0.699464
0.74818
0.793638
0.822343
0.832344
0.854423
0.88559
0.911464
0.927948
0.93147
0.930699
0.538015
0.53884
0.540554
0.543277
0.547479
0.554067
0.564501
0.581176
0.60776
0.649583
0.707887
0.767731
0.799741
0.805798
0.839574
0.890108
0.926248
0.944543
0.947057
0.94676
0.462771
0.463802
0.465589
0.468324
0.472348
0.47803
0.48608
0.498535
0.519091
0.556097
0.625173
0.713939
0.763839
0.779809
0.835599
0.906199
0.960552
0.984421
0.985565
0.986212
0.371289
0.37238
0.373812
0.375809
0.378176
0.38009
0.380582
0.379547
0.379542
0.394567
0.479041
0.61456
0.699023
0.73989
0.828229
0.933986
1.01262
1.05143
1.04968
1.04653
0.268089
0.268953
0.269452
0.269683
0.268384
0.26274
0.248642
0.220988
0.179413
0.150499
0.254191
0.457977
0.593747
0.674034
0.80699
0.936994
1.03223
1.0597
1.05737
1.05324
0.163697
0.163985
0.163058
0.160679
0.153981
0.13751
0.102432
0.0351625
-0.0724265
-0.151402
-0.0299101
0.258637
0.451564
0.580472
0.754981
0.893321
0.977121
0.989079
0.987973
0.984641
0.073761
0.0732035
0.070745
0.0657738
0.0537833
0.0264973
-0.0301642
-0.139522
-0.308784
-0.438142
-0.289801
0.0528068
0.299255
0.484606
0.683052
0.820264
0.864919
0.867595
0.866656
0.864938
0.0140768
0.0129385
0.0100312
0.0033336
-0.0122323
-0.0459315
-0.112466
-0.245719
-0.437826
-0.600244
-0.447436
-0.0872514
0.180755
0.386453
0.605405
0.733737
0.740531
0.733775
0.726413
0.721489
-0.00902085
-0.010438
-0.0128319
-0.0176795
-0.0302918
-0.0593449
-0.121718
-0.247467
-0.432942
-0.560006
-0.433704
-0.132785
0.079049
0.273541
0.475483
0.571578
0.562588
0.541134
0.52578
0.517171
0.00301667
0.00350379
0.00496181
0.00542611
0.00305827
-0.00510356
-0.028525
-0.0731123
-0.107476
-0.105553
-0.0485004
-0.00751129
0.0236014
-0.0228401
0.014341
0.0586828
0.0665956
0.0662635
0.0675185
0.216759
-0.30857
0.360559
0.802705
1.06897
1.2663
1.41893
1.53975
1.64114
1.74575
1.82337
0.70163
0.918159
1.10553
1.2657
1.3993
1.50928
1.5997
1.67307
1.7177
1.72498
1.06511
1.19024
1.30742
1.41466
1.5071
1.58533
1.64935
1.69761
1.72952
1.74882
1.28958
1.37366
1.45416
1.52944
1.59559
1.65195
1.6982
1.73448
1.76259
1.7822
1.45147
1.50871
1.5696
1.62492
1.674
1.71657
1.7526
1.78252
1.80719
1.82442
1.57876
1.62114
1.66865
1.71059
1.74925
1.78383
1.81404
1.83993
1.86148
1.87587
1.68428
1.7201
1.75766
1.79328
1.82644
1.85685
1.88391
1.9072
1.92621
1.93809
1.7793
1.81153
1.84544
1.87891
1.91028
1.93915
1.96476
1.98648
2.00344
2.01335
1.87153
1.90497
1.93991
1.97448
2.00623
2.03483
2.05967
2.08017
2.09543
2.1044
1.97424
2.01237
2.05027
2.08684
2.11917
2.14716
2.17071
2.18968
2.20362
2.21312
2.1016
2.1445
2.18351
2.21916
2.24958
2.27525
2.29684
2.31443
2.32791
2.33919
2.26312
2.30484
2.33866
2.36758
2.39204
2.4136
2.43322
2.45063
2.46563
2.47938
2.4536
2.48308
2.50491
2.52412
2.5424
2.55978
2.57594
2.59166
2.60838
2.62565
2.65036
2.66102
2.67335
2.68792
2.70248
2.71541
2.72672
2.73758
2.75032
2.76589
2.8374
2.847
2.85664
2.85867
2.85923
2.86345
2.87431
2.89067
2.90803
2.91273
3.14204
3.0832
3.03151
2.99149
2.96912
2.96507
2.97862
3.01234
3.06833
3.14767
1.67972
1.62261
1.58022
1.54668
1.52234
1.50491
1.4924
1.4834
1.47721
1.47363
1.47313
1.47589
1.48126
1.48916
1.50003
1.51498
1.53573
1.56445
1.60288
1.65096
1.48411
1.49313
1.49927
1.49987
1.49588
1.48948
1.48287
1.47729
1.47335
1.47158
1.47264
1.47615
1.48138
1.48788
1.49482
1.5005
1.50253
1.49918
1.4908
1.48362
1.45966
1.46176
1.46635
1.4701
1.4731
1.47483
1.47458
1.47276
1.47047
1.46879
1.46867
1.47038
1.47302
1.47561
1.47703
1.47645
1.47411
1.47086
1.46673
1.46229
1.4535
1.4544
1.4569
1.45953
1.46146
1.4629
1.46404
1.46456
1.46439
1.46404
1.46426
1.46519
1.46614
1.46644
1.46589
1.46482
1.46336
1.46118
1.45854
1.45651
1.44807
1.44854
1.44995
1.45199
1.45392
1.45543
1.45653
1.45743
1.45814
1.45863
1.45911
1.45956
1.45968
1.4594
1.4588
1.4578
1.45626
1.45436
1.45266
1.45162
1.44302
1.44331
1.44422
1.4457
1.44734
1.44894
1.45032
1.45142
1.45237
1.45321
1.45387
1.45419
1.45414
1.45377
1.453
1.45184
1.45044
1.44904
1.44791
1.44727
1.43817
1.43838
1.43907
1.44025
1.44164
1.44309
1.44455
1.4459
1.44707
1.4481
1.4489
1.44928
1.44922
1.44873
1.44788
1.44683
1.44572
1.44463
1.44378
1.44333
1.4335
1.43365
1.4342
1.4352
1.43644
1.43778
1.4392
1.44065
1.44204
1.44328
1.44425
1.44473
1.44468
1.4442
1.44346
1.44259
1.44168
1.44079
1.44014
1.4398
1.42893
1.42905
1.4295
1.43038
1.43154
1.43283
1.43421
1.43569
1.43721
1.43868
1.43987
1.44049
1.44054
1.4402
1.43963
1.43893
1.43816
1.43744
1.43693
1.43667
1.4244
1.4245
1.42488
1.42568
1.42679
1.42805
1.42943
1.43094
1.43255
1.4342
1.43564
1.4365
1.43678
1.43666
1.43628
1.43575
1.43513
1.43454
1.43415
1.43394
1.41986
1.41994
1.42027
1.42102
1.42211
1.42338
1.42482
1.42642
1.42818
1.43005
1.43179
1.43297
1.43352
1.43363
1.43343
1.43304
1.43256
1.43209
1.43179
1.43163
1.41526
1.41532
1.41561
1.41633
1.41744
1.41878
1.42031
1.42206
1.42403
1.42618
1.4283
1.42988
1.43076
1.4311
1.4311
1.43087
1.4305
1.43014
1.42991
1.42979
1.41056
1.4106
1.41086
1.41157
1.41272
1.41413
1.41575
1.41765
1.4199
1.42246
1.42506
1.42708
1.42831
1.42899
1.42926
1.42924
1.42902
1.42875
1.4286
1.42851
1.4057
1.40573
1.40596
1.40667
1.40785
1.40935
1.41112
1.41323
1.41576
1.41872
1.42189
1.42455
1.42634
1.42742
1.42798
1.42822
1.42818
1.42804
1.42796
1.4279
1.40064
1.40065
1.40087
1.40158
1.40284
1.40446
1.40644
1.40887
1.41186
1.41546
1.41939
1.42272
1.42503
1.42654
1.42746
1.42796
1.42812
1.42814
1.42814
1.42811
1.39528
1.3953
1.39548
1.39617
1.39745
1.39918
1.40135
1.40409
1.40756
1.41185
1.41668
1.42093
1.42403
1.42617
1.42756
1.42847
1.42896
1.4292
1.4293
1.4293
1.38923
1.38923
1.38944
1.39015
1.39149
1.3934
1.39588
1.39912
1.4033
1.40853
1.41449
1.41982
1.42374
1.42654
1.42853
1.42988
1.43072
1.4312
1.4314
1.43141
1.38218
1.38218
1.38242
1.38316
1.38465
1.38682
1.38973
1.39359
1.39864
1.40505
1.41241
1.41905
1.42403
1.42766
1.43028
1.43214
1.43338
1.43411
1.4344
1.43442
1.3737
1.3737
1.37397
1.37485
1.37658
1.37916
1.38266
1.38736
1.39355
1.40143
1.41052
1.41877
1.42499
1.42957
1.43292
1.43535
1.43701
1.43799
1.43836
1.43838
1.36338
1.36338
1.36371
1.36478
1.3669
1.37008
1.37442
1.38026
1.38795
1.39772
1.40894
1.41909
1.42676
1.43243
1.43661
1.43965
1.44176
1.44298
1.44344
1.44346
1.35068
1.35068
1.3511
1.35246
1.35512
1.35913
1.3646
1.37196
1.38161
1.39376
1.40758
1.42002
1.42939
1.43632
1.44146
1.44523
1.44783
1.44931
1.44985
1.44988
1.33484
1.33485
1.3354
1.33717
1.34064
1.3458
1.35286
1.36228
1.37449
1.38965
1.40663
1.42174
1.43307
1.44146
1.44769
1.45228
1.45544
1.45721
1.45784
1.45787
1.31474
1.31474
1.31547
1.31788
1.32254
1.32942
1.33873
1.35097
1.36652
1.38542
1.40616
1.42438
1.43795
1.44801
1.45552
1.46102
1.46482
1.46689
1.46762
1.46765
1.28868
1.28868
1.28973
1.29317
1.29971
1.30921
1.32179
1.33792
1.3578
1.38125
1.40639
1.42811
1.4442
1.45615
1.46508
1.47165
1.47611
1.47852
1.47936
1.47938
1.25378
1.25381
1.25554
1.26093
1.27071
1.28438
1.3018
1.32322
1.34857
1.37744
1.40753
1.43311
1.45195
1.46597
1.47648
1.48423
1.48944
1.49222
1.49314
1.49314
1.20443
1.20471
1.20861
1.21847
1.23424
1.25461
1.27898
1.30731
1.33929
1.37436
1.40987
1.43954
1.46127
1.47746
1.48965
1.49867
1.50475
1.50795
1.50892
1.50886
1.13323
1.13568
1.14693
1.16626
1.19181
1.22138
1.2545
1.29097
1.33045
1.37237
1.41383
1.44803
1.47304
1.49174
1.50596
1.51664
1.5239
1.52777
1.529
1.529
1.05768
1.064
1.08392
1.11332
1.14906
1.18803
1.22997
1.27472
1.32206
1.37148
1.41991
1.45984
1.48917
1.51125
1.52818
1.54118
1.55022
1.55498
1.55655
1.55678
0.993571
1.00012
1.0267
1.06452
1.10875
1.15631
1.20662
1.25943
1.31443
1.37116
1.42625
1.47147
1.50466
1.52971
1.54895
1.56362
1.57385
1.57968
1.58141
1.5816
0.941425
0.948476
0.978743
1.02244
1.07303
1.12752
1.185
1.24502
1.30712
1.37069
1.432
1.482
1.51851
1.54593
1.56693
1.58297
1.59445
1.60095
1.60275
1.60307
0.898224
0.905574
0.938318
0.986255
1.04186
1.10194
1.16539
1.23164
1.30007
1.36988
1.43683
1.49109
1.53043
1.5598
1.5822
1.59929
1.61144
1.61842
1.62062
1.62107
0.861285
0.868799
0.903198
0.954455
1.01421
1.07898
1.14753
1.21921
1.29326
1.36869
1.44077
1.4988
1.54057
1.57154
1.59499
1.6128
1.62542
1.63278
1.63536
1.63589
0.828635
0.836252
0.871905
0.925844
0.98909
1.05788
1.1309
1.20741
1.28651
1.36707
1.44386
1.50534
1.54926
1.58153
1.60576
1.62403
1.63692
1.64443
1.64725
1.64778
0.798892
0.806616
0.843298
0.899556
0.965745
1.03803
1.11501
1.19587
1.2796
1.36492
1.44615
1.51089
1.55679
1.59021
1.61506
1.63357
1.64661
1.6542
1.65713
1.65766
0.77119
0.779007
0.816602
0.874822
0.943617
1.01899
1.0995
1.18429
1.2723
1.36212
1.44762
1.51557
1.56342
1.59796
1.62339
1.64217
1.65527
1.6629
1.66591
1.66644
0.744859
0.752801
0.79122
0.851132
0.9223
1.00043
1.08411
1.17248
1.26445
1.35854
1.44824
1.51942
1.56931
1.60506
1.63114
1.65024
1.66345
1.671
1.67395
1.67459
0.71952
0.727619
0.766881
0.828213
0.90153
0.982131
1.06866
1.1603
1.25594
1.35409
1.44795
1.52249
1.5746
1.61172
1.63859
1.65807
1.67143
1.67898
1.68184
1.6824
0.694881
0.703164
0.743087
0.80594
0.881138
0.963947
1.05305
1.14766
1.2467
1.34873
1.44672
1.52481
1.57938
1.61808
1.64588
1.66588
1.67943
1.68697
1.68972
1.69015
0.670833
0.679368
0.719904
0.784142
0.861029
0.945818
1.03724
1.13454
1.23672
1.34242
1.44452
1.52635
1.58363
1.62415
1.65308
1.6737
1.68748
1.69497
1.69758
1.69789
0.647327
0.655977
0.697284
0.76274
0.841159
0.927716
1.02121
1.12094
1.22598
1.33513
1.44128
1.52698
1.5873
1.62995
1.66021
1.68155
1.69557
1.70293
1.70533
1.70552
0.624274
0.633126
0.675142
0.741732
0.821531
0.909669
1.005
1.10689
1.21452
1.32685
1.43689
1.52661
1.59031
1.63545
1.6673
1.68943
1.70364
1.71078
1.71291
1.71298
0.6017
0.61075
0.6535
0.721144
0.802177
0.891717
0.988667
1.09246
1.20237
1.3176
1.43134
1.52514
1.59249
1.64057
1.67437
1.69742
1.71168
1.71842
1.72019
1.72014
0.579679
0.588926
0.632407
0.701015
0.783154
0.873916
0.972282
1.07772
1.18964
1.30743
1.42461
1.52244
1.59368
1.64517
1.68146
1.70568
1.71978
1.72578
1.72704
1.72687
0.558283
0.567728
0.611906
0.681387
0.764516
0.856347
0.955926
1.06277
1.17641
1.29644
1.41669
1.51839
1.59366
1.64901
1.68853
1.71451
1.72834
1.73297
1.73334
1.73303
0.537524
0.547175
0.592025
0.662313
0.746317
0.839088
0.939693
1.04772
1.16278
1.28469
1.40762
1.51292
1.59221
1.65174
1.69533
1.72424
1.73829
1.7408
1.73925
1.73855
0.517472
0.527323
0.572807
0.643845
0.728628
0.822197
0.923672
1.03267
1.14888
1.27233
1.39749
1.50598
1.58916
1.65291
1.70122
1.73468
1.75089
1.7519
1.74688
1.74401
0.498108
0.508141
0.554274
0.62598
0.711425
0.805652
0.907835
1.01756
1.13467
1.2593
1.38622
1.49734
1.58423
1.65201
1.70516
1.74468
1.76628
1.76986
1.76216
1.74479
0.479414
0.489606
0.536317
0.608551
0.694472
0.789137
0.891802
1.00194
1.11959
1.24495
1.37312
1.48623
1.57663
1.64826
1.70522
1.7508
1.77931
1.78341
1.77695
1.73784
0.461146
0.472
0.518965
0.591722
0.677904
0.772782
0.875775
0.986039
1.1039
1.22951
1.35833
1.4726
1.56575
1.6412
1.69892
1.74462
1.7746
1.78109
1.72977
1.66857
0.442031
0.456513
0.502361
0.575594
0.661467
0.756406
0.859504
0.969859
1.08757
1.21297
1.34173
1.45629
1.55039
1.63107
1.68521
1.71611
1.73905
1.71669
1.65152
1.58458
0.422107
0.422732
0.482617
0.562462
0.6478
0.742633
0.84348
0.954056
1.07132
1.19612
1.32394
1.43776
1.5303
1.62037
1.64948
1.65118
1.65589
1.60464
1.53345
1.46112
0.44622
0.449419
0.506456
0.585487
0.675571
0.774083
0.87973
0.992851
1.11281
1.24048
1.36147
1.46151
1.54364
1.6311
1.65665
1.56689
1.48919
1.42659
1.35529
1.20872
0.406749
0.433791
0.493054
0.572719
0.662811
0.760934
0.865949
0.978345
1.09722
1.22312
1.34128
1.43809
1.51254
1.57083
1.54796
1.42598
1.30978
1.2298
1.14621
0.981112
0.382037
0.413539
0.474338
0.553771
0.643821
0.741665
0.846702
0.958215
1.07564
1.1991
1.31364
1.40553
1.47117
1.49584
1.42395
1.26274
1.12544
1.02338
0.909645
0.675375
0.35836
0.391844
0.454122
0.534175
0.624299
0.722029
0.82665
0.937131
1.05287
1.1735
1.28358
1.36934
1.42282
1.41436
1.28217
1.09481
0.923052
0.779464
0.619452
0.239147
0.33559
0.369843
0.433202
0.514027
0.604332
0.701879
0.805825
0.915155
1.02901
1.14647
1.25146
1.33046
1.36737
1.32659
1.14422
0.933133
0.718357
0.531642
0.275713
-0.312746
0.313063
0.347305
0.41134
0.492733
0.583252
0.680599
0.783879
0.891982
1.00377
1.11778
1.21726
1.28842
1.30792
1.22219
1.01695
0.794267
0.570918
0.372245
0.179859
-0.483601
0.28968
0.323964
0.388311
0.470068
0.560751
0.657929
0.760576
0.867431
0.977029
1.08736
1.18111
1.24326
1.2409
1.10778
0.906593
0.690372
0.487552
0.353769
0.321654
0.272298
0.265053
0.299321
0.363835
0.445739
0.536414
0.633269
0.735116
0.840449
0.947456
1.05348
1.14101
1.19223
1.16516
1.00044
0.806492
0.613519
0.455735
0.391359
0.368654
0.36266
0.238834
0.273199
0.337841
0.419783
0.510297
0.606661
0.70746
0.810963
0.914969
1.01608
1.09688
1.13447
1.08829
0.898803
0.714925
0.546391
0.42718
0.39703
0.395853
0.395226
0.210991
0.245541
0.31031
0.392246
0.48247
0.57814
0.677655
0.77902
0.879575
0.97522
1.04837
1.07293
1.00017
0.804229
0.6294
0.48203
0.423554
0.409666
0.408185
0.408362
0.181644
0.216366
0.28131
0.363184
0.452994
0.547789
0.645779
0.744684
0.841354
0.93105
0.995571
1.00703
0.898209
0.715838
0.553514
0.439015
0.414386
0.416525
0.415972
0.416221
0.151301
0.186171
0.251083
0.332803
0.422056
0.515779
0.611988
0.708113
0.800504
0.883746
0.939536
0.931971
0.802324
0.632286
0.491341
0.441392
0.420548
0.419389
0.419673
0.419923
0.120317
0.155368
0.219962
0.301443
0.389975
0.482419
0.576594
0.669635
0.757408
0.833735
0.88118
0.855243
0.709293
0.554399
0.44138
0.40932
0.41487
0.418022
0.420068
0.420975
0.0896374
0.12438
0.188766
0.269671
0.357252
0.448199
0.540084
0.629754
0.712658
0.78191
0.820161
0.778092
0.615215
0.476301
0.389788
0.389402
0.400371
0.412792
0.418559
0.420099
0.0601838
0.094167
0.158219
0.238143
0.324603
0.413803
0.503167
0.589242
0.667077
0.729288
0.757899
0.703249
0.521441
0.387941
0.341508
0.359748
0.366624
0.375374
0.384496
0.389678
0.0333444
0.0663704
0.129155
0.208026
0.293021
0.38016
0.466785
0.549144
0.621768
0.677156
0.699485
0.631361
0.439925
0.263565
0.262859
0.269376
0.289284
0.298443
0.307419
0.313202
0.0107241
0.0422106
0.10345
0.180492
0.263587
0.34845
0.432138
0.51078
0.578403
0.626894
0.64693
0.566351
0.39513
0.171105
-0.00837217
0.100169
0.185327
0.201963
0.202213
0.205987
-0.00581406
0.0235139
0.0826115
0.157156
0.237804
0.320039
0.40068
0.475694
0.538977
0.580349
0.600699
0.510374
0.396408
0.272754
0.175409
0.0861186
0.0144422
0.019209
0.0408409
0.0490497
-0.0143879
0.0123477
0.0681259
0.139597
0.217299
0.296499
0.374021
0.445735
0.505292
0.541309
0.557771
0.458458
0.423853
0.648249
0.733677
0.315947
0.00390688
-0.019229
-0.018566
-0.0186127
-0.0130115
0.0102248
0.0615781
0.129375
0.203528
0.279433
0.354024
0.422944
0.479495
0.512245
0.504865
0.382355
0.242955
0.310837
0.279209
-0.0202948
-0.156287
-0.0994483
-0.0613489
-0.0820418
0.00145313
0.0192314
0.064186
0.127601
0.197672
0.270202
0.342271
0.40959
0.465057
0.496249
0.479566
0.258553
-0.29745
-1.1503
-1.72973
-2.04394
-1.78949
-1.34297
-0.937666
-0.808428
0.0277233
0.0406134
0.0771697
0.134438
0.200212
0.269606
0.339903
0.407404
0.46597
0.501213
0.486004
0.223926
-0.462571
-1.39226
-1.96328
-2.15704
-2.02004
-1.72408
-1.42374
-1.30257
0.0628777
0.0713758
0.0985339
0.148905
0.210586
0.277226
0.347309
0.417346
0.482346
0.534872
0.549017
0.445403
0.163838
-0.0743423
-0.233839
-0.151824
0.082281
0.331532
0.538972
0.663442
0.102164
0.107093
0.125752
0.16785
0.225899
0.291436
0.362651
0.438212
0.514637
0.594416
0.663356
0.777706
0.968583
1.35449
1.83854
2.30817
2.67945
2.92142
3.04994
3.09722
0.139677
0.142115
0.153842
0.188488
0.243003
0.308746
0.38257
0.464388
0.555939
0.656902
0.782967
0.917102
1.25923
1.85288
2.51007
3.07743
3.47812
3.7093
3.81486
3.84516
0.174134
0.175016
0.180325
0.206394
0.257451
0.324811
0.401992
0.488621
0.586418
0.697384
0.815883
0.943189
1.14663
1.65743
2.20724
2.67663
3.01336
3.20982
3.3015
3.33111
0.205901
0.206886
0.208363
0.224528
0.270615
0.338694
0.417795
0.505613
0.600333
0.709044
0.819833
0.933212
1.06359
1.38943
1.82494
2.1734
2.43211
2.59048
2.66517
2.68705
0.225711
0.22655
0.226259
0.237966
0.28358
0.353877
0.434093
0.519642
0.610692
0.712332
0.812007
0.906284
0.992735
1.18594
1.47602
1.72841
1.91917
2.03186
2.08206
2.0956
0.241628
0.239413
0.236761
0.249568
0.301062
0.375804
0.455998
0.536644
0.620452
0.711012
0.797298
0.873346
0.946734
1.06418
1.25561
1.4224
1.54609
1.61867
1.65109
1.65861
0.294529
0.288853
0.285534
0.299927
0.34865
0.417618
0.489159
0.559749
0.631995
0.708489
0.781717
0.844169
0.903774
0.978641
1.10342
1.20985
1.28535
1.32982
1.34666
1.3479
0.407493
0.403707
0.401071
0.411094
0.442743
0.487668
0.537805
0.590441
0.646626
0.707744
0.765896
0.812847
0.856306
0.902973
0.981291
1.05182
1.10098
1.12807
1.13967
1.14014
0.541082
0.539487
0.537693
0.539705
0.549755
0.567445
0.592723
0.624521
0.663243
0.708003
0.750746
0.783129
0.811855
0.839369
0.888621
0.93624
0.970714
0.990416
0.998425
0.997934
0.641311
0.6408
0.638866
0.634638
0.630794
0.631706
0.639736
0.655685
0.679596
0.709764
0.737437
0.756526
0.772195
0.789269
0.822143
0.857149
0.882918
0.89744
0.903105
0.902185
0.695669
0.695328
0.693223
0.687746
0.67995
0.674079
0.673619
0.680118
0.693717
0.712342
0.728826
0.734981
0.735184
0.744409
0.777286
0.807028
0.826653
0.836972
0.840643
0.839622
0.71784
0.71742
0.715523
0.710941
0.704136
0.697886
0.694877
0.697129
0.705269
0.717784
0.726332
0.722812
0.711288
0.72115
0.751265
0.777599
0.794582
0.80294
0.805941
0.805133
0.723192
0.722784
0.721327
0.718092
0.713541
0.709113
0.706669
0.708267
0.714487
0.72504
0.73178
0.726274
0.713584
0.726827
0.754933
0.776295
0.789056
0.795455
0.797725
0.796875
0.720349
0.720083
0.719176
0.717063
0.714331
0.711979
0.711371
0.714218
0.721903
0.733584
0.745225
0.748081
0.746767
0.76321
0.783849
0.798009
0.806293
0.810387
0.811823
0.811138
0.711991
0.711969
0.711702
0.710664
0.709328
0.708776
0.710231
0.714993
0.726551
0.742633
0.76243
0.778775
0.793377
0.810392
0.823619
0.832346
0.838328
0.84292
0.844874
0.844013
0.697327
0.697577
0.697951
0.698041
0.698212
0.699559
0.703531
0.711893
0.727123
0.74969
0.778203
0.807156
0.836727
0.853729
0.859937
0.867617
0.87691
0.884409
0.886779
0.884846
0.674474
0.674991
0.675903
0.677028
0.678808
0.682421
0.689345
0.701514
0.721887
0.751813
0.787759
0.822912
0.858856
0.875403
0.88135
0.889012
0.899656
0.908386
0.91062
0.909368
0.641714
0.642411
0.643812
0.645902
0.649226
0.65508
0.665074
0.681623
0.707759
0.745042
0.786229
0.822263
0.852398
0.86594
0.880378
0.899958
0.915499
0.923198
0.92466
0.923292
0.597149
0.598149
0.599993
0.602833
0.607394
0.614999
0.627497
0.647801
0.679141
0.723643
0.77246
0.810181
0.828904
0.841606
0.869495
0.90013
0.920627
0.931029
0.931086
0.93039
0.538331
0.539583
0.541774
0.545147
0.550403
0.558681
0.571799
0.593086
0.626794
0.67776
0.73955
0.788134
0.801331
0.8199
0.865608
0.909673
0.938906
0.947076
0.946589
0.946807
0.463208
0.464592
0.466821
0.470152
0.474943
0.481674
0.491478
0.507274
0.534845
0.587051
0.671559
0.745448
0.771151
0.802159
0.873352
0.936159
0.97497
0.987232
0.98553
0.986918
0.371812
0.373037
0.374736
0.376979
0.379247
0.380577
0.380185
0.378848
0.38315
0.426384
0.547672
0.665078
0.714691
0.775804
0.882509
0.97905
1.03964
1.05193
1.04774
1.04613
0.26859
0.269224
0.269635
0.269352
0.266304
0.257038
0.236831
0.201372
0.160149
0.181946
0.355334
0.540778
0.628498
0.735382
0.874821
0.988537
1.05509
1.05899
1.05498
1.05244
0.164015
0.163647
0.162151
0.158134
0.147358
0.122989
0.0737176
-0.0139141
-0.127513
-0.119819
0.114628
0.370319
0.51579
0.66823
0.830366
0.946543
0.98721
0.989471
0.986256
0.983326
0.0737416
0.0721803
0.0687499
0.0610589
0.0426697
0.00300241
-0.0768769
-0.218646
-0.391224
-0.410354
-0.117769
0.191778
0.384777
0.587871
0.76309
0.85715
0.866267
0.86714
0.865884
0.86391
0.0137442
0.0117193
0.00741419
-0.00295178
-0.0260548
-0.07402
-0.169919
-0.339351
-0.547957
-0.571574
-0.268582
0.0639857
0.27444
0.502475
0.679082
0.742315
0.738571
0.729806
0.723657
0.719706
-0.00959265
-0.0115262
-0.0147603
-0.0225233
-0.0420991
-0.0848025
-0.175141
-0.337087
-0.513738
-0.537281
-0.278671
-0.0149525
0.178243
0.372984
0.556651
0.56972
0.551456
0.532343
0.520873
0.514369
-0.00498085
-0.00596101
-0.00645851
-0.00729454
-0.0121254
-0.0262699
-0.0619814
-0.137822
-0.243759
-0.309727
-0.240374
-0.0764189
0.0123237
0.129005
0.194743
0.262341
0.257932
0.237422
0.222751
0.215312
0.0803347
0.619786
0.946218
1.17216
1.34665
1.4817
1.59291
1.69043
1.7973
1.78651
0.846778
1.01526
1.18931
1.33579
1.4571
1.5566
1.6388
1.70016
1.72548
1.73164
1.14088
1.24928
1.36294
1.46271
1.54797
1.61917
1.6756
1.71534
1.74091
1.75773
1.34041
1.41444
1.49288
1.56374
1.62502
1.67635
1.71752
1.7494
1.77406
1.79244
1.48859
1.54257
1.59803
1.65028
1.6961
1.73538
1.76828
1.79547
1.81743
1.83568
1.60692
1.64588
1.69001
1.7304
1.76708
1.79947
1.82753
1.85126
1.87011
1.88801
1.70726
1.73884
1.7758
1.81018
1.84203
1.87083
1.89606
1.91729
1.9334
1.95105
1.7987
1.82812
1.86243
1.89487
1.92507
1.9524
1.97616
1.99563
2.00943
2.02697
1.89034
1.92203
1.95751
1.99072
2.02096
2.04775
2.07051
2.08852
2.10065
2.11835
1.99469
2.03111
2.06902
2.10354
2.13371
2.1595
2.18079
2.19729
2.20866
2.22687
2.12421
2.16423
2.20196
2.23501
2.26295
2.28653
2.30616
2.32161
2.3335
2.35195
2.28515
2.32239
2.35377
2.38027
2.4031
2.42364
2.44224
2.45837
2.47249
2.4905
2.46919
2.49465
2.51468
2.53336
2.55123
2.56803
2.58377
2.59983
2.61708
2.63618
2.65516
2.66693
2.68045
2.69536
2.70917
2.72125
2.73209
2.74356
2.7579
2.77649
2.83849
2.85306
2.85823
2.85879
2.86062
2.86799
2.88192
2.89991
2.91253
2.92605
3.11098
3.05665
3.00947
2.97799
2.96492
2.96952
2.99278
3.03751
3.10487
3.20038
1.54351
1.53882
1.53142
1.51952
1.50653
1.49505
1.48591
1.47907
1.47451
1.4725
1.47362
1.47752
1.48363
1.4919
1.50243
1.51501
1.52805
1.53793
1.5439
1.54729
1.46553
1.47261
1.47859
1.4828
1.48407
1.48229
1.47866
1.47475
1.47166
1.47023
1.4712
1.47415
1.4782
1.48247
1.48561
1.48611
1.48338
1.47822
1.47136
1.46549
1.45639
1.45939
1.46264
1.46513
1.46713
1.46857
1.4689
1.46812
1.46697
1.4664
1.46714
1.46877
1.47034
1.47098
1.4703
1.4687
1.46662
1.46381
1.46052
1.45818
1.45072
1.45218
1.45441
1.45665
1.45829
1.45949
1.46044
1.46107
1.4613
1.4615
1.46204
1.46264
1.4628
1.4624
1.46163
1.46047
1.45868
1.45641
1.45461
1.45353
1.44552
1.44634
1.4478
1.44961
1.45135
1.45277
1.45386
1.45477
1.45555
1.45621
1.45669
1.45687
1.45669
1.45621
1.45533
1.45399
1.45238
1.45079
1.44975
1.44909
1.44058
1.44113
1.44222
1.44364
1.44516
1.44667
1.44802
1.44916
1.45015
1.45101
1.45156
1.4517
1.45146
1.45082
1.44981
1.44861
1.44735
1.44621
1.44549
1.44504
1.43582
1.43624
1.43711
1.43833
1.43967
1.44109
1.44253
1.4439
1.44511
1.44615
1.44683
1.447
1.4467
1.44602
1.44512
1.44413
1.44312
1.44223
1.44169
1.44135
1.4312
1.43153
1.43226
1.43335
1.43461
1.43597
1.4374
1.43888
1.4403
1.44155
1.44239
1.44264
1.44239
1.44183
1.4411
1.44028
1.43944
1.43874
1.43833
1.43806
1.42666
1.42693
1.42756
1.42856
1.42977
1.4311
1.43253
1.43406
1.43564
1.43714
1.43818
1.43859
1.43852
1.43816
1.4376
1.43694
1.43625
1.43569
1.43537
1.43515
1.42214
1.42235
1.42291
1.42387
1.42506
1.42639
1.42786
1.42947
1.4312
1.43293
1.43426
1.43495
1.43513
1.43497
1.43458
1.43407
1.43352
1.43307
1.43282
1.43265
1.41757
1.41775
1.41826
1.4192
1.4204
1.42178
1.42336
1.42513
1.42706
1.42909
1.43078
1.4318
1.43224
1.43228
1.43205
1.43168
1.43125
1.43091
1.43072
1.43058
1.41293
1.41307
1.41355
1.4145
1.41576
1.41723
1.41892
1.4209
1.42314
1.42557
1.42769
1.42908
1.42982
1.4301
1.43008
1.42985
1.42953
1.42927
1.42914
1.42902
1.40815
1.40827
1.40873
1.40969
1.411
1.41255
1.41437
1.41654
1.4191
1.42202
1.42468
1.42656
1.42773
1.42836
1.42862
1.42859
1.42841
1.42825
1.42817
1.42808
1.40319
1.40329
1.40373
1.40473
1.40613
1.40783
1.40989
1.4124
1.41539
1.41889
1.42224
1.42474
1.42636
1.42733
1.42785
1.42803
1.42802
1.42797
1.42793
1.42787
1.39803
1.39809
1.39852
1.39953
1.401
1.40285
1.40515
1.40804
1.41162
1.41589
1.42006
1.42325
1.42548
1.42693
1.42776
1.42829
1.42852
1.4286
1.42862
1.42857
1.39235
1.39243
1.39285
1.39386
1.39541
1.39743
1.40005
1.40341
1.40766
1.41285
1.41807
1.42219
1.42513
1.42716
1.42853
1.42944
1.42996
1.43021
1.43028
1.43023
1.38586
1.38593
1.38637
1.38745
1.38916
1.39147
1.39456
1.3986
1.40379
1.41019
1.41664
1.4218
1.42556
1.42826
1.43017
1.43148
1.43232
1.43274
1.43285
1.43279
1.37814
1.37822
1.37873
1.37993
1.38188
1.3846
1.38828
1.39316
1.39948
1.40734
1.41536
1.42182
1.42662
1.4301
1.43262
1.43442
1.4356
1.43618
1.43633
1.43626
1.36879
1.36889
1.3695
1.37094
1.37329
1.37661
1.38113
1.38716
1.39498
1.40469
1.41459
1.42258
1.42852
1.43289
1.43611
1.4384
1.43992
1.44066
1.44083
1.44075
1.35733
1.35746
1.35825
1.36004
1.36295
1.3671
1.37275
1.38028
1.39001
1.40204
1.41421
1.42401
1.43132
1.43672
1.44071
1.44357
1.44545
1.44634
1.44656
1.44646
1.34314
1.34332
1.34436
1.34664
1.35036
1.35565
1.36285
1.37238
1.38458
1.39947
1.41438
1.42631
1.43519
1.44175
1.44664
1.45016
1.45244
1.4535
1.45375
1.45363
1.32526
1.32553
1.32695
1.32997
1.33485
1.34176
1.3511
1.36331
1.37867
1.39707
1.41521
1.4296
1.44028
1.4482
1.45411
1.45837
1.46109
1.46233
1.46262
1.46248
1.30234
1.30277
1.30477
1.30889
1.31553
1.32484
1.33719
1.35298
1.37233
1.39496
1.41686
1.43404
1.44678
1.45624
1.4633
1.4684
1.4716
1.47304
1.47337
1.4732
1.27219
1.27292
1.27592
1.28189
1.29135
1.30431
1.32095
1.34149
1.3658
1.39339
1.41952
1.43981
1.45483
1.46601
1.47438
1.48039
1.48411
1.48577
1.48612
1.48592
1.23085
1.23234
1.23751
1.24705
1.26129
1.27985
1.30249
1.32913
1.35941
1.39266
1.42341
1.44703
1.4645
1.47756
1.48734
1.49436
1.49866
1.50052
1.50087
1.50063
1.17093
1.17548
1.18629
1.20285
1.22514
1.2519
1.28247
1.31655
1.35367
1.39308
1.42871
1.45577
1.47574
1.49071
1.50196
1.51008
1.51503
1.51705
1.51733
1.51707
1.09938
1.10778
1.12753
1.15453
1.18692
1.22281
1.26189
1.30393
1.34856
1.3951
1.43677
1.46844
1.49195
1.50973
1.52315
1.53288
1.5389
1.54138
1.5417
1.54162
1.02779
1.04204
1.07071
1.10774
1.14958
1.19449
1.24207
1.29215
1.34439
1.39821
1.44612
1.48252
1.50964
1.5303
1.54616
1.55789
1.56463
1.56705
1.56779
1.56789
0.969334
0.987076
1.02146
1.06581
1.11532
1.16803
1.22337
1.28101
1.34053
1.40127
1.45498
1.49561
1.52582
1.5488
1.56637
1.57929
1.58693
1.59043
1.59151
1.59168
0.921437
0.941208
0.979789
1.02956
1.08502
1.14411
1.20609
1.27047
1.33663
1.40379
1.46277
1.50711
1.53988
1.56469
1.5837
1.59775
1.60642
1.61042
1.61168
1.61185
0.881243
0.902107
0.943904
0.99791
1.05824
1.12264
1.19028
1.26056
1.33268
1.40564
1.46938
1.51694
1.55184
1.57812
1.59816
1.61295
1.62236
1.62678
1.62817
1.62835
0.846244
0.867844
0.912149
0.969659
1.03408
1.10303
1.17562
1.25113
1.32861
1.40685
1.47489
1.52531
1.56201
1.58944
1.61022
1.62555
1.63545
1.64016
1.64159
1.64175
0.814904
0.837042
0.883396
0.943831
1.01174
1.08467
1.16166
1.24189
1.32427
1.4074
1.47945
1.53249
1.57078
1.59913
1.62039
1.63601
1.64607
1.65094
1.65241
1.65253
0.786086
0.808637
0.856772
0.919702
0.990646
1.06708
1.14801
1.23254
1.31948
1.40724
1.48314
1.5387
1.57848
1.60765
1.62932
1.64507
1.65523
1.66019
1.66163
1.66173
0.75893
0.78194
0.831622
0.896717
0.970374
1.04993
1.13441
1.22288
1.31408
1.40629
1.48598
1.54408
1.58539
1.6154
1.6375
1.65345
1.66366
1.66866
1.67001
1.66998
0.732987
0.756509
0.807397
0.874527
0.950619
1.03297
1.12067
1.21275
1.30795
1.40445
1.48797
1.54872
1.59169
1.62267
1.64529
1.66147
1.67173
1.67668
1.67801
1.67795
0.70791
0.731947
0.783918
0.852926
0.931179
1.01605
1.10665
1.20206
1.30101
1.40169
1.48909
1.55271
1.59755
1.62967
1.65292
1.66941
1.67977
1.68463
1.6859
1.68581
0.683482
0.707979
0.761091
0.831759
0.911944
0.999077
1.09231
1.19076
1.29321
1.39795
1.48935
1.55607
1.60302
1.63646
1.6605
1.67738
1.68783
1.6926
1.69375
1.69363
0.659585
0.684581
0.738784
0.810935
0.892857
0.982011
1.07761
1.17883
1.28455
1.39319
1.48866
1.55872
1.60808
1.6431
1.66806
1.68539
1.69593
1.70053
1.70154
1.70137
0.636181
0.661734
0.716936
0.790433
0.87391
0.964874
1.06259
1.1663
1.27502
1.38737
1.4869
1.56057
1.6127
1.64958
1.67562
1.69343
1.70399
1.70837
1.70919
1.70896
0.613318
0.639371
0.695548
0.770266
0.855133
0.947696
1.04728
1.15321
1.26463
1.38045
1.48401
1.56151
1.61679
1.6559
1.68323
1.70151
1.71193
1.71597
1.71659
1.71631
0.590962
0.617534
0.674652
0.750475
0.836574
0.930537
1.03176
1.13963
1.25346
1.37245
1.47992
1.56139
1.62018
1.66202
1.69097
1.70969
1.71973
1.72324
1.72362
1.7233
0.56922
0.596297
0.654291
0.731103
0.818289
0.913479
1.01611
1.12565
1.24157
1.36339
1.47454
1.56002
1.62267
1.66784
1.69899
1.71825
1.72749
1.73007
1.73012
1.72979
0.548094
0.575716
0.634493
0.712209
0.800353
0.896595
1.00043
1.11138
1.22907
1.35336
1.46785
1.55727
1.624
1.6731
1.70738
1.72776
1.73579
1.73661
1.73598
1.73571
0.52768
0.555795
0.615317
0.693849
0.782825
0.87997
0.984798
1.09691
1.21608
1.34243
1.45983
1.553
1.62385
1.67732
1.71589
1.73888
1.74617
1.74407
1.74139
1.74083
0.507916
0.536557
0.596815
0.676081
0.765782
0.86369
0.969348
1.08238
1.20272
1.33073
1.45054
1.54712
1.62193
1.67982
1.72365
1.7515
1.76073
1.75687
1.74831
1.73097
0.488873
0.518
0.578847
0.658704
0.748928
0.847418
0.95365
1.06732
1.18846
1.31769
1.43937
1.53893
1.61773
1.67966
1.72903
1.76392
1.77905
1.7768
1.76149
1.77368
0.470448
0.500185
0.561451
0.641773
0.732311
0.83121
0.937715
1.05174
1.1733
1.30324
1.42617
1.52787
1.61068
1.67558
1.72783
1.76742
1.78747
1.78279
1.72422
1.7077
0.452016
0.482697
0.544889
0.625656
0.716371
0.815486
0.921736
1.03593
1.15755
1.2876
1.41104
1.51358
1.60021
1.66718
1.71471
1.75273
1.76458
1.73084
1.66107
1.61882
0.432255
0.464156
0.529634
0.610821
0.701658
0.800512
0.906111
1.0201
1.14134
1.27086
1.39396
1.49608
1.58465
1.65533
1.69899
1.70565
1.68958
1.63174
1.55867
1.51419
0.836702
0.947115
1.06411
1.18847
1.31534
1.42803
1.51844
1.38046
0.414388
0.430196
0.46876
0.537369
0.622592
0.716644
0.818594
0.92781
1.04381
1.16667
1.29189
1.40319
1.49125
1.56634
1.61774
1.58289
1.44681
1.36087
1.29271
0.394748
0.407577
0.451671
0.521906
0.607368
0.701417
0.802797
0.911418
1.02639
1.14761
1.27019
1.37771
1.46051
1.51987
1.52099
1.42096
1.27724
1.17191
1.083
0.37188
0.384377
0.431284
0.50265
0.588247
0.682365
0.783733
0.891886
1.00574
1.1251
1.24428
1.34661
1.42179
1.4624
1.42262
1.26444
1.09796
0.963261
0.845241
0.348904
0.361512
0.409972
0.482496
0.568491
0.662573
0.763624
0.870941
0.98341
1.10048
1.21584
1.31246
1.37929
1.39655
1.31093
1.11265
0.912576
0.730643
0.555727
0.326611
0.338809
0.388057
0.461536
0.547968
0.642043
0.74265
0.849002
0.95992
1.07441
1.18552
1.27578
1.33309
1.31567
1.18118
0.971111
0.745966
0.536808
0.341276
0.30389
0.315773
0.365312
0.439393
0.526186
0.6203
0.720533
0.825984
0.935307
1.04709
1.1538
1.23722
1.282
1.23677
1.06125
0.851899
0.627711
0.421089
0.296301
0.217995
0.279928
0.291639
0.341399
0.415789
0.502747
0.596805
0.696592
0.801029
0.908529
1.01723
1.11904
1.19487
1.22529
1.15801
0.951617
0.750581
0.55375
0.405582
0.360201
0.333504
0.254664
0.266196
0.316065
0.390621
0.47759
0.571411
0.670579
0.773742
0.87907
0.984177
1.08045
1.14813
1.16141
1.05492
0.853135
0.665889
0.500837
0.408589
0.389509
0.383174
0.227817
0.239184
0.289233
0.3639
0.450763
0.544197
0.642516
0.744138
0.846927
0.947952
1.03793
1.09737
1.08372
0.949386
0.760681
0.58629
0.453922
0.407205
0.404645
0.402931
0.199423
0.21071
0.260877
0.335655
0.422314
0.515206
0.612458
0.712273
0.812149
0.908605
0.99164
1.04183
1.00403
0.848637
0.6736
0.511877
0.430937
0.412564
0.412717
0.412815
0.169692
0.181089
0.231128
0.306016
0.392377
0.484552
0.580528
0.67825
0.774847
0.866229
0.942006
0.980358
0.928964
0.754385
0.59367
0.465834
0.421809
0.420212
0.418483
0.418384
0.139167
0.150614
0.200448
0.275265
0.361195
0.452481
0.546951
0.642295
0.735286
0.821158
0.889339
0.9159
0.84967
0.668003
0.520941
0.431545
0.415921
0.418926
0.420269
0.421001
0.108427
0.119841
0.169441
0.243819
0.329197
0.419397
0.512124
0.60481
0.693884
0.773966
0.834126
0.851042
0.755932
0.58328
0.451548
0.417444
0.405919
0.411872
0.418688
0.42066
0.0786509
0.0894777
0.138629
0.212506
0.296963
0.385884
0.476628
0.566406
0.651302
0.725457
0.777564
0.781208
0.660355
0.495412
0.385898
0.372573
0.384921
0.395773
0.405171
0.410257
0.0507066
0.0612611
0.108849
0.182148
0.265434
0.352764
0.44127
0.527946
0.608478
0.676588
0.721283
0.71024
0.574965
0.39426
0.298571
0.293991
0.32343
0.336132
0.343842
0.352291
0.0259833
0.0361221
0.0822711
0.153715
0.235687
0.321085
0.407105
0.490536
0.566726
0.628674
0.667198
0.648087
0.508316
0.30777
0.139457
0.167225
0.219605
0.252227
0.259176
0.263823
0.00660599
0.0160156
0.0598667
0.129302
0.208939
0.292102
0.375432
0.455533
0.527633
0.583807
0.616377
0.593974
0.462337
0.303833
0.0464925
0.0233241
0.0976353
0.114366
0.119876
0.129357
-0.00587129
0.00252303
0.0434555
0.109982
0.186944
0.267374
0.347755
0.424535
0.492916
0.54457
0.56847
0.551512
0.425411
0.429046
0.42168
0.310642
0.0572683
-0.0354226
-0.0211771
-0.00794684
-0.00921917
-0.00230342
0.034741
0.0974801
0.171226
0.248448
0.325708
0.399479
0.464589
0.512869
0.525673
0.514849
0.369741
0.484166
0.87896
0.58214
0.165662
0.00710015
-0.00578918
-0.0217336
-0.0025743
0.0031496
0.0354336
0.09333
0.163102
0.236763
0.310943
0.382252
0.44521
0.490514
0.501392
0.442296
0.165616
-0.205639
-0.551273
-0.97638
-1.09061
-0.779194
-0.430311
-0.307533
0.017182
0.0214136
0.0475113
0.0985924
0.163327
0.233308
0.304707
0.374515
0.437454
0.483871
0.494441
0.409872
-0.0814514
-1.00187
-1.91299
-2.28784
-2.30901
-2.01085
-1.57828
-1.26463
0.0476926
0.0503956
0.0697831
0.1129
0.171822
0.238152
0.30759
0.377323
0.442969
0.497898
0.517826
0.470109
0.0527692
-0.509932
-1.13807
-1.4423
-1.4176
-1.1547
-0.861186
-0.643614
0.0850934
0.0866909
0.0987475
0.133858
0.186798
0.250115
0.318638
0.390581
0.462504
0.530425
0.585649
0.619821
0.59656
0.636139
0.813372
1.06581
1.38416
1.64151
1.81538
1.90597
0.123529
0.124471
0.130772
0.156849
0.204901
0.266559
0.335462
0.411016
0.49299
0.578107
0.678445
0.786586
1.00843
1.45195
2.05632
2.66064
3.14812
3.45618
3.60484
3.65489
0.157604
0.15819
0.161233
0.179028
0.221996
0.282805
0.353833
0.434091
0.523792
0.627205
0.741952
0.873469
1.03813
1.47777
2.08933
2.67475
3.14052
3.44015
3.59412
3.65091
0.190681
0.191325
0.192488
0.20141
0.236671
0.296278
0.369902
0.453244
0.544742
0.648452
0.760229
0.88024
0.999414
1.28368
1.7857
2.24105
2.59456
2.8303
2.95615
3.00636
0.217123
0.218247
0.219047
0.222693
0.250637
0.309479
0.384976
0.468238
0.558463
0.657148
0.7642
0.868973
0.972944
1.12099
1.4593
1.79431
2.0569
2.23849
2.33479
2.37078
0.231451
0.232258
0.23063
0.232457
0.261304
0.325428
0.403479
0.485473
0.571217
0.662601
0.759176
0.847585
0.931582
1.02528
1.23485
1.46204
1.64458
1.7684
1.83265
1.85652
0.260416
0.258857
0.253961
0.256533
0.288313
0.355177
0.432221
0.509176
0.586459
0.666808
0.750288
0.824897
0.894642
0.960263
1.0978
1.24624
1.36085
1.43718
1.47452
1.48753
0.345582
0.34248
0.337104
0.339728
0.366757
0.419477
0.480641
0.543079
0.606331
0.672802
0.741807
0.802687
0.856245
0.90279
0.990588
1.08479
1.1578
1.20589
1.2287
1.23568
0.476765
0.474505
0.471733
0.47258
0.48561
0.512045
0.546182
0.585928
0.630619
0.680558
0.733327
0.779059
0.816669
0.845307
0.899496
0.960847
1.01242
1.04393
1.05905
1.06292
0.597744
0.596645
0.5954
0.59324
0.593083
0.597511
0.609127
0.628373
0.655269
0.689299
0.726856
0.75826
0.781354
0.799056
0.8336
0.873246
0.908783
0.932105
0.943452
0.946418
0.674047
0.673491
0.6726
0.66901
0.662367
0.656596
0.656012
0.662645
0.676976
0.698142
0.723295
0.740097
0.748255
0.753344
0.780433
0.814093
0.841194
0.858316
0.866461
0.868065
0.70998
0.709549
0.708619
0.705107
0.698395
0.690795
0.686105
0.686666
0.693721
0.706925
0.722467
0.729101
0.725591
0.719757
0.744837
0.777061
0.800376
0.813816
0.819488
0.820287
0.722147
0.721751
0.720887
0.718131
0.713198
0.70725
0.702747
0.70189
0.706049
0.715178
0.725609
0.727011
0.715387
0.70894
0.733985
0.7618
0.781544
0.792692
0.797676
0.798566
0.722708
0.722373
0.72174
0.719813
0.716594
0.712929
0.710251
0.710252
0.714525
0.723439
0.734202
0.738169
0.730495
0.73008
0.755564
0.777228
0.790458
0.797614
0.800646
0.801198
0.716999
0.71678
0.716515
0.715432
0.7135
0.711641
0.710954
0.712819
0.719492
0.730695
0.746357
0.759348
0.765985
0.77689
0.796126
0.810001
0.818989
0.824604
0.827413
0.827483
0.705643
0.705586
0.705757
0.705572
0.704915
0.704653
0.705959
0.710473
0.720481
0.736614
0.758663
0.782554
0.805172
0.827127
0.838887
0.846262
0.853422
0.860709
0.865186
0.865293
0.68706
0.68717
0.687738
0.688391
0.689081
0.690632
0.694322
0.701987
0.715753
0.737281
0.767727
0.80036
0.835501
0.864206
0.870922
0.876674
0.885322
0.893659
0.899121
0.898984
0.6593
0.659564
0.660564
0.66196
0.663931
0.667425
0.67383
0.685063
0.703553
0.731336
0.768904
0.806983
0.842681
0.868621
0.878708
0.890929
0.904754
0.916664
0.922005
0.920743
0.620898
0.621427
0.62266
0.624654
0.627743
0.632948
0.641794
0.65646
0.679562
0.714254
0.758834
0.800391
0.832659
0.846268
0.862945
0.886749
0.90812
0.921208
0.925344
0.925138
0.569436
0.570122
0.571701
0.574246
0.578202
0.584586
0.594948
0.611649
0.638049
0.678642
0.73196
0.783017
0.812284
0.818795
0.846053
0.88629
0.918242
0.933606
0.937891
0.937481
0.502486
0.503424
0.505216
0.508025
0.512287
0.518701
0.528447
0.543861
0.568681
0.60978
0.673266
0.745519
0.784748
0.792999
0.836819
0.896102
0.937796
0.960823
0.961862
0.9618
0.418873
0.419958
0.42163
0.424129
0.427575
0.431814
0.436879
0.444002
0.456549
0.485339
0.560906
0.671094
0.736245
0.763144
0.831469
0.921796
0.98861
1.0191
1.01947
1.01851
0.320567
0.321575
0.322601
0.323885
0.324741
0.323399
0.317513
0.304899
0.286696
0.283882
0.376505
0.544136
0.650494
0.708799
0.82235
0.937027
1.03072
1.06557
1.06287
1.05894
0.214988
0.215583
0.21538
0.214434
0.210688
0.199968
0.175974
0.129676
0.058637
0.00245681
0.115602
0.362421
0.527474
0.629753
0.784779
0.924873
1.01273
1.03542
1.033
1.02861
0.115606
0.115483
0.113774
0.110102
0.100646
0.0785302
0.0321879
-0.0566583
-0.198078
-0.304997
-0.168812
0.151744
0.373329
0.530339
0.718211
0.861931
0.923956
0.929148
0.929301
0.927582
0.039343
0.0384043
0.0351859
0.0293708
0.0156
-0.0157653
-0.0801302
-0.204127
-0.393438
-0.540849
-0.378457
-0.0281839
0.23509
0.435526
0.647618
0.774639
0.805085
0.803939
0.800226
0.797311
-0.00233346
-0.00364548
-0.00642888
-0.0119277
-0.026504
-0.0588735
-0.127015
-0.259623
-0.45745
-0.605122
-0.465483
-0.124146
0.126043
0.337828
0.558437
0.669742
0.666831
0.650415
0.637799
0.630446
-0.0089917
-0.0102853
-0.0121001
-0.0153613
-0.0241299
-0.046411
-0.0972357
-0.202228
-0.35856
-0.462359
-0.362477
-0.115186
0.0470178
0.199561
0.356695
0.448259
0.432531
0.406144
0.387952
0.379184
-0.00553001
-0.00627574
-0.00666428
-0.00894991
-0.0175611
-0.0403727
-0.0942144
-0.190071
-0.285698
-0.298959
-0.150606
-0.0227232
0.060228
0.163214
0.236085
0.264317
0.24839
0.228574
0.219342
0.0687745
0.379865
0.73154
0.972409
1.17324
1.33552
1.4658
1.57131
1.66154
1.72427
1.72087
0.903781
1.0705
1.21643
1.34584
1.45632
1.54902
1.62552
1.68423
1.72032
1.73538
1.18638
1.28936
1.38628
1.47548
1.55326
1.61937
1.6734
1.71455
1.74442
1.76427
1.37559
1.44506
1.51464
1.57904
1.63564
1.6842
1.72467
1.75735
1.78386
1.80216
1.51861
1.56654
1.62086
1.66857
1.71175
1.74972
1.78246
1.81014
1.83323
1.84888
1.63356
1.67191
1.71356
1.75204
1.7874
1.81948
1.84787
1.87229
1.89251
1.90544
1.73267
1.76614
1.80107
1.83535
1.86728
1.89665
1.92285
1.94525
1.96319
1.97386
1.82502
1.85716
1.89108
1.92502
1.95646
1.98511
2.01036
2.03147
2.04753
2.05668
1.92063
1.95606
1.99238
2.02823
2.06045
2.08888
2.11321
2.133
2.14755
2.15642
2.03396
2.07475
2.11367
2.15056
2.18248
2.20958
2.23219
2.25036
2.26389
2.27404
2.17797
2.22131
2.25868
2.29186
2.31978
2.34355
2.36419
2.38157
2.39555
2.40779
2.3558
2.39281
2.42115
2.44515
2.46621
2.48559
2.50383
2.52093
2.53712
2.55248
2.5532
2.57263
2.58845
2.60469
2.62132
2.63677
2.6504
2.66355
2.67907
2.69697
2.74245
2.75015
2.76199
2.77369
2.78358
2.79277
2.80305
2.8144
2.82574
2.83305
2.96123
2.9595
2.95142
2.93443
2.92306
2.92248
2.93466
2.95951
2.9932
3.0208
3.36977
3.18294
3.08138
3.02401
2.99502
2.98836
3.00365
3.04429
3.12006
3.26635
0.444544
0.443253
0.483023
0.553665
0.638917
0.73368
1.60411
1.67023
1.66976
1.60001
1.53318
1.46245
1.22336
0.99054
0.711449
0.339493
-0.0623692
)
;

boundaryField
{
    wall-4
    {
        type            zeroGradient;
    }
    pressure-outlet-7
    {
        type            fixedValue;
        value           uniform 0;
    }
    velocity-inlet-6
    {
        type            zeroGradient;
    }
    velocity-inlet-5
    {
        type            zeroGradient;
    }
    frontAndBackPlanes
    {
        type            empty;
    }
}


// ************************************************************************* //
