0.490941 	1.73066
0.561075 	1.73066
0.63121 	1.73066
0.701344 	1.73066
0.771478 	1.73066
0.841613 	1.73066
0.911747 	1.73066
0.981881 	1.73066
1.05202 	1.73066
1.12215 	1.73066
1.19228 	1.73066
1.26242 	1.73066
1.33255 	1.69123
1.40269 	1.69123
1.47282 	1.69123
1.54296 	1.69123
1.61309 	1.69123
1.68323 	1.69123
1.75336 	1.69123
1.82349 	1.69123
1.89363 	1.69123
1.96376 	1.69123
2.0339 	1.69123
2.10403 	1.69123
2.17417 	1.6305
2.2443 	1.6305
2.31443 	1.6305
2.38457 	1.6305
2.4547 	1.6305
2.52484 	1.6305
2.59497 	1.6305
2.66511 	1.6305
2.73524 	1.6305
2.80538 	1.6305
2.87551 	1.6305
2.94564 	1.6305
3.01578 	1.55653
3.08591 	1.55653
3.15605 	1.55653
3.22618 	1.55653
3.29632 	1.55653
3.36645 	1.55653
3.43659 	1.55653
3.50672 	1.55653
3.57685 	1.55653
3.64699 	1.55653
3.71712 	1.55653
3.78726 	1.54934
3.85739 	1.47035
3.92753 	1.47035
3.99766 	1.47035
4.06779 	1.47035
4.13793 	1.47035
4.20806 	1.47035
4.2782 	1.47035
4.34833 	1.47035
4.41847 	1.47035
4.4886 	1.47035
4.55874 	1.47035
4.62887 	1.47035
4.699 	1.47035
4.76914 	1.39165
4.83927 	1.39165
4.90941 	1.39165
4.97954 	1.39165
5.04968 	1.39165
5.11981 	1.39165
5.18994 	1.39165
5.26008 	1.39165
5.33021 	1.39165
5.40035 	1.39165
5.47048 	1.39165
5.54062 	1.39165
5.61075 	1.31706
5.68089 	1.31706
5.75102 	1.31706
5.82115 	1.31706
5.89129 	1.31706
5.96142 	1.31706
6.03156 	1.31706
6.10169 	1.31706
6.17183 	1.31706
6.24196 	1.31706
6.3121 	1.31706
6.38223 	1.31706
6.45236 	1.24587
6.5225 	1.24587
6.59263 	1.24587
6.66277 	1.24587
6.7329 	1.24587
6.80304 	1.24587
6.87317 	1.24587
6.9433 	1.24587
7.01344 	1.24587
7.08357 	1.24587
7.15371 	1.24587
7.22384 	1.24587
7.29398 	1.17791
7.36411 	1.17791
7.43425 	1.17791
7.50438 	1.17791
7.57451 	1.17791
7.64465 	1.17791
7.71478 	1.17791
7.78492 	1.17791
7.85505 	1.17791
7.92519 	1.17791
7.99532 	1.17791
8.06545 	1.17791
8.13559 	1.17791
8.20572 	1.11076
8.27586 	1.11076
8.34599 	1.11076
8.41613 	1.11076
8.48626 	1.11076
8.5564 	1.11076
8.62653 	1.11076
8.69666 	1.11076
8.7668 	1.11076
8.83693 	1.11076
8.90707 	1.11076
8.9772 	1.11076
9.04734 	1.04429
9.11747 	1.04429
9.18761 	1.04429
9.25774 	1.04429
9.32787 	1.04429
9.39801 	1.04429
9.46814 	1.04429
9.53828 	1.04429
9.60841 	1.04429
9.67855 	1.04429
9.74868 	1.04429
9.81881 	1.04429
9.88895 	1.04429
9.95908 	0.976994
10.0292 	0.976994
10.0994 	0.976994
10.1695 	0.976994
10.2396 	0.976994
10.3098 	0.976994
10.3799 	0.976994
10.45 	0.976994
10.5202 	0.976994
10.5903 	0.976994
10.6604 	0.976994
10.7306 	0.976994
10.8007 	0.90914
10.8708 	0.90914
10.941 	0.90914
11.0111 	0.90914
11.0812 	0.90914
11.1514 	0.90914
11.2215 	0.90914
11.2916 	0.90914
11.3618 	0.90914
11.4319 	0.90914
11.502 	0.90914
11.5722 	0.90914
11.6423 	0.90914
11.7124 	0.836318
11.7826 	0.836318
11.8527 	0.836318
11.9228 	0.836318
11.993 	0.836318
12.0631 	0.836318
12.1332 	0.836318
12.2034 	0.836318
12.2735 	0.836318
12.3437 	0.836318
12.4138 	0.836318
12.4839 	0.836318
12.5541 	0.836318
12.6242 	0.754942
12.6943 	0.754942
12.7645 	0.754942
12.8346 	0.754942
12.9047 	0.754942
12.9749 	0.754942
13.045 	0.754942
13.1151 	0.754942
13.1853 	0.754942
13.2554 	0.754942
13.3255 	0.754942
13.3957 	0.754942
13.4658 	0.754942
13.5359 	0.651643
13.6061 	0.651643
13.6762 	0.651643
13.7463 	0.651643
13.8165 	0.651643
13.8866 	0.651643
13.9567 	0.651643
14.0269 	0.651643
14.097 	0.651643
14.1671 	0.651643
14.2373 	0.651643
14.3074 	0.651643
14.3776 	0.554994
14.4477 	0.354289
14.5178 	0.354289
14.588 	0.354289
14.6581 	0.354289
14.7282 	0.354289
14.7984 	0.354289
14.8685 	0.381383
14.9386 	0.381383
15.0088 	0.381383
15.0789 	0.381383
15.149 	0.381383
15.2192 	0.144185
15.2893 	0.144185
15.3594 	0.144185
15.4296 	0.273362
15.4997 	0.273362
15.5698 	0.273362
15.64 	0.273362
15.7101 	0.273362
15.7802 	0.273362
15.8504 	0.273362
15.9205 	0.0195976
15.9906 	0.0195976
16.0608 	0.0195976
16.1309 	0.231856
16.201 	0.231856
16.2712 	0.231856
16.3413 	0.231856
16.4114 	0.231856
16.4816 	0.231856
16.5517 	0.231856
16.6219 	0.0482355
16.692 	0.0482355
16.7621 	0.0482355
16.8323 	0.0482355
16.9024 	0.0482355
16.9725 	0.278998
17.0427 	0.278998
17.1128 	0.278998
17.1829 	0.278998
17.2531 	0.128351
17.3232 	0.128351
17.3933 	0.128351
17.4635 	0.128351
17.5336 	0.128351
17.6037 	0.128351
17.6739 	0.128351
17.744 	0.128351
17.8141 	0.128351
17.8843 	0.128351
17.9544 	0.204699
18.0245 	0.204699
18.0947 	0.204699
18.1648 	0.204699
18.2349 	0.204699
18.3051 	0.204699
18.3752 	0.204699
18.4453 	0.204699
18.5155 	0.204699
18.5856 	0.111873
18.6557 	0.111873
18.7259 	0.111873
18.796 	0.111873
18.8662 	0.111873
18.9363 	0.111873
19.0064 	0.111873
19.0766 	0.111873
19.1467 	0.111873
19.2168 	0.0622127
19.287 	0.288598
19.3571 	0.288598
19.4272 	0.288598
19.4974 	0.288598
19.5675 	0.288598
19.6376 	0.288598
19.7078 	0.288598
19.7779 	0.288598
19.848 	0.288598
19.9182 	0.235725
19.9883 	0.235725
20.0584 	0.235725
20.1286 	0.235725
20.1987 	0.235725
20.2688 	0.235725
20.339 	0.235725
20.4091 	0.235725
20.4792 	0.235725
20.5494 	0.235725
20.6195 	0.175551
20.6896 	0.175551
20.7598 	0.175551
20.8299 	0.175551
20.9 	0.257532
20.9702 	0.257532
21.0403 	0.257532
21.1105 	0.257532
21.1806 	0.257532
21.2507 	0.257532
21.3209 	0.216892
21.391 	0.216892
21.4611 	0.216892
21.5313 	0.216892
21.6014 	0.216892
21.6715 	0.216892
21.7417 	0.216892
21.8118 	0.216892
21.8819 	0.216892
21.9521 	0.216892
22.0222 	0.216892
22.0923 	0.174597
22.1625 	0.174597
22.2326 	0.174597
22.3027 	0.174597
22.3729 	0.174597
22.443 	0.174597
22.5131 	0.174597
22.5833 	0.174597
22.6534 	0.174597
22.7235 	0.174597
22.7937 	0.174597
22.8638 	0.123305
22.9339 	0.123305
23.0041 	0.123305
23.0742 	0.132983
23.1443 	0.132983
23.2145 	0.132983
23.2846 	0.132983
23.3548 	0.132983
23.4249 	0.132983
23.495 	0.132983
23.5652 	0.132983
23.6353 	0.132983
23.7054 	0.0851466
23.7756 	0.0851466
23.8457 	0.0851466
23.9158 	0.0851466
23.986 	0.0851466
24.0561 	0.0851466
24.1262 	0.0851466
24.1964 	0.0851466
24.2665 	0.0851466
24.3366 	0.0851466
24.4068 	0.0851466
24.4769 	0.0851466
24.547 	0.0851466
24.6172 	0.041168
24.6873 	0.041168
24.7574 	0.041168
24.8276 	0.041168
24.8977 	0.041168
24.9678 	0.041168
25.038 	0.041168
25.1081 	0.041168
25.1782 	0.041168
25.2484 	0.041168
25.3185 	0.041168
25.3886 	0.041168
25.4588 	0.000139951
25.5289 	0.000139951
25.5991 	0.000139951
25.6692 	0.000139951
25.7393 	0.000139951
25.8095 	0.000139951
25.8796 	0.000139951
25.9497 	0.000139951
26.0199 	0.000139951
26.09 	-0.000743831
26.1601 	-0.000743831
26.2303 	-0.000743831
26.3004 	-0.000743831
26.3705 	-0.000743831
26.4407 	-0.0459124
26.5108 	-0.0459124
26.5809 	-0.0459124
26.6511 	-0.0459124
26.7212 	-0.0459124
26.7913 	-0.0459124
26.8615 	-0.0459124
26.9316 	-0.0459124
27.0017 	-0.0459124
27.0719 	-0.0459124
27.142 	-0.0459124
27.2121 	-0.0459124
27.2823 	-0.0459124
27.3524 	-0.0898253
27.4225 	-0.0898253
27.4927 	-0.0898253
27.5628 	-0.0898253
27.6329 	-0.0898253
27.7031 	-0.0898253
27.7732 	-0.0898253
27.8434 	-0.0898253
27.9135 	-0.0898253
27.9836 	-0.0898253
28.0538 	-0.0898253
28.1239 	-0.0898253
28.194 	-0.0898253
28.2642 	-0.0898253
28.3343 	-0.0898253
28.4044 	-0.13023
28.4746 	-0.13023
28.5447 	-0.13023
28.6148 	-0.13023
28.685 	-0.13023
28.7551 	-0.13023
28.8252 	-0.13023
28.8954 	-0.13023
28.9655 	-0.13023
29.0356 	-0.13023
29.1058 	-0.13023
29.1759 	-0.13023
29.246 	-0.13023
29.3162 	-0.13023
29.3863 	-0.13023
29.4564 	-0.16566
29.5266 	-0.16566
29.5967 	-0.16566
29.6668 	-0.16566
29.737 	-0.16566
29.8071 	-0.16566
29.8773 	-0.16566
29.9474 	-0.16566
30.0175 	-0.16566
30.0877 	-0.16566
30.1578 	-0.16566
30.2279 	-0.16566
30.2981 	-0.16566
30.3682 	-0.16566
30.4383 	-0.16566
30.5085 	-0.16566
30.5786 	-0.19435
30.6487 	-0.19435
30.7189 	-0.19435
30.789 	-0.19435
30.8591 	-0.19435
30.9293 	-0.19435
30.9994 	-0.19435
31.0695 	-0.19435
31.1397 	-0.19435
31.2098 	-0.19435
31.2799 	-0.19435
31.3501 	-0.19435
31.4202 	-0.19435
31.4903 	-0.19435
31.5605 	-0.243004
31.6306 	-0.243004
31.7007 	-0.257109
31.7709 	-0.257109
31.841 	-0.257109
31.9111 	-0.257109
31.9813 	-0.257109
32.0514 	-0.257109
32.1216 	-0.257109
32.1917 	-0.257109
32.2618 	-0.257109
32.332 	-0.257109
32.4021 	-0.257109
32.4722 	-0.257109
32.5424 	-0.257109
32.6125 	-0.257109
32.6826 	-0.257109
32.7528 	-0.257109
32.8229 	-0.257109
32.893 	-0.257109
32.9632 	-0.25653
33.0333 	-0.25653
33.1034 	-0.25653
33.1736 	-0.25653
33.2437 	-0.25653
33.3138 	-0.25653
33.384 	-0.25653
33.4541 	-0.25653
33.5242 	-0.25653
33.5944 	-0.25653
33.6645 	-0.25653
33.7346 	-0.25653
33.8048 	-0.25653
33.8749 	-0.25653
33.945 	-0.25653
34.0152 	-0.25653
34.0853 	-0.25653
34.1554 	-0.25653
34.2256 	-0.237649
34.2957 	-0.237649
34.3659 	-0.237649
34.436 	-0.237649
34.5061 	-0.237649
34.5763 	-0.237649
34.6464 	-0.237649
34.7165 	-0.237649
34.7867 	-0.237649
34.8568 	-0.237649
34.9269 	-0.237649
34.9971 	-0.237649
35.0672 	-0.237649
35.1373 	-0.237649
35.2075 	-0.237649
35.2776 	-0.237649
35.3477 	-0.237649
35.4179 	-0.237649
35.488 	-0.237649
35.5581 	-0.237649
35.6283 	-0.197724
35.6984 	-0.197724
35.7685 	-0.197724
35.8387 	-0.197724
35.9088 	-0.197724
35.9789 	-0.197724
36.0491 	-0.197724
36.1192 	-0.197724
36.1893 	-0.197724
36.2595 	-0.197724
36.3296 	-0.197724
36.3997 	-0.197724
36.4699 	-0.197724
36.54 	-0.197724
36.6102 	-0.197724
36.6803 	-0.197724
36.7504 	-0.197724
36.8206 	-0.197724
36.8907 	-0.197724
36.9608 	-0.197724
37.031 	-0.197724
37.1011 	-0.157323
37.1712 	-0.157323
37.2414 	-0.157323
37.3115 	-0.157323
37.3816 	-0.157323
37.4518 	-0.157323
37.5219 	-0.157323
37.592 	-0.157323
37.6622 	-0.157323
37.7323 	-0.157323
37.8024 	-0.157323
37.8726 	-0.157323
37.9427 	-0.157323
38.0128 	-0.157323
38.083 	-0.157323
38.1531 	-0.157323
38.2232 	-0.157323
38.2934 	-0.130057
38.3635 	-0.130057
38.4336 	-0.130057
38.5038 	-0.130057
38.5739 	-0.130057
38.644 	-0.130057
38.7142 	-0.130057
38.7843 	-0.130057
38.8545 	-0.130057
38.9246 	-0.130057
38.9947 	-0.130057
39.0649 	-0.130057
39.135 	-0.130057
39.2051 	-0.130057
39.2753 	-0.130057
39.3454 	-0.130057
39.4155 	-0.130057
39.4857 	-0.130057
39.5558 	-0.117569
39.6259 	-0.117569
39.6961 	-0.117569
39.7662 	-0.117569
39.8363 	-0.117569
39.9065 	-0.117569
39.9766 	-0.117569
40.0467 	-0.117569
40.1169 	-0.117569
40.187 	-0.117569
40.2571 	-0.117569
40.3273 	-0.117569
40.3974 	-0.117569
40.4675 	-0.117569
40.5377 	-0.117569
40.6078 	-0.117569
40.6779 	-0.117569
40.7481 	-0.120585
40.8182 	-0.120585
40.8883 	-0.120585
40.9585 	-0.120585
41.0286 	-0.120585
41.0988 	-0.120585
41.1689 	-0.120585
41.239 	-0.120585
41.3092 	-0.120585
41.3793 	-0.120585
41.4494 	-0.120585
41.5196 	-0.120585
41.5897 	-0.120585
41.6598 	-0.120585
41.73 	-0.120585
41.8001 	-0.120585
41.8702 	-0.120585
41.9404 	-0.120585
42.0105 	-0.131365
42.0806 	-0.131365
42.1508 	-0.131365
42.2209 	-0.131365
42.291 	-0.131365
42.3612 	-0.131365
42.4313 	-0.131365
42.5014 	-0.131365
42.5716 	-0.131365
42.6417 	-0.131365
42.7118 	-0.131365
42.782 	-0.131365
42.8521 	-0.131365
42.9222 	-0.131365
42.9924 	-0.131365
43.0625 	-0.131365
43.1327 	-0.131365
43.2028 	-0.141283
43.2729 	-0.141283
43.3431 	-0.141283
43.4132 	-0.141283
43.4833 	-0.141283
43.5535 	-0.141283
43.6236 	-0.141283
43.6937 	-0.141283
43.7639 	-0.141283
43.834 	-0.141283
43.9041 	-0.141283
43.9743 	-0.141283
44.0444 	-0.141283
44.1145 	-0.141283
44.1847 	-0.141283
44.2548 	-0.141283
44.3249 	-0.141283
44.3951 	-0.141283
44.4652 	-0.145159
44.5353 	-0.145159
44.6055 	-0.145159
44.6756 	-0.145159
44.7457 	-0.145159
44.8159 	-0.145159
44.886 	-0.145159
44.9561 	-0.145159
45.0263 	-0.145159
45.0964 	-0.145159
45.1665 	-0.145159
45.2367 	-0.145159
45.3068 	-0.145159
45.377 	-0.145159
45.4471 	-0.145159
45.5172 	-0.145159
45.5874 	-0.145159
45.6575 	-0.140016
45.7276 	-0.140016
45.7978 	-0.140016
45.8679 	-0.140016
45.938 	-0.140016
46.0082 	-0.140016
46.0783 	-0.140016
46.1484 	-0.140016
46.2186 	-0.140016
46.2887 	-0.140016
46.3588 	-0.140016
46.429 	-0.140016
46.4991 	-0.140016
46.5692 	-0.140016
46.6394 	-0.140016
46.7095 	-0.140016
46.7796 	-0.0708301
46.8498 	-0.0708301
46.9199 	-0.0714672
46.99 	-0.0714672
47.0602 	-0.0714672
47.1303 	-0.0714672
47.2004 	-0.0714672
47.2706 	-0.0714672
47.3407 	-0.0714672
47.4108 	-0.0714672
47.481 	-0.0714672
47.5511 	-0.0714672
47.6213 	-0.0714672
47.6914 	-0.0714672
47.7615 	-0.0714672
47.8317 	-0.0714672
47.9018 	-0.0714672
47.9719 	-0.0714672
48.0421 	-0.0714672
48.1122 	-0.0714672
48.1823 	-0.0656064
48.2525 	-0.0656064
48.3226 	-0.0656064
48.3927 	-0.0656064
48.4629 	-0.0656064
48.533 	-0.0656064
48.6031 	-0.0656064
48.6733 	-0.0656064
48.7434 	-0.0656064
48.8135 	-0.0656064
48.8837 	-0.0656064
48.9538 	-0.0656064
49.0239 	-0.0656064
49.0941 	-0.0656064
49.1642 	-0.0656064
49.2343 	-0.0656064
49.3045 	-0.0656064
49.3746 	-0.0546907
49.4447 	-0.0546907
49.5149 	-0.0546907
49.585 	-0.0546907
49.6551 	-0.0546907
49.7253 	-0.0546907
49.7954 	-0.0546907
49.8656 	-0.0546907
49.9357 	-0.0546907
50.0058 	-0.0546907
50.076 	-0.0546907
50.1461 	-0.0546907
50.2162 	-0.0546907
50.2864 	-0.0546907
50.3565 	-0.0546907
50.4266 	-0.0546907
50.4968 	-0.0546907
50.5669 	-0.0546907
50.637 	-0.0412204
50.7072 	-0.0412204
50.7773 	-0.0412204
50.8474 	-0.0412204
50.9176 	-0.0412204
50.9877 	-0.0412204
51.0578 	-0.0412204
51.128 	-0.0412204
51.1981 	-0.0412204
51.2682 	-0.0412204
51.3384 	-0.0412204
51.4085 	-0.0412204
51.4786 	-0.0412204
51.5488 	-0.0412204
51.6189 	-0.0412204
51.689 	-0.0412204
51.7592 	-0.0412204
51.8293 	-0.0279916
51.8994 	-0.0279916
51.9696 	-0.0279916
52.0397 	-0.0279916
52.1099 	-0.0279916
52.18 	-0.0279916
52.2501 	-0.0279916
52.3203 	-0.0279916
52.3904 	-0.0279916
52.4605 	-0.0279916
52.5307 	-0.0279916
52.6008 	-0.0279916
52.6709 	-0.0279916
52.7411 	-0.0279916
52.8112 	-0.0279916
52.8813 	-0.0279916
52.9515 	-0.0279916
53.0216 	-0.0279916
53.0917 	-0.0168309
53.1619 	-0.0168309
53.232 	-0.0168309
53.3021 	-0.0168309
53.3723 	-0.0168309
53.4424 	-0.0168309
53.5125 	-0.0168309
53.5827 	-0.0168309
53.6528 	-0.0168309
53.7229 	-0.0168309
53.7931 	-0.0168309
53.8632 	-0.0168309
53.9333 	-0.0168309
54.0035 	-0.0168309
54.0736 	-0.0168309
54.1437 	-0.0168309
54.2139 	-0.0168309
54.284 	-0.00881657
54.3542 	-0.00881657
54.4243 	-0.00881657
54.4944 	-0.00881657
54.5646 	-0.00881657
54.6347 	-0.00881657
54.7048 	-0.00881657
54.775 	-0.00881657
54.8451 	-0.00881657
54.9152 	-0.00881657
54.9854 	-0.00881657
55.0555 	-0.00881657
55.1256 	-0.00881657
55.1958 	-0.00881657
55.2659 	-0.00881657
55.336 	-0.00881657
55.4062 	-0.00881657
55.4763 	-0.00881657
55.5464 	-0.00336794
55.6166 	-0.00336794
55.6867 	-0.00336794
55.7568 	-0.00336794
55.827 	-0.00336794
55.8971 	-0.00336794
55.9672 	-0.00336794
56.0374 	-0.00336794
56.1075 	-0.00336794
56.1776 	-0.00336794
56.2478 	-0.00336794
56.3179 	-0.00336794
56.3881 	-0.00336794
56.4582 	-0.00336794
56.5283 	-0.00336794
56.5985 	-0.00336794
56.6686 	-0.00336794
56.7387 	-0.00336794
56.8089 	0.000606682
56.879 	0.000606682
56.9491 	0.000606682
57.0193 	0.000606682
57.0894 	0.000606682
57.1595 	0.000606682
57.2297 	0.000606682
57.2998 	0.000606682
57.3699 	0.000606682
57.4401 	0.000606682
57.5102 	0.000606682
57.5803 	0.000606682
57.6505 	0.000606682
57.7206 	0.000606682
57.7907 	0.000606682
57.8609 	0.000606682
57.931 	0.000606682
58.0011 	0.00344292
58.0713 	0.00344292
58.1414 	0.00344292
58.2115 	0.00344292
58.2817 	0.00344292
58.3518 	0.00344292
58.4219 	0.00344292
58.4921 	0.00344292
58.5622 	0.00344292
58.6324 	0.00344292
58.7025 	0.00344292
58.7726 	0.00344292
58.8428 	0.00344292
58.9129 	0.00344292
58.983 	0.00344292
59.0532 	0.00344292
59.1233 	0.00344292
59.1934 	0.00344292
59.2636 	0.00534825
59.3337 	0.00534825
59.4038 	0.00534825
59.474 	0.00534825
59.5441 	0.00534825
59.6142 	0.00534825
59.6844 	0.00534825
59.7545 	0.00534825
59.8246 	0.00534825
59.8948 	0.00534825
59.9649 	0.00534825
60.035 	0.00534825
60.1052 	0.00534825
60.1753 	0.00534825
60.2454 	0.00534825
60.3156 	0.00534825
60.3857 	0.00534825
60.4558 	0.00593244
60.526 	0.00593244
60.5961 	0.00593244
60.6662 	0.00593244
60.7364 	0.00593244
60.8065 	0.00593244
60.8767 	0.00593244
60.9468 	0.00593244
61.0169 	0.00593244
61.0871 	0.00593244
61.1572 	0.00593244
61.2273 	0.00593244
61.2975 	0.00593244
61.3676 	0.00593244
61.4377 	0.00593244
61.5079 	0.00593244
61.578 	0.00593244
61.6481 	0.00593244
61.7183 	0.00542927
61.7884 	0.00542927
61.8585 	0.00542927
61.9287 	0.00542927
61.9988 	0.00542927
62.0689 	0.00542927
62.1391 	0.00542927
62.2092 	0.00542927
62.2793 	0.00542927
62.3495 	0.00542927
62.4196 	0.00542927
62.4897 	0.00542927
62.5599 	0.00542927
62.63 	0.00542927
62.7001 	0.00542927
62.7703 	0.00542927
62.8404 	0.00542927
62.9105 	0.00436799
62.9807 	0.00436799
63.0508 	0.00436799
63.121 	0.00436799
63.1911 	0.00436799
63.2612 	0.00436799
63.3314 	0.00436799
63.4015 	0.00436799
63.4716 	0.00436799
63.5418 	0.00436799
63.6119 	0.00436799
63.682 	0.00436799
63.7522 	0.00436799
63.8223 	0.00436799
63.8924 	0.00436799
63.9626 	0.00436799
64.0327 	0.00436799
64.1028 	0.00436799
64.173 	0.00318267
64.2431 	0.00318267
64.3132 	0.00318267
64.3834 	0.00318267
64.4535 	0.00318267
64.5236 	0.00318267
64.5938 	0.00318267
64.6639 	0.00318267
64.734 	0.00318267
64.8042 	0.00318267
64.8743 	0.00318267
64.9444 	0.00318267
65.0146 	0.00318267
65.0847 	0.00318267
65.1548 	0.00318267
65.225 	0.00318267
65.2951 	0.00318267
65.3653 	0.00318267
65.4354 	0.00198815
65.5055 	0.00198815
65.5757 	0.00198815
65.6458 	0.00198815
65.7159 	0.00198815
65.7861 	0.00198815
65.8562 	0.00198815
65.9263 	0.00198815
65.9965 	0.00198815
66.0666 	0.00198815
66.1367 	0.00198815
66.2069 	0.00198815
66.277 	0.00198815
66.3471 	0.00198815
66.4173 	0.00198815
66.4874 	0.00198815
66.5575 	0.00198815
66.6277 	0.000960112
66.6978 	0.000960112
66.7679 	0.000960112
66.8381 	0.000960112
66.9082 	0.000960112
66.9783 	0.000960112
67.0485 	0.000960112
67.1186 	0.000960112
67.1887 	0.000960112
67.2589 	0.000960112
67.329 	0.000960112
67.3991 	0.000960112
67.4693 	0.000960112
67.5394 	0.000960112
67.6096 	0.000960112
67.6797 	0.000960112
67.7498 	0.000960112
67.82 	0.000960112
67.8901 	0.000495856
67.9602 	0.000495856
68.0304 	0.000495856
68.1005 	0.000495856
68.1706 	0.000495856
68.2408 	0.000495856
68.3109 	0.000495856
68.381 	0.000495856
68.4512 	0.000495856
68.5213 	0.000495856
68.5914 	0.000495856
68.6616 	0.000495856
68.7317 	0.000495856
68.8018 	0.000495856
68.872 	0.000495856
68.9421 	0.000495856
69.0122 	0.000495856
