/*--------------------------------*- C++ -*----------------------------------*\
| =========                 |                                                 |
| \\      /  F ield         | OpenFOAM: The Open Source CFD Toolbox           |
|  \\    /   O peration     | Version:  v2012                                 |
|   \\  /    A nd           | Website:  www.openfoam.com                      |
|    \\/     M anipulation  |                                                 |
\*---------------------------------------------------------------------------*/
FoamFile
{
    version     2.0;
    format      ascii;
    class       volScalarField;
    location    "31";
    object      p;
}
// * * * * * * * * * * * * * * * * * * * * * * * * * * * * * * * * * * * * * //

dimensions      [0 2 -2 0 0 0 0];


internalField   nonuniform List<scalar> 
8800
(
1.56941
1.52136
1.48297
1.45432
1.43369
1.41891
1.40827
1.40073
1.39583
1.39368
1.39486
1.39898
1.40559
1.41487
1.42759
1.44516
1.46959
1.50319
1.54562
1.60275
1.40195
1.40915
1.41759
1.42099
1.41907
1.41353
1.4068
1.4006
1.39579
1.39285
1.39248
1.3949
1.39933
1.40527
1.41213
1.41872
1.42283
1.4223
1.41623
1.40724
1.37868
1.38485
1.38905
1.3924
1.39488
1.39566
1.39452
1.39233
1.39022
1.38921
1.39007
1.39237
1.39513
1.39729
1.39777
1.39621
1.39334
1.38968
1.38514
1.38135
1.37358
1.37628
1.37899
1.3813
1.38293
1.38423
1.3851
1.38525
1.38491
1.38477
1.3854
1.38645
1.38715
1.38701
1.38616
1.38492
1.38314
1.38061
1.37817
1.37664
1.36843
1.36986
1.37165
1.3737
1.37544
1.37672
1.37771
1.37852
1.37911
1.37958
1.38008
1.38041
1.38033
1.37989
1.37912
1.37786
1.37611
1.37419
1.37285
1.37203
1.36349
1.3644
1.36564
1.36722
1.36886
1.37037
1.3716
1.37261
1.37351
1.37429
1.3748
1.37494
1.37475
1.3742
1.37323
1.37193
1.37051
1.36919
1.36834
1.3678
1.35871
1.35937
1.36034
1.36164
1.36305
1.36451
1.36593
1.36719
1.36829
1.36924
1.36985
1.37002
1.36976
1.36909
1.36813
1.36705
1.36594
1.36494
1.36433
1.36393
1.35407
1.35458
1.35537
1.35651
1.3578
1.35917
1.3606
1.36203
1.36335
1.3645
1.36526
1.36548
1.36521
1.3646
1.3638
1.36291
1.36201
1.36123
1.36076
1.36046
1.34952
1.34993
1.3506
1.35163
1.35285
1.35418
1.35561
1.35711
1.35861
1.35999
1.36094
1.36127
1.36113
1.36068
1.36006
1.35933
1.35858
1.35797
1.35761
1.35736
1.34501
1.34533
1.34592
1.34688
1.34806
1.34938
1.35082
1.35238
1.35402
1.35565
1.35684
1.3574
1.35748
1.35723
1.35679
1.35623
1.35562
1.35514
1.35486
1.35466
1.34046
1.34072
1.34125
1.34217
1.34335
1.3447
1.34621
1.34788
1.34971
1.35159
1.35311
1.35398
1.35431
1.35428
1.354
1.35359
1.35312
1.35274
1.35253
1.35237
1.33583
1.33603
1.33652
1.33745
1.33866
1.34007
1.34171
1.34357
1.34564
1.34787
1.34978
1.35101
1.35163
1.35181
1.35172
1.35145
1.35109
1.35081
1.35065
1.35052
1.33106
1.33123
1.33169
1.33264
1.33391
1.33542
1.33719
1.33927
1.3417
1.34438
1.34678
1.34841
1.34936
1.34984
1.34997
1.34986
1.34963
1.34943
1.34932
1.34921
1.32612
1.32624
1.32669
1.32765
1.329
1.33063
1.33257
1.3349
1.33766
1.34086
1.34388
1.3461
1.34753
1.34836
1.34877
1.34888
1.34879
1.34869
1.34863
1.34854
1.32092
1.321
1.32145
1.32246
1.32393
1.32574
1.32795
1.33068
1.33399
1.33789
1.34166
1.3445
1.3464
1.3476
1.34831
1.34864
1.34872
1.34872
1.34871
1.34865
1.31541
1.31547
1.31588
1.31692
1.31849
1.32047
1.32296
1.3261
1.33003
1.33477
1.33947
1.34312
1.34572
1.34746
1.34857
1.34923
1.34956
1.34971
1.34975
1.34969
1.30927
1.30932
1.30975
1.31082
1.31251
1.31475
1.31764
1.32136
1.32608
1.33188
1.33772
1.34236
1.3457
1.34806
1.34971
1.35077
1.3514
1.35171
1.3518
1.35174
1.3022
1.30224
1.30271
1.30385
1.30576
1.30834
1.31175
1.31624
1.32201
1.32915
1.33637
1.34217
1.34644
1.34953
1.35174
1.35325
1.35422
1.3547
1.35483
1.35476
1.29375
1.29378
1.29432
1.29564
1.29784
1.30091
1.30502
1.31048
1.31754
1.32632
1.33527
1.34249
1.34787
1.3518
1.35469
1.35672
1.35805
1.3587
1.35886
1.35878
1.28347
1.28351
1.28416
1.28575
1.28844
1.29221
1.2973
1.30408
1.31283
1.32368
1.3347
1.34359
1.35022
1.35512
1.35875
1.36132
1.363
1.36382
1.36401
1.36392
1.27083
1.27087
1.27169
1.27369
1.27706
1.28181
1.28821
1.2967
1.30761
1.32102
1.33454
1.34541
1.35353
1.35954
1.36401
1.3672
1.36928
1.37026
1.37049
1.37038
1.25507
1.25513
1.25619
1.25879
1.26313
1.26924
1.27744
1.28823
1.30193
1.3185
1.335
1.34816
1.35797
1.36526
1.3707
1.3746
1.3771
1.37826
1.37852
1.37839
1.23506
1.23514
1.23658
1.24009
1.24589
1.25393
1.26465
1.27852
1.29576
1.31619
1.33618
1.35197
1.36371
1.37245
1.379
1.3837
1.38668
1.38802
1.38831
1.38816
1.20904
1.20917
1.21125
1.21621
1.22429
1.23525
1.24955
1.26754
1.28925
1.31428
1.33826
1.357
1.37091
1.38127
1.38907
1.39469
1.39816
1.39969
1.40002
1.39982
1.17412
1.17439
1.17773
1.18535
1.19721
1.2127
1.23209
1.25549
1.28267
1.31303
1.34146
1.36342
1.37967
1.39186
1.40105
1.40764
1.41163
1.41336
1.41368
1.41345
1.12471
1.12586
1.13255
1.14554
1.1639
1.18628
1.21266
1.24287
1.27648
1.31278
1.34596
1.37131
1.39006
1.40417
1.41482
1.42246
1.42706
1.42896
1.42925
1.42896
1.05222
1.05984
1.07519
1.09804
1.12593
1.15738
1.19225
1.23028
1.27106
1.31388
1.35231
1.38146
1.40307
1.41943
1.43191
1.44092
1.44637
1.44866
1.44905
1.44883
0.975031
0.992107
1.01683
1.05006
1.08781
1.12843
1.17186
1.21796
1.2664
1.31658
1.36139
1.39547
1.42088
1.44024
1.45516
1.46621
1.47294
1.47565
1.47629
1.47626
0.910854
0.930957
0.963582
1.00538
1.05168
1.10086
1.15254
1.20652
1.26244
1.31974
1.37057
1.40914
1.43791
1.45986
1.47673
1.48911
1.49684
1.50027
1.50081
1.50086
0.858657
0.880738
0.918487
0.96632
1.01931
1.07558
1.13449
1.19566
1.25858
1.32257
1.37897
1.42152
1.45309
1.47705
1.49543
1.50906
1.51794
1.52153
1.52218
1.52231
0.815474
0.838687
0.879888
0.932518
0.99082
1.05289
1.11795
1.18544
1.25468
1.32481
1.38624
1.43227
1.46618
1.4918
1.51142
1.52589
1.53532
1.53938
1.54028
1.54045
0.778572
0.802442
0.846407
0.902702
0.965426
1.0324
1.10275
1.17581
1.25073
1.32642
1.39238
1.44146
1.47735
1.50428
1.52476
1.53986
1.54965
1.55413
1.55528
1.55546
0.745987
0.770308
0.816364
0.875777
0.94224
1.01347
1.08849
1.16653
1.24659
1.32738
1.39751
1.44933
1.48692
1.51489
1.536
1.5515
1.56155
1.56629
1.56752
1.56768
0.716292
0.741024
0.788821
0.850879
0.920576
0.995531
1.07473
1.1573
1.2421
1.32766
1.40172
1.45612
1.49524
1.52409
1.54562
1.56135
1.57146
1.57631
1.57762
1.57773
0.688616
0.713713
0.763091
0.827389
0.899937
0.978197
1.06115
1.14784
1.23707
1.32718
1.40507
1.46198
1.50262
1.53228
1.55423
1.57009
1.58027
1.58519
1.58656
1.58664
0.662251
0.687759
0.738579
0.804848
0.87996
0.961176
1.04751
1.13799
1.23137
1.32585
1.40755
1.46706
1.50926
1.53982
1.56223
1.5783
1.58849
1.59332
1.59474
1.59486
0.636909
0.66286
0.714731
0.782984
0.86039
0.944261
1.03365
1.12762
1.22488
1.32362
1.40917
1.47141
1.51536
1.54696
1.56993
1.58623
1.59648
1.60126
1.60258
1.60264
0.612234
0.638762
0.691637
0.761625
0.84107
0.927328
1.0195
1.11665
1.21756
1.32042
1.40991
1.47511
1.52103
1.55384
1.57749
1.59413
1.60445
1.60915
1.61034
1.61032
0.588145
0.615107
0.669118
0.740646
0.82192
0.910322
1.005
1.10507
1.20938
1.31623
1.40975
1.47816
1.5263
1.56052
1.585
1.60203
1.6124
1.61698
1.61804
1.61793
0.564552
0.59207
0.647056
0.719987
0.802913
0.893231
0.990152
1.09287
1.20032
1.31099
1.40858
1.48044
1.53114
1.56704
1.59249
1.60995
1.62033
1.62471
1.62559
1.62541
0.541388
0.569513
0.625433
0.69965
0.784048
0.876077
0.974996
1.08008
1.19039
1.30468
1.40632
1.48189
1.53551
1.5734
1.59998
1.61788
1.62817
1.63224
1.63293
1.63269
0.518654
0.547444
0.604278
0.679663
0.765377
0.858907
0.959588
1.06676
1.17964
1.29726
1.40288
1.48235
1.53928
1.57959
1.60755
1.62584
1.63585
1.63949
1.63996
1.63966
0.496523
0.525927
0.583635
0.660068
0.746948
0.841796
0.944001
1.05299
1.16813
1.28877
1.39821
1.48168
1.54229
1.58557
1.61533
1.634
1.64339
1.64634
1.64653
1.64621
0.475032
0.505018
0.563537
0.640922
0.728826
0.824813
0.928332
1.03887
1.15597
1.27927
1.39224
1.47971
1.54429
1.59118
1.62348
1.64279
1.65108
1.65275
1.65253
1.65222
0.45412
0.484761
0.544022
0.622269
0.71108
0.808046
0.912675
1.02451
1.14324
1.26882
1.38496
1.4763
1.54502
1.59607
1.63199
1.65291
1.65992
1.65924
1.65792
1.65776
0.433963
0.465173
0.525156
0.604179
0.693772
0.791579
0.897129
1.01001
1.13007
1.25754
1.37637
1.47134
1.54414
1.59966
1.64036
1.66483
1.67197
1.66831
1.66403
1.66288
0.414477
0.44626
0.506923
0.586626
0.676872
0.775368
0.881637
0.995328
1.1164
1.24535
1.36635
1.46456
1.54135
1.60119
1.64739
1.6779
1.68888
1.68582
1.67486
1.66279
0.395736
0.428033
0.489193
0.569418
0.660086
0.759073
0.865779
0.979957
1.10167
1.2316
1.35419
1.45509
1.53597
1.59948
1.65043
1.68808
1.70402
1.69637
1.67881
1.66677
0.377912
0.410476
0.472137
0.552782
0.643686
0.743025
0.849777
0.964235
1.08619
1.21657
1.3401
1.44258
1.52752
1.59356
1.64439
1.68233
1.70154
1.6821
1.61348
1.58121
0.361455
0.392401
0.456142
0.537301
0.628394
0.727732
0.833923
0.948412
1.07023
1.20044
1.3241
1.42679
1.51509
1.58355
1.6253
1.65483
1.65715
1.60766
1.53615
1.49261
0.311288
0.375656
0.441462
0.522039
0.613019
0.71197
0.818238
0.932276
1.05348
1.18283
1.30573
1.4075
1.49534
1.57071
1.58077
1.59052
1.55598
1.49238
1.41556
1.37272
0.344454
0.361235
0.419911
0.50001
0.590299
0.688918
0.794255
0.907362
1.02718
1.15443
1.27448
1.37343
1.45202
1.52855
1.52676
1.42181
1.32083
1.25008
1.17747
1.2143
0.313015
0.343073
0.402958
0.482531
0.572824
0.671079
0.776483
0.888816
1.00738
1.13254
1.24938
1.3443
1.4149
1.45532
1.41175
1.26851
1.1431
1.05345
0.955026
1.01087
0.289173
0.321673
0.383245
0.463071
0.553385
0.651488
0.756686
0.868059
0.985049
1.10757
1.22038
1.30963
1.37027
1.37815
1.27532
1.10293
0.950828
0.831946
0.702077
0.742492
0.265905
0.299758
0.362608
0.443209
0.533677
0.631624
0.736251
0.846535
0.96176
1.08129
1.18932
1.27214
1.31772
1.29303
1.13543
0.936766
0.74639
0.573523
0.380987
0.381429
0.243234
0.277455
0.341187
0.422469
0.51314
0.61088
0.714819
0.823907
0.937133
1.05335
1.15604
1.23165
1.25963
1.19943
1.002
0.784748
0.56434
0.374632
0.112118
-0.169157
0.220314
0.254514
0.318714
0.400469
0.491353
0.588939
0.692262
0.800137
0.911287
1.024
1.12117
1.18851
1.19848
1.08707
0.885022
0.664369
0.448756
0.274199
0.193453
0.0620288
0.196262
0.230474
0.294887
0.376882
0.467844
0.565188
0.667806
0.774306
0.883076
0.991815
1.083
1.14038
1.125
0.976433
0.780496
0.576147
0.398308
0.300748
0.276611
0.258415
0.17079
0.205016
0.26956
0.351638
0.442505
0.539451
0.641136
0.745966
0.851945
0.956076
1.04084
1.08588
1.04895
0.872663
0.686041
0.506996
0.36944
0.329757
0.315307
0.313555
0.143698
0.178002
0.242696
0.324771
0.415416
0.511757
0.612275
0.715113
0.817864
0.916786
0.994464
1.02565
0.96949
0.775325
0.598108
0.439431
0.350658
0.334485
0.333407
0.333391
0.11498
0.149442
0.214296
0.29632
0.386604
0.482164
0.581269
0.681788
0.780874
0.874067
0.943622
0.962236
0.871898
0.686045
0.51617
0.384925
0.345937
0.342944
0.342799
0.343364
0.0849513
0.119593
0.184505
0.266414
0.356206
0.450782
0.548216
0.646095
0.741065
0.828072
0.888852
0.890755
0.773092
0.601354
0.450513
0.360537
0.350442
0.349098
0.348625
0.348984
0.0542003
0.0888987
0.153611
0.235318
0.324465
0.41784
0.513349
0.60826
0.698728
0.779051
0.831394
0.814211
0.680752
0.523645
0.396067
0.367874
0.352799
0.351077
0.351953
0.352524
0.0231779
0.0578073
0.122188
0.203476
0.291779
0.383743
0.477054
0.568686
0.654331
0.727608
0.771222
0.736704
0.587333
0.449088
0.358071
0.325844
0.340249
0.349995
0.352776
0.353421
-0.00727634
0.0270841
0.0910384
0.171521
0.258734
0.349066
0.439916
0.527995
0.608556
0.674709
0.708414
0.659871
0.490877
0.372221
0.318476
0.330471
0.328621
0.332446
0.337699
0.340502
-0.035586
-0.00219436
0.0609969
0.140345
0.226229
0.314611
0.402765
0.487086
0.562368
0.621327
0.646912
0.582822
0.393641
0.257439
0.262882
0.263621
0.269143
0.274371
0.281345
0.286175
-0.0604644
-0.0280281
0.0330043
0.111174
0.195313
0.281452
0.366674
0.447152
0.517121
0.56886
0.590183
0.508107
0.309086
0.0980392
0.0820249
0.126456
0.183329
0.205163
0.208497
0.210774
-0.0799612
-0.0493884
0.00942806
0.0853544
0.167255
0.25086
0.332984
0.409631
0.474699
0.519096
0.538564
0.444291
0.272947
0.00243466
-0.173725
-0.0320276
0.0327931
0.0541512
0.0675963
0.0769933
-0.0922837
-0.0642844
-0.00851733
0.0645793
0.143675
0.224346
0.303235
0.376223
0.437177
0.474714
0.49309
0.400393
0.312032
0.266614
0.101718
0.0390392
-0.0768676
-0.079701
-0.0640794
-0.0585184
-0.095123
-0.0708296
-0.0191211
0.0504315
0.126206
0.203514
0.279148
0.348923
0.406298
0.439781
0.450198
0.372672
0.377355
0.719284
0.808979
0.362844
0.0252846
-0.0270432
-0.0450643
-0.0491579
-0.0871678
-0.0671447
-0.0205768
0.0442959
0.116168
0.189925
0.262569
0.329837
0.384573
0.41648
0.410398
0.28565
0.104211
-0.00158763
-0.237578
-0.582303
-0.534889
-0.326012
-0.201926
-0.208688
-0.0664839
-0.0508015
-0.0116074
0.0471226
0.114468
0.184713
0.254904
0.320998
0.376107
0.406991
0.38975
0.150078
-0.492023
-1.48529
-2.06195
-2.30224
-2.122
-1.66965
-1.28113
-1.11189
-0.0347573
-0.0239725
0.00732546
0.0586413
0.121187
0.188219
0.256968
0.323884
0.383774
0.42255
0.412927
0.174099
-0.436142
-1.22778
-1.79054
-1.97016
-1.80266
-1.49395
-1.1886
-1.03507
0.00375019
0.0101644
0.0329458
0.0768617
0.134717
0.199416
0.268428
0.339084
0.4067
0.469011
0.502107
0.470745
0.337478
0.314906
0.374866
0.614208
0.899951
1.13352
1.29222
1.3642
0.0431102
0.0466463
0.0608017
0.0975778
0.151963
0.215894
0.286627
0.36362
0.444823
0.533851
0.632202
0.780557
1.06076
1.56505
2.15841
2.70234
3.09765
3.31672
3.40764
3.43138
0.0775355
0.079541
0.087473
0.11692
0.168419
0.233583
0.307656
0.390829
0.486223
0.594124
0.723983
0.859924
1.15953
1.73374
2.36986
2.92356
3.31883
3.54631
3.64622
3.67278
0.11118
0.111845
0.114547
0.134781
0.182258
0.248839
0.326113
0.413056
0.510119
0.620451
0.734563
0.856118
1.02441
1.49009
2.01105
2.44016
2.75438
2.9381
3.02224
3.04755
0.139255
0.14039
0.141096
0.153112
0.195584
0.262759
0.341735
0.428837
0.52219
0.627934
0.732648
0.835271
0.942784
1.22164
1.61377
1.93132
2.16643
2.30864
2.37457
2.39236
0.155095
0.155528
0.154504
0.164089
0.208394
0.279255
0.359582
0.444116
0.533102
0.630637
0.722535
0.803949
0.875605
1.05114
1.3099
1.53384
1.70019
1.79634
1.83916
1.85048
0.174062
0.17095
0.167774
0.1794
0.22975
0.304932
0.384574
0.463529
0.544357
0.630239
0.709604
0.776066
0.838666
0.948704
1.12278
1.26736
1.37217
1.43242
1.45833
1.46355
0.240255
0.235105
0.230939
0.243697
0.288864
0.354378
0.422677
0.489874
0.558308
0.630433
0.69849
0.754347
0.806162
0.876394
0.989525
1.08169
1.14571
1.18283
1.19687
1.19769
0.366142
0.362586
0.359668
0.367216
0.393655
0.43227
0.476538
0.52409
0.57566
0.632544
0.687435
0.732173
0.774364
0.81776
0.886678
0.946913
0.988745
1.01181
1.02181
1.02197
0.501036
0.499597
0.497449
0.497051
0.502411
0.51445
0.534077
0.560592
0.594458
0.635587
0.676946
0.71152
0.745546
0.772486
0.813367
0.852261
0.880665
0.897551
0.904139
0.903454
0.596087
0.595549
0.59319
0.587531
0.58065
0.577551
0.581217
0.592616
0.611952
0.638876
0.666265
0.690408
0.714557
0.732848
0.75801
0.784855
0.805806
0.817992
0.822775
0.821696
0.645352
0.644925
0.642522
0.636175
0.626653
0.618241
0.6144
0.616879
0.62615
0.64115
0.656587
0.668791
0.67862
0.688203
0.710383
0.734076
0.751338
0.761279
0.764913
0.7637
0.664892
0.664396
0.662294
0.657164
0.649146
0.640949
0.635144
0.633581
0.636798
0.643607
0.648311
0.647627
0.64384
0.648193
0.669623
0.693336
0.710904
0.720558
0.72416
0.722999
0.669994
0.669501
0.667843
0.664188
0.658645
0.652463
0.647274
0.644695
0.644955
0.646777
0.644519
0.632193
0.615197
0.620845
0.646393
0.670163
0.686205
0.694868
0.698011
0.697109
0.669173
0.668771
0.667571
0.664992
0.661346
0.657256
0.653683
0.651755
0.651798
0.652918
0.648449
0.631673
0.609877
0.618856
0.646337
0.667949
0.680742
0.68687
0.689036
0.688486
0.665528
0.665296
0.664593
0.662877
0.660472
0.658043
0.656338
0.656186
0.658028
0.661099
0.660853
0.650371
0.637646
0.650625
0.672081
0.687898
0.696927
0.701538
0.703026
0.702227
0.658861
0.658846
0.658683
0.657875
0.656573
0.6556
0.655789
0.6582
0.66242
0.67144
0.67959
0.682519
0.68535
0.698484
0.712024
0.721204
0.728388
0.733102
0.734698
0.733765
0.647533
0.647727
0.648048
0.648137
0.648139
0.648802
0.651332
0.6566
0.666366
0.681375
0.699324
0.716283
0.733379
0.747933
0.75195
0.757153
0.762443
0.767685
0.769358
0.768188
0.629758
0.630161
0.630976
0.631913
0.633285
0.635966
0.641064
0.650097
0.66506
0.687171
0.713088
0.739741
0.768039
0.775057
0.776011
0.782535
0.79056
0.796734
0.797075
0.795129
0.604211
0.604809
0.605965
0.607648
0.610298
0.614883
0.622698
0.635627
0.65562
0.683924
0.714747
0.745701
0.768603
0.775585
0.780672
0.790165
0.799986
0.804614
0.804256
0.803365
0.568384
0.56925
0.570849
0.573269
0.577035
0.58314
0.593033
0.608907
0.632881
0.666211
0.701891
0.729762
0.742115
0.747359
0.766417
0.789883
0.804321
0.810141
0.808591
0.807798
0.519785
0.52091
0.522884
0.525893
0.5304
0.537158
0.547376
0.563306
0.587979
0.623956
0.667347
0.698099
0.699686
0.709729
0.747026
0.787374
0.80935
0.81417
0.811445
0.811724
0.456114
0.457395
0.459525
0.462746
0.467134
0.472651
0.479643
0.489453
0.506044
0.53908
0.598681
0.643508
0.646429
0.666001
0.736288
0.794076
0.834994
0.840318
0.836325
0.836164
0.377166
0.378354
0.380225
0.382903
0.385554
0.386576
0.384148
0.37716
0.369424
0.39318
0.481368
0.558394
0.570434
0.619641
0.716648
0.800274
0.845984
0.850654
0.846056
0.844058
0.286793
0.287549
0.288677
0.289833
0.28862
0.280982
0.260773
0.221396
0.172724
0.180098
0.310999
0.435437
0.479098
0.557444
0.668579
0.766129
0.805272
0.797232
0.790173
0.787067
0.194152
0.19415
0.194257
0.19338
0.187155
0.168075
0.122823
0.0366962
-0.0731025
-0.0720181
0.114143
0.279741
0.356192
0.471208
0.582912
0.648476
0.662781
0.660811
0.657364
0.655203
0.112806
0.111871
0.110864
0.108689
0.0988463
0.0709515
0.00404246
-0.120679
-0.265304
-0.274484
-0.0541337
0.140997
0.232005
0.370236
0.473925
0.512499
0.497975
0.490722
0.487755
0.486356
0.0519634
0.0510309
0.0510032
0.0494563
0.0417239
0.0173343
-0.0473274
-0.1743
-0.307791
-0.310354
-0.12307
0.027892
0.125433
0.266077
0.333238
0.331148
0.315269
0.303592
0.298049
0.29573
0.0150259
0.0146144
0.0154186
0.0168902
0.0167336
0.0130148
-0.00173227
-0.0388962
-0.0850151
-0.109969
-0.0705708
0.00303117
0.00965549
0.0287289
0.0506046
0.0992538
0.0804065
0.0683501
0.0628055
0.0609039
0.585142
0.786508
1.0032
1.1825
1.32674
1.44184
1.53833
1.61898
1.65179
1.63587
0.936109
1.06848
1.20615
1.32521
1.42592
1.50981
1.57742
1.62481
1.64963
1.66222
1.17154
1.26079
1.35391
1.43699
1.50849
1.56826
1.61557
1.65037
1.67565
1.69328
1.3407
1.4032
1.46886
1.52912
1.5814
1.62566
1.66193
1.69109
1.71448
1.73259
1.47206
1.51691
1.56591
1.61134
1.65174
1.68691
1.71697
1.74217
1.76252
1.78037
1.57937
1.61372
1.65377
1.69051
1.72415
1.75432
1.78069
1.80296
1.82037
1.83792
1.67415
1.70384
1.7389
1.77193
1.80256
1.83036
1.85469
1.8749
1.88977
1.90721
1.76416
1.79408
1.82867
1.86133
1.89139
1.91839
1.94163
1.96032
1.97314
1.99061
1.86038
1.89418
1.93099
1.96505
1.99538
2.02178
2.04389
2.06112
2.07268
2.0905
1.9759
2.01447
2.05292
2.08739
2.11682
2.14163
2.16204
2.17783
2.18923
2.20759
2.12105
2.16069
2.19618
2.22665
2.25232
2.27445
2.29352
2.30909
2.32178
2.33992
2.29568
2.32796
2.35385
2.37619
2.39627
2.41506
2.43272
2.4493
2.46507
2.48327
2.48337
2.50101
2.51664
2.53328
2.54946
2.56403
2.57708
2.59107
2.60818
2.62786
2.66521
2.67609
2.68825
2.69907
2.70834
2.71792
2.72883
2.74044
2.7504
2.76558
2.87614
2.87818
2.86304
2.84782
2.84146
2.84714
2.86576
2.89618
2.92833
2.95908
3.18206
3.04501
2.96873
2.92669
2.90926
2.9133
2.94067
2.99682
3.10028
3.31556
1.4657
1.46232
1.45639
1.44658
1.43363
1.42119
1.41087
1.40289
1.39719
1.39385
1.39339
1.39603
1.40108
1.40827
1.41766
1.42932
1.44243
1.4544
1.46185
1.46656
1.38372
1.38961
1.39651
1.40174
1.40458
1.40424
1.40132
1.39737
1.39375
1.39139
1.39114
1.39324
1.39684
1.40113
1.40503
1.40699
1.40585
1.40174
1.39582
1.38877
1.3761
1.37844
1.38179
1.38469
1.3869
1.38868
1.38962
1.38933
1.38825
1.38727
1.38732
1.38864
1.39036
1.39155
1.39154
1.39032
1.38847
1.3861
1.38293
1.37995
1.37099
1.37207
1.37394
1.37631
1.37826
1.37964
1.38071
1.38153
1.38193
1.38209
1.38245
1.3831
1.38353
1.3834
1.38281
1.38187
1.38042
1.37832
1.37618
1.37476
1.36594
1.36659
1.3677
1.36942
1.37122
1.37282
1.37406
1.37504
1.37589
1.37661
1.37719
1.37755
1.37756
1.37723
1.37658
1.37546
1.37396
1.37233
1.37097
1.37017
1.36108
1.36153
1.36232
1.36362
1.36511
1.36663
1.36808
1.36932
1.37037
1.37131
1.37204
1.3724
1.37235
1.37193
1.3711
1.36998
1.36875
1.36753
1.36657
1.36605
1.35637
1.35671
1.35732
1.3584
1.3597
1.36108
1.36251
1.36392
1.36521
1.36634
1.36724
1.36768
1.36762
1.36713
1.36634
1.3654
1.36441
1.36344
1.36271
1.36232
1.35179
1.35205
1.35255
1.35347
1.35466
1.35596
1.35735
1.35881
1.36026
1.36162
1.3627
1.36327
1.36327
1.36287
1.36223
1.36147
1.36065
1.35987
1.3593
1.35901
1.34727
1.34747
1.34788
1.34871
1.34983
1.35109
1.35246
1.35394
1.35551
1.35708
1.35841
1.35915
1.35931
1.3591
1.35865
1.35805
1.35738
1.35676
1.35632
1.35608
1.34274
1.3429
1.34326
1.34402
1.3451
1.34635
1.34774
1.34928
1.35095
1.35271
1.3543
1.35534
1.35578
1.3558
1.35553
1.3551
1.35458
1.35409
1.35375
1.35356
1.33816
1.33828
1.33859
1.33931
1.34039
1.34167
1.34314
1.3448
1.34666
1.34868
1.35061
1.352
1.35274
1.35299
1.35291
1.35263
1.35225
1.35187
1.35161
1.35147
1.33347
1.33356
1.33383
1.33454
1.33566
1.33701
1.33858
1.34041
1.34253
1.34488
1.34724
1.34906
1.35014
1.35066
1.3508
1.3507
1.35045
1.35016
1.34998
1.34987
1.32862
1.32868
1.32893
1.32964
1.3308
1.33223
1.33392
1.33592
1.33832
1.3411
1.34401
1.34634
1.34784
1.34874
1.34919
1.34931
1.34922
1.34905
1.34893
1.34886
1.32355
1.32359
1.32382
1.32454
1.32576
1.32732
1.32919
1.33148
1.33423
1.3375
1.34105
1.34408
1.34616
1.34746
1.34821
1.34858
1.34868
1.34864
1.3486
1.34856
1.31823
1.31823
1.31844
1.31917
1.32047
1.32218
1.32427
1.3269
1.33017
1.33415
1.33854
1.34232
1.345
1.34682
1.34796
1.3486
1.34895
1.34908
1.34912
1.34911
1.31243
1.31243
1.31264
1.31337
1.31472
1.31656
1.31891
1.32193
1.32576
1.33052
1.33591
1.34073
1.34425
1.34672
1.34838
1.34949
1.35017
1.35052
1.35066
1.35066
1.30588
1.30585
1.30608
1.30685
1.30831
1.31038
1.31312
1.31671
1.32136
1.3272
1.33385
1.33983
1.34427
1.34746
1.34973
1.35132
1.35237
1.35296
1.3532
1.35321
1.29817
1.29813
1.29839
1.29925
1.30088
1.30326
1.30649
1.31079
1.31642
1.32356
1.33178
1.33923
1.34483
1.34894
1.35191
1.35404
1.35552
1.35638
1.35672
1.35673
1.28886
1.2888
1.28911
1.29013
1.29206
1.29492
1.29885
1.30413
1.31108
1.3199
1.33003
1.33923
1.34617
1.3513
1.35507
1.35783
1.35975
1.36086
1.36128
1.3613
1.27745
1.27738
1.27778
1.27905
1.28142
1.28497
1.28988
1.29647
1.30511
1.31605
1.32854
1.33982
1.34835
1.35467
1.35934
1.36278
1.36517
1.36655
1.36706
1.36709
1.26332
1.26323
1.26377
1.2654
1.26841
1.27294
1.27917
1.28752
1.29838
1.31198
1.32734
1.3411
1.35146
1.35915
1.36487
1.36908
1.37203
1.3737
1.37429
1.37431
1.24554
1.24543
1.2462
1.24838
1.25231
1.25821
1.26631
1.27705
1.29083
1.30777
1.32659
1.34323
1.3557
1.36495
1.37185
1.37696
1.38052
1.38249
1.38317
1.3832
1.22268
1.22257
1.2237
1.22671
1.23206
1.24002
1.25081
1.26485
1.28243
1.30351
1.3264
1.34635
1.3612
1.37222
1.38048
1.38659
1.39084
1.39312
1.39391
1.39393
1.19251
1.19243
1.1942
1.19863
1.20632
1.21754
1.23231
1.25089
1.27335
1.29942
1.327
1.35064
1.36812
1.38111
1.39087
1.39814
1.40308
1.40571
1.40659
1.40659
1.15104
1.15114
1.15432
1.16167
1.1736
1.19013
1.21075
1.23543
1.26396
1.29586
1.32865
1.35627
1.37657
1.39169
1.4031
1.4116
1.4173
1.42027
1.42121
1.42118
1.0908
1.09207
1.09978
1.11357
1.13317
1.158
1.18676
1.21916
1.25485
1.29325
1.33159
1.36335
1.38656
1.40387
1.41696
1.42667
1.43323
1.43655
1.43747
1.43739
1.01897
1.02129
1.03598
1.05972
1.08993
1.12435
1.16196
1.20261
1.24602
1.29171
1.33667
1.37377
1.401
1.42146
1.43701
1.44856
1.4564
1.4604
1.46152
1.46151
0.945508
0.952373
0.97414
1.00776
1.04781
1.09153
1.13795
1.18687
1.2381
1.29119
1.34297
1.38559
1.41692
1.44058
1.45873
1.47247
1.48172
1.48575
1.48703
1.4873
0.886546
0.89519
0.921622
0.962027
1.00961
1.06112
1.11536
1.17198
1.23065
1.29086
1.34908
1.39675
1.43169
1.458
1.47812
1.49325
1.50334
1.50837
1.51041
1.5108
0.838584
0.84781
0.877669
0.922913
0.976231
1.03394
1.09473
1.15808
1.22348
1.29025
1.35444
1.40664
1.44465
1.47311
1.49483
1.51123
1.52252
1.52831
1.53063
1.53106
0.798425
0.807862
0.840032
0.889021
0.946935
1.00974
1.07603
1.14521
1.21659
1.28931
1.35891
1.41514
1.45578
1.48602
1.50897
1.5263
1.53825
1.54465
1.54723
1.54771
0.763505
0.773035
0.806901
0.858951
0.920663
0.987782
1.05885
1.13316
1.20988
1.28798
1.36251
1.42236
1.4653
1.497
1.52088
1.53884
1.55129
1.55819
1.56091
1.5614
0.732235
0.74181
0.777
0.831601
0.896521
0.96737
1.04265
1.12155
1.20313
1.28618
1.36529
1.4285
1.47351
1.50644
1.53104
1.54938
1.56211
1.56924
1.57199
1.57251
0.703432
0.713069
0.74938
0.806185
0.873858
0.947976
1.02699
1.11004
1.19609
1.28379
1.36726
1.43371
1.48067
1.51474
1.53994
1.55854
1.57137
1.57864
1.58139
1.58193
0.676327
0.68603
0.723337
0.782051
0.852198
0.929225
1.01158
1.09839
1.18857
1.28067
1.36839
1.43804
1.487
1.52221
1.54802
1.56694
1.57988
1.58718
1.58996
1.59033
0.65042
0.660229
0.698473
0.758777
0.831203
0.910836
0.996196
1.08644
1.18045
1.27673
1.36862
1.44156
1.49262
1.52912
1.55564
1.5749
1.58798
1.59524
1.598
1.59835
0.625315
0.635312
0.674375
0.73622
0.810656
0.89262
0.980699
1.07406
1.17162
1.27188
1.36793
1.44431
1.49769
1.53563
1.563
1.5827
1.59597
1.60323
1.60587
1.60621
0.600823
0.611056
0.650867
0.714222
0.790432
0.874483
0.965011
1.06121
1.16205
1.2661
1.36628
1.44628
1.50223
1.54184
1.57021
1.59046
1.60395
1.61118
1.61369
1.61398
0.576886
0.587342
0.627952
0.692639
0.770459
0.856386
0.949108
1.04788
1.15173
1.25935
1.36361
1.44742
1.5062
1.54776
1.57732
1.59822
1.61194
1.61908
1.62142
1.62162
0.553404
0.564164
0.605519
0.671442
0.750716
0.838321
0.933002
1.03407
1.14066
1.25162
1.35986
1.44761
1.50957
1.55339
1.58437
1.60599
1.6199
1.6269
1.62901
1.62909
0.530426
0.54148
0.583588
0.650641
0.731228
0.820324
0.916742
1.01985
1.12889
1.2429
1.35495
1.44675
1.51221
1.5587
1.59138
1.61381
1.62781
1.6345
1.63631
1.63629
0.507929
0.519303
0.562185
0.630275
0.712037
0.802444
0.900384
1.00528
1.11648
1.23322
1.34886
1.44473
1.51395
1.56358
1.59841
1.62179
1.63568
1.64182
1.64323
1.6431
0.486107
0.497721
0.541351
0.610389
0.693201
0.784764
0.884007
0.990448
1.10351
1.22267
1.34159
1.44143
1.51462
1.56787
1.60548
1.63017
1.64375
1.64885
1.64964
1.6494
0.464837
0.476793
0.521125
0.591021
0.674764
0.767333
0.867709
0.975444
1.09009
1.21134
1.33315
1.43676
1.514
1.57128
1.61248
1.63933
1.65265
1.65596
1.65551
1.65509
0.44428
0.456551
0.501539
0.57223
0.656812
0.75024
0.851579
0.960395
1.07634
1.19931
1.3236
1.43064
1.51187
1.5734
1.61902
1.64946
1.6636
1.6647
1.66149
1.66001
0.424394
0.436954
0.482651
0.554072
0.639387
0.733557
0.835702
0.945387
1.06237
1.18673
1.31305
1.42303
1.50808
1.57378
1.62423
1.65993
1.67757
1.67858
1.67146
1.66105
0.405254
0.418036
0.464372
0.536391
0.622276
0.716996
0.819733
0.93
1.04771
1.17305
1.3009
1.41327
1.50202
1.57175
1.62684
1.66903
1.69345
1.69807
1.68925
1.68165
0.386922
0.399825
0.446695
0.519244
0.605502
0.700569
0.803705
0.914224
1.03234
1.15819
1.28704
1.40102
1.49307
1.56662
1.62432
1.67103
1.69905
1.70855
1.67294
1.62344
0.369664
0.382994
0.429653
0.50272
0.589006
0.684184
0.787596
0.898187
1.01633
1.14222
1.27141
1.38617
1.48028
1.55815
1.61486
1.65485
1.68372
1.67394
1.61656
1.55181
0.351688
0.367587
0.413578
0.487355
0.573026
0.668215
0.771137
0.881947
0.999803
1.1253
1.25403
1.36864
1.46247
1.54747
1.59743
1.64585
1.62476
1.58595
1.51699
1.44758
0.364519
0.384801
0.434008
0.511845
0.60237
0.701314
0.809472
0.923218
1.044
1.17275
1.29499
1.39621
1.48204
1.57077
1.61503
1.54385
1.50062
1.43976
1.36722
1.31872
0.344786
0.358062
0.394745
0.463075
0.548335
0.642999
0.746007
0.856181
0.973102
1.09713
1.22362
1.33609
1.42554
1.50662
1.5753
1.57227
1.46032
1.37857
1.31653
1.23386
0.323579
0.337989
0.379687
0.449368
0.534948
0.629203
0.730998
0.840165
0.955993
1.07841
1.20283
1.31289
1.3991
1.46663
1.49439
1.42361
1.28518
1.19035
1.11544
1.02695
0.302184
0.314688
0.36051
0.43147
0.517166
0.611575
0.713289
0.822065
0.936879
1.05762
1.17897
1.28434
1.36357
1.41412
1.39256
1.26473
1.11324
0.99612
0.89835
0.763285
0.278825
0.291572
0.339435
0.411552
0.497525
0.591933
0.693489
0.801597
0.915174
1.03384
1.15159
1.25151
1.3227
1.35285
1.29382
1.11087
0.929565
0.77591
0.633082
0.442031
0.25625
0.268727
0.317771
0.390997
0.477454
0.571814
0.672966
0.780151
0.892243
1.00848
1.12221
1.21612
1.27842
1.27947
1.16819
0.964335
0.749858
0.548956
0.365459
-0.0384543
0.233652
0.245792
0.295361
0.369374
0.456239
0.550618
0.651355
0.757601
0.868098
0.981667
1.09105
1.17831
1.22991
1.19674
1.04279
0.833173
0.60739
0.396221
0.215684
-0.117147
0.210196
0.222181
0.271973
0.346459
0.433614
0.528014
0.628372
0.7337
0.842544
0.953275
1.05808
1.13816
1.17614
1.12276
0.928669
0.725058
0.513359
0.336059
0.263622
0.226151
0.185407
0.197241
0.247237
0.32197
0.409209
0.503469
0.603293
0.707475
0.814334
0.921732
1.02134
1.09344
1.11642
1.03096
0.825898
0.633463
0.455342
0.341218
0.305512
0.294355
0.159127
0.170906
0.221013
0.295903
0.383099
0.477054
0.576133
0.678914
0.78341
0.88696
0.980686
1.0445
1.04532
0.923986
0.731846
0.554075
0.404161
0.342418
0.33019
0.32522
0.131279
0.14282
0.193262
0.268269
0.355323
0.448802
0.54693
0.648022
0.749779
0.849018
0.936086
0.99131
0.965229
0.822296
0.642888
0.476678
0.36811
0.333483
0.338141
0.338222
0.10191
0.113425
0.164025
0.239138
0.325957
0.418805
0.51575
0.614872
0.713518
0.80794
0.887844
0.932355
0.887885
0.725058
0.561754
0.4128
0.361624
0.349883
0.34649
0.346273
0.0714089
0.0829585
0.13352
0.20872
0.295182
0.387224
0.482754
0.579619
0.674783
0.763896
0.836336
0.868552
0.814253
0.63741
0.488855
0.382999
0.334419
0.347063
0.350039
0.350502
0.0402665
0.0517927
0.102338
0.177357
0.263342
0.354372
0.448258
0.542571
0.633915
0.717316
0.781926
0.804055
0.725829
0.554326
0.424489
0.357938
0.351062
0.349941
0.351652
0.352576
0.00932804
0.0206072
0.0711518
0.145569
0.230934
0.320742
0.412731
0.50421
0.591433
0.668878
0.725327
0.736083
0.627958
0.470865
0.363881
0.3548
0.34002
0.34276
0.348763
0.350832
-0.0203779
-0.00946393
0.0404605
0.114482
0.198645
0.287046
0.37687
0.465269
0.548129
0.619406
0.668103
0.66249
0.533591
0.373719
0.301836
0.286649
0.299344
0.30599
0.310821
0.316577
-0.047466
-0.0370116
0.0118988
0.0846598
0.167628
0.254208
0.341606
0.426736
0.505094
0.570056
0.611779
0.593915
0.448076
0.255853
0.162284
0.195037
0.218202
0.235322
0.242729
0.248362
-0.0704168
-0.0606405
-0.0131091
0.0578596
0.138976
0.223418
0.308128
0.389849
0.463816
0.522525
0.557681
0.533504
0.383689
0.161095
-0.0641634
-0.0152242
0.0875774
0.14049
0.151074
0.153938
-0.0871868
-0.078275
-0.0329833
0.0357342
0.114181
0.196067
0.277854
0.356112
0.426011
0.479184
0.506894
0.4835
0.344476
0.203053
-0.128611
-0.0716516
-0.0584109
-0.0597483
-0.0339603
-0.0124621
-0.0960522
-0.0879463
-0.0458054
0.0196609
0.0950256
0.173788
0.25234
0.327265
0.393462
0.44278
0.460369
0.449501
0.336567
0.432687
0.625325
0.407438
0.0605341
-0.0545237
-0.0534508
-0.0567962
-0.0937529
-0.086961
-0.0502233
0.0114097
0.0829604
0.158092
0.23333
0.305249
0.368416
0.414659
0.424435
0.400494
0.300976
0.402173
0.73421
0.423598
0.079169
-0.0567225
-0.0542485
-0.069663
-0.0790435
-0.0743556
-0.044248
0.0120647
0.0792025
0.150279
0.222326
0.291893
0.353616
0.397696
0.408397
0.334544
0.0247967
-0.504301
-1.10095
-1.58763
-1.60195
-1.29265
-0.832043
-0.582762
-0.0522524
-0.0487721
-0.0264343
0.0220919
0.0839393
0.151021
0.22026
0.288667
0.351346
0.398964
0.409877
0.323835
-0.184033
-1.10474
-1.96293
-2.29125
-2.32432
-2.08049
-1.74013
-1.5111
-0.0164027
-0.0141701
0.000569847
0.0401893
0.0964498
0.159773
0.227222
0.296292
0.362647
0.421346
0.449845
0.43457
0.101279
-0.298115
-0.743719
-0.898015
-0.756955
-0.481387
-0.204701
0.00666097
0.023498
0.0247353
0.0336288
0.0632062
0.113567
0.174569
0.24154
0.313538
0.387896
0.461525
0.535022
0.59808
0.692879
0.886706
1.25648
1.67162
2.08074
2.39368
2.5814
2.66988
0.0611003
0.061782
0.0660411
0.0877074
0.132247
0.191898
0.260152
0.336251
0.421136
0.513347
0.626179
0.756788
0.979773
1.45042
2.10217
2.73268
3.22307
3.53426
3.6992
3.76308
0.0940838
0.0949029
0.0966445
0.109354
0.14803
0.207091
0.278213
0.359135
0.449703
0.554988
0.669495
0.798715
0.937645
1.33177
1.91673
2.45449
2.88261
3.15639
3.29759
3.35297
0.126142
0.126761
0.12753
0.132996
0.162903
0.220362
0.293808
0.376929
0.467899
0.569557
0.678799
0.791101
0.900349
1.13165
1.58632
2.00462
2.32859
2.54546
2.66058
2.70541
0.148155
0.149391
0.150071
0.152056
0.1764
0.234185
0.309605
0.392414
0.481361
0.577677
0.679719
0.774443
0.863183
0.988645
1.28792
1.58809
1.82505
1.98569
2.06843
2.09852
0.161308
0.16175
0.159206
0.159861
0.187093
0.251632
0.330357
0.411868
0.495688
0.583756
0.674446
0.75295
0.82497
0.9077
1.10112
1.30217
1.45952
1.56479
1.61893
1.63882
0.19887
0.19688
0.191372
0.192642
0.22254
0.289078
0.363982
0.438872
0.513313
0.589741
0.667897
0.735738
0.796583
0.854074
0.982984
1.11477
1.21212
1.276
1.30642
1.3167
0.298996
0.295811
0.290533
0.292183
0.315994
0.363389
0.419257
0.477175
0.53617
0.59836
0.663104
0.719665
0.768461
0.81009
0.891373
0.974068
1.03653
1.07781
1.09695
1.1025
0.437487
0.435407
0.432684
0.432295
0.441386
0.461683
0.489566
0.523588
0.563177
0.608611
0.658242
0.70324
0.741704
0.77154
0.820462
0.872638
0.914551
0.941395
0.954402
0.957599
0.55544
0.55442
0.553107
0.549916
0.546547
0.546554
0.553198
0.567451
0.589564
0.619218
0.654537
0.687768
0.715779
0.738983
0.769185
0.800473
0.828592
0.847985
0.857691
0.860107
0.626003
0.625437
0.624364
0.620085
0.611848
0.603285
0.59916
0.601738
0.611738
0.628748
0.651344
0.671635
0.68761
0.701133
0.721491
0.746397
0.768516
0.783252
0.790514
0.791712
0.658021
0.657577
0.656499
0.652577
0.644816
0.635439
0.628174
0.625308
0.628134
0.636615
0.648002
0.656256
0.659092
0.66141
0.676649
0.700989
0.721805
0.735238
0.74148
0.742365
0.668784
0.668376
0.667379
0.664339
0.658662
0.651299
0.644558
0.640398
0.639908
0.642815
0.646305
0.643429
0.632783
0.626848
0.642744
0.667642
0.688112
0.701116
0.707481
0.708499
0.670222
0.669855
0.669048
0.666819
0.662975
0.658002
0.653073
0.649505
0.648222
0.648882
0.648637
0.639164
0.618479
0.606935
0.629109
0.656229
0.675448
0.686314
0.691077
0.691646
0.667821
0.667525
0.666988
0.66545
0.662806
0.659625
0.656579
0.654555
0.654394
0.655951
0.656352
0.647799
0.628097
0.62037
0.643704
0.666676
0.681502
0.689502
0.692635
0.693202
0.662783
0.662599
0.662404
0.661578
0.659932
0.658063
0.656695
0.656685
0.659021
0.663285
0.668778
0.668573
0.661373
0.664537
0.683492
0.698006
0.706575
0.712239
0.715144
0.715599
0.653966
0.653911
0.654064
0.653964
0.653372
0.652851
0.653265
0.655816
0.661381
0.670207
0.683524
0.695277
0.705156
0.718028
0.729411
0.737642
0.744791
0.750959
0.754651
0.753999
0.639594
0.639671
0.64015
0.640691
0.641219
0.642281
0.644857
0.650248
0.659848
0.674783
0.696123
0.718446
0.742864
0.762701
0.765254
0.768018
0.773396
0.780644
0.784087
0.783408
0.618099
0.618303
0.619
0.620137
0.621752
0.62446
0.629378
0.638024
0.651917
0.67298
0.700805
0.729867
0.759261
0.778402
0.780344
0.785265
0.79184
0.798631
0.801905
0.800847
0.587638
0.588032
0.58909
0.590777
0.593313
0.597475
0.604493
0.615991
0.633906
0.660693
0.693964
0.72557
0.750348
0.761739
0.768819
0.784317
0.799773
0.808693
0.809416
0.807545
0.545706
0.546299
0.547705
0.549925
0.553285
0.558535
0.566813
0.579924
0.599982
0.630103
0.668299
0.70438
0.721902
0.722213
0.739435
0.772964
0.798128
0.810074
0.809407
0.808312
0.489655
0.490522
0.492184
0.494763
0.498561
0.503981
0.511669
0.523119
0.540418
0.567987
0.611082
0.660044
0.679039
0.674771
0.712046
0.765987
0.807087
0.822691
0.820701
0.82072
0.418132
0.419157
0.420815
0.423339
0.426749
0.43055
0.434024
0.437157
0.440973
0.454307
0.506308
0.582462
0.614981
0.622323
0.684569
0.767469
0.828458
0.855487
0.850585
0.847484
0.332666
0.333635
0.33486
0.3367
0.338434
0.33789
0.331832
0.316432
0.290382
0.272127
0.339833
0.460626
0.522095
0.549166
0.643242
0.745275
0.819105
0.834996
0.829703
0.824958
0.239743
0.240328
0.240696
0.24126
0.240012
0.232397
0.211137
0.165086
0.0893922
0.033799
0.118177
0.302862
0.395635
0.453769
0.57539
0.675325
0.738044
0.740105
0.734782
0.730337
0.151307
0.151212
0.150629
0.149867
0.145462
0.130669
0.092484
0.0103448
-0.122913
-0.216223
-0.105545
0.128337
0.254044
0.352419
0.482274
0.564162
0.581851
0.577861
0.574984
0.57328
0.0799641
0.0792718
0.0785699
0.077021
0.0709548
0.0553999
0.00840044
-0.0924658
-0.24752
-0.347128
-0.235149
-0.000429486
0.136064
0.250765
0.37739
0.438065
0.417958
0.404536
0.397951
0.395294
0.0146738
0.0148697
0.0162307
0.017118
0.0155526
0.00784138
-0.0175278
-0.0630121
-0.101846
-0.100733
-0.0318157
0.0205541
0.0256626
0.0197966
0.102941
0.0886425
0.073733
0.0647643
0.0618509
0.185736
-0.375096
0.288084
0.728281
0.993108
1.18918
1.34075
1.46062
1.56108
1.66489
1.74238
0.628739
0.843485
1.02945
1.18849
1.32117
1.43035
1.52007
1.59285
1.63708
1.64419
0.989269
1.11349
1.2299
1.33644
1.42827
1.50596
1.56952
1.61743
1.64908
1.66827
1.21215
1.29568
1.37576
1.45062
1.51635
1.57235
1.61831
1.65437
1.68232
1.70186
1.37315
1.43005
1.49074
1.54569
1.59452
1.63685
1.6727
1.70248
1.72705
1.74424
1.49996
1.54213
1.5894
1.63115
1.66963
1.70407
1.73416
1.75996
1.78145
1.7958
1.60508
1.64079
1.6782
1.7137
1.74675
1.77707
1.80405
1.82728
1.84625
1.85811
1.69988
1.73203
1.76585
1.79925
1.83054
1.85936
1.88492
1.9066
1.92354
1.93343
1.79196
1.82536
1.86024
1.89477
1.92647
1.95503
1.97985
2.00032
2.01557
2.02452
1.89459
1.93269
1.97056
2.00709
2.0394
2.06736
2.09089
2.10985
2.12378
2.13326
2.02189
2.06477
2.10377
2.1394
2.1698
2.19546
2.21704
2.23461
2.24808
2.25936
2.18338
2.22509
2.25889
2.28781
2.31226
2.33381
2.35342
2.37082
2.38582
2.39957
2.37384
2.40332
2.42514
2.44434
2.46262
2.47999
2.49615
2.51186
2.52858
2.54584
2.57059
2.58125
2.59357
2.60814
2.6227
2.63562
2.64693
2.65779
2.67052
2.68609
2.75762
2.76722
2.77686
2.77889
2.77945
2.78367
2.79452
2.81088
2.82823
2.83294
3.06226
3.00342
2.95173
2.9117
2.88934
2.88528
2.89883
2.93255
2.98854
3.06787
1.60044
1.54333
1.50093
1.46739
1.44306
1.42563
1.41311
1.40412
1.39793
1.39436
1.39386
1.39663
1.402
1.4099
1.42078
1.43573
1.45648
1.4852
1.52363
1.57171
1.40482
1.41385
1.41998
1.42059
1.4166
1.41019
1.40358
1.39801
1.39407
1.3923
1.39337
1.39688
1.40212
1.40862
1.41557
1.42126
1.42328
1.41994
1.41156
1.40437
1.38038
1.38248
1.38707
1.39081
1.39381
1.39555
1.3953
1.39348
1.39119
1.38951
1.3894
1.39111
1.39376
1.39635
1.39778
1.39721
1.39486
1.39162
1.38749
1.38305
1.37421
1.37511
1.37761
1.38025
1.38218
1.38362
1.38475
1.38528
1.38511
1.38476
1.38498
1.38592
1.38688
1.38719
1.38664
1.38558
1.38412
1.38194
1.37931
1.37728
1.36879
1.36926
1.37066
1.37271
1.37463
1.37614
1.37724
1.37814
1.37885
1.37934
1.37983
1.38029
1.38042
1.38015
1.37955
1.37856
1.37702
1.37513
1.37343
1.37239
1.36374
1.36403
1.36494
1.36641
1.36805
1.36965
1.37102
1.37213
1.37307
1.37392
1.37459
1.37492
1.37488
1.37452
1.37376
1.3726
1.37121
1.36982
1.36869
1.36806
1.35889
1.3591
1.35979
1.36096
1.36234
1.36378
1.36524
1.36659
1.36776
1.36878
1.36959
1.36999
1.36994
1.36947
1.36863
1.3676
1.3665
1.36541
1.36458
1.36413
1.35421
1.35437
1.35492
1.35591
1.35714
1.35848
1.35989
1.36133
1.36271
1.36395
1.36494
1.36544
1.36539
1.36493
1.36421
1.36336
1.36246
1.36159
1.36095
1.36061
1.34964
1.34975
1.35021
1.35108
1.35223
1.35351
1.35488
1.35635
1.35787
1.35933
1.36053
1.36118
1.36125
1.36093
1.36038
1.3597
1.35895
1.35825
1.35775
1.35749
1.3451
1.34519
1.34557
1.34636
1.34746
1.34871
1.35008
1.35158
1.3532
1.35486
1.35631
1.35719
1.35748
1.35739
1.35703
1.35652
1.35592
1.35536
1.35497
1.35476
1.34053
1.3406
1.34093
1.34167
1.34274
1.34401
1.34543
1.34703
1.34878
1.35066
1.35242
1.35362
1.3542
1.35433
1.35416
1.35381
1.35335
1.35291
1.35261
1.35245
1.33587
1.33593
1.33622
1.33693
1.33803
1.33934
1.34086
1.34261
1.34458
1.34675
1.34888
1.35049
1.35139
1.35176
1.35179
1.3516
1.35127
1.35093
1.35071
1.35059
1.3311
1.33114
1.3314
1.33211
1.33324
1.33464
1.33627
1.33819
1.34045
1.34302
1.34564
1.34769
1.34895
1.34964
1.34994
1.34994
1.34975
1.34951
1.34936
1.34927
1.32613
1.32616
1.3264
1.32711
1.32829
1.32978
1.33156
1.33368
1.33622
1.33922
1.34243
1.3451
1.3469
1.34801
1.3486
1.34886
1.34885
1.34873
1.34865
1.34859
1.32092
1.32093
1.32116
1.32188
1.32315
1.3248
1.32679
1.32925
1.33227
1.33588
1.33983
1.34321
1.34555
1.34707
1.34801
1.34852
1.3487
1.34872
1.34872
1.34869
1.3154
1.31541
1.31561
1.31632
1.31765
1.31943
1.32165
1.32444
1.32796
1.33231
1.33717
1.34144
1.34454
1.34668
1.34807
1.34895
1.34942
1.34965
1.34974
1.34973
1.30924
1.30925
1.30946
1.31019
1.3116
1.31356
1.3161
1.31938
1.32359
1.32886
1.33485
1.34023
1.34418
1.34699
1.34896
1.3503
1.35113
1.35159
1.35178
1.35178
1.30216
1.30216
1.30241
1.30318
1.30472
1.30696
1.30993
1.31385
1.31896
1.32542
1.33282
1.33948
1.34448
1.34811
1.35073
1.35257
1.3538
1.35452
1.3548
1.35481
1.2937
1.2937
1.29397
1.29486
1.29664
1.29926
1.30282
1.30757
1.3138
1.32173
1.33085
1.33914
1.34539
1.34999
1.35336
1.35581
1.35747
1.35845
1.35882
1.35884
1.28341
1.28341
1.28374
1.28481
1.28696
1.29018
1.29457
1.30046
1.3082
1.31801
1.32927
1.33946
1.34716
1.35286
1.35707
1.36015
1.36227
1.36351
1.36397
1.36399
1.27074
1.27074
1.27116
1.27252
1.2752
1.27926
1.28477
1.29217
1.30184
1.31403
1.32789
1.34036
1.34977
1.35676
1.36195
1.36574
1.36838
1.36988
1.37043
1.37046
1.25496
1.25496
1.2555
1.25727
1.26075
1.26597
1.27305
1.2825
1.29472
1.30989
1.3269
1.34206
1.35343
1.36189
1.36819
1.37282
1.37603
1.37782
1.37846
1.37849
1.23491
1.23491
1.23564
1.23804
1.24271
1.24961
1.25893
1.27118
1.28674
1.30564
1.32641
1.34466
1.35828
1.3684
1.37597
1.38155
1.38541
1.38751
1.38825
1.38827
1.20884
1.20885
1.2099
1.21334
1.21988
1.22939
1.24197
1.25809
1.27796
1.30143
1.32659
1.34834
1.36447
1.37647
1.38548
1.39214
1.39669
1.39912
1.39995
1.39996
1.17382
1.17386
1.17558
1.18099
1.1908
1.20449
1.22191
1.24332
1.26867
1.29756
1.32768
1.35328
1.37215
1.3862
1.3968
1.40466
1.40995
1.41272
1.41362
1.41361
1.12426
1.12453
1.12843
1.13831
1.15417
1.17461
1.19901
1.22735
1.25934
1.29441
1.32995
1.35963
1.38138
1.39761
1.40989
1.41902
1.42513
1.42828
1.42921
1.42914
1.05283
1.05527
1.06648
1.08582
1.11154
1.14127
1.17446
1.21096
1.25045
1.29237
1.33382
1.36802
1.39305
1.41181
1.42611
1.43685
1.44407
1.44784
1.44899
1.44898
0.977139
0.98342
1.00325
1.03265
1.06863
1.10783
1.14989
1.19468
1.24202
1.29143
1.33983
1.37974
1.40908
1.43121
1.4482
1.46121
1.47011
1.4747
1.47611
1.47631
0.912911
0.919416
0.945885
0.983731
1.02821
1.07603
1.12651
1.17937
1.23438
1.29108
1.34614
1.39134
1.42454
1.44961
1.46887
1.48351
1.49351
1.49907
1.50069
1.50085
0.860705
0.867716
0.897859
0.941579
0.992436
1.0472
1.10485
1.16495
1.22707
1.29063
1.35191
1.40191
1.43844
1.46588
1.48686
1.5028
1.51415
1.52032
1.52198
1.52227
0.81749
0.824803
0.857415
0.905365
0.961219
1.02157
1.08521
1.15157
1.22004
1.28986
1.35682
1.41109
1.45047
1.47987
1.50227
1.51929
1.53126
1.53796
1.53999
1.5404
0.780566
0.788045
0.82232
0.87357
0.933551
0.998582
1.06733
1.13915
1.21326
1.28873
1.36084
1.41892
1.46075
1.49176
1.51523
1.53299
1.54541
1.55249
1.55491
1.55541
0.747946
0.755531
0.791043
0.845
0.908431
0.977467
1.05069
1.12735
1.20656
1.28718
1.36403
1.42558
1.46957
1.50191
1.52618
1.54444
1.5572
1.56451
1.56715
1.56765
0.718224
0.72592
0.762478
0.818724
0.885089
0.957614
1.03481
1.11583
1.19969
1.28509
1.3664
1.43124
1.47723
1.51073
1.53565
1.55417
1.56709
1.57446
1.57724
1.57772
0.69054
0.698331
0.735806
0.794016
0.862971
0.938574
1.0193
1.10427
1.19242
1.28235
1.36796
1.436
1.48395
1.51858
1.54409
1.56287
1.57587
1.58332
1.58616
1.58666
0.664219
0.672139
0.710445
0.770346
0.84167
0.92003
1.00392
1.09248
1.18461
1.27883
1.36864
1.43992
1.48991
1.52574
1.5519
1.571
1.58411
1.59147
1.59429
1.59489
0.638888
0.646967
0.686136
0.747441
0.820914
0.90174
0.98849
1.08033
1.17614
1.27444
1.36841
1.44305
1.49524
1.53243
1.55936
1.57885
1.59209
1.59945
1.60218
1.6027
0.614247
0.622523
0.662338
0.725186
0.800534
0.883567
0.9729
1.06772
1.16695
1.26913
1.36724
1.44541
1.50004
1.53879
1.56664
1.58662
1.60005
1.60738
1.61001
1.6104
0.590197
0.598706
0.639168
0.703403
0.780438
0.865451
0.957102
1.05462
1.157
1.26286
1.36509
1.44698
1.5043
1.54484
1.57379
1.59437
1.60801
1.61529
1.61777
1.61805
0.566675
0.575313
0.61655
0.682009
0.760578
0.847364
0.941091
1.04105
1.1463
1.25562
1.36189
1.44765
1.50798
1.55062
1.58087
1.60213
1.61597
1.62311
1.62539
1.62555
0.543606
0.552445
0.594397
0.661001
0.740956
0.829325
0.924901
1.02703
1.13487
1.24739
1.35756
1.44732
1.511
1.5561
1.58789
1.60991
1.6239
1.63081
1.63281
1.63286
0.52101
0.530049
0.572746
0.64041
0.721604
0.811381
0.908578
1.01261
1.12276
1.23819
1.35206
1.4459
1.51321
1.56121
1.5949
1.61779
1.63178
1.63826
1.63991
1.63985
0.498963
0.508202
0.55164
0.620274
0.702581
0.793583
0.892203
0.997896
1.11006
1.22806
1.34538
1.44325
1.51445
1.56582
1.60195
1.62592
1.63969
1.64542
1.64657
1.64639
0.477539
0.486977
0.531121
0.600636
0.683938
0.776015
0.875853
0.982966
1.09686
1.21711
1.33752
1.43928
1.5145
1.56971
1.60901
1.63465
1.64805
1.65239
1.65268
1.65238
0.456746
0.466394
0.511219
0.581548
0.665731
0.758752
0.859624
0.967928
1.08325
1.20541
1.32852
1.43389
1.51314
1.57254
1.61586
1.64431
1.65781
1.65999
1.65841
1.65774
0.436659
0.446509
0.491976
0.563063
0.64803
0.741854
0.843602
0.952879
1.06937
1.19308
1.31844
1.42703
1.5102
1.57385
1.62187
1.65476
1.67024
1.67083
1.66583
1.66305
0.417256
0.427292
0.473415
0.545178
0.630812
0.725298
0.827762
0.937783
1.05518
1.18009
1.30723
1.41848
1.5054
1.57313
1.626
1.66488
1.6856
1.68856
1.68075
1.66344
0.39852
0.408717
0.45543
0.527724
0.613839
0.70877
0.811721
0.922165
1.04012
1.16577
1.29419
1.40747
1.49796
1.56962
1.62638
1.67129
1.69877
1.70224
1.69541
1.65638
0.380208
0.391067
0.438047
0.510868
0.597249
0.692397
0.795682
0.906256
1.02443
1.15036
1.27946
1.39394
1.48724
1.56281
1.62051
1.66551
1.69457
1.70038
1.64896
1.58804
0.36104
0.37554
0.421415
0.494714
0.58079
0.675999
0.779396
0.890068
1.00811
1.13384
1.26291
1.37772
1.47204
1.55294
1.60724
1.6376
1.65981
1.63694
1.57182
1.50519
0.341051
0.341777
0.401567
0.481563
0.567105
0.662206
0.763351
0.874253
0.991861
1.11701
1.24517
1.35928
1.45207
1.5425
1.57129
1.5742
1.57768
1.526
1.45483
1.3828
0.365182
0.368373
0.425435
0.504676
0.594962
0.693769
0.799735
0.913196
1.03352
1.16156
1.28289
1.38323
1.46564
1.55349
1.57862
1.48904
1.41146
1.34891
1.27782
1.13203
0.325627
0.352718
0.412008
0.491867
0.582177
0.680602
0.785938
0.898682
1.01793
1.14422
1.26275
1.35989
1.43449
1.49302
1.47009
1.3485
1.2329
1.15325
1.06996
0.905805
0.300844
0.332398
0.393247
0.472843
0.563144
0.661293
0.766657
0.878525
0.99633
1.12021
1.23514
1.32736
1.39314
1.41782
1.34611
1.18607
1.04976
0.948238
0.834889
0.601919
0.27709
0.310623
0.37297
0.45319
0.543574
0.641608
0.746562
0.857404
0.973531
1.09459
1.20509
1.29116
1.34474
1.3363
1.20482
1.01895
0.848978
0.706331
0.547244
0.168794
0.254229
0.288543
0.351983
0.432983
0.523551
0.621403
0.725684
0.835381
0.949635
1.06754
1.17295
1.25228
1.28912
1.24891
1.06759
0.857909
0.645853
0.462366
0.205875
-0.374208
0.231602
0.265922
0.330044
0.411618
0.502405
0.600058
0.703675
0.812148
0.924341
1.03881
1.13873
1.21026
1.22987
1.14427
0.941113
0.719888
0.498265
0.302184
0.112646
-0.539765
0.208105
0.242482
0.306927
0.388871
0.479827
0.577312
0.680298
0.787525
0.897532
1.00833
1.10256
1.16496
1.16271
1.03048
0.831412
0.617177
0.416788
0.284397
0.252276
0.20359
0.183351
0.217726
0.282347
0.364445
0.455397
0.55256
0.654744
0.760449
0.867869
0.974377
1.06239
1.11375
1.08712
0.92397
0.732075
0.540973
0.384747
0.322023
0.298779
0.293073
0.156986
0.191474
0.256236
0.338378
0.429169
0.52584
0.626972
0.730841
0.835265
0.93685
1.01816
1.0559
1.01085
0.823059
0.641319
0.474333
0.356619
0.326873
0.326078
0.325459
0.128981
0.163663
0.228572
0.310713
0.401212
0.497185
0.597026
0.698745
0.799719
0.895828
0.969501
0.994414
0.922398
0.729699
0.556544
0.410404
0.353284
0.339407
0.338279
0.338502
0.0994494
0.134345
0.199423
0.281502
0.371586
0.466675
0.564977
0.664219
0.761294
0.851448
0.916506
0.928151
0.821036
0.642946
0.482086
0.367276
0.344818
0.346793
0.346231
0.346517
0.068903
0.103923
0.169028
0.250954
0.340476
0.434476
0.530977
0.627412
0.720174
0.803888
0.860201
0.852561
0.72655
0.562042
0.423312
0.369531
0.349814
0.349656
0.350305
0.350671
0.0377023
0.0729273
0.13773
0.21941
0.3082
0.400893
0.495333
0.588644
0.676736
0.753544
0.80138
0.775919
0.634118
0.487322
0.377673
0.345855
0.348387
0.350812
0.352232
0.352869
0.00678547
0.041753
0.106311
0.187443
0.275242
0.36642
0.458526
0.548412
0.631545
0.701248
0.739606
0.698026
0.539194
0.413892
0.33811
0.337305
0.339728
0.346028
0.350224
0.351571
-0.0228882
0.011322
0.0755901
0.155691
0.242339
0.331735
0.421263
0.50748
0.58542
0.648003
0.676773
0.621686
0.441748
0.324755
0.299049
0.30375
0.304357
0.307655
0.314089
0.318424
-0.0499265
-0.0166775
0.0463371
0.125332
0.210505
0.297774
0.384486
0.466888
0.539494
0.59486
0.617571
0.544412
0.347816
0.182573
0.196628
0.207356
0.22851
0.239319
0.245978
0.250033
-0.0726983
-0.0409753
0.0204262
0.0976235
0.180817
0.265734
0.34941
0.427966
0.495386
0.543483
0.563415
0.474347
0.282021
0.0317127
-0.0777866
0.0353143
0.121871
0.149203
0.152243
0.156004
-0.0892912
-0.0597429
-0.000475987
0.0741261
0.154781
0.236973
0.317487
0.392262
0.455178
0.495833
0.514781
0.419422
0.281845
0.0675899
-0.106759
-0.0516738
-0.0656137
-0.0485101
-0.0200909
-0.00957172
-0.0977694
-0.0708295
-0.0149349
0.0564955
0.134083
0.213093
0.290337
0.361647
0.420773
0.455683
0.471795
0.387815
0.357878
0.559143
0.553918
0.221284
-0.0370707
-0.052126
-0.0556111
-0.0568726
-0.0960832
-0.0726843
-0.0212974
0.0463204
0.12018
0.195708
0.269781
0.33818
0.394037
0.426532
0.422144
0.339128
0.311942
0.55294
0.613966
0.231399
-0.0267492
-0.0520143
-0.0632708
-0.0705601
-0.0810214
-0.0631614
-0.0182949
0.0447473
0.11429
0.1862
0.257527
0.323988
0.378387
0.40962
0.395644
0.205562
-0.205816
-0.836522
-1.36188
-1.65302
-1.48715
-1.05557
-0.663811
-0.583237
-0.0538874
-0.0409832
-0.00468716
0.0519436
0.11692
0.18539
0.254656
0.320889
0.377826
0.411172
0.395336
0.129362
-0.599782
-1.61935
-2.1542
-2.35242
-2.22537
-1.91167
-1.59715
-1.4712
-0.0177411
-0.00926745
0.0174491
0.0669496
0.127536
0.192959
0.261601
0.329994
0.393398
0.441328
0.449059
0.296732
-0.0944105
-0.526909
-0.863869
-0.858967
-0.626902
-0.34053
-0.0869752
0.0525782
0.0224196
0.0273028
0.0454492
0.086468
0.143173
0.207199
0.27693
0.350525
0.424129
0.501572
0.562553
0.651809
0.758788
1.05865
1.45748
1.88309
2.25306
2.50205
2.63661
2.6895
0.0603401
0.0627556
0.0739971
0.107579
0.160547
0.224923
0.297058
0.37736
0.466457
0.565646
0.691415
0.837432
1.1816
1.76753
2.42857
2.99988
3.40035
3.63254
3.74138
3.77334
0.0945237
0.0953688
0.100371
0.125598
0.175484
0.241543
0.317399
0.402831
0.500664
0.611763
0.73287
0.862527
1.08817
1.62106
2.19533
2.68621
3.03906
3.24091
3.33342
3.36223
0.126397
0.127182
0.128562
0.144146
0.188957
0.255694
0.333998
0.421509
0.516638
0.624918
0.734543
0.846446
0.980025
1.347
1.80742
2.17841
2.45147
2.61427
2.68985
2.71234
0.148745
0.149956
0.150081
0.160037
0.202144
0.270433
0.350055
0.436133
0.52768
0.62986
0.728392
0.820611
0.904834
1.12448
1.44508
1.71455
1.91629
2.03561
2.08858
2.10207
0.161879
0.160689
0.158267
0.16854
0.216253
0.290074
0.370875
0.45314
0.538537
0.630627
0.716047
0.788706
0.855366
0.994353
1.20557
1.38665
1.51961
1.59723
1.63245
1.63984
0.198435
0.194135
0.190038
0.202699
0.252277
0.325982
0.401564
0.475673
0.550891
0.630004
0.70379
0.765098
0.822476
0.910283
1.05228
1.16761
1.24875
1.29481
1.31358
1.31646
0.297841
0.293083
0.289641
0.300668
0.337674
0.390782
0.448075
0.506177
0.566627
0.63142
0.693053
0.743199
0.789973
0.845541
0.934404
1.00805
1.05996
1.08957
1.10109
1.10169
0.43647
0.434116
0.431797
0.435303
0.450507
0.474688
0.505953
0.542562
0.585063
0.633867
0.68209
0.721697
0.759619
0.793454
0.846635
0.89612
0.929739
0.949526
0.956871
0.956536
0.554783
0.553959
0.55174
0.548048
0.545886
0.548994
0.559384
0.57744
0.603518
0.637397
0.67164
0.701236
0.73073
0.753739
0.784478
0.815402
0.839647
0.853871
0.859767
0.858915
0.625589
0.625162
0.62273
0.616349
0.607309
0.600498
0.599526
0.6058
0.619536
0.639944
0.661266
0.679386
0.69688
0.710491
0.733556
0.758282
0.776884
0.787744
0.791814
0.790554
0.657734
0.657271
0.654986
0.649126
0.640082
0.6314
0.626097
0.626051
0.631851
0.642381
0.652182
0.658128
0.660664
0.667158
0.688551
0.712221
0.729569
0.739088
0.742556
0.741378
0.66856
0.668053
0.666168
0.661815
0.655049
0.647769
0.642073
0.639738
0.64113
0.644997
0.645616
0.638335
0.628051
0.63252
0.655289
0.678733
0.695609
0.705011
0.708623
0.707685
0.670033
0.669575
0.668145
0.665075
0.660583
0.655494
0.651053
0.648608
0.648458
0.649367
0.645337
0.629612
0.608542
0.615622
0.643391
0.666981
0.681807
0.689326
0.691831
0.690918
0.667662
0.667335
0.666376
0.664232
0.661256
0.658048
0.655404
0.654276
0.655097
0.656814
0.653624
0.638789
0.619951
0.631013
0.656028
0.675176
0.686287
0.691448
0.693249
0.692665
0.662664
0.662538
0.662103
0.660826
0.658986
0.657263
0.656487
0.657539
0.660629
0.666091
0.669698
0.665431
0.660161
0.673963
0.691234
0.702834
0.709755
0.714033
0.715676
0.715174
0.653894
0.653987
0.654075
0.653714
0.653045
0.652874
0.654085
0.657855
0.665025
0.676685
0.689753
0.700137
0.710705
0.724164
0.733843
0.741263
0.748017
0.753303
0.754794
0.75319
0.639572
0.639882
0.640429
0.64094
0.641625
0.643316
0.647063
0.65415
0.666536
0.685122
0.707239
0.729956
0.75438
0.764352
0.765747
0.770569
0.777165
0.783034
0.784097
0.782782
0.618133
0.618599
0.619516
0.620869
0.622912
0.626579
0.633069
0.644095
0.661724
0.686926
0.71554
0.74446
0.771931
0.779212
0.781837
0.787338
0.795704
0.801018
0.801536
0.800235
0.587734
0.588481
0.589854
0.591906
0.595127
0.60054
0.609531
0.624179
0.646445
0.677328
0.710749
0.739342
0.759022
0.764703
0.774943
0.793304
0.804869
0.810017
0.808303
0.807043
0.5459
0.546905
0.548705
0.551427
0.55561
0.56219
0.572582
0.589071
0.613953
0.64922
0.688244
0.715229
0.722245
0.728607
0.756219
0.786285
0.807044
0.810693
0.808437
0.808213
0.490002
0.49125
0.493347
0.496483
0.501037
0.50748
0.51668
0.530672
0.552411
0.588105
0.638064
0.674527
0.674633
0.688043
0.741118
0.789014
0.816637
0.823124
0.820284
0.821306
0.418587
0.419893
0.421959
0.424946
0.428639
0.432357
0.435608
0.438745
0.445147
0.474784
0.545766
0.605531
0.612908
0.644889
0.726662
0.8031
0.848847
0.853684
0.848607
0.847215
0.333153
0.334185
0.335711
0.337681
0.338597
0.335786
0.325533
0.304272
0.278576
0.293792
0.402309
0.501979
0.528064
0.590585
0.695903
0.784661
0.834152
0.832115
0.827097
0.82432
0.240114
0.240486
0.241005
0.241075
0.237334
0.224036
0.19192
0.130408
0.0494657
0.054972
0.214236
0.35981
0.420065
0.513466
0.630162
0.717371
0.742429
0.737909
0.73219
0.729135
0.151397
0.150902
0.150394
0.148442
0.139895
0.115564
0.0581275
-0.0517611
-0.18397
-0.189341
0.0188576
0.205808
0.290053
0.421336
0.53001
0.5836
0.578903
0.576083
0.574051
0.572699
0.0797396
0.0788873
0.0780609
0.0749224
0.0638324
0.0367877
-0.0338331
-0.167591
-0.313237
-0.324442
-0.108928
0.0811228
0.181005
0.317822
0.413519
0.428629
0.411139
0.400477
0.396336
0.394623
0.0305458
0.0296488
0.030064
0.0310927
0.0289766
0.0188886
-0.0121243
-0.08438
-0.192646
-0.254671
-0.176714
-0.0227612
0.0352768
0.12289
0.236728
0.260242
0.22839
0.20339
0.190238
0.18455
0.0095973
0.546226
0.871103
1.09565
1.26899
1.40304
1.51331
1.60994
1.71633
1.70576
0.772783
0.939864
1.11263
1.25809
1.37856
1.47731
1.55886
1.6197
1.64476
1.65092
1.06452
1.17214
1.28506
1.38418
1.46886
1.53956
1.59558
1.63501
1.6604
1.67724
1.2627
1.33626
1.41428
1.4847
1.54558
1.5966
1.63751
1.66919
1.69374
1.71215
1.41008
1.46384
1.51893
1.57092
1.6165
1.65557
1.6883
1.71538
1.73726
1.75553
1.528
1.56674
1.61066
1.65086
1.68739
1.71964
1.7476
1.77126
1.79006
1.80796
1.628
1.65946
1.69628
1.73054
1.76229
1.79101
1.81617
1.83735
1.85342
1.87108
1.71923
1.74857
1.7828
1.81517
1.84531
1.87258
1.8963
1.91573
1.92951
1.94706
1.81075
1.84239
1.87782
1.91098
1.94118
1.96794
1.99067
2.00866
2.02078
2.03847
1.91502
1.95141
1.98929
2.02379
2.05393
2.07969
2.10097
2.11745
2.12881
2.14702
2.04449
2.0845
2.12221
2.15524
2.18317
2.20674
2.22635
2.24179
2.25367
2.27212
2.20542
2.24262
2.274
2.30049
2.32331
2.34385
2.36244
2.37856
2.39268
2.41069
2.38944
2.41489
2.4349
2.45358
2.47144
2.48824
2.50398
2.52003
2.53727
2.55638
2.57539
2.58715
2.60067
2.61558
2.62938
2.64146
2.6523
2.66376
2.6781
2.69669
2.75871
2.77328
2.77845
2.77901
2.78084
2.78821
2.80213
2.82012
2.83274
2.84625
3.0312
2.97687
2.92969
2.8982
2.88513
2.88973
2.913
2.95772
3.02508
3.12058
1.46422
1.45954
1.45214
1.44024
1.42725
1.41577
1.40662
1.39978
1.39523
1.39323
1.39435
1.39826
1.40437
1.41265
1.42318
1.43576
1.44881
1.45868
1.46465
1.46805
1.38624
1.39333
1.3993
1.40351
1.40478
1.40301
1.39938
1.39547
1.39238
1.39096
1.39193
1.39489
1.39894
1.40321
1.40636
1.40686
1.40413
1.39898
1.39212
1.38625
1.3771
1.38011
1.38336
1.38584
1.38785
1.38929
1.38961
1.38883
1.38769
1.38712
1.38786
1.3895
1.39108
1.39173
1.39105
1.38945
1.38738
1.38457
1.38129
1.37894
1.37144
1.3729
1.37513
1.37736
1.37901
1.3802
1.38116
1.38178
1.38201
1.38222
1.38277
1.38338
1.38355
1.38315
1.38239
1.38123
1.37944
1.37718
1.37538
1.3743
1.36624
1.36706
1.36852
1.37032
1.37206
1.37348
1.37457
1.37548
1.37626
1.37692
1.37742
1.3776
1.37744
1.37696
1.37608
1.37475
1.37315
1.37157
1.37053
1.36987
1.36129
1.36185
1.36293
1.36435
1.36587
1.36737
1.36872
1.36986
1.37085
1.37172
1.37228
1.37242
1.3722
1.37157
1.37057
1.36938
1.36813
1.36699
1.36628
1.36582
1.35654
1.35695
1.35782
1.35904
1.36038
1.36179
1.36322
1.36458
1.36579
1.36684
1.36753
1.36771
1.36743
1.36677
1.36588
1.36491
1.36391
1.36303
1.3625
1.36215
1.35192
1.35224
1.35297
1.35405
1.3553
1.35664
1.35807
1.35954
1.36096
1.36222
1.36307
1.36333
1.36311
1.36257
1.36186
1.36106
1.36024
1.35955
1.35914
1.35887
1.34736
1.34763
1.34825
1.34924
1.35045
1.35176
1.35319
1.35472
1.3563
1.35781
1.35887
1.35929
1.35925
1.3589
1.35836
1.35772
1.35705
1.35651
1.35619
1.35597
1.34282
1.34303
1.34359
1.34453
1.34571
1.34702
1.34849
1.3501
1.35182
1.35356
1.35491
1.35562
1.35583
1.3557
1.35533
1.35485
1.35432
1.35389
1.35365
1.35347
1.33822
1.33839
1.3389
1.33982
1.34101
1.34238
1.34394
1.34571
1.34765
1.3497
1.3514
1.35244
1.35291
1.35298
1.35279
1.35245
1.35205
1.35172
1.35154
1.35139
1.33351
1.33365
1.33413
1.33506
1.33631
1.33776
1.33946
1.34143
1.34367
1.34611
1.34826
1.34968
1.35046
1.35077
1.35078
1.35058
1.3503
1.35006
1.34992
1.34981
1.32864
1.32876
1.32922
1.33018
1.33148
1.33304
1.33487
1.33707
1.33966
1.3426
1.34529
1.34718
1.34836
1.34901
1.34929
1.34928
1.34913
1.34898
1.3489
1.3488
1.32356
1.32366
1.32411
1.3251
1.3265
1.3282
1.33027
1.33279
1.3358
1.33932
1.3427
1.34523
1.34689
1.34789
1.34844
1.34865
1.34867
1.34862
1.34858
1.34851
1.31823
1.31829
1.31873
1.31977
1.32128
1.32316
1.32551
1.32844
1.33207
1.33639
1.34058
1.34378
1.346
1.34746
1.34831
1.34881
1.34903
1.34911
1.34913
1.34906
1.31241
1.31249
1.31292
1.31398
1.31559
1.31766
1.32033
1.32373
1.32801
1.33324
1.33849
1.34264
1.3456
1.34764
1.34898
1.34988
1.35038
1.35061
1.35068
1.35062
1.30585
1.30592
1.30638
1.3075
1.30927
1.31165
1.31479
1.31889
1.32412
1.33055
1.33705
1.34223
1.346
1.3487
1.3506
1.3519
1.35272
1.35312
1.35322
1.35316
1.29813
1.29821
1.29873
1.29997
1.30197
1.30475
1.30849
1.31342
1.31979
1.3277
1.33575
1.34224
1.34705
1.35054
1.35307
1.35486
1.35603
1.35661
1.35675
1.35668
1.2888
1.28889
1.28952
1.29098
1.29336
1.29673
1.3013
1.30738
1.31524
1.325
1.33493
1.34295
1.34893
1.35333
1.35657
1.35889
1.36041
1.36115
1.36133
1.36124
1.27737
1.2775
1.27828
1.28009
1.28304
1.28724
1.29293
1.30051
1.31028
1.32234
1.33455
1.34439
1.35174
1.35718
1.36121
1.3641
1.36599
1.3669
1.36711
1.36701
1.26322
1.26339
1.26443
1.26673
1.27048
1.27581
1.28305
1.29261
1.30483
1.31974
1.33468
1.34666
1.35559
1.36221
1.36715
1.37071
1.37302
1.3741
1.37435
1.37423
1.24541
1.24568
1.24709
1.25011
1.25501
1.26195
1.27131
1.28353
1.2989
1.31731
1.33549
1.34992
1.36066
1.36864
1.37461
1.37893
1.3817
1.38295
1.38324
1.3831
1.22252
1.22294
1.22495
1.22907
1.23572
1.24503
1.25739
1.27317
1.29253
1.31517
1.33709
1.35432
1.36711
1.37663
1.38378
1.38896
1.39221
1.39366
1.39397
1.39381
1.1923
1.19304
1.19605
1.20203
1.21151
1.22446
1.24109
1.26162
1.28594
1.31355
1.33971
1.36003
1.37508
1.38632
1.39479
1.40091
1.40467
1.40632
1.40665
1.40645
1.1508
1.15229
1.15745
1.16704
1.18133
1.19991
1.22256
1.2492
1.27949
1.31276
1.34354
1.36717
1.38467
1.39779
1.40769
1.41481
1.41911
1.42093
1.42126
1.42102
1.09063
1.09516
1.10596
1.12261
1.14503
1.17188
1.20248
1.23656
1.27369
1.31312
1.34875
1.37582
1.39582
1.41086
1.4222
1.43037
1.43528
1.43723
1.43749
1.43723
1.0189
1.02724
1.04696
1.07408
1.10667
1.1427
1.18185
1.22391
1.26853
1.31506
1.35672
1.38838
1.41193
1.42977
1.44326
1.45297
1.45886
1.46125
1.46155
1.46146
0.947179
0.961342
0.989935
1.02711
1.06923
1.11433
1.162
1.21211
1.26434
1.31812
1.366
1.40239
1.42954
1.45024
1.46612
1.47775
1.48432
1.48658
1.48724
1.48732
0.888621
0.906269
0.9406
0.985107
1.03489
1.08783
1.14328
1.20096
1.26047
1.32118
1.37486
1.4155
1.44573
1.46873
1.48627
1.499
1.50637
1.5097
1.5107
1.51086
0.840695
0.860363
0.898884
0.948791
1.00454
1.06387
1.12598
1.19042
1.25659
1.32374
1.38272
1.42707
1.45986
1.48469
1.50367
1.51759
1.526
1.52981
1.53097
1.53113
0.800503
0.821268
0.862986
0.917126
0.977727
1.04236
1.11016
1.18052
1.25268
1.32566
1.38942
1.43702
1.47196
1.49826
1.51829
1.53297
1.54209
1.54631
1.5476
1.54777
0.765534
0.787038
0.831274
0.888883
0.953546
1.02273
1.09549
1.17111
1.24866
1.32695
1.39504
1.44552
1.48229
1.50976
1.53054
1.54575
1.55544
1.55996
1.56129
1.56144
0.734221
0.75627
0.802531
0.863063
0.931202
1.00436
1.08154
1.1619
1.24437
1.32758
1.3997
1.45282
1.4912
1.51961
1.54091
1.55647
1.56636
1.57107
1.57243
1.57253
0.705425
0.727894
0.775943
0.838947
0.91011
0.986774
1.0679
1.15258
1.23964
1.32749
1.40349
1.45914
1.49901
1.52826
1.54998
1.56569
1.57569
1.58046
1.58182
1.58192
0.678283
0.701214
0.750824
0.815981
0.889847
0.969632
1.05432
1.14295
1.23429
1.32661
1.4064
1.4646
1.506
1.53609
1.55825
1.57416
1.5842
1.58904
1.59031
1.59027
0.65235
0.675803
0.72661
0.793809
0.870106
0.952689
1.04059
1.13285
1.22821
1.32483
1.40845
1.4693
1.51235
1.54341
1.56607
1.5822
1.5923
1.59708
1.59833
1.59827
0.627277
0.651248
0.70314
0.772223
0.850678
0.935777
1.0266
1.1222
1.22131
1.32212
1.40963
1.47332
1.51823
1.55041
1.57369
1.59013
1.60031
1.605
1.6062
1.6061
0.602844
0.627284
0.680329
0.751071
0.831455
0.918818
1.01227
1.11093
1.21356
1.31844
1.40993
1.47671
1.5237
1.55719
1.58123
1.59803
1.6083
1.61289
1.61398
1.61385
0.578938
0.603891
0.658033
0.730258
0.812381
0.901769
0.997599
1.09903
1.20494
1.31373
1.40929
1.47939
1.52876
1.56379
1.58873
1.60596
1.61628
1.62071
1.62165
1.62147
0.55552
0.58103
0.636185
0.709762
0.793443
0.884644
0.982597
1.08653
1.19545
1.30796
1.40758
1.48126
1.53337
1.57022
1.59621
1.61388
1.6242
1.6284
1.62916
1.62893
0.532638
0.558652
0.614792
0.689597
0.774673
0.867478
0.967307
1.07347
1.1851
1.30109
1.40474
1.48224
1.53746
1.57651
1.60373
1.62182
1.63198
1.63583
1.63639
1.63612
0.510258
0.5368
0.593888
0.669804
0.756117
0.850327
0.9518
1.05991
1.17397
1.29314
1.4007
1.48216
1.54088
1.58261
1.61139
1.62985
1.63959
1.6429
1.64323
1.64292
0.488489
0.515542
0.573515
0.650427
0.737832
0.833273
0.936162
1.04596
1.16212
1.28414
1.39538
1.48086
1.54342
1.58843
1.61934
1.63826
1.64714
1.64954
1.64955
1.64923
0.467332
0.494938
0.553702
0.631524
0.719892
0.816391
0.92049
1.03171
1.14966
1.27415
1.38876
1.47819
1.54482
1.59373
1.62769
1.64761
1.65522
1.65586
1.65524
1.65498
0.446884
0.474989
0.534507
0.613151
0.702356
0.799763
0.904868
1.01726
1.13669
1.26327
1.38081
1.47402
1.54479
1.59806
1.63624
1.65861
1.66536
1.66309
1.66049
1.65995
0.427083
0.455719
0.515983
0.595367
0.685302
0.783478
0.88942
1.00274
1.12336
1.25162
1.3716
1.46823
1.54301
1.60073
1.64412
1.67122
1.67973
1.67561
1.66706
1.64989
0.407999
0.437129
0.49799
0.577971
0.668434
0.767197
0.87372
0.987685
1.10913
1.23863
1.3605
1.46016
1.53899
1.60082
1.64973
1.68378
1.698
1.69528
1.68001
1.69235
0.389531
0.419279
0.480567
0.561016
0.651799
0.750975
0.857779
0.972115
1.09399
1.22422
1.34737
1.44923
1.53213
1.59706
1.64891
1.68762
1.70682
1.70162
1.643
1.62679
0.371053
0.401756
0.463976
0.544871
0.635839
0.735236
0.841791
0.956304
1.07825
1.20862
1.33232
1.43507
1.52188
1.58901
1.63632
1.67343
1.68454
1.65048
1.58095
1.53893
0.351235
0.383166
0.448685
0.530007
0.621105
0.720244
0.826153
0.940474
1.06205
1.19191
1.31531
1.41768
1.50651
1.57738
1.62173
1.62725
1.61059
1.55251
1.47967
1.43535
0.756566
0.867308
0.984653
1.10936
1.23658
1.34958
1.44027
1.30274
0.3333
0.349083
0.387706
0.456439
0.541841
0.636168
0.738428
0.847977
0.964334
1.08756
1.21316
1.32481
1.41314
1.48843
1.53994
1.5049
1.36926
1.28365
1.21569
0.313596
0.326442
0.370571
0.440924
0.526572
0.620912
0.722605
0.831564
0.946902
1.06851
1.19148
1.29938
1.38243
1.44201
1.44298
1.34339
1.20058
1.09583
1.00727
0.290658
0.30317
0.350122
0.421605
0.507401
0.601815
0.703499
0.811998
0.926228
1.04599
1.16559
1.2683
1.34367
1.38432
1.34488
1.18747
1.02245
0.888696
0.771323
0.2676
0.280218
0.328741
0.401388
0.487593
0.58197
0.68334
0.791006
0.903855
1.02135
1.13714
1.23415
1.30122
1.31832
1.23317
1.03632
0.83811
0.658636
0.484389
0.245216
0.257432
0.306752
0.380359
0.467011
0.56138
0.662308
0.769012
0.880315
0.995227
1.1068
1.19746
1.25481
1.2374
1.10397
0.895662
0.671949
0.465453
0.272005
0.222383
0.234297
0.283921
0.358136
0.445156
0.539567
0.640122
0.745927
0.855639
0.967855
1.07504
1.15886
1.20406
1.15909
0.984631
0.77724
0.554955
0.350705
0.227272
0.150468
0.198298
0.210048
0.259907
0.334439
0.421631
0.515987
0.616098
0.720888
0.828781
0.937915
1.04022
1.11646
1.14693
1.08058
0.875836
0.676691
0.481647
0.33577
0.290508
0.264146
0.172897
0.184482
0.234457
0.309165
0.396373
0.490492
0.589982
0.693495
0.799217
0.904759
1.00154
1.06966
1.08293
0.977286
0.778218
0.592928
0.429173
0.338377
0.320286
0.313546
0.145898
0.157329
0.207493
0.282322
0.369427
0.463156
0.561794
0.663758
0.766936
0.868397
0.958897
1.01881
1.00505
0.872614
0.686587
0.513794
0.383102
0.336744
0.334671
0.333031
0.117332
0.128674
0.178995
0.253938
0.340839
0.434024
0.531585
0.631731
0.73198
0.828883
0.912429
0.963015
0.925742
0.772917
0.600845
0.439901
0.360557
0.34282
0.342862
0.343004
0.0874165
0.0988577
0.149097
0.224141
0.310745
0.403203
0.499474
0.597508
0.694451
0.786283
0.862512
0.900967
0.851752
0.680266
0.523297
0.39533
0.349586
0.349934
0.348673
0.348758
0.0566869
0.0681879
0.118218
0.193211
0.279385
0.370937
0.46568
0.561309
0.654606
0.740904
0.809539
0.836637
0.772173
0.595961
0.453237
0.366069
0.346706
0.35061
0.351554
0.352254
0.0257245
0.0372026
0.0869913
0.161563
0.247195
0.337626
0.430599
0.523531
0.61285
0.693302
0.753932
0.770982
0.677196
0.513336
0.390844
0.359807
0.344242
0.346635
0.351858
0.353089
-0.00429941
0.00662338
0.055981
0.130073
0.214727
0.30386
0.394807
0.484775
0.569843
0.644229
0.69681
0.699787
0.580017
0.424874
0.334008
0.3228
0.326463
0.330425
0.335277
0.339248
-0.0324357
-0.0218072
0.0260349
0.0995063
0.182937
0.270464
0.359114
0.445903
0.526515
0.594644
0.639866
0.627235
0.489281
0.315147
0.242593
0.243111
0.262238
0.272311
0.277622
0.284251
-0.0573376
-0.0471129
-0.000747695
0.0709135
0.152969
0.23849
0.324584
0.408024
0.484156
0.545967
0.584492
0.56282
0.413085
0.19896
0.0557572
0.10408
0.159379
0.198207
0.207409
0.209594
-0.076819
-0.0673258
-0.0232648
0.0462856
0.126022
0.209217
0.292522
0.372513
0.444397
0.500199
0.531972
0.506861
0.360262
0.157804
-0.152236
-0.0927792
0.0117182
0.0453897
0.0600752
0.0748405
-0.0892777
-0.0808019
-0.0396845
0.0269176
0.103841
0.18421
0.264426
0.340978
0.408992
0.460017
0.483122
0.465075
0.335935
0.298754
0.129765
0.0881827
-0.0307479
-0.0851323
-0.0721387
-0.0593211
-0.0924333
-0.0854489
-0.0482588
0.0144521
0.0880449
0.165035
0.241943
0.315324
0.379867
0.427694
0.440368
0.433949
0.34023
0.501712
0.972659
0.609425
0.152684
-0.018933
-0.037881
-0.0486743
-0.0853589
-0.0795865
-0.0472266
0.0105162
0.0799396
0.153146
0.226791
0.297414
0.359607
0.404458
0.415998
0.37256
0.18608
0.0457498
-0.0681863
-0.459858
-0.597168
-0.427915
-0.251085
-0.190112
-0.0648805
-0.0606212
-0.0345493
0.0161855
0.0803269
0.149581
0.220165
0.288996
0.350819
0.395743
0.405888
0.321846
-0.119536
-0.974839
-1.82528
-2.24552
-2.25656
-1.90477
-1.45797
-1.15382
-0.033414
-0.0307017
-0.0114623
0.0310906
0.0891119
0.154452
0.222705
0.291156
0.355295
0.407582
0.424142
0.363496
-0.113103
-0.81249
-1.57527
-1.92052
-1.92347
-1.64994
-1.34442
-1.09169
0.00496423
0.0065679
0.0183777
0.052762
0.104539
0.166531
0.233671
0.303909
0.373682
0.439538
0.488256
0.515402
0.399385
0.312426
0.328832
0.479744
0.760954
1.02356
1.22332
1.33538
0.0440598
0.045016
0.0510994
0.0763511
0.123074
0.18326
0.25056
0.324536
0.404264
0.486586
0.583506
0.686477
0.895802
1.29236
1.85936
2.44447
2.9225
3.22636
3.37411
3.42327
0.0782419
0.078826
0.0817312
0.0987703
0.140539
0.199889
0.269588
0.348163
0.436861
0.538153
0.65583
0.791609
0.972776
1.42804
2.05549
2.66356
3.14293
3.45129
3.60847
3.66493
0.110894
0.111463
0.11248
0.121086
0.155495
0.213795
0.286222
0.36873
0.459856
0.564314
0.675435
0.796674
0.913988
1.22932
1.76166
2.23776
2.61405
2.8608
2.98978
3.03963
0.13887
0.139796
0.140672
0.14398
0.170156
0.227037
0.301424
0.384476
0.474735
0.573754
0.680353
0.783878
0.884954
1.05023
1.4237
1.78307
2.06003
2.24842
2.34919
2.3875
0.154424
0.155521
0.154947
0.156136
0.181136
0.241992
0.319009
0.401416
0.488263
0.580969
0.677474
0.763502
0.84205
0.942853
1.18206
1.42851
1.6253
1.75634
1.82273
1.8477
0.17389
0.173089
0.16887
0.169823
0.199235
0.266242
0.344858
0.424157
0.503941
0.586523
0.67105
0.743743
0.810464
0.878935
1.03725
1.20058
1.32467
1.40755
1.44866
1.46279
0.240885
0.238321
0.232099
0.233833
0.262129
0.320743
0.38871
0.456541
0.524034
0.593719
0.665391
0.727971
0.782528
0.831426
0.934575
1.03947
1.11678
1.16769
1.19205
1.19821
0.367303
0.364568
0.360529
0.361266
0.378085
0.412186
0.453891
0.500027
0.549432
0.60337
0.660617
0.711223
0.754841
0.790172
0.853043
0.918825
0.969846
1.00241
1.0181
1.02296
0.501856
0.500396
0.498556
0.496704
0.498936
0.507441
0.523341
0.54644
0.576719
0.613968
0.656263
0.695583
0.728844
0.754762
0.79343
0.833959
0.867699
0.890589
0.901864
0.904648
0.596616
0.595868
0.594743
0.590759
0.583898
0.578339
0.578424
0.585962
0.601348
0.624104
0.652939
0.679676
0.702155
0.721369
0.745189
0.771785
0.796324
0.81296
0.821175
0.822868
0.645692
0.645208
0.644134
0.639915
0.631562
0.621996
0.615614
0.614776
0.620615
0.632924
0.649762
0.663765
0.673129
0.680875
0.698502
0.722833
0.743581
0.757207
0.763778
0.764755
0.665142
0.664718
0.663664
0.660168
0.653394
0.644861
0.637582
0.633731
0.634514
0.639842
0.646784
0.649073
0.64531
0.642741
0.657527
0.682078
0.703055
0.716601
0.723048
0.72395
0.670199
0.669809
0.668896
0.666284
0.66161
0.655491
0.649598
0.645577
0.644425
0.645787
0.646763
0.639949
0.623601
0.613787
0.632856
0.659083
0.679164
0.691326
0.697042
0.697865
0.669348
0.669012
0.668329
0.666452
0.663269
0.659275
0.655312
0.652424
0.651506
0.652399
0.651882
0.641751
0.619785
0.608966
0.632498
0.658221
0.675291
0.6845
0.688283
0.689036
0.665669
0.665425
0.665052
0.663864
0.661713
0.65922
0.657028
0.655979
0.656873
0.659542
0.662098
0.656952
0.642596
0.640005
0.66194
0.681098
0.693056
0.699688
0.702618
0.702815
0.658957
0.658837
0.658822
0.658371
0.657238
0.656007
0.655497
0.656652
0.6611
0.666863
0.676086
0.681697
0.683056
0.691117
0.705625
0.717095
0.724897
0.731153
0.734294
0.734328
0.647581
0.647588
0.647898
0.648133
0.648107
0.648343
0.649874
0.653658
0.661145
0.673126
0.690494
0.707855
0.725519
0.742515
0.750006
0.754756
0.759647
0.765222
0.769048
0.768788
0.629767
0.629891
0.630541
0.631431
0.632497
0.634389
0.638123
0.645158
0.656868
0.674897
0.699586
0.725804
0.75491
0.775016
0.775702
0.779048
0.786616
0.794189
0.797619
0.796008
0.604142
0.604426
0.605328
0.606724
0.608797
0.612269
0.618294
0.628434
0.644394
0.66853
0.69912
0.728437
0.758063
0.773205
0.777586
0.786267
0.794757
0.803145
0.80484
0.803766
0.568246
0.56872
0.569959
0.571934
0.574928
0.57971
0.587519
0.600049
0.619363
0.648389
0.683951
0.717578
0.738177
0.743426
0.755253
0.778003
0.799267
0.808131
0.809434
0.808125
0.519505
0.520242
0.521785
0.524233
0.527924
0.533448
0.541753
0.554587
0.574111
0.604213
0.644446
0.686292
0.702106
0.698031
0.726182
0.76933
0.799312
0.814666
0.812476
0.81154
0.455715
0.456661
0.458337
0.460988
0.464803
0.469748
0.475909
0.484275
0.496669
0.519061
0.565866
0.626422
0.650644
0.651377
0.69733
0.768472
0.818972
0.839412
0.836764
0.836017
0.376685
0.377702
0.379178
0.381495
0.384335
0.386395
0.38588
0.381176
0.372318
0.371898
0.43169
0.526695
0.571575
0.587516
0.669193
0.758007
0.830816
0.854099
0.848568
0.844597
0.286335
0.287167
0.288039
0.289368
0.289767
0.285975
0.27293
0.243591
0.196925
0.159254
0.23346
0.384963
0.462409
0.502668
0.617623
0.721905
0.789457
0.800096
0.793393
0.788043
0.193891
0.194192
0.19417
0.194172
0.191338
0.179958
0.149894
0.085222
-0.021105
-0.0951789
-7.7017e-05
0.213847
0.324605
0.404818
0.529108
0.628052
0.667352
0.662877
0.658965
0.656093
0.112842
0.112445
0.11128
0.110316
0.105267
0.0884316
0.0440813
-0.0508177
-0.198531
-0.300601
-0.18968
0.0550368
0.197063
0.301728
0.426491
0.49518
0.500814
0.493525
0.488956
0.486924
0.0523776
0.0514608
0.0509099
0.0507272
0.0468266
0.0329795
-0.00819456
-0.102597
-0.249729
-0.334741
-0.231739
-0.0350425
0.0772155
0.193483
0.321454
0.342411
0.323996
0.308611
0.300251
0.296713
0.0300239
0.0296159
0.0306433
0.0307622
0.0253343
0.00715544
-0.042128
-0.137491
-0.234758
-0.23762
-0.090182
0.00768333
0.082201
0.17461
0.278878
0.243014
0.214377
0.195287
0.187324
0.0613574
0.309089
0.658514
0.897207
1.09668
1.25787
1.3872
1.49188
1.58135
1.64355
1.63999
0.829244
0.994623
1.13953
1.26807
1.3778
1.46984
1.54576
1.60402
1.6398
1.65471
1.10966
1.21193
1.30824
1.39692
1.47419
1.53986
1.59353
1.63439
1.66408
1.68383
1.29766
1.36666
1.43593
1.50001
1.55626
1.60453
1.64477
1.67728
1.70366
1.72191
1.43995
1.48775
1.54178
1.58922
1.63219
1.66998
1.70257
1.73013
1.75315
1.76876
1.55449
1.59276
1.6342
1.67252
1.70774
1.7397
1.768
1.79234
1.81251
1.82542
1.65335
1.68674
1.72154
1.75572
1.78756
1.81686
1.843
1.86535
1.88326
1.89392
1.74551
1.7776
1.81145
1.84533
1.87671
1.90532
1.93052
1.9516
1.96765
1.97678
1.84101
1.87641
1.91269
1.9485
1.98069
2.00909
2.03339
2.05316
2.0677
2.07656
1.95428
1.99505
2.03395
2.07081
2.10271
2.12978
2.15238
2.17053
2.18406
2.1942
2.09823
2.14156
2.17893
2.21209
2.24
2.26376
2.28439
2.30176
2.31573
2.32797
2.27605
2.31306
2.34138
2.36538
2.38643
2.4058
2.42404
2.44113
2.45731
2.47267
2.47344
2.49286
2.50868
2.52491
2.54153
2.55698
2.57061
2.58375
2.59927
2.61717
2.66267
2.67037
2.68222
2.69391
2.7038
2.71298
2.72326
2.7346
2.74595
2.75325
2.88145
2.87972
2.87164
2.85465
2.84327
2.84269
2.85487
2.87972
2.91341
2.94101
3.28999
3.10316
3.0016
2.94422
2.91523
2.90858
2.92386
2.96449
3.04027
3.18656
0.363503
0.362215
0.402003
0.472764
0.558209
0.653237
1.52628
1.59242
1.59207
1.5221
1.45506
1.38439
1.14663
0.915137
0.637975
0.268973
-0.127383
)
;

boundaryField
{
    wall-4
    {
        type            zeroGradient;
    }
    pressure-outlet-7
    {
        type            fixedValue;
        value           uniform 0;
    }
    velocity-inlet-6
    {
        type            zeroGradient;
    }
    velocity-inlet-5
    {
        type            zeroGradient;
    }
    frontAndBackPlanes
    {
        type            empty;
    }
}


// ************************************************************************* //
