/*--------------------------------*- C++ -*----------------------------------*\
| =========                 |                                                 |
| \\      /  F ield         | OpenFOAM: The Open Source CFD Toolbox           |
|  \\    /   O peration     | Version:  v2012                                 |
|   \\  /    A nd           | Website:  www.openfoam.com                      |
|    \\/     M anipulation  |                                                 |
\*---------------------------------------------------------------------------*/
FoamFile
{
    version     2.0;
    format      ascii;
    class       volScalarField;
    location    "24";
    object      p;
}
// * * * * * * * * * * * * * * * * * * * * * * * * * * * * * * * * * * * * * //

dimensions      [0 2 -2 0 0 0 0];


internalField   nonuniform List<scalar> 
8800
(
0.432137
0.384086
0.345708
0.317063
0.29643
0.281659
0.271029
0.263483
0.258582
0.256418
0.25755
0.261623
0.268181
0.277431
0.290122
0.307666
0.332079
0.365667
0.408093
0.465214
0.264671
0.271876
0.280313
0.283728
0.281809
0.276278
0.269552
0.263363
0.258555
0.255606
0.255196
0.257567
0.261952
0.267842
0.27467
0.281227
0.285316
0.284777
0.278684
0.269687
0.24139
0.247569
0.251769
0.255131
0.257628
0.258415
0.257286
0.255099
0.252985
0.251952
0.252764
0.255014
0.257719
0.259828
0.260276
0.25868
0.25578
0.252102
0.24755
0.243759
0.23627
0.238974
0.241706
0.244028
0.245679
0.247001
0.247888
0.248049
0.247707
0.247533
0.248116
0.249099
0.249732
0.249541
0.248638
0.247355
0.245534
0.242974
0.240513
0.238982
0.231109
0.232535
0.234357
0.236437
0.238208
0.239519
0.240525
0.241346
0.241929
0.242373
0.242817
0.243069
0.242919
0.242412
0.241578
0.240253
0.238451
0.236486
0.235119
0.234298
0.226155
0.227072
0.228344
0.229971
0.231664
0.233214
0.234481
0.235512
0.236415
0.237171
0.237611
0.237654
0.237361
0.23672
0.23566
0.234274
0.232775
0.23139
0.230514
0.229977
0.221371
0.222034
0.223048
0.22443
0.225925
0.227466
0.228957
0.230268
0.231369
0.232275
0.232816
0.23288
0.23249
0.231674
0.230575
0.229366
0.228136
0.227045
0.226394
0.226009
0.216785
0.217289
0.218139
0.21938
0.220767
0.222237
0.223758
0.225254
0.226605
0.227715
0.228381
0.228453
0.228011
0.227225
0.226259
0.225212
0.224155
0.223257
0.22275
0.22246
0.21235
0.212735
0.213475
0.214637
0.215986
0.217404
0.218889
0.220431
0.22195
0.223294
0.22412
0.224289
0.223974
0.223364
0.222576
0.22166
0.220717
0.219952
0.219551
0.219333
0.208081
0.208373
0.20902
0.210113
0.211421
0.212833
0.214329
0.215894
0.217505
0.219055
0.220114
0.220526
0.220459
0.220051
0.21941
0.218637
0.217823
0.217183
0.216872
0.216709
0.203949
0.204162
0.204756
0.20585
0.207183
0.208645
0.210259
0.211985
0.213773
0.215533
0.216923
0.217641
0.217778
0.217497
0.216972
0.216302
0.215555
0.214991
0.214752
0.214638
0.200048
0.200185
0.200703
0.201725
0.202997
0.2044
0.205962
0.207743
0.209749
0.211873
0.21362
0.214658
0.215126
0.215214
0.214994
0.21455
0.213989
0.213559
0.213401
0.213331
0.196366
0.196451
0.196874
0.197777
0.198964
0.200363
0.202008
0.20393
0.206135
0.208606
0.210857
0.212411
0.213288
0.213672
0.213735
0.213568
0.213264
0.213023
0.212946
0.212901
0.192614
0.192664
0.193004
0.193784
0.19489
0.196271
0.197986
0.200112
0.202704
0.205715
0.208545
0.210586
0.211917
0.212713
0.213133
0.213291
0.213282
0.21325
0.213241
0.213203
0.188343
0.188391
0.188677
0.189367
0.190425
0.191832
0.193662
0.19602
0.199005
0.20263
0.206209
0.208974
0.210899
0.212179
0.213029
0.213548
0.213846
0.214002
0.214042
0.214001
0.183262
0.183319
0.183618
0.184318
0.185432
0.186989
0.189097
0.191901
0.195524
0.199989
0.204467
0.207988
0.210507
0.212291
0.213521
0.214363
0.214911
0.215193
0.215259
0.215212
0.177119
0.177175
0.177543
0.17832
0.179588
0.181403
0.183907
0.187283
0.191697
0.197213
0.202809
0.207273
0.210549
0.212886
0.214543
0.215718
0.216493
0.216872
0.216964
0.216912
0.169735
0.169785
0.170228
0.171201
0.172758
0.174992
0.178077
0.182262
0.187738
0.194578
0.201554
0.207143
0.211217
0.214163
0.216311
0.217838
0.218787
0.219246
0.21937
0.219316
0.160957
0.161002
0.161534
0.162762
0.16474
0.16755
0.171427
0.176648
0.183471
0.191975
0.200628
0.207565
0.212676
0.216373
0.219035
0.220885
0.222041
0.222603
0.222769
0.22271
0.150511
0.15055
0.151202
0.152754
0.155257
0.158843
0.163752
0.170326
0.178854
0.18942
0.200122
0.208701
0.21502
0.219593
0.222889
0.225113
0.22652
0.227222
0.227435
0.227369
0.137974
0.138017
0.138832
0.140769
0.143997
0.148551
0.154794
0.163111
0.173811
0.186941
0.200127
0.210647
0.2184
0.224026
0.228037
0.230787
0.232512
0.233389
0.233649
0.233566
0.122555
0.122613
0.123658
0.126132
0.13028
0.13618
0.144196
0.154807
0.16829
0.184588
0.200749
0.213562
0.223
0.22984
0.234719
0.238083
0.240219
0.241306
0.241614
0.241509
0.103077
0.103165
0.104587
0.107934
0.113387
0.121135
0.131623
0.145289
0.162312
0.182479
0.202155
0.217616
0.228976
0.237222
0.243122
0.247224
0.249846
0.251171
0.251532
0.2514
0.0777523
0.0779096
0.0799923
0.0847373
0.0923037
0.10282
0.116786
0.134517
0.155999
0.1808
0.204523
0.222973
0.236499
0.246345
0.253442
0.258426
0.26163
0.263227
0.263639
0.26347
0.0435319
0.0438677
0.0472855
0.0546648
0.0658113
0.0806514
0.0995843
0.122666
0.149623
0.179804
0.208046
0.229768
0.245668
0.257305
0.265788
0.271825
0.275728
0.277636
0.278089
0.277873
-0.00542927
-0.00411812
0.00281881
0.015664
0.0330584
0.0545853
0.0803806
0.110214
0.143617
0.179799
0.212892
0.238066
0.25648
0.270067
0.280121
0.287423
0.292198
0.294492
0.294979
0.294693
-0.0781171
-0.0699573
-0.0540097
-0.0313344
-0.0045131
0.0259666
0.0601399
0.0977673
0.138355
0.181126
0.219543
0.248588
0.26993
0.285888
0.297993
0.307059
0.313181
0.316248
0.316982
0.316805
-0.15575
-0.137668
-0.111977
-0.0789228
-0.0423608
-0.00279167
0.0398839
0.0855326
0.133769
0.183926
0.228763
0.26281
0.288108
0.307337
0.322256
0.333842
0.341887
0.346185
0.347528
0.347541
-0.219687
-0.198705
-0.164948
-0.12339
-0.0782377
-0.030163
0.0206975
0.0741311
0.129757
0.186958
0.23777
0.27631
0.305047
0.327045
0.344189
0.357455
0.367095
0.372248
0.373343
0.373493
-0.271628
-0.248504
-0.209838
-0.162222
-0.110375
-0.0552489
0.00274976
0.0632544
0.12573
0.189463
0.245689
0.288119
0.319636
0.343663
0.362346
0.376807
0.387393
0.393019
0.394328
0.394591
-0.314456
-0.290313
-0.24809
-0.195805
-0.138625
-0.077757
-0.013724
0.0529517
0.12157
0.191216
0.252261
0.297977
0.331687
0.357221
0.376964
0.392242
0.403158
0.409212
0.410931
0.411219
-0.35102
-0.326277
-0.281406
-0.225429
-0.163837
-0.0981279
-0.0289009
0.0431892
0.117283
0.192263
0.257614
0.306166
0.341638
0.368261
0.388655
0.404306
0.415444
0.421702
0.423597
0.42385
-0.383264
-0.358156
-0.311238
-0.252155
-0.186861
-0.116969
-0.0431821
0.033741
0.112803
0.192682
0.262009
0.313119
0.350106
0.377569
0.398344
0.414107
0.425255
0.431549
0.433562
0.433788
-0.412625
-0.38719
-0.338606
-0.276885
-0.208409
-0.134851
-0.056988
0.0243217
0.107978
0.192473
0.265597
0.319185
0.357598
0.38579
0.406891
0.422713
0.433859
0.440159
0.442255
0.442455
-0.439968
-0.414239
-0.364218
-0.300226
-0.228958
-0.152151
-0.0706376
0.0146816
0.102633
0.191554
0.268421
0.324464
0.364334
0.393325
0.414809
0.430776
0.441911
0.448101
0.450256
0.450502
-0.465989
-0.439913
-0.3885
-0.322633
-0.248845
-0.169152
-0.0843543
0.00464201
0.0966165
0.189809
0.270424
0.329076
0.370581
0.400525
0.422492
0.438657
0.449837
0.455934
0.458031
0.458277
-0.490985
-0.464538
-0.412023
-0.34434
-0.26832
-0.186045
-0.098279
-0.00591527
0.0898298
0.187181
0.271669
0.333165
0.376505
0.407566
0.430172
0.446657
0.457934
0.463973
0.465941
0.46612
-0.515296
-0.488387
-0.434906
-0.365539
-0.287529
-0.202943
-0.112496
-0.0170492
0.0822358
0.183659
0.27212
0.336667
0.382112
0.414523
0.437942
0.454867
0.466292
0.472283
0.474093
0.474182
-0.538985
-0.511598
-0.457234
-0.386337
-0.306556
-0.219902
-0.127038
-0.0287754
0.0738114
0.179156
0.271639
0.339513
0.387384
0.421409
0.445825
0.463301
0.474908
0.480829
0.4825
0.482465
-0.562137
-0.534287
-0.47903
-0.406783
-0.325421
-0.236921
-0.1419
-0.041101
0.0645161
0.173581
0.270138
0.341611
0.392246
0.42819
0.453807
0.471939
0.483734
0.489529
0.491028
0.490884
-0.58483
-0.556447
-0.500314
-0.42687
-0.344114
-0.253975
-0.15705
-0.053997
0.0543572
0.166924
0.267522
0.342798
0.396576
0.43481
0.461873
0.480749
0.492709
0.498282
0.499554
0.499321
-0.60706
-0.57809
-0.521122
-0.44658
-0.36258
-0.271018
-0.172426
-0.0674009
0.0433965
0.159175
0.263683
0.342906
0.40019
0.441179
0.470025
0.489726
0.50173
0.506958
0.507956
0.507643
-0.628675
-0.599155
-0.541394
-0.465874
-0.380775
-0.287969
-0.187949
-0.0812147
0.0317091
0.150356
0.258544
0.341755
0.402856
0.447144
0.478302
0.498989
0.510789
0.515387
0.516027
0.515647
-0.649617
-0.619584
-0.56109
-0.484688
-0.398633
-0.30476
-0.203518
-0.095351
0.0193799
0.140513
0.252068
0.339173
0.404289
0.452439
0.486715
0.508874
0.520152
0.523499
0.523551
0.523145
-0.669959
-0.639333
-0.580176
-0.50298
-0.416084
-0.321305
-0.219044
-0.109701
0.00651681
0.129738
0.244235
0.335031
0.404174
0.456614
0.495061
0.51989
0.530792
0.531793
0.530407
0.530043
-0.689524
-0.658393
-0.598593
-0.520686
-0.43307
-0.337521
-0.234429
-0.124149
-0.0067479
0.118152
0.235082
0.329224
0.402214
0.459017
0.502642
0.532167
0.54458
0.542971
0.538006
0.536476
-0.708395
-0.676759
-0.616359
-0.53783
-0.449621
-0.353453
-0.249728
-0.138752
-0.0204859
0.105686
0.224488
0.321505
0.398108
0.458829
0.508063
0.544564
0.56246
0.56288
0.552118
0.53809
-0.726511
-0.694425
-0.633606
-0.554599
-0.466027
-0.369433
-0.265355
-0.154
-0.0352528
0.0916722
0.211749
0.310983
0.391125
0.454808
0.508354
0.55244
0.576487
0.573082
0.557882
0.542384
-0.743709
-0.711428
-0.650167
-0.570764
-0.482027
-0.385137
-0.281087
-0.169559
-0.0507147
0.0764256
0.197076
0.297393
0.380852
0.446277
0.498458
0.543726
0.568872
0.554033
0.484408
0.449527
-0.75956
-0.728931
-0.665647
-0.585747
-0.496918
-0.400071
-0.296642
-0.185183
-0.0666222
0.0601215
0.180536
0.280595
0.36649
0.433752
0.47565
0.508931
0.517704
0.470447
0.396924
0.351617
-0.808705
-0.74495
-0.679774
-0.600609
-0.511851
-0.415433
-0.312
-0.201078
-0.0832551
0.042408
0.161703
0.260381
0.345204
0.419033
0.427766
0.438724
0.408755
0.345851
0.266777
0.222597
-0.775251
-0.758747
-0.700375
-0.622216
-0.533802
-0.437828
-0.335389
-0.225511
-0.109259
0.0139981
0.129956
0.225099
0.300798
0.373394
0.375292
0.26709
0.161795
0.0892242
0.0141148
0.0540114
-0.805681
-0.776202
-0.716803
-0.638844
-0.550712
-0.455146
-0.352698
-0.243673
-0.128785
-0.00779715
0.104696
0.195509
0.263016
0.301612
0.256183
0.107334
-0.025255
-0.119037
-0.221516
-0.161207
-0.828641
-0.796661
-0.735766
-0.65751
-0.569486
-0.474096
-0.371915
-0.263917
-0.150704
-0.032518
0.0757423
0.160687
0.218113
0.224893
0.117067
-0.0667362
-0.228907
-0.354837
-0.492748
-0.444382
-0.850895
-0.817569
-0.75555
-0.676586
-0.588454
-0.493242
-0.391681
-0.284831
-0.173475
-0.058415
0.0448758
0.123217
0.166661
0.137315
-0.0290366
-0.241734
-0.446438
-0.634132
-0.837996
-0.825657
-0.872378
-0.838828
-0.776026
-0.69644
-0.608156
-0.513181
-0.412348
-0.306745
-0.197464
-0.0858378
0.0119528
0.083065
0.108521
0.0434673
-0.169597
-0.403644
-0.640933
-0.850611
-1.13555
-1.43114
-0.894027
-0.860644
-0.797433
-0.71743
-0.628993
-0.534208
-0.434029
-0.32968
-0.222542
-0.114511
-0.022415
0.0406778
0.0475589
-0.0689722
-0.293311
-0.53302
-0.769959
-0.961248
-1.05281
-1.2111
-0.916624
-0.883392
-0.820041
-0.739867
-0.651399
-0.556888
-0.457446
-0.354504
-0.249799
-0.145805
-0.0598541
-0.0061656
-0.0244108
-0.186252
-0.403976
-0.628394
-0.825986
-0.936639
-0.961636
-0.983352
-0.940467
-0.90739
-0.843979
-0.763796
-0.675454
-0.581363
-0.482869
-0.381607
-0.279726
-0.180367
-0.10096
-0.0588831
-0.102565
-0.295013
-0.504987
-0.703623
-0.856244
-0.907646
-0.922381
-0.924596
-0.965753
-0.932708
-0.869281
-0.789157
-0.701057
-0.607576
-0.510242
-0.410952
-0.312295
-0.218166
-0.145748
-0.118205
-0.18287
-0.397935
-0.598418
-0.775928
-0.884561
-0.89857
-0.901251
-0.90124
-0.99242
-0.959287
-0.895934
-0.815887
-0.728154
-0.635436
-0.539473
-0.442452
-0.347389
-0.259028
-0.194328
-0.179314
-0.277925
-0.494717
-0.684794
-0.833918
-0.882586
-0.889997
-0.890731
-0.890003
-1.02016
-0.986886
-0.923763
-0.843837
-0.756585
-0.664796
-0.570412
-0.475945
-0.384842
-0.302668
-0.24625
-0.244881
-0.383193
-0.588966
-0.761196
-0.868938
-0.878838
-0.882545
-0.884656
-0.88448
-1.04838
-1.01523
-0.952346
-0.872731
-0.786082
-0.695389
-0.602771
-0.511116
-0.424309
-0.348667
-0.300347
-0.318293
-0.483918
-0.68399
-0.834191
-0.874068
-0.890396
-0.886507
-0.883075
-0.882444
-1.07675
-1.04384
-0.981202
-0.902128
-0.816216
-0.726774
-0.636121
-0.547454
-0.465263
-0.3963
-0.355974
-0.391299
-0.581406
-0.785667
-0.912059
-0.926505
-0.91193
-0.897407
-0.889118
-0.885329
-1.1042
-1.07202
-1.00984
-0.931377
-0.846383
-0.758338
-0.669837
-0.584237
-0.506836
-0.444555
-0.412955
-0.46222
-0.66672
-0.892919
-1.0235
-0.99086
-0.961044
-0.934531
-0.923029
-0.918267
-1.12972
-1.0981
-1.03747
-0.959662
-0.875755
-0.789264
-0.703033
-0.620543
-0.547751
-0.492434
-0.469383
-0.531685
-0.729331
-0.966649
-1.19652
-1.13186
-1.07655
-1.04965
-1.0349
-1.02446
-1.1519
-1.12153
-1.06234
-0.985973
-0.903351
-0.81853
-0.734544
-0.655224
-0.586419
-0.538396
-0.520951
-0.598369
-0.778819
-0.911119
-1.21646
-1.20407
-1.25544
-1.27432
-1.2536
-1.24526
-1.1692
-1.14068
-1.08358
-1.00889
-0.927947
-0.844931
-0.763045
-0.686645
-0.621327
-0.579364
-0.567154
-0.659747
-0.841949
-0.732825
-0.408296
-0.819536
-1.25604
-1.34604
-1.34146
-1.34394
-1.18013
-1.15409
-1.09974
-1.02717
-0.948115
-0.867043
-0.787084
-0.712772
-0.650679
-0.611522
-0.613642
-0.732196
-1.00702
-1.00836
-0.922944
-1.21541
-1.43675
-1.42987
-1.38787
-1.41282
-1.18285
-1.16024
-1.10945
-1.03952
-0.962543
-0.883369
-0.805069
-0.731784
-0.671071
-0.634096
-0.649959
-0.838191
-1.39173
-2.29101
-2.98001
-3.37196
-3.13876
-2.6421
-2.20461
-2.0877
-1.17651
-1.15772
-1.1114
-1.04488
-0.970216
-0.892765
-0.81541
-0.742059
-0.679143
-0.641274
-0.655788
-0.886957
-1.61572
-2.69771
-3.50141
-3.75323
-3.65452
-3.33308
-2.95423
-2.72296
-1.15966
-1.14472
-1.10469
-1.04269
-0.970603
-0.894567
-0.8172
-0.741936
-0.674218
-0.623935
-0.623181
-0.743191
-1.16825
-1.61681
-2.02916
-2.09618
-1.92106
-1.63833
-1.38307
-1.23143
-1.13365
-1.12296
-1.08971
-1.03333
-0.963977
-0.888991
-0.810727
-0.73136
-0.655164
-0.58358
-0.534844
-0.461595
-0.406359
-0.165361
0.188556
0.56127
0.903835
1.12723
1.24708
1.29256
-1.1012
-1.09456
-1.06884
-1.01859
-0.951964
-0.877521
-0.797495
-0.713774
-0.624287
-0.533711
-0.427304
-0.317638
0.0162397
0.608097
1.26575
1.85318
2.27345
2.50981
2.60548
2.63186
-1.06637
-1.06261
-1.04545
-1.00151
-0.937273
-0.862812
-0.781307
-0.692897
-0.598088
-0.49099
-0.377851
-0.256395
-0.0235927
0.556957
1.18423
1.72986
2.12001
2.34362
2.44559
2.47782
-1.03442
-1.03221
-1.02248
-0.985692
-0.923157
-0.847613
-0.764969
-0.676061
-0.579884
-0.470567
-0.36368
-0.256558
-0.124294
0.256287
0.732451
1.11825
1.40399
1.57682
1.65963
1.68601
-1.00554
-1.00574
-1.00159
-0.970239
-0.907585
-0.830632
-0.74904
-0.66323
-0.570965
-0.468776
-0.367442
-0.275318
-0.192038
0.0395261
0.369335
0.643713
0.849801
0.977226
1.0424
1.06293
-0.967528
-0.970023
-0.968227
-0.939352
-0.878175
-0.80445
-0.728365
-0.649979
-0.566322
-0.47371
-0.382316
-0.303068
-0.227014
-0.0978664
0.114724
0.302513
0.443607
0.52993
0.570618
0.579247
-0.887723
-0.890301
-0.888422
-0.866821
-0.818485
-0.759845
-0.697468
-0.631903
-0.560127
-0.47977
-0.400517
-0.332921
-0.266991
-0.187503
-0.0510061
0.0675829
0.155236
0.209113
0.232721
0.237266
-0.777768
-0.778552
-0.776606
-0.764324
-0.73791
-0.701074
-0.65819
-0.609144
-0.551791
-0.485367
-0.419509
-0.367977
-0.320891
-0.276817
-0.190762
-0.107813
-0.0467246
-0.0108562
0.00512453
0.00621624
-0.682445
-0.68224
-0.681339
-0.676868
-0.66593
-0.647511
-0.621934
-0.588083
-0.543954
-0.488536
-0.435124
-0.39901
-0.380076
-0.355677
-0.298177
-0.23701
-0.190737
-0.163379
-0.151565
-0.151832
-0.625297
-0.624793
-0.624368
-0.623917
-0.619945
-0.611008
-0.595823
-0.572114
-0.537418
-0.490952
-0.445794
-0.421891
-0.427949
-0.41553
-0.361157
-0.311837
-0.278516
-0.261403
-0.255067
-0.256112
-0.602523
-0.601915
-0.601358
-0.601102
-0.599192
-0.593864
-0.583641
-0.565872
-0.53681
-0.49366
-0.447688
-0.421098
-0.426328
-0.418043
-0.379853
-0.346539
-0.325767
-0.315689
-0.312397
-0.313037
-0.605878
-0.605051
-0.604116
-0.603414
-0.6016
-0.59732
-0.589314
-0.575165
-0.549104
-0.504526
-0.450296
-0.405528
-0.387535
-0.379633
-0.362978
-0.345562
-0.332954
-0.325518
-0.321881
-0.323037
-0.630709
-0.629789
-0.628814
-0.627985
-0.626381
-0.623253
-0.618107
-0.608821
-0.588249
-0.545147
-0.479813
-0.408678
-0.368487
-0.361299
-0.354249
-0.340644
-0.32755
-0.316839
-0.313583
-0.314971
-0.672397
-0.671724
-0.671179
-0.671088
-0.671299
-0.672241
-0.674604
-0.677737
-0.675783
-0.650949
-0.578911
-0.47654
-0.415028
-0.400768
-0.382474
-0.352023
-0.320473
-0.297825
-0.289714
-0.292693
-0.724173
-0.723991
-0.724629
-0.726636
-0.731301
-0.740958
-0.759035
-0.789745
-0.833061
-0.86205
-0.792227
-0.644223
-0.54521
-0.511288
-0.463462
-0.397076
-0.334049
-0.29543
-0.288944
-0.292133
-0.775487
-0.776235
-0.778724
-0.784261
-0.796076
-0.819369
-0.862785
-0.941281
-1.06802
-1.20098
-1.13636
-0.918072
-0.756586
-0.68273
-0.589633
-0.480773
-0.389255
-0.341713
-0.340034
-0.343261
-0.811489
-0.813411
-0.818108
-0.82798
-0.848372
-0.887804
-0.962287
-1.10243
-1.34241
-1.60953
-1.56461
-1.25733
-1.02426
-0.895264
-0.759053
-0.620195
-0.512136
-0.466881
-0.468478
-0.474779
-0.815894
-0.818868
-0.825446
-0.838568
-0.866248
-0.919281
-1.01976
-1.20967
-1.54425
-1.92638
-1.91715
-1.55108
-1.26436
-1.11462
-0.958838
-0.840622
-0.765901
-0.738617
-0.731954
-0.734764
-0.776512
-0.779815
-0.786925
-0.801835
-0.832195
-0.890439
-1.00112
-1.2112
-1.57701
-1.98818
-1.99809
-1.66374
-1.40272
-1.25696
-1.14319
-1.09585
-1.06457
-1.04019
-1.02413
-1.02006
-0.691879
-0.694839
-0.701199
-0.714597
-0.742169
-0.795318
-0.897105
-1.09219
-1.42647
-1.775
-1.77905
-1.54142
-1.36176
-1.25419
-1.21708
-1.22302
-1.21719
-1.19225
-1.17391
-1.16678
-0.573251
-0.575287
-0.579669
-0.58933
-0.609879
-0.65003
-0.727399
-0.876559
-1.13656
-1.40988
-1.42751
-1.29382
-1.18441
-1.09557
-1.10322
-1.15122
-1.15153
-1.13379
-1.12047
-1.11466
-0.439852
-0.440742
-0.442777
-0.447956
-0.459932
-0.484133
-0.531418
-0.623757
-0.792364
-0.990084
-1.0312
-0.964453
-0.867902
-0.834144
-0.879977
-0.936732
-0.940068
-0.932181
-0.926038
-0.922654
-0.31162
-0.311532
-0.311669
-0.313049
-0.317585
-0.327748
-0.348439
-0.389837
-0.469635
-0.581386
-0.609986
-0.564623
-0.514017
-0.544034
-0.629919
-0.675942
-0.682773
-0.682741
-0.682002
-0.680861
-0.203075
-0.202405
-0.201429
-0.200507
-0.200254
-0.201107
-0.204027
-0.211007
-0.225142
-0.242842
-0.243538
-0.235053
-0.259867
-0.337127
-0.40801
-0.439005
-0.448954
-0.453089
-0.455621
-0.456013
-0.12076
-0.119898
-0.118585
-0.116851
-0.114541
-0.111087
-0.105736
-0.0972345
-0.0832214
-0.0589883
-0.0379367
-0.0572128
-0.12772
-0.197552
-0.241937
-0.264384
-0.272945
-0.278115
-0.281495
-0.282465
-0.0643446
-0.0635564
-0.0623846
-0.0607956
-0.0583056
-0.0540452
-0.0469525
-0.0354855
-0.017761
0.00582434
0.0177266
-0.0074039
-0.0605121
-0.107295
-0.136858
-0.150726
-0.157563
-0.161624
-0.164438
-0.165369
-0.0294249
-0.0288266
-0.0279742
-0.0269163
-0.0251026
-0.021711
-0.0158842
-0.00661349
0.00673634
0.0216585
0.0247598
0.00508907
-0.028065
-0.056382
-0.0743873
-0.0836127
-0.0879736
-0.0905319
-0.0923454
-0.0929782
-0.010326
-0.00993
-0.00941667
-0.00892272
-0.00795016
-0.00585427
-0.00206938
0.00390523
0.0120213
0.0197664
0.0187263
0.00555869
-0.0132512
-0.0290888
-0.0392149
-0.0443796
-0.0467037
-0.0480527
-0.0490482
-0.0494095
-0.001821
-0.00159345
-0.00136294
-0.00130655
-0.00100259
-3.70262e-05
0.00188639
0.00493867
0.00891432
0.0122184
0.0105516
0.00338388
-0.00566339
-0.0131088
-0.0178293
-0.0201777
-0.0211853
-0.0217225
-0.0221647
-0.0223362
0.00020899
0.000250041
0.000402642
0.00056717
0.000672012
0.000768369
0.000967053
0.00133635
0.00187347
0.00243143
0.00253246
0.00158932
-4.56208e-05
-0.00179446
-0.00310469
-0.00379038
-0.00378529
-0.00360097
-0.00369495
-0.00381121
-0.617811
-0.400897
-0.168509
0.0216305
0.174998
0.29802
0.401706
0.488476
0.524296
0.508629
-0.240403
-0.0989378
0.0473332
0.173799
0.280852
0.37028
0.442526
0.493437
0.520346
0.532725
0.0108897
0.105698
0.203922
0.291759
0.367424
0.43078
0.480974
0.517899
0.544452
0.561855
0.189287
0.254849
0.324062
0.387465
0.442486
0.489018
0.527099
0.557582
0.581733
0.599696
0.32596
0.372971
0.424372
0.471794
0.513954
0.550581
0.581779
0.6078
0.628651
0.646398
0.437055
0.472696
0.514215
0.552223
0.586971
0.618065
0.64515
0.66794
0.685671
0.703173
0.534089
0.564531
0.600559
0.634384
0.665701
0.694074
0.718859
0.739407
0.754492
0.771915
0.625494
0.655872
0.691035
0.7242
0.75469
0.782051
0.805583
0.824481
0.837459
0.854932
0.722561
0.756639
0.793792
0.828159
0.858757
0.885384
0.907679
0.925058
0.936726
0.954554
0.838582
0.87732
0.915984
0.950639
0.980242
1.0052
1.02572
1.04161
1.05308
1.07145
0.984056
1.02379
1.0594
1.08999
1.11576
1.13798
1.15713
1.17276
1.1855
1.20366
1.15886
1.1912
1.21717
1.23958
1.25974
1.27857
1.29628
1.3129
1.32869
1.34691
1.34666
1.36434
1.38003
1.39671
1.41293
1.42753
1.4406
1.45462
1.47174
1.49144
1.52862
1.53949
1.55166
1.56249
1.57178
1.58139
1.59233
1.60396
1.61393
1.62911
1.73956
1.74161
1.72647
1.71126
1.70492
1.71063
1.72924
1.75968
1.79184
1.82259
2.04548
1.90844
1.83218
1.79016
1.77275
1.77678
1.80417
1.86032
1.96378
2.17907
0.328426
0.32505
0.319121
0.309313
0.296367
0.283939
0.273618
0.265651
0.259952
0.256592
0.256103
0.258699
0.263693
0.27084
0.280199
0.291828
0.304915
0.316876
0.32432
0.329029
0.246439
0.252324
0.259235
0.264476
0.267322
0.26699
0.264077
0.260133
0.256522
0.254151
0.253859
0.255906
0.259455
0.263697
0.267555
0.269486
0.268321
0.264186
0.258257
0.2512
0.238798
0.241145
0.244499
0.247414
0.249637
0.25144
0.252392
0.252116
0.251037
0.250039
0.250055
0.251319
0.25298
0.25412
0.254053
0.252791
0.250909
0.248507
0.245311
0.242331
0.233671
0.234757
0.236633
0.239032
0.241007
0.242407
0.243496
0.244326
0.244733
0.244876
0.245199
0.245783
0.246142
0.245951
0.245293
0.244306
0.242804
0.240665
0.238494
0.237061
0.228608
0.229259
0.230386
0.232144
0.233987
0.235631
0.236903
0.237902
0.238758
0.239462
0.24
0.240278
0.240196
0.239797
0.239063
0.237875
0.236294
0.234599
0.233193
0.23239
0.223741
0.22419
0.224998
0.226349
0.227904
0.229493
0.230997
0.23228
0.233348
0.234272
0.234953
0.235214
0.235069
0.234534
0.233591
0.232362
0.231023
0.229721
0.228703
0.228163
0.219054
0.219382
0.220022
0.221177
0.222568
0.224039
0.225563
0.227057
0.228397
0.229519
0.230344
0.230682
0.230482
0.229824
0.228867
0.227775
0.226648
0.225551
0.224743
0.224346
0.214548
0.214792
0.215318
0.216343
0.21765
0.219061
0.220538
0.222061
0.223554
0.224899
0.225912
0.226344
0.226185
0.225617
0.224807
0.223867
0.222868
0.221927
0.22127
0.220969
0.210197
0.210376
0.210812
0.211745
0.212995
0.214363
0.215794
0.217303
0.218888
0.220445
0.221687
0.222264
0.222256
0.221884
0.221276
0.220502
0.219633
0.218819
0.218284
0.218058
0.205997
0.206123
0.206492
0.207368
0.208601
0.209981
0.211489
0.213089
0.21473
0.216389
0.217864
0.218784
0.219097
0.218929
0.218429
0.217757
0.216999
0.216282
0.215843
0.215677
0.201964
0.202038
0.202349
0.203187
0.204419
0.205802
0.20731
0.208995
0.210869
0.212831
0.214636
0.215849
0.216362
0.216409
0.216141
0.215652
0.215017
0.214396
0.214045
0.213936
0.198196
0.19823
0.198476
0.199204
0.200321
0.20163
0.203108
0.204795
0.206733
0.208921
0.211124
0.212803
0.213788
0.214253
0.214325
0.214119
0.213744
0.213336
0.213116
0.213057
0.194525
0.194531
0.194725
0.19534
0.196361
0.197643
0.199177
0.201042
0.20327
0.205853
0.208564
0.21075
0.212147
0.212922
0.213294
0.213391
0.213294
0.213124
0.213043
0.213016
0.190561
0.190566
0.190723
0.191231
0.192138
0.19336
0.194902
0.196873
0.199357
0.202398
0.205739
0.208594
0.210584
0.211914
0.212706
0.2132
0.21345
0.213557
0.213606
0.213595
0.185921
0.185918
0.186081
0.186552
0.187436
0.188703
0.190391
0.192644
0.195561
0.199218
0.203358
0.207012
0.209646
0.211475
0.212745
0.213592
0.214143
0.214476
0.214611
0.214607
0.180337
0.180329
0.180518
0.181041
0.181991
0.183397
0.185344
0.187997
0.191517
0.196003
0.201145
0.205747
0.209137
0.211572
0.213289
0.214503
0.215354
0.215863
0.216053
0.216055
0.173593
0.173576
0.173792
0.174438
0.175561
0.177229
0.179584
0.182818
0.187132
0.192666
0.199052
0.204818
0.209118
0.212243
0.214433
0.216023
0.217168
0.217823
0.218066
0.218081
0.165528
0.165495
0.165751
0.166552
0.167972
0.170064
0.172997
0.177037
0.18241
0.189288
0.197222
0.204395
0.209746
0.21363
0.216448
0.218485
0.21985
0.22063
0.220932
0.22096
0.155947
0.155895
0.156209
0.157201
0.15901
0.161651
0.165375
0.170449
0.177167
0.185731
0.195575
0.204465
0.211107
0.215952
0.219439
0.221928
0.22358
0.224532
0.224921
0.224966
0.144511
0.14444
0.144837
0.146072
0.148368
0.151743
0.156471
0.162884
0.171333
0.182022
0.19421
0.205157
0.213345
0.219315
0.223609
0.226642
0.228665
0.229841
0.230334
0.23039
0.130622
0.130534
0.131067
0.132649
0.135513
0.139878
0.145922
0.154101
0.164777
0.17813
0.19318
0.206592
0.216591
0.223895
0.229144
0.23284
0.23532
0.236784
0.237394
0.237458
0.113283
0.113182
0.11394
0.116047
0.119741
0.125382
0.133258
0.143814
0.157397
0.174098
0.192609
0.208922
0.22103
0.229868
0.236227
0.240719
0.243761
0.24556
0.24629
0.246361
0.0910642
0.0909649
0.0920998
0.0949999
0.100012
0.107571
0.118034
0.131828
0.149195
0.17004
0.192657
0.212312
0.22682
0.237408
0.245052
0.250488
0.254208
0.256407
0.25728
0.257351
0.0616122
0.0615599
0.0633885
0.0677064
0.0749217
0.0855536
0.0998505
0.118098
0.140316
0.166175
0.193534
0.216936
0.234107
0.246655
0.255773
0.262323
0.266845
0.269501
0.270526
0.270593
0.0207371
0.0208875
0.0242384
0.0315468
0.0428866
0.0586094
0.0786007
0.102846
0.131106
0.162834
0.195481
0.222939
0.242968
0.257652
0.26843
0.276291
0.281791
0.284982
0.286149
0.286197
-0.0392403
-0.0378437
-0.0297544
-0.0159777
0.00306353
0.0268882
0.0548689
0.0867429
0.122142
0.160415
0.198706
0.230377
0.253363
0.270281
0.282851
0.292173
0.298807
0.302649
0.303982
0.304014
-0.111323
-0.108786
-0.0932974
-0.0693137
-0.0398078
-0.00649331
0.0302474
0.0703232
0.113435
0.159023
0.204004
0.241087
0.268191
0.288428
0.303748
0.315377
0.323858
0.328746
0.330221
0.330401
-0.18521
-0.177715
-0.154832
-0.120893
-0.0816167
-0.0390778
0.00638183
0.0546747
0.105553
0.158512
0.210294
0.252911
0.284197
0.30781
0.32602
0.340153
0.350568
0.356127
0.358424
0.358985
-0.243807
-0.234688
-0.207109
-0.166401
-0.119586
-0.069269
-0.0160308
0.0398555
0.0980528
0.158004
0.21612
0.263711
0.298595
0.324931
0.345244
0.360983
0.372635
0.379361
0.38259
0.383333
-0.291489
-0.281823
-0.250801
-0.205231
-0.152727
-0.0962315
-0.0365248
0.02598
0.0907474
0.157083
0.220968
0.272927
0.310765
0.339168
0.360981
0.377893
0.390477
0.398161
0.401701
0.402512
-0.331306
-0.32148
-0.288231
-0.238926
-0.181808
-0.120244
-0.0551151
0.0130845
0.0836597
0.155722
0.224781
0.280547
0.320826
0.35081
0.373669
0.39129
0.404411
0.412633
0.416392
0.417242
-0.365897
-0.356025
-0.321132
-0.268776
-0.207887
-0.142059
-0.0722377
0.000954824
0.0767035
0.153949
0.22771
0.286891
0.32926
0.360488
0.384048
0.40202
0.415339
0.423732
0.427535
0.428438
-0.396833
-0.386959
-0.350829
-0.295929
-0.231863
-0.162358
-0.0884157
-0.0107596
0.0696921
0.151724
0.229896
0.29227
0.336567
0.36888
0.392968
0.411127
0.424469
0.432958
0.436727
0.437641
-0.425308
-0.415404
-0.378244
-0.321171
-0.254405
-0.18168
-0.104074
-0.0223836
0.0623989
0.148936
0.23135
0.296873
0.343043
0.376396
0.401004
0.419395
0.432796
0.441293
0.445104
0.445854
-0.452088
-0.442133
-0.404036
-0.345138
-0.275953
-0.200368
-0.119505
-0.0341594
0.0546333
0.145446
0.232009
0.300688
0.348837
0.383358
0.408595
0.427271
0.440764
0.449256
0.453053
0.453708
-0.477651
-0.467629
-0.428692
-0.36821
-0.296829
-0.218701
-0.134915
-0.0462451
0.0462565
0.141134
0.231805
0.303807
0.354161
0.39003
0.416031
0.435103
0.448766
0.457256
0.460999
0.461631
-0.502399
-0.492229
-0.452475
-0.390581
-0.317241
-0.236847
-0.15043
-0.0587428
0.0371945
0.135954
0.230761
0.306285
0.359049
0.396486
0.423439
0.443052
0.456978
0.465509
0.469133
0.469744
-0.526508
-0.516111
-0.47568
-0.412405
-0.337317
-0.254904
-0.166123
-0.0716931
0.0274183
0.129886
0.228798
0.307998
0.363472
0.402751
0.430874
0.451175
0.465442
0.474028
0.477524
0.478076
-0.550023
-0.539426
-0.498354
-0.43377
-0.357125
-0.272905
-0.182008
-0.085107
0.0169124
0.122852
0.225785
0.30886
0.367371
0.408808
0.438332
0.459469
0.474137
0.48276
0.486104
0.486551
-0.573075
-0.562205
-0.520424
-0.454694
-0.376674
-0.290848
-0.198071
-0.0989694
0.00567117
0.11482
0.221668
0.30876
0.370614
0.414578
0.445787
0.467915
0.483028
0.49166
0.494792
0.495099
-0.595577
-0.584443
-0.541978
-0.475189
-0.395937
-0.308692
-0.214265
-0.11323
-0.00626444
0.105815
0.216396
0.307544
0.373041
0.419944
0.453204
0.476504
0.492046
0.500565
0.50342
0.503582
-0.617549
-0.606136
-0.562989
-0.495235
-0.414875
-0.326388
-0.230525
-0.127808
-0.0188081
0.0958799
0.209917
0.30508
0.374441
0.424736
0.460542
0.485288
0.501201
0.509383
0.511819
0.511825
-0.638848
-0.62721
-0.583395
-0.514771
-0.433428
-0.343853
-0.246771
-0.142613
-0.0318718
0.085078
0.202226
0.301252
0.374589
0.428696
0.467711
0.494428
0.510672
0.518085
0.519807
0.519628
-0.659548
-0.647612
-0.603166
-0.533759
-0.451552
-0.361037
-0.262904
-0.157556
-0.0453605
0.07351
0.193354
0.295965
0.373255
0.431467
0.474457
0.504122
0.521047
0.527024
0.527285
0.526784
-0.679528
-0.667298
-0.622275
-0.552146
-0.469165
-0.377855
-0.278841
-0.172513
-0.0591526
0.0612681
0.183374
0.289166
0.37024
0.432599
0.480228
0.514299
0.533349
0.537766
0.534941
0.533088
-0.698806
-0.686327
-0.640667
-0.569878
-0.486225
-0.394236
-0.294495
-0.187399
-0.0731254
0.0485057
0.1724
0.280828
0.365409
0.431622
0.484062
0.524043
0.548013
0.55367
0.547263
0.536123
-0.717313
-0.704652
-0.658435
-0.587108
-0.502941
-0.410464
-0.310206
-0.202624
-0.0877499
0.0346805
0.159843
0.27028
0.358113
0.427853
0.484465
0.531275
0.563155
0.573985
0.56827
0.559417
-0.735016
-0.722241
-0.675597
-0.603781
-0.519295
-0.426529
-0.325943
-0.218199
-0.103046
0.01971
0.145577
0.257235
0.347755
0.420687
0.478886
0.53007
0.566253
0.581035
0.549159
0.497279
-0.751662
-0.738434
-0.692127
-0.619822
-0.535354
-0.44252
-0.341725
-0.233994
-0.118937
0.00368041
0.129595
0.24161
0.333533
0.409943
0.466129
0.509626
0.545266
0.540652
0.483582
0.41625
-0.768989
-0.753425
-0.707693
-0.634753
-0.550903
-0.458066
-0.357813
-0.249951
-0.135291
-0.0132385
0.111931
0.223358
0.314449
0.3967
0.446748
0.494231
0.478366
0.443554
0.374227
0.302206
-0.755707
-0.735578
-0.687023
-0.610695
-0.522188
-0.425799
-0.320562
-0.209967
-0.0926239
0.0323353
0.150817
0.248722
0.331445
0.416366
0.466177
0.391106
0.350085
0.289507
0.214915
0.164725
-0.775162
-0.761564
-0.72558
-0.658375
-0.574862
-0.482556
-0.38231
-0.27518
-0.161604
-0.0412569
0.0812853
0.189931
0.276084
0.354233
0.422038
0.419509
0.306953
0.223604
0.160314
0.0742015
-0.795597
-0.781219
-0.740045
-0.671517
-0.587685
-0.495918
-0.396907
-0.290833
-0.178442
-0.0598539
0.0603675
0.16623
0.248762
0.313469
0.34074
0.27016
0.124228
0.0252196
-0.0521839
-0.144657
-0.816125
-0.803872
-0.758474
-0.688663
-0.604792
-0.512966
-0.414082
-0.30847
-0.197183
-0.0804088
0.0365362
0.137461
0.213101
0.260773
0.237194
0.104446
-0.0567583
-0.180596
-0.283184
-0.422617
-0.838535
-0.825981
-0.778683
-0.707773
-0.623714
-0.531911
-0.433228
-0.328345
-0.218374
-0.103787
0.00936574
0.104654
0.172116
0.200358
0.136341
-0.0569467
-0.250709
-0.415514
-0.56766
-0.764088
-0.860118
-0.847728
-0.799408
-0.727455
-0.642995
-0.551254
-0.453013
-0.3491
-0.24068
-0.128632
-0.0196566
0.0695155
0.127993
0.128604
0.00871402
-0.21169
-0.440443
-0.663901
-0.857308
-1.29004
-0.881466
-0.86954
-0.820789
-0.748093
-0.663301
-0.571574
-0.473786
-0.370851
-0.264083
-0.154786
-0.0502905
0.0321555
0.0800826
0.043594
-0.121709
-0.351177
-0.595471
-0.824653
-1.02575
-1.40508
-0.903545
-0.891843
-0.843011
-0.769895
-0.684887
-0.593174
-0.495803
-0.39382
-0.288754
-0.182365
-0.0825587
-0.00736121
0.0279117
-0.0355782
-0.241842
-0.46606
-0.698834
-0.895844
-0.976438
-1.01498
-0.926785
-0.915344
-0.866399
-0.793119
-0.70809
-0.616542
-0.519733
-0.418916
-0.315864
-0.212863
-0.118305
-0.051171
-0.030414
-0.124012
-0.351644
-0.564807
-0.759757
-0.892757
-0.9303
-0.943564
-0.951268
-0.94016
-0.891086
-0.81775
-0.73281
-0.641583
-0.545528
-0.446114
-0.345421
-0.24631
-0.157602
-0.0990697
-0.097868
-0.232383
-0.45163
-0.650427
-0.817649
-0.889869
-0.908368
-0.911098
-0.977244
-0.966212
-0.917117
-0.843756
-0.758987
-0.668237
-0.573117
-0.475368
-0.377364
-0.282582
-0.200454
-0.150353
-0.178929
-0.339139
-0.545798
-0.731595
-0.857835
-0.902873
-0.896407
-0.895895
-1.00449
-0.993449
-0.944483
-0.87104
-0.786521
-0.696384
-0.602393
-0.506549
-0.411566
-0.321538
-0.246524
-0.205449
-0.258906
-0.444085
-0.634492
-0.801227
-0.867397
-0.883311
-0.886772
-0.887154
-1.03262
-1.02163
-0.972773
-0.899372
-0.815214
-0.725829
-0.633151
-0.539434
-0.44781
-0.362879
-0.295251
-0.265118
-0.33632
-0.544578
-0.720042
-0.844988
-0.886723
-0.883639
-0.884161
-0.883946
-1.06112
-1.0503
-1.0014
-0.928404
-0.844715
-0.756223
-0.665034
-0.573642
-0.485663
-0.406125
-0.346227
-0.325414
-0.418328
-0.642498
-0.812004
-0.896664
-0.904574
-0.894454
-0.885318
-0.882051
-1.08921
-1.0787
-1.0301
-0.957539
-0.874498
-0.787045
-0.697534
-0.60863
-0.524447
-0.450589
-0.3985
-0.385514
-0.506745
-0.739935
-0.919602
-0.947863
-0.937206
-0.921152
-0.907123
-0.899682
-1.11607
-1.10587
-1.05808
-0.986028
-0.903858
-0.817583
-0.729904
-0.643641
-0.563191
-0.49527
-0.450581
-0.448794
-0.58681
-0.817839
-1.05024
-1.06198
-1.02584
-0.987751
-0.966481
-0.957548
-1.14037
-1.13068
-1.08388
-1.01301
-0.931853
-0.846941
-0.761169
-0.677656
-0.600748
-0.538586
-0.500911
-0.51197
-0.65993
-0.843911
-1.11873
-1.29982
-1.18638
-1.16817
-1.15753
-1.13738
-1.16082
-1.15179
-1.10642
-1.03701
-0.957375
-0.874039
-0.790184
-0.709294
-0.635824
-0.57824
-0.548431
-0.563769
-0.735021
-0.829383
-0.828012
-0.960108
-1.16593
-1.32848
-1.3283
-1.31384
-1.17571
-1.16748
-1.12433
-1.05682
-0.97903
-0.897544
-0.815625
-0.736853
-0.6666
-0.612143
-0.591932
-0.60331
-0.827323
-0.866779
-0.526149
-0.537182
-1.02679
-1.31852
-1.34519
-1.35522
-1.18368
-1.17621
-1.13601
-1.07114
-0.995506
-0.915955
-0.835964
-0.758862
-0.690414
-0.639168
-0.623208
-0.657284
-0.983269
-1.39341
-1.71891
-2.09822
-2.29591
-2.05042
-1.7156
-1.60825
-1.18211
-1.17586
-1.14054
-1.07866
-1.00556
-0.928088
-0.849697
-0.773614
-0.705056
-0.654306
-0.637622
-0.700887
-1.1793
-2.10427
-3.25385
-3.71205
-3.78446
-3.46935
-2.98804
-2.65887
-1.17026
-1.16587
-1.13637
-1.07865
-1.00832
-0.933063
-0.85572
-0.779501
-0.709096
-0.652316
-0.631162
-0.679027
-1.12799
-1.85692
-2.69051
-3.16468
-3.21091
-2.95919
-2.63383
-2.38231
-1.14839
-1.14512
-1.12235
-1.07095
-1.00388
-0.930646
-0.853762
-0.775897
-0.700865
-0.633987
-0.589261
-0.587109
-0.690304
-0.838624
-0.850283
-0.778505
-0.543125
-0.275502
-0.0640433
0.0722288
-1.11858
-1.11642
-1.10046
-1.05652
-0.993324
-0.921673
-0.844599
-0.764127
-0.681349
-0.6006
-0.513575
-0.437253
-0.269744
0.0897588
0.617812
1.18566
1.65883
1.97798
2.16442
2.24388
-1.08424
-1.08298
-1.07262
-1.0378
-0.979051
-0.908318
-0.83059
-0.746748
-0.658012
-0.55926
-0.457601
-0.339755
-0.167708
0.312288
0.98823
1.6304
2.13574
2.45901
2.6225
2.6799
-1.04977
-1.04903
-1.04374
-1.01729
-0.963711
-0.893231
-0.814841
-0.729289
-0.636582
-0.534286
-0.424044
-0.309106
-0.200291
0.141568
0.703096
1.2242
1.63568
1.90916
2.06123
2.12701
-1.01995
-1.01871
-1.01728
-1.00003
-0.950008
-0.878792
-0.799153
-0.713775
-0.622698
-0.523546
-0.415393
-0.314003
-0.216452
-0.0460029
0.33852
0.700444
0.981682
1.17331
1.27996
1.33142
-0.990514
-0.99075
-0.992018
-0.978765
-0.929916
-0.85817
-0.779612
-0.698663
-0.613519
-0.521083
-0.421615
-0.332053
-0.247732
-0.146484
0.0954791
0.349854
0.551862
0.693134
0.769805
0.800333
-0.932876
-0.934535
-0.93719
-0.926257
-0.883214
-0.819183
-0.74939
-0.678349
-0.603256
-0.521215
-0.433575
-0.353385
-0.278474
-0.206783
-0.0596496
0.105749
0.235427
0.325164
0.371857
0.391614
-0.832836
-0.834551
-0.835562
-0.82741
-0.799813
-0.755797
-0.705148
-0.650365
-0.589697
-0.520659
-0.445841
-0.37875
-0.320151
-0.269821
-0.177765
-0.0718291
0.0133208
0.0717652
0.102099
0.11082
-0.725153
-0.725955
-0.725672
-0.721823
-0.709136
-0.687213
-0.656729
-0.619652
-0.57445
-0.518802
-0.456053
-0.402494
-0.365973
-0.33997
-0.285065
-0.213795
-0.149816
-0.107202
-0.0856353
-0.0792749
-0.648685
-0.648901
-0.648268
-0.647466
-0.643595
-0.634115
-0.617958
-0.594182
-0.561291
-0.517091
-0.464493
-0.424069
-0.40907
-0.41089
-0.363296
-0.305667
-0.258665
-0.228198
-0.213219
-0.209077
-0.610059
-0.610064
-0.609415
-0.609356
-0.60829
-0.603869
-0.5945
-0.578562
-0.553246
-0.515551
-0.468259
-0.433079
-0.425678
-0.438609
-0.401848
-0.353892
-0.318053
-0.298344
-0.290389
-0.289114
-0.601239
-0.601005
-0.600096
-0.599586
-0.598693
-0.595654
-0.589054
-0.577161
-0.555835
-0.520427
-0.47134
-0.429
-0.405092
-0.410493
-0.386447
-0.360773
-0.340875
-0.328771
-0.323098
-0.321817
-0.615971
-0.61549
-0.614416
-0.613566
-0.612405
-0.609628
-0.604439
-0.595333
-0.577494
-0.544746
-0.489626
-0.429708
-0.38108
-0.367242
-0.360087
-0.347714
-0.335566
-0.326153
-0.321183
-0.320152
-0.650148
-0.649507
-0.648502
-0.647831
-0.647114
-0.645821
-0.644023
-0.641115
-0.632725
-0.610863
-0.556846
-0.474122
-0.4003
-0.374386
-0.366923
-0.35307
-0.333411
-0.313876
-0.302034
-0.302234
-0.697858
-0.697249
-0.696953
-0.697303
-0.69863
-0.701788
-0.708457
-0.720385
-0.736639
-0.748698
-0.717122
-0.608
-0.499594
-0.458807
-0.435008
-0.392834
-0.345237
-0.30549
-0.28621
-0.28693
-0.751002
-0.750718
-0.751527
-0.753882
-0.759279
-0.770656
-0.792521
-0.832242
-0.898504
-0.983996
-1.00837
-0.860673
-0.693752
-0.616077
-0.557576
-0.47806
-0.39149
-0.32967
-0.305639
-0.309515
-0.79651
-0.796842
-0.799212
-0.804451
-0.815641
-0.838264
-0.881186
-0.961378
-1.10573
-1.31668
-1.41243
-1.22342
-0.969288
-0.831672
-0.732392
-0.603915
-0.484538
-0.404664
-0.386814
-0.391636
-0.818327
-0.819408
-0.823456
-0.831561
-0.848641
-0.882615
-0.947094
-1.06979
-1.29714
-1.6433
-1.83759
-1.60526
-1.2685
-1.07488
-0.935368
-0.784576
-0.665282
-0.596831
-0.585009
-0.588221
-0.801599
-0.803292
-0.80807
-0.818054
-0.839076
-0.88043
-0.958984
-1.10728
-1.37759
-1.815
-2.06242
-1.83713
-1.47931
-1.26302
-1.1261
-1.0091
-0.944541
-0.909045
-0.890864
-0.884778
-0.738678
-0.740671
-0.745445
-0.755441
-0.776343
-0.817509
-0.895966
-1.04646
-1.32651
-1.73907
-1.96995
-1.78187
-1.49282
-1.34055
-1.226
-1.18972
-1.17581
-1.15454
-1.13197
-1.11917
-0.635012
-0.63674
-0.640471
-0.648482
-0.665577
-0.699707
-0.765198
-0.891411
-1.12753
-1.46919
-1.64942
-1.51983
-1.35174
-1.23742
-1.17882
-1.19069
-1.2176
-1.19799
-1.17821
-1.16581
-0.506518
-0.507697
-0.509816
-0.514644
-0.525812
-0.548829
-0.593601
-0.680491
-0.845871
-1.09764
-1.24857
-1.19274
-1.09102
-0.992188
-0.980957
-1.03278
-1.06031
-1.05065
-1.03907
-1.03194
-0.373639
-0.374202
-0.374739
-0.37647
-0.381666
-0.393354
-0.416894
-0.463349
-0.554159
-0.706729
-0.819286
-0.797039
-0.723392
-0.674481
-0.710529
-0.78973
-0.812279
-0.810177
-0.806608
-0.804081
-0.2541
-0.254173
-0.253571
-0.253173
-0.253952
-0.257034
-0.264259
-0.279441
-0.310296
-0.366944
-0.418569
-0.401674
-0.368486
-0.392235
-0.474672
-0.537773
-0.556798
-0.561548
-0.563158
-0.563771
-0.158463
-0.158254
-0.157108
-0.155754
-0.154242
-0.152534
-0.150488
-0.147958
-0.144587
-0.137477
-0.118755
-0.11131
-0.145715
-0.222219
-0.293578
-0.333759
-0.349456
-0.355828
-0.359834
-0.361945
-0.0895367
-0.0892311
-0.0880418
-0.086601
-0.0845381
-0.0812647
-0.0759413
-0.0672838
-0.0532927
-0.0313509
-0.00603296
-0.00671213
-0.0550087
-0.120035
-0.167956
-0.192819
-0.204597
-0.2109
-0.214916
-0.217168
-0.0445812
-0.0442968
-0.043329
-0.0422362
-0.0405577
-0.0375876
-0.0324327
-0.0239373
-0.010724
0.00767938
0.0235932
0.0165737
-0.0192167
-0.0609946
-0.0910056
-0.108021
-0.11597
-0.120051
-0.12283
-0.124467
-0.0182876
-0.0180732
-0.017408
-0.0167639
-0.015752
-0.0137724
-0.0100828
-0.00394115
0.00525924
0.016829
0.0241186
0.0159582
-0.00649876
-0.030904
-0.0485532
-0.0586138
-0.0633776
-0.0657393
-0.0673737
-0.0683656
-0.00508108
-0.00494437
-0.00455725
-0.00429851
-0.00390903
-0.0029259
-0.000821208
0.00278301
0.00804833
0.0141443
0.0167467
0.01046
-0.00209745
-0.014943
-0.0242015
-0.0294873
-0.0319004
-0.0330287
-0.0338232
-0.0343376
0.000212015
0.000316524
0.000500116
0.000615381
0.000721388
0.000850568
0.00112928
0.00158874
0.00216787
0.00260128
0.00218605
0.000853587
-0.000955429
-0.00251814
-0.00353389
-0.00386678
-0.00363965
-0.00364788
-0.00374943
-0.012284
-1.63232
-0.91647
-0.458137
-0.179618
0.0280556
0.18935
0.317786
0.426435
0.537384
0.616386
-0.570323
-0.339343
-0.140785
0.0284604
0.169401
0.285764
0.38177
0.459868
0.507821
0.516469
-0.182991
-0.0506111
0.0727502
0.185647
0.282996
0.365518
0.433161
0.484274
0.518145
0.538306
0.0543354
0.142579
0.226682
0.305545
0.374893
0.434023
0.482549
0.5206
0.549909
0.570034
0.223426
0.28367
0.346691
0.40396
0.455197
0.499546
0.537014
0.568048
0.59346
0.611031
0.354917
0.398832
0.448075
0.491527
0.531523
0.567235
0.59836
0.624939
0.64697
0.661589
0.463462
0.50005
0.538772
0.575335
0.609329
0.640454
0.668086
0.691814
0.711129
0.723177
0.560202
0.592989
0.627559
0.661625
0.69351
0.722821
0.748799
0.770799
0.787958
0.797989
0.65354
0.687328
0.722649
0.757584
0.789647
0.818525
0.843598
0.864281
0.879678
0.888725
0.756918
0.795249
0.833386
0.870164
0.902691
0.930854
0.95455
0.973647
0.987679
0.99723
0.884678
0.927695
0.966848
1.00263
1.03317
1.05895
1.08063
1.09829
1.11184
1.12316
1.04644
1.08823
1.12213
1.15114
1.17567
1.1973
1.21697
1.23443
1.24948
1.26325
1.23706
1.26659
1.28848
1.30773
1.32606
1.34347
1.35967
1.37542
1.39216
1.40944
1.43393
1.44461
1.45696
1.47155
1.48613
1.49908
1.51042
1.5213
1.53406
1.54964
1.62103
1.63063
1.64029
1.64232
1.64288
1.64711
1.658
1.67438
1.69175
1.69646
1.92569
1.86685
1.81517
1.77516
1.7528
1.74877
1.76231
1.79604
1.85204
1.93138
0.463166
0.406059
0.363666
0.33013
0.305798
0.288377
0.275868
0.266879
0.260686
0.257103
0.256573
0.25929
0.264618
0.272473
0.283322
0.298242
0.318975
0.347687
0.386106
0.434181
0.267543
0.27657
0.282714
0.283325
0.279344
0.272944
0.266344
0.260776
0.256833
0.255044
0.256067
0.259527
0.264714
0.271174
0.27809
0.283751
0.285758
0.282403
0.274007
0.266818
0.243089
0.245188
0.249788
0.253542
0.25655
0.258296
0.258061
0.256251
0.253959
0.252264
0.25212
0.253783
0.256377
0.258917
0.260297
0.259689
0.257319
0.254049
0.249911
0.24546
0.236904
0.237805
0.240318
0.242969
0.244918
0.246378
0.247529
0.248066
0.247905
0.247547
0.247724
0.24861
0.249497
0.24974
0.249147
0.248036
0.246534
0.244321
0.241662
0.239619
0.231465
0.23193
0.233353
0.235427
0.237385
0.238921
0.240049
0.240965
0.24167
0.242154
0.242596
0.242984
0.243043
0.2427
0.242041
0.24098
0.239388
0.23744
0.235703
0.234658
0.226401
0.22669
0.227626
0.22914
0.230828
0.232473
0.233889
0.23502
0.23598
0.23682
0.237436
0.237676
0.237545
0.237087
0.236238
0.234991
0.233518
0.23205
0.230875
0.230229
0.221551
0.221752
0.222467
0.22371
0.225172
0.226697
0.22823
0.229645
0.230845
0.231852
0.232599
0.232903
0.232739
0.232125
0.231144
0.229974
0.228751
0.227559
0.226655
0.226196
0.216919
0.217068
0.217645
0.218725
0.220063
0.221496
0.222998
0.22452
0.225958
0.227199
0.228113
0.228487
0.228283
0.227646
0.226754
0.225739
0.224683
0.223673
0.222949
0.222603
0.212448
0.212559
0.213038
0.214017
0.2153
0.216691
0.21814
0.21966
0.221206
0.22266
0.223783
0.224275
0.224176
0.223695
0.222986
0.222128
0.221182
0.220299
0.219703
0.219443
0.208151
0.208232
0.20863
0.209525
0.210754
0.212117
0.213574
0.215106
0.216699
0.218307
0.219661
0.220388
0.22054
0.220289
0.21975
0.219032
0.218224
0.217467
0.216987
0.216793
0.203993
0.204048
0.204389
0.205254
0.206504
0.207899
0.209436
0.211115
0.212879
0.214666
0.21629
0.217363
0.217771
0.217675
0.217255
0.216648
0.215924
0.215234
0.214835
0.214698
0.200068
0.200099
0.200376
0.201164
0.202345
0.203684
0.205159
0.206824
0.208725
0.210815
0.212812
0.214224
0.214946
0.21521
0.215135
0.214794
0.214271
0.213741
0.213451
0.21337
0.19637
0.196388
0.196603
0.197274
0.198345
0.199637
0.201155
0.202937
0.204998
0.207346
0.209786
0.211724
0.212919
0.213533
0.213736
0.213675
0.213424
0.213121
0.212969
0.212929
0.192611
0.192617
0.192783
0.193342
0.194302
0.195546
0.197081
0.198996
0.201353
0.20417
0.207182
0.209668
0.211335
0.212364
0.21296
0.213239
0.2133
0.21326
0.213245
0.213228
0.188331
0.188346
0.188489
0.188971
0.189852
0.191081
0.192691
0.19477
0.197432
0.200746
0.204461
0.207713
0.210022
0.211608
0.212651
0.213327
0.213717
0.213938
0.214034
0.214029
0.183246
0.183259
0.183429
0.183914
0.184823
0.186149
0.187965
0.190404
0.193611
0.19766
0.202272
0.206367
0.209358
0.211475
0.212966
0.213987
0.214669
0.215083
0.215245
0.215245
0.177096
0.177109
0.177314
0.177868
0.178893
0.180419
0.182561
0.185474
0.189356
0.194327
0.200056
0.205209
0.209042
0.211822
0.213782
0.215184
0.216156
0.216727
0.216942
0.21695
0.169703
0.169712
0.169946
0.170644
0.171904
0.17378
0.176413
0.180022
0.18483
0.190999
0.198118
0.204554
0.20935
0.212802
0.215326
0.217151
0.218376
0.21907
0.219336
0.219359
0.160911
0.160916
0.161192
0.162055
0.163653
0.166031
0.169337
0.173853
0.179854
0.187527
0.196366
0.204358
0.210324
0.214673
0.217819
0.220059
0.221542
0.222382
0.222721
0.222759
0.150449
0.15045
0.150782
0.151845
0.153898
0.156897
0.161116
0.166811
0.17434
0.183901
0.194856
0.204727
0.212112
0.217498
0.221369
0.224121
0.225916
0.226943
0.227373
0.227426
0.137891
0.137892
0.138304
0.139636
0.142234
0.146085
0.151443
0.158675
0.168159
0.180101
0.193648
0.205775
0.214832
0.221444
0.226204
0.229551
0.231765
0.233042
0.233575
0.233636
0.122445
0.122449
0.122982
0.124692
0.127991
0.132999
0.139889
0.14916
0.161194
0.176128
0.192829
0.207635
0.218654
0.226704
0.232492
0.236569
0.23929
0.240878
0.241529
0.241595
0.10293
0.102938
0.103671
0.105993
0.110388
0.116961
0.126007
0.138049
0.153399
0.172063
0.192544
0.210473
0.223746
0.233437
0.240427
0.245372
0.248704
0.250654
0.251436
0.251505
0.0775505
0.077571
0.0786564
0.0820091
0.0881687
0.0971687
0.109353
0.125189
0.144829
0.168068
0.192979
0.214461
0.23027
0.24182
0.250192
0.256171
0.260236
0.262609
0.263534
0.263599
0.043235
0.0432917
0.0451171
0.0504788
0.0597887
0.0727478
0.0896099
0.110641
0.135726
0.164417
0.194362
0.21976
0.238341
0.251944
0.261889
0.269086
0.274033
0.276906
0.277983
0.27803
-0.00587561
-0.00554519
-0.00142066
0.00857337
0.0238708
0.0433033
0.0669894
0.0948548
0.126561
0.161487
0.196927
0.226483
0.247986
0.263789
0.275478
0.284091
0.290123
0.293627
0.294881
0.294889
-0.0774337
-0.0748226
-0.062985
-0.0432985
-0.0183239
0.0103015
0.0426586
0.0786136
0.11781
0.15962
0.201063
0.235218
0.26006
0.278476
0.292358
0.302893
0.310499
0.315074
0.316808
0.316946
-0.15352
-0.146915
-0.125958
-0.0959889
-0.0609334
-0.0228967
0.0182379
0.0624407
0.109459
0.158768
0.207193
0.247105
0.276366
0.298364
0.315261
0.328457
0.338342
0.344478
0.347146
0.347563
-0.217591
-0.210792
-0.183003
-0.144697
-0.101099
-0.0544689
-0.00497287
0.0472177
0.10182
0.158335
0.21335
0.258525
0.291689
0.31676
0.336155
0.351285
0.362734
0.370322
0.373057
0.373443
-0.269512
-0.262167
-0.230769
-0.186612
-0.136648
-0.0830889
-0.0264736
0.0328416
0.0944196
0.157634
0.218709
0.268558
0.305
0.332441
0.353587
0.370097
0.382576
0.390945
0.393909
0.39452
-0.312387
-0.304781
-0.270956
-0.222618
-0.167626
-0.108496
-0.0459827
0.0194624
0.0872178
0.15649
0.223024
0.276944
0.316059
0.345312
0.367719
0.385137
0.398225
0.406884
0.410389
0.411144
-0.348975
-0.341226
-0.305779
-0.254247
-0.195095
-0.13133
-0.0637828
0.00698464
0.0802091
0.15492
0.226372
0.28388
0.325232
0.355874
0.379129
0.397032
0.410423
0.419243
0.42302
0.423795
-0.381263
-0.373435
-0.336835
-0.282621
-0.220032
-0.152312
-0.080376
-0.00489754
0.0732493
0.152924
0.22892
0.289712
0.333044
0.364828
0.388674
0.406793
0.420259
0.429036
0.432944
0.433756
-0.410656
-0.402743
-0.365215
-0.308724
-0.243233
-0.172077
-0.0962553
-0.0165357
0.0661212
0.150434
0.230736
0.294692
0.339929
0.372749
0.397095
0.415395
0.428887
0.437619
0.441606
0.442449
-0.438012
-0.430026
-0.391652
-0.33323
-0.265239
-0.191051
-0.111773
-0.0282153
0.058609
0.147308
0.231806
0.298895
0.346035
0.379949
0.404859
0.423409
0.436948
0.445612
0.449552
0.450491
-0.463995
-0.455904
-0.41678
-0.356745
-0.286424
-0.209535
-0.127179
-0.0401338
0.0505483
0.143416
0.232034
0.302343
0.351564
0.386742
0.412343
0.431219
0.444865
0.453497
0.457336
0.458298
-0.488981
-0.480761
-0.440915
-0.379443
-0.307053
-0.227765
-0.142632
-0.0524173
0.0418315
0.138669
0.231404
0.30515
0.356676
0.393296
0.419752
0.439091
0.452935
0.46158
0.465307
0.466164
-0.513253
-0.504872
-0.464305
-0.40153
-0.327291
-0.245862
-0.158233
-0.0651426
0.0324118
0.13305
0.229919
0.307258
0.361339
0.399658
0.42717
0.447119
0.461251
0.469929
0.473546
0.474251
-0.536902
-0.5283
-0.487252
-0.423119
-0.347231
-0.263891
-0.174027
-0.0783271
0.0222719
0.126506
0.227439
0.308555
0.365507
0.405825
0.434618
0.455326
0.469819
0.478526
0.482024
0.482578
-0.560012
-0.551266
-0.509581
-0.444269
-0.366913
-0.281871
-0.190007
-0.0919707
0.011398
0.11897
0.223879
0.308952
0.369096
0.411747
0.442076
0.463696
0.478604
0.487307
0.490628
0.491045
-0.582629
-0.57372
-0.531356
-0.464982
-0.386326
-0.299771
-0.206142
-0.106039
-0.00020624
0.110441
0.219189
0.308308
0.371954
0.417333
0.449515
0.472211
0.48756
0.496189
0.49925
0.499515
-0.604748
-0.595639
-0.552627
-0.485262
-0.405437
-0.317547
-0.222384
-0.120475
-0.0124603
0.100971
0.213316
0.306483
0.373892
0.422437
0.456899
0.480884
0.496634
0.505052
0.507758
0.507862
-0.626263
-0.616988
-0.573325
-0.505063
-0.424193
-0.335145
-0.238645
-0.135183
-0.0252734
0.0905916
0.206229
0.303352
0.374696
0.426848
0.464169
0.489821
0.505901
0.513792
0.515954
0.515883
-0.647154
-0.637697
-0.593401
-0.524335
-0.442538
-0.352483
-0.254847
-0.150068
-0.038564
0.0793911
0.197938
0.298801
0.374131
0.430264
0.47117
0.499219
0.515717
0.522511
0.523663
0.523362
-0.667374
-0.657737
-0.612837
-0.54303
-0.460418
-0.369484
-0.270896
-0.16503
-0.0522229
0.0674669
0.188505
0.292762
0.371976
0.432275
0.477516
0.5092
0.526922
0.532029
0.531009
0.530113
-0.686879
-0.67706
-0.631592
-0.5611
-0.477766
-0.386094
-0.28671
-0.179972
-0.0661257
0.0549446
0.178004
0.285195
0.368067
0.432405
0.482457
0.519351
0.540478
0.544921
0.540197
0.536781
-0.705678
-0.6957
-0.649648
-0.578547
-0.494605
-0.402333
-0.302312
-0.194928
-0.0803042
0.0417855
0.166378
0.275895
0.362144
0.430155
0.484835
0.528238
0.555957
0.564552
0.558178
0.540472
-0.723788
-0.713667
-0.667122
-0.595537
-0.511168
-0.418514
-0.318077
-0.210365
-0.0953148
0.0273348
0.152927
0.264081
0.353369
0.42473
0.482549
0.532081
0.567601
0.576709
0.573556
0.533565
-0.741466
-0.730679
-0.68399
-0.611909
-0.527326
-0.434509
-0.333808
-0.226052
-0.110904
0.0118415
0.137815
0.249761
0.341208
0.415773
0.473381
0.522741
0.559299
0.57067
0.520935
0.457494
-0.759919
-0.745618
-0.700118
-0.627593
-0.543346
-0.450494
-0.349746
-0.241976
-0.12708
-0.00470092
0.120944
0.232797
0.324628
0.403502
0.457288
0.489332
0.517563
0.49919
0.433862
0.364575
-0.779091
-0.779283
-0.718905
-0.64034
-0.556643
-0.4639
-0.365411
-0.2575
-0.143138
-0.0215157
0.102949
0.213659
0.303505
0.390439
0.422821
0.416488
0.429492
0.379501
0.307444
0.23267
-0.754959
-0.751786
-0.695105
-0.617723
-0.529331
-0.433123
-0.330043
-0.21977
-0.102951
0.0212021
0.138598
0.235369
0.314669
0.398565
0.42885
0.335606
0.256738
0.193548
0.12012
-0.033092
-0.793517
-0.76697
-0.708048
-0.629949
-0.541659
-0.445906
-0.343495
-0.234021
-0.118395
0.00380724
0.11811
0.211266
0.283015
0.338743
0.316571
0.190876
0.0695309
-0.0131691
-0.0996084
-0.272197
-0.817417
-0.786427
-0.726157
-0.648123
-0.560069
-0.464622
-0.362246
-0.253719
-0.139643
-0.0200203
0.090458
0.17847
0.241059
0.264159
0.19026
0.0207328
-0.124119
-0.230949
-0.348929
-0.59283
-0.840223
-0.807218
-0.745623
-0.667005
-0.578937
-0.483626
-0.381716
-0.27428
-0.161977
-0.0453196
0.0605273
0.142206
0.192961
0.182171
0.0433631
-0.15494
-0.337425
-0.489681
-0.658682
-1.05494
-0.861988
-0.828273
-0.765716
-0.686383
-0.598176
-0.503073
-0.401879
-0.295644
-0.185298
-0.0719218
0.0286695
0.103457
0.138435
0.0917335
-0.100484
-0.325338
-0.553171
-0.757543
-1.02583
-1.67793
-0.883397
-0.849819
-0.786652
-0.706801
-0.618431
-0.52356
-0.423068
-0.318102
-0.209889
-0.100061
-0.00511901
0.06196
0.0784752
-0.0108707
-0.234026
-0.473213
-0.713594
-0.92797
-1.14248
-1.89234
-0.90553
-0.872054
-0.808629
-0.728472
-0.639989
-0.545322
-0.445497
-0.341815
-0.235849
-0.129764
-0.0406965
0.0176523
0.0133085
-0.128834
-0.350046
-0.584698
-0.80606
-0.953426
-0.987688
-1.04185
-0.928758
-0.895437
-0.831905
-0.751667
-0.663228
-0.568911
-0.469913
-0.367774
-0.264439
-0.162691
-0.0799758
-0.0320053
-0.0628795
-0.241402
-0.45553
-0.666621
-0.83992
-0.91816
-0.937205
-0.94527
-0.953397
-0.920112
-0.85654
-0.776326
-0.688073
-0.594263
-0.496322
-0.396014
-0.295694
-0.198888
-0.122925
-0.0881918
-0.142514
-0.347181
-0.552819
-0.739036
-0.872278
-0.906453
-0.910358
-0.910779
-0.979472
-0.946134
-0.88255
-0.80238
-0.714432
-0.621315
-0.524643
-0.42645
-0.329546
-0.238249
-0.169642
-0.149062
-0.227818
-0.447155
-0.642193
-0.807102
-0.879125
-0.893413
-0.895806
-0.895553
-1.00682
-0.973317
-0.90984
-0.829754
-0.742221
-0.649952
-0.554754
-0.458972
-0.365852
-0.280545
-0.220067
-0.211005
-0.330764
-0.541964
-0.723587
-0.853438
-0.891482
-0.887009
-0.887185
-0.886823
-1.03495
-1.00137
-0.938139
-0.858223
-0.771228
-0.67997
-0.586449
-0.49336
-0.404363
-0.325426
-0.273256
-0.281443
-0.434112
-0.63637
-0.794478
-0.870246
-0.879227
-0.88402
-0.883999
-0.883878
-1.06351
-1.03
-0.966953
-0.887436
-0.801111
-0.711027
-0.619371
-0.529193
-0.444659
-0.372364
-0.32822
-0.354838
-0.533382
-0.732884
-0.871462
-0.894665
-0.89852
-0.889266
-0.883017
-0.881365
-1.09154
-1.05863
-0.995784
-0.916867
-0.83135
-0.742591
-0.652999
-0.565861
-0.486061
-0.420442
-0.384631
-0.42647
-0.627091
-0.838794
-0.959376
-0.958822
-0.933988
-0.912763
-0.902863
-0.897452
-1.11838
-1.08613
-1.02408
-0.945768
-0.861234
-0.773952
-0.686586
-0.602533
-0.527485
-0.468613
-0.441802
-0.497076
-0.700361
-0.939139
-1.09593
-1.03958
-1.00455
-0.975532
-0.960782
-0.954809
-1.14261
-1.1114
-1.05046
-0.97326
-0.889846
-0.804193
-0.719105
-0.638197
-0.567486
-0.515767
-0.496177
-0.565823
-0.754164
-0.957298
-1.28948
-1.22058
-1.17064
-1.16459
-1.14744
-1.13223
-1.16287
-1.13327
-1.07364
-0.998046
-0.916124
-0.832175
-0.749266
-0.6715
-0.604455
-0.559754
-0.544643
-0.629747
-0.805875
-0.829527
-0.86196
-1.04625
-1.27374
-1.33293
-1.32057
-1.31155
-1.17758
-1.15006
-1.09252
-1.01879
-0.938679
-0.856643
-0.775743
-0.700515
-0.636921
-0.596786
-0.59019
-0.694171
-0.898537
-0.731999
-0.359139
-0.775027
-1.22769
-1.34248
-1.35119
-1.35626
-1.18521
-1.16014
-1.10559
-1.03424
-0.956124
-0.876018
-0.796971
-0.723294
-0.662276
-0.624207
-0.63709
-0.786335
-1.18198
-1.58711
-1.89967
-2.2525
-2.21256
-1.86851
-1.6328
-1.62487
-1.18423
-1.16237
-1.1117
-1.04308
-0.967272
-0.889007
-0.8113
-0.738162
-0.67669
-0.640702
-0.657208
-0.879614
-1.57322
-2.72436
-3.53648
-3.81053
-3.66541
-3.23407
-2.79347
-2.60522
-1.17206
-1.15507
-1.11
-1.04452
-0.971278
-0.894642
-0.817411
-0.743413
-0.678388
-0.635626
-0.645758
-0.846004
-1.47326
-2.27105
-2.99605
-3.23507
-3.11105
-2.7948
-2.46667
-2.35634
-1.14987
-1.13729
-1.09954
-1.03864
-0.968005
-0.892644
-0.814989
-0.737774
-0.666649
-0.605889
-0.586767
-0.602337
-0.780514
-0.855194
-0.843186
-0.674726
-0.405349
-0.160624
0.0147867
0.111005
-1.11977
-1.11126
-1.08181
-1.02651
-0.958289
-0.883897
-0.804726
-0.723312
-0.64031
-0.559042
-0.475106
-0.364211
-0.121687
0.338281
0.905138
1.43973
1.83774
2.08632
2.2161
2.25683
-1.08521
-1.08001
-1.05871
-1.0106
-0.944708
-0.87038
-0.7896
-0.703206
-0.609892
-0.510119
-0.397242
-0.282387
0.0288363
0.642508
1.32052
1.90481
2.3204
2.558
2.66142
2.68819
-1.05059
-1.04781
-1.03399
-0.993242
-0.929975
-0.855204
-0.773026
-0.68387
-0.588047
-0.477582
-0.367306
-0.253414
-0.0809702
0.41569
0.974402
1.4461
1.7898
1.99854
2.10297
2.13846
-1.01921
-1.01852
-1.01212
-0.978652
-0.9162
-0.839787
-0.757219
-0.669418
-0.574462
-0.468498
-0.363908
-0.263559
-0.162991
0.132351
0.529931
0.850566
1.09004
1.23561
1.311
1.3418
-0.990258
-0.991669
-0.988906
-0.95855
-0.895719
-0.81928
-0.739667
-0.656928
-0.568544
-0.470763
-0.374354
-0.289762
-0.211491
-0.0385441
0.227483
0.457622
0.631215
0.738777
0.789746
0.803362
-0.933312
-0.936219
-0.934964
-0.908808
-0.852492
-0.784771
-0.714407
-0.641734
-0.563572
-0.476778
-0.390742
-0.316676
-0.24477
-0.144645
0.0258596
0.175472
0.285965
0.353169
0.384367
0.393158
-0.83364
-0.835426
-0.83339
-0.816211
-0.779093
-0.731087
-0.678246
-0.620758
-0.556107
-0.482769
-0.410611
-0.35086
-0.293124
-0.231728
-0.123
-0.0261463
0.04626
0.0899
0.108885
0.11025
-0.725666
-0.725967
-0.724531
-0.716701
-0.69921
-0.672364
-0.638997
-0.598093
-0.547664
-0.487209
-0.427458
-0.383637
-0.34917
-0.318245
-0.25058
-0.178545
-0.12583
-0.0939243
-0.0811238
-0.0806469
-0.649003
-0.648576
-0.64798
-0.646153
-0.639559
-0.626909
-0.607412
-0.57925
-0.540309
-0.4899
-0.441675
-0.413034
-0.408894
-0.387973
-0.334198
-0.28038
-0.241185
-0.219123
-0.209801
-0.210457
-0.610236
-0.609706
-0.609313
-0.609127
-0.606601
-0.599949
-0.587744
-0.567437
-0.536193
-0.491752
-0.447488
-0.424739
-0.434017
-0.424875
-0.376757
-0.333906
-0.306333
-0.293293
-0.289089
-0.2901
-0.601271
-0.600546
-0.599779
-0.599307
-0.59753
-0.592914
-0.583951
-0.568137
-0.540726
-0.497228
-0.44779
-0.414495
-0.408138
-0.400172
-0.373562
-0.349474
-0.333818
-0.325347
-0.321904
-0.322623
-0.61585
-0.614964
-0.613953
-0.613113
-0.611284
-0.607373
-0.600469
-0.588248
-0.56402
-0.519123
-0.459228
-0.401653
-0.372254
-0.36459
-0.354665
-0.341315
-0.330616
-0.323084
-0.320005
-0.321172
-0.649901
-0.648982
-0.648127
-0.647526
-0.646547
-0.644965
-0.642732
-0.638241
-0.624598
-0.587308
-0.51761
-0.431874
-0.381888
-0.372827
-0.36201
-0.34413
-0.322689
-0.306726
-0.30104
-0.303203
-0.697531
-0.697043
-0.697031
-0.697818
-0.6999
-0.704554
-0.713609
-0.728145
-0.744554
-0.741384
-0.669408
-0.546574
-0.468361
-0.447426
-0.417894
-0.368316
-0.323999
-0.292167
-0.284262
-0.287763
-0.750737
-0.750975
-0.752457
-0.756066
-0.764008
-0.779929
-0.809562
-0.861621
-0.94166
-1.01669
-0.948139
-0.768913
-0.641107
-0.591112
-0.51945
-0.433877
-0.35636
-0.313627
-0.30795
-0.310659
-0.796441
-0.79776
-0.801354
-0.809043
-0.82512
-0.85647
-0.915189
-1.024
-1.2062
-1.40229
-1.34857
-1.08516
-0.887038
-0.785392
-0.670748
-0.541075
-0.436467
-0.386486
-0.388987
-0.394117
-0.81854
-0.821049
-0.826787
-0.838589
-0.862954
-0.909834
-0.998812
-1.16769
-1.46049
-1.79125
-1.76491
-1.42051
-1.15365
-1.00674
-0.856621
-0.720425
-0.624716
-0.587803
-0.585787
-0.591216
-0.802104
-0.805246
-0.812173
-0.826754
-0.856489
-0.91362
-1.02157
-1.22086
-1.57548
-2.00276
-1.99971
-1.64279
-1.35146
-1.2022
-1.05721
-0.974628
-0.921031
-0.898122
-0.886394
-0.885656
-0.739435
-0.742634
-0.749557
-0.764059
-0.793677
-0.850581
-0.959264
-1.16691
-1.52451
-1.90865
-1.91756
-1.6252
-1.40442
-1.27629
-1.20157
-1.18245
-1.16805
-1.14231
-1.124
-1.11774
-0.635715
-0.638268
-0.643747
-0.65547
-0.679911
-0.727272
-0.818214
-0.992917
-1.29346
-1.6038
-1.60994
-1.42715
-1.28894
-1.18903
-1.18118
-1.21054
-1.20916
-1.18741
-1.17077
-1.16359
-0.50708
-0.508543
-0.511738
-0.519152
-0.535422
-0.567629
-0.630024
-0.750981
-0.966273
-1.20291
-1.23531
-1.14147
-1.04376
-0.977589
-1.00027
-1.05548
-1.05696
-1.04444
-1.03487
-1.03013
-0.374007
-0.374368
-0.375362
-0.378487
-0.386472
-0.403177
-0.436288
-0.501587
-0.624116
-0.780177
-0.817537
-0.765037
-0.685395
-0.680922
-0.753819
-0.806959
-0.811931
-0.808337
-0.805218
-0.803102
-0.25429
-0.253855
-0.25333
-0.253353
-0.255128
-0.259971
-0.270521
-0.292269
-0.335109
-0.401595
-0.422019
-0.379724
-0.368934
-0.429999
-0.513159
-0.551644
-0.560127
-0.562437
-0.563656
-0.563403
-0.158529
-0.157719
-0.156492
-0.155003
-0.153422
-0.151565
-0.149295
-0.146434
-0.142077
-0.127313
-0.114646
-0.118531
-0.182237
-0.260506
-0.31718
-0.342669
-0.353102
-0.358037
-0.361202
-0.361972
-0.0895355
-0.0886866
-0.0874011
-0.0856597
-0.0830948
-0.0789231
-0.0721275
-0.0611095
-0.0434549
-0.0174567
-0.000205738
-0.0251991
-0.0885643
-0.146724
-0.18384
-0.199707
-0.208226
-0.21309
-0.216333
-0.217348
-0.0445557
-0.0438557
-0.0428333
-0.0414825
-0.0392824
-0.035343
-0.0286817
-0.0180007
-0.00208266
0.0172826
0.024304
0.00150297
-0.0411161
-0.0778068
-0.101
-0.112715
-0.118282
-0.121548
-0.123846
-0.124632
-0.0182608
-0.0177658
-0.0170816
-0.0163178
-0.0149306
-0.0121819
-0.0073623
0.000260605
0.010904
0.0218878
0.022363
0.00600045
-0.0192256
-0.0407457
-0.0544492
-0.061474
-0.0647142
-0.0666142
-0.0679853
-0.0684744
-0.00506267
-0.00475907
-0.00439722
-0.00414048
-0.00353151
-0.00203617
0.000775464
0.00521792
0.0111193
0.0163777
0.0147496
0.00468238
-0.0088336
-0.0200958
-0.0273097
-0.030952
-0.0325453
-0.0334468
-0.0341371
-0.0343963
-0.000251433
-0.000184557
-1.67884e-05
1.31198e-05
3.05244e-05
0.000334482
0.0011468
0.0025902
0.00467443
0.0069695
0.0076034
0.00464166
-0.000336725
-0.00516551
-0.00863397
-0.0106589
-0.0116187
-0.0119295
-0.0120817
-0.0123119
-1.21049
-0.648232
-0.308527
-0.0711034
0.11284
0.255976
0.37463
0.479029
0.590436
0.577844
-0.416101
-0.236402
-0.0521797
0.102372
0.230506
0.335969
0.423366
0.488849
0.516469
0.522558
-0.103054
0.0115807
0.131197
0.236234
0.326084
0.401257
0.460938
0.503096
0.530131
0.546727
0.107274
0.185136
0.267211
0.341496
0.40576
0.459628
0.50282
0.536194
0.561713
0.579939
0.261836
0.317549
0.375909
0.430444
0.478239
0.519119
0.553288
0.581421
0.603908
0.622062
0.384011
0.424587
0.470206
0.512027
0.549948
0.583364
0.612218
0.636541
0.655743
0.673576
0.486906
0.519428
0.557393
0.592662
0.625292
0.654736
0.68047
0.702072
0.718412
0.736041
0.579933
0.60991
0.644854
0.677855
0.708534
0.736264
0.760342
0.780054
0.794016
0.811555
0.672534
0.704583
0.740435
0.773985
0.804521
0.83157
0.854531
0.872702
0.884946
0.902648
0.777461
0.814103
0.852241
0.886972
0.917324
0.943271
0.964697
0.981299
0.992752
1.01097
0.907338
0.947499
0.985361
1.01854
1.0466
1.07028
1.08999
1.10551
1.11745
1.13591
1.0685
1.10583
1.13729
1.16386
1.18677
1.20737
1.22602
1.2422
1.25635
1.27437
1.25267
1.27819
1.29826
1.317
1.3349
1.35174
1.36752
1.3836
1.40087
1.41998
1.43873
1.45053
1.46407
1.47901
1.49283
1.50494
1.5158
1.52729
1.54164
1.56024
1.62212
1.6367
1.64188
1.64243
1.64427
1.65167
1.66562
1.68362
1.69625
1.70977
1.89463
1.84031
1.79314
1.76166
1.74861
1.75322
1.77648
1.82121
1.88858
1.98409
0.326949
0.322265
0.314868
0.302976
0.289992
0.278516
0.269379
0.262545
0.257982
0.255958
0.257043
0.2609
0.266969
0.2752
0.285706
0.298259
0.311289
0.321155
0.327119
0.33051
0.248958
0.256045
0.26203
0.266247
0.267528
0.265763
0.262143
0.258236
0.255146
0.253699
0.254627
0.257529
0.261533
0.265761
0.268872
0.269343
0.266594
0.261422
0.254555
0.248681
0.239804
0.242812
0.246075
0.248577
0.250596
0.252052
0.25239
0.251626
0.250474
0.249876
0.250571
0.252155
0.253673
0.254268
0.253546
0.251906
0.2498
0.246969
0.243665
0.241323
0.234125
0.235583
0.237834
0.240093
0.241759
0.242975
0.243951
0.24458
0.244811
0.244994
0.245487
0.246022
0.246124
0.245669
0.244848
0.243642
0.241809
0.23951
0.237687
0.236603
0.2289
0.229727
0.231224
0.233064
0.234845
0.236309
0.237422
0.238344
0.239128
0.239758
0.240185
0.240283
0.240035
0.239483
0.238534
0.237124
0.235453
0.233815
0.232745
0.232092
0.223951
0.224514
0.225635
0.227112
0.228697
0.230262
0.231666
0.232832
0.233825
0.234661
0.235143
0.23519
0.234856
0.234114
0.233004
0.231702
0.230356
0.229146
0.228399
0.227947
0.21921
0.21963
0.220556
0.221863
0.223292
0.224795
0.226317
0.227748
0.228983
0.229986
0.230586
0.230649
0.230206
0.229374
0.228333
0.227213
0.226078
0.225089
0.224516
0.224182
0.214664
0.21499
0.215781
0.216979
0.218345
0.219789
0.221294
0.222814
0.224249
0.22547
0.226215
0.226331
0.225944
0.225236
0.224351
0.22337
0.222374
0.221547
0.221096
0.220843
0.210281
0.210534
0.211225
0.212346
0.213668
0.215067
0.216535
0.218087
0.219675
0.221144
0.222068
0.22232
0.222108
0.221607
0.220908
0.220074
0.219204
0.218505
0.218151
0.217962
0.206055
0.206251
0.206869
0.207957
0.209273
0.210718
0.212278
0.213902
0.215561
0.217184
0.218414
0.219009
0.219068
0.218712
0.218109
0.21739
0.216618
0.216019
0.215744
0.215605
0.201996
0.202138
0.202701
0.203773
0.205093
0.206535
0.208126
0.209908
0.211842
0.213794
0.215345
0.21618
0.216435
0.216308
0.215922
0.215351
0.214686
0.214179
0.213977
0.213887
0.198207
0.198305
0.198775
0.199731
0.200953
0.202344
0.20392
0.205731
0.207795
0.210071
0.21206
0.213374
0.214079
0.214334
0.214251
0.213948
0.213529
0.213196
0.21308
0.213025
0.194521
0.19459
0.194971
0.195814
0.196972
0.198373
0.20006
0.202108
0.204518
0.207249
0.209771
0.211541
0.21259
0.213156
0.213374
0.213361
0.213206
0.213071
0.213031
0.212991
0.190553
0.190615
0.190922
0.191643
0.192713
0.194082
0.195828
0.198043
0.200806
0.204102
0.207286
0.209678
0.211332
0.212356
0.212983
0.213351
0.213514
0.213589
0.213608
0.213568
0.185906
0.185973
0.186268
0.186946
0.188026
0.189485
0.191439
0.194011
0.197293
0.201311
0.205319
0.208448
0.210645
0.21217
0.21321
0.213896
0.214337
0.214567
0.214621
0.214576
0.180318
0.180389
0.180731
0.181461
0.182636
0.184291
0.186573
0.189638
0.193632
0.198597
0.203607
0.207577
0.210457
0.212508
0.213944
0.21497
0.215654
0.215993
0.21607
0.216019
0.173566
0.173645
0.174053
0.174938
0.17632
0.178308
0.181075
0.184828
0.18974
0.195878
0.202131
0.207134
0.210807
0.213435
0.215286
0.216654
0.217556
0.217986
0.218094
0.218041
0.165488
0.165574
0.166071
0.167186
0.168929
0.171409
0.174862
0.179539
0.185652
0.193278
0.20105
0.207278
0.211847
0.215153
0.217547
0.219245
0.220313
0.220828
0.220971
0.220915
0.155892
0.15599
0.156602
0.158012
0.160211
0.163358
0.167725
0.173582
0.181206
0.190687
0.200315
0.208034
0.213726
0.217836
0.220798
0.22284
0.224142
0.224785
0.224975
0.224913
0.144437
0.14456
0.145334
0.14708
0.149921
0.153912
0.159438
0.166832
0.176386
0.188168
0.200055
0.209563
0.216568
0.221642
0.225275
0.227764
0.229352
0.230162
0.230401
0.230328
0.130525
0.130701
0.131709
0.133909
0.137495
0.142669
0.149714
0.159102
0.171109
0.185741
0.200349
0.211971
0.220533
0.226742
0.231163
0.234218
0.236173
0.237183
0.237473
0.237383
0.113158
0.113427
0.114805
0.117683
0.122297
0.129012
0.138171
0.150203
0.165351
0.183492
0.201344
0.215437
0.225803
0.233313
0.238676
0.242405
0.244812
0.246041
0.246383
0.24627
0.0909029
0.0913457
0.0933113
0.0972201
0.10345
0.112405
0.124485
0.140047
0.159181
0.18157
0.203206
0.220122
0.232534
0.241545
0.248009
0.252545
0.255495
0.256987
0.257382
0.25724
0.0614087
0.062201
0.0652174
0.0709157
0.0798006
0.0922121
0.108457
0.128698
0.152792
0.180194
0.206126
0.226184
0.240872
0.25158
0.259326
0.264822
0.268406
0.270188
0.270637
0.270459
0.0205047
0.0221064
0.0274131
0.036677
0.0502141
0.068049
0.0901738
0.116463
0.146537
0.179656
0.210294
0.233728
0.250871
0.263455
0.272676
0.279329
0.28368
0.285779
0.286259
0.28604
-0.0393956
-0.0345645
-0.0234956
-0.00713721
0.0144133
0.0403406
0.0702908
0.103981
0.140907
0.180255
0.215834
0.242759
0.262449
0.277023
0.287867
0.295817
0.301097
0.303575
0.30409
0.303841
-0.111334
-0.102485
-0.082105
-0.0551591
-0.0236376
0.0113908
0.0498079
0.0914454
0.135872
0.182376
0.224055
0.255652
0.279019
0.296605
0.309968
0.320016
0.326813
0.329823
0.330367
0.330371
-0.183351
-0.168241
-0.138762
-0.101795
-0.060795
-0.0167927
0.0300913
0.0797137
0.1317
0.185431
0.233326
0.269692
0.296786
0.317479
0.333534
0.345905
0.353956
0.357552
0.358872
0.359056
-0.241636
-0.223031
-0.187885
-0.14358
-0.0949092
-0.0430997
0.0114867
0.068574
0.127722
0.188266
0.241859
0.282423
0.312634
0.335715
0.353625
0.367328
0.376669
0.381369
0.383154
0.383412
-0.289282
-0.268692
-0.229298
-0.179643
-0.125019
-0.0668691
-0.00572056
0.057983
0.123625
0.190402
0.249115
0.293255
0.325926
0.350757
0.369976
0.384729
0.395026
0.400342
0.402351
0.402592
-0.329145
-0.307543
-0.264983
-0.211112
-0.151618
-0.0882243
-0.0214979
0.0479747
0.119409
0.191791
0.255048
0.302232
0.336861
0.362976
0.383049
0.398433
0.409194
0.414985
0.417067
0.417303
-0.363799
-0.341524
-0.296464
-0.239147
-0.175631
-0.107747
-0.0361652
0.0384084
0.115045
0.192519
0.259893
0.309752
0.346003
0.37306
0.393639
0.409265
0.4202
0.426122
0.428243
0.428467
-0.394788
-0.372051
-0.324999
-0.264782
-0.197832
-0.126042
-0.0501568
0.0290141
0.110418
0.192638
0.263871
0.316224
0.353941
0.381769
0.402686
0.418386
0.429368
0.43535
0.437418
0.437644
-0.423263
-0.400172
-0.351436
-0.288743
-0.218829
-0.143589
-0.0638474
0.0195155
0.105357
0.192087
0.267091
0.321897
0.361019
0.389596
0.410865
0.426698
0.437677
0.443739
0.445717
0.44581
-0.450081
-0.42656
-0.376374
-0.311573
-0.239001
-0.160704
-0.0775046
0.00969727
0.0996942
0.190773
0.269506
0.326825
0.367479
0.39693
0.418631
0.434637
0.445645
0.451707
0.453625
0.453628
-0.475678
-0.451721
-0.400315
-0.333596
-0.258652
-0.17763
-0.0913084
-0.000587294
0.0933051
0.188587
0.27112
0.331171
0.373569
0.404041
0.4263
0.442576
0.453673
0.459667
0.46156
0.461534
-0.5004
-0.476003
-0.423519
-0.355023
-0.277978
-0.194512
-0.105366
-0.0114257
0.0861173
0.185521
0.271988
0.334976
0.379333
0.411038
0.434021
0.450687
0.461934
0.467858
0.46968
0.469619
-0.524452
-0.499606
-0.446134
-0.376008
-0.297084
-0.211431
-0.119743
-0.0228524
0.078115
0.181526
0.27199
0.338164
0.384774
0.41796
0.44185
0.459019
0.47046
0.476326
0.478018
0.477937
-0.547949
-0.522634
-0.468204
-0.396624
-0.316027
-0.228423
-0.134447
-0.0348765
0.0692647
0.176493
0.271009
0.340654
0.38986
0.424802
0.449788
0.467566
0.479216
0.484989
0.486526
0.486393
-0.570927
-0.545132
-0.489734
-0.416888
-0.334808
-0.24546
-0.149454
-0.0474903
0.0595326
0.170376
0.268967
0.342315
0.394475
0.431512
0.457814
0.476298
0.488158
0.493788
0.495129
0.494911
-0.593355
-0.567094
-0.510783
-0.436788
-0.35339
-0.262514
-0.164727
-0.0606493
0.0489606
0.163178
0.265748
0.342986
0.398474
0.438021
0.465921
0.485188
0.49717
0.502555
0.503661
0.503372
-0.61523
-0.58851
-0.531331
-0.456293
-0.371727
-0.279522
-0.180186
-0.0742718
0.0376311
0.154893
0.261271
0.342489
0.401648
0.444216
0.474131
0.494283
0.506208
0.51114
0.511951
0.511595
-0.636462
-0.6093
-0.551317
-0.475355
-0.389762
-0.2964
-0.195742
-0.0882597
0.0256142
0.145549
0.25547
0.340644
0.403736
0.44989
0.482483
0.503798
0.515359
0.519419
0.519796
0.519398
-0.657076
-0.629411
-0.570713
-0.493911
-0.407423
-0.313075
-0.211298
-0.102508
0.012999
0.135228
0.248313
0.337298
0.404435
0.454698
0.490914
0.514185
0.525178
0.527491
0.527001
0.526614
-0.676938
-0.648843
-0.589469
-0.511912
-0.42465
-0.329466
-0.226774
-0.116929
-8.36929e-05
0.124034
0.239812
0.332332
0.40343
0.458086
0.499017
0.525871
0.537129
0.536649
0.533711
0.532944
-0.696153
-0.667574
-0.607534
-0.5293
-0.44137
-0.345486
-0.242046
-0.131381
-0.0134963
0.11209
0.23003
0.325664
0.400464
0.459313
0.505738
0.538382
0.552983
0.551442
0.54259
0.524822
-0.71462
-0.685611
-0.62505
-0.546274
-0.457873
-0.36147
-0.257534
-0.146338
-0.0277816
0.0988262
0.218348
0.316587
0.394973
0.457362
0.509203
0.549563
0.571413
0.572978
0.558012
0.569495
-0.732459
-0.7029
-0.641982
-0.562777
-0.474116
-0.377361
-0.273224
-0.161765
-0.0429301
0.0841741
0.204636
0.304577
0.386399
0.451099
0.505075
0.550727
0.576645
0.576617
0.518524
0.49914
-0.750276
-0.719874
-0.658069
-0.578436
-0.489673
-0.392747
-0.288926
-0.177393
-0.0586367
0.0683762
0.189019
0.289368
0.374227
0.440425
0.488406
0.531773
0.549234
0.517998
0.446866
0.402797
-0.769346
-0.737813
-0.672811
-0.592825
-0.504003
-0.407373
-0.304254
-0.193008
-0.0747567
0.0515252
0.171505
0.271007
0.357046
0.426613
0.467925
0.478923
0.466714
0.41053
0.335639
0.28984
-0.372028
-0.264312
-0.150266
-0.0291645
0.094237
0.203619
0.291186
0.147235
-0.786287
-0.770295
-0.732339
-0.664759
-0.581085
-0.489176
-0.389686
-0.283201
-0.170233
-0.0507568
0.0707612
0.178377
0.263181
0.335622
0.386607
0.352538
0.212194
0.123634
0.0537524
-0.805169
-0.792499
-0.748808
-0.6796
-0.595734
-0.503939
-0.405052
-0.299222
-0.187367
-0.0696589
0.0490099
0.152573
0.231967
0.288269
0.289456
0.186421
0.0354967
-0.0749052
-0.167184
-0.827206
-0.814895
-0.768442
-0.69813
-0.614203
-0.522387
-0.423556
-0.318254
-0.207591
-0.0918578
0.0232422
0.121411
0.193152
0.231442
0.187617
0.0234401
-0.15253
-0.294873
-0.41905
-0.849266
-0.836786
-0.788918
-0.717513
-0.633264
-0.541496
-0.443019
-0.338603
-0.229394
-0.11604
-0.00492042
0.0874006
0.150677
0.166543
0.0759239
-0.135475
-0.347452
-0.541657
-0.729349
-0.870557
-0.858492
-0.809928
-0.737616
-0.653
-0.561263
-0.463266
-0.359853
-0.252252
-0.141572
-0.0348215
0.0510583
0.104652
0.0858019
-0.0580397
-0.284527
-0.524988
-0.749595
-0.962542
-0.892054
-0.880409
-0.831669
-0.758793
-0.673885
-0.582144
-0.484556
-0.38208
-0.276124
-0.168218
-0.0659829
0.0129881
0.0551212
0.00340943
-0.182653
-0.410612
-0.653154
-0.877482
-1.01406
-1.10487
-0.914681
-0.903279
-0.854429
-0.781303
-0.69629
-0.604636
-0.507527
-0.406095
-0.301996
-0.197235
-0.0999709
-0.0286593
-0.000732923
-0.0764203
-0.298287
-0.517291
-0.731952
-0.897963
-0.946967
-0.976777
-0.938423
-0.927373
-0.87844
-0.80523
-0.720256
-0.628858
-0.53239
-0.432246
-0.330333
-0.229212
-0.137483
-0.0744972
-0.0624197
-0.177088
-0.402532
-0.608852
-0.789427
-0.893803
-0.921482
-0.924391
-0.96362
-0.952714
-0.90378
-0.830545
-0.745712
-0.654712
-0.559094
-0.460488
-0.361094
-0.264086
-0.178564
-0.124077
-0.138021
-0.286143
-0.499529
-0.692208
-0.842713
-0.894281
-0.899917
-0.901736
-0.990184
-0.979255
-0.930499
-0.857195
-0.772587
-0.682125
-0.587549
-0.490718
-0.394184
-0.301723
-0.223084
-0.176993
-0.219071
-0.391643
-0.590963
-0.769183
-0.870824
-0.892223
-0.890541
-0.89046
-1.01786
-1.00687
-0.958346
-0.88503
-0.800727
-0.710957
-0.617595
-0.522784
-0.429447
-0.341927
-0.270543
-0.234537
-0.298155
-0.494741
-0.677815
-0.827558
-0.867893
-0.878881
-0.884023
-0.88473
-1.0461
-1.03514
-0.986813
-0.913755
-0.829875
-0.740931
-0.648968
-0.556388
-0.466554
-0.384288
-0.320453
-0.295025
-0.376061
-0.592919
-0.766554
-0.869228
-0.906449
-0.891413
-0.884225
-0.882655
-1.07419
-1.06354
-1.01553
-0.942881
-0.859593
-0.771613
-0.681235
-0.591066
-0.504976
-0.428239
-0.372209
-0.354986
-0.46281
-0.691492
-0.864614
-0.922963
-0.912999
-0.903384
-0.892733
-0.886851
-1.10134
-1.09112
-1.04393
-0.971766
-0.889265
-0.802395
-0.713774
-0.626172
-0.543875
-0.472965
-0.424586
-0.416368
-0.548588
-0.782746
-0.984971
-0.992013
-0.97536
-0.94574
-0.927421
-0.920405
-1.1268
-1.11683
-1.07106
-0.999577
-0.918062
-0.832466
-0.745728
-0.660828
-0.582176
-0.517211
-0.476047
-0.48065
-0.623711
-0.839117
-1.10658
-1.18739
-1.10155
-1.06036
-1.04142
-1.02947
-1.14902
-1.13956
-1.09523
-1.02533
-0.944966
-0.860848
-0.776012
-0.693847
-0.618664
-0.559
-0.525062
-0.539178
-0.696562
-0.839911
-1.03484
-1.24865
-1.2236
-1.27397
-1.26584
-1.24672
-1.16632
-1.15759
-1.1155
-1.04739
-0.968727
-0.886327
-0.803432
-0.72364
-0.651877
-0.595922
-0.570867
-0.583829
-0.777295
-0.824983
-0.586583
-0.592976
-1.0691
-1.33859
-1.34108
-1.34292
-1.17738
-1.16964
-1.13033
-1.06468
-0.987962
-0.907462
-0.826502
-0.748631
-0.679502
-0.626673
-0.60966
-0.623251
-0.891661
-1.05431
-0.909894
-1.0625
-1.34239
-1.45945
-1.39438
-1.4064
-1.18038
-1.17402
-1.13833
-1.07583
-1.00138
-0.922867
-0.843714
-0.767228
-0.698935
-0.648738
-0.632262
-0.683469
-1.08728
-1.79617
-2.69049
-3.22206
-3.31824
-2.89335
-2.39793
-2.0932
-1.1749
-1.16959
-1.13819
-1.07969
-1.00795
-0.931505
-0.853684
-0.777715
-0.708497
-0.655361
-0.638265
-0.69673
-1.20591
-2.1264
-3.21354
-3.66075
-3.74661
-3.50625
-3.14049
-2.80588
-1.15825
-1.15428
-1.1284
-1.07553
-1.00721
-0.932752
-0.855714
-0.778799
-0.706613
-0.64505
-0.614843
-0.646633
-0.937917
-1.39468
-1.84912
-2.09999
-2.02964
-1.78224
-1.49876
-1.2926
-1.13245
-1.12984
-1.10989
-1.06375
-0.999554
-0.926891
-0.849931
-0.77095
-0.69203
-0.619469
-0.553462
-0.51105
-0.450901
-0.306383
0.0095679
0.372395
0.744539
1.03086
1.19783
1.27569
-1.10017
-1.09861
-1.08527
-1.04629
-0.986665
-0.915385
-0.838016
-0.755758
-0.669859
-0.578996
-0.480854
-0.379706
-0.183726
0.290462
0.939328
1.57629
2.08703
2.41229
2.57061
2.62296
-1.06546
-1.06454
-1.05714
-1.02684
-0.971213
-0.900815
-0.822703
-0.73784
-0.646586
-0.544513
-0.438464
-0.31549
-0.18294
0.244062
0.877357
1.47269
1.94695
2.25003
2.40596
2.46769
-1.03361
-1.03291
-1.02973
-1.00828
-0.956769
-0.886095
-0.807034
-0.721143
-0.628551
-0.527414
-0.416884
-0.3104
-0.205388
0.0348191
0.502813
0.937428
1.27529
1.50322
1.62707
1.67791
-1.00613
-1.00542
-1.00543
-0.990831
-0.941663
-0.869881
-0.790256
-0.70653
-0.617966
-0.521609
-0.417111
-0.321416
-0.231992
-0.102793
0.208538
0.515122
0.756023
0.922831
1.01581
1.05773
-0.967361
-0.968615
-0.970811
-0.958719
-0.911525
-0.841903
-0.766285
-0.689468
-0.608749
-0.521181
-0.427484
-0.342639
-0.262363
-0.178849
0.00798991
0.214659
0.379041
0.493589
0.554764
0.578058
-0.886919
-0.889002
-0.890803
-0.881082
-0.844562
-0.78974
-0.72871
-0.665177
-0.596901
-0.521059
-0.439772
-0.365698
-0.297877
-0.236176
-0.119365
0.0123597
0.115164
0.186612
0.223642
0.236976
-0.777038
-0.778246
-0.778346
-0.772266
-0.752746
-0.720545
-0.680478
-0.634791
-0.581971
-0.519825
-0.451217
-0.390989
-0.343448
-0.306098
-0.234437
-0.147566
-0.0748082
-0.0256421
-0.000894429
0.00729231
-0.682018
-0.682462
-0.681936
-0.679866
-0.672341
-0.657786
-0.635673
-0.605928
-0.56756
-0.518174
-0.460663
-0.413929
-0.388322
-0.375711
-0.328232
-0.266285
-0.211711
-0.174767
-0.155871
-0.150286
-0.625058
-0.625145
-0.624502
-0.624368
-0.622482
-0.616204
-0.604098
-0.584861
-0.556237
-0.515807
-0.46695
-0.430699
-0.420253
-0.433065
-0.389984
-0.334722
-0.292971
-0.268327
-0.25712
-0.254912
-0.602414
-0.602312
-0.601553
-0.601301
-0.600486
-0.597029
-0.589398
-0.575832
-0.552853
-0.516508
-0.469486
-0.431885
-0.419719
-0.430424
-0.398915
-0.362256
-0.334636
-0.319502
-0.313538
-0.312301
-0.605926
-0.605559
-0.604531
-0.603799
-0.602744
-0.599821
-0.593906
-0.583309
-0.56345
-0.528955
-0.476738
-0.426698
-0.391055
-0.386216
-0.371944
-0.353133
-0.338931
-0.328617
-0.323145
-0.321963
-0.630902
-0.630298
-0.629268
-0.628429
-0.627343
-0.625022
-0.621058
-0.614312
-0.599927
-0.570885
-0.514617
-0.443476
-0.382614
-0.361849
-0.35642
-0.348859
-0.333602
-0.321663
-0.314436
-0.31402
-0.6727
-0.672074
-0.671398
-0.671088
-0.671142
-0.671627
-0.673278
-0.676407
-0.677755
-0.668734
-0.622335
-0.527322
-0.438591
-0.405821
-0.3932
-0.366069
-0.336425
-0.306929
-0.291667
-0.291834
-0.724484
-0.723999
-0.72418
-0.725399
-0.7285
-0.735302
-0.748694
-0.772725
-0.810315
-0.853849
-0.845207
-0.718826
-0.585038
-0.528401
-0.489354
-0.431696
-0.363046
-0.312294
-0.288445
-0.29111
-0.77567
-0.775662
-0.777219
-0.780937
-0.789081
-0.80583
-0.837741
-0.89643
-0.99884
-1.13892
-1.20147
-1.03139
-0.824042
-0.717603
-0.640271
-0.534448
-0.43074
-0.357916
-0.337925
-0.341685
-0.81142
-0.812132
-0.81533
-0.822101
-0.836384
-0.864918
-0.919028
-1.02139
-1.20936
-1.49111
-1.63648
-1.42139
-1.1207
-0.953844
-0.831871
-0.686626
-0.560403
-0.480975
-0.466442
-0.471679
-0.815524
-0.816996
-0.821526
-0.830538
-0.850056
-0.888477
-0.96138
-1.09999
-1.35649
-1.75581
-1.98419
-1.76015
-1.39236
-1.18082
-1.03761
-0.894424
-0.7985
-0.74757
-0.733567
-0.732586
-0.775941
-0.777774
-0.782724
-0.792951
-0.814426
-0.856607
-0.936751
-1.08974
-1.37299
-1.80523
-2.0542
-1.84618
-1.51151
-1.32001
-1.18734
-1.11737
-1.07706
-1.0522
-1.03092
-1.02051
-0.691149
-0.693046
-0.697406
-0.706637
-0.726023
-0.764408
-0.837792
-0.978925
-1.242
-1.62298
-1.82716
-1.66436
-1.43687
-1.31063
-1.22695
-1.21461
-1.22606
-1.20416
-1.18194
-1.16876
-0.572607
-0.574084
-0.577042
-0.583528
-0.597795
-0.626634
-0.682272
-0.789789
-0.992342
-1.29046
-1.45417
-1.3627
-1.23645
-1.12771
-1.09655
-1.12763
-1.1573
-1.14231
-1.12626
-1.11667
-0.439385
-0.44025
-0.441542
-0.444742
-0.452809
-0.469968
-0.50378
-0.569824
-0.697103
-0.899994
-1.03499
-1.00397
-0.918672
-0.83751
-0.844587
-0.916626
-0.941487
-0.93607
-0.928755
-0.924037
-0.311346
-0.31164
-0.311544
-0.31206
-0.314789
-0.32172
-0.336273
-0.365523
-0.423642
-0.526755
-0.612229
-0.586924
-0.535634
-0.518655
-0.586381
-0.660572
-0.68141
-0.683137
-0.682352
-0.681543
-0.202955
-0.202861
-0.20191
-0.200903
-0.200278
-0.200493
-0.202205
-0.206815
-0.217006
-0.233996
-0.241415
-0.237695
-0.239348
-0.295849
-0.377152
-0.427713
-0.444996
-0.451263
-0.454545
-0.456143
-0.120734
-0.120458
-0.119244
-0.117769
-0.115811
-0.112996
-0.108714
-0.101995
-0.0911397
-0.0728039
-0.0470499
-0.0407683
-0.0895914
-0.164733
-0.223793
-0.255452
-0.269169
-0.275805
-0.280024
-0.282336
-0.0643622
-0.064057
-0.0629601
-0.0616658
-0.0597293
-0.0564561
-0.0509427
-0.0418883
-0.0275071
-0.00629666
0.0148357
0.0100022
-0.0328801
-0.0859196
-0.124056
-0.145332
-0.154686
-0.159768
-0.163199
-0.165184
-0.0294533
-0.0292004
-0.0283849
-0.0275232
-0.0261635
-0.0236567
-0.0191686
-0.0117437
-0.000423188
0.0145225
0.0256274
0.0175314
-0.0111895
-0.0433884
-0.0666415
-0.0798562
-0.0861663
-0.0893573
-0.091541
-0.0928405
-0.0103501
-0.0101736
-0.0096553
-0.00921732
-0.00853809
-0.00708067
-0.00421164
0.000622492
0.00776135
0.0163422
0.0208195
0.0133139
-0.00382305
-0.0218389
-0.0348558
-0.0422843
-0.0457507
-0.0474301
-0.0486009
-0.0493287
-0.00183553
-0.00173095
-0.00145396
-0.00134359
-0.00120712
-0.000626261
0.000788905
0.0032687
0.00686199
0.0108771
0.0122107
0.00740216
-0.00118651
-0.00971205
-0.0158038
-0.0192371
-0.0207825
-0.0214745
-0.0219591
-0.0222986
-0.000244378
-9.81301e-05
2.86593e-05
-5.76828e-06
0.000131315
0.000668799
0.00178473
0.00356125
0.0058552
0.00770086
0.00653929
0.00229141
-0.00287822
-0.00709396
-0.0098104
-0.0112491
-0.0118466
-0.0119809
-0.0121969
-0.00379375
-0.909401
-0.538681
-0.281089
-0.069395
0.101705
0.239527
0.351742
0.447979
0.515098
0.51304
-0.354846
-0.17744
-0.0234155
0.113111
0.229667
0.327639
0.408677
0.471039
0.509675
0.525846
-0.054615
0.0540511
0.155747
0.24939
0.331108
0.400667
0.457586
0.500953
0.532364
0.552864
0.144378
0.217459
0.289734
0.356812
0.416033
0.466812
0.509091
0.543168
0.570604
0.589337
0.293045
0.342722
0.399146
0.448689
0.493565
0.532951
0.566845
0.595393
0.619088
0.635012
0.411593
0.450747
0.493943
0.533621
0.570024
0.603001
0.632125
0.657087
0.677681
0.69082
0.512804
0.546899
0.582737
0.617789
0.650372
0.680295
0.706957
0.729701
0.747888
0.758706
0.606576
0.63911
0.673541
0.707959
0.7398
0.768803
0.794337
0.815669
0.831899
0.841148
0.703042
0.738703
0.775326
0.811459
0.843936
0.872586
0.897099
0.917034
0.931693
0.940633
0.816881
0.857811
0.896903
0.933968
0.966042
0.993277
1.01601
1.03427
1.04788
1.05808
0.961186
1.00461
1.04209
1.07538
1.10339
1.12725
1.14797
1.1654
1.17943
1.1917
1.1392
1.17627
1.20466
1.22874
1.24986
1.26929
1.28758
1.30471
1.32093
1.33631
1.33672
1.35618
1.37204
1.38831
1.40498
1.42046
1.43412
1.44729
1.46283
1.48074
1.52607
1.53377
1.54562
1.55733
1.56723
1.57643
1.58674
1.59811
1.60947
1.61678
1.74487
1.74315
1.73508
1.71809
1.70672
1.70617
1.71835
1.74321
1.77691
1.80452
2.15341
1.96658
1.86503
1.80768
1.77871
1.77206
1.78735
1.828
1.90376
2.05006
-0.75669
-0.758039
-0.718572
-0.648943
-0.565301
-0.472613
0.373672
0.440978
0.439463
0.370682
0.304259
0.232261
-0.0180468
-0.262742
-0.557786
-0.952979
-1.40123
)
;

boundaryField
{
    wall-4
    {
        type            zeroGradient;
    }
    pressure-outlet-7
    {
        type            fixedValue;
        value           uniform 0;
    }
    velocity-inlet-6
    {
        type            zeroGradient;
    }
    velocity-inlet-5
    {
        type            zeroGradient;
    }
    frontAndBackPlanes
    {
        type            empty;
    }
}


// ************************************************************************* //
