/*--------------------------------*- C++ -*----------------------------------*\
| =========                 |                                                 |
| \\      /  F ield         | OpenFOAM: The Open Source CFD Toolbox           |
|  \\    /   O peration     | Version:  v2012                                 |
|   \\  /    A nd           | Website:  www.openfoam.com                      |
|    \\/     M anipulation  |                                                 |
\*---------------------------------------------------------------------------*/
FoamFile
{
    version     2.0;
    format      ascii;
    class       volScalarField;
    location    "57";
    object      p;
}
// * * * * * * * * * * * * * * * * * * * * * * * * * * * * * * * * * * * * * //

dimensions      [0 2 -2 0 0 0 0];


internalField   nonuniform List<scalar> 
8800
(
0.875765
0.827714
0.789338
0.760695
0.74007
0.725315
0.714711
0.707207
0.702368
0.700308
0.701595
0.705815
0.712498
0.721845
0.734608
0.752203
0.776651
0.810266
0.852715
0.909841
0.708296
0.715502
0.72394
0.727355
0.725439
0.719914
0.7132
0.707035
0.702277
0.699423
0.699151
0.701682
0.706211
0.712222
0.719142
0.725768
0.729906
0.729395
0.723336
0.714361
0.685001
0.691178
0.695376
0.698736
0.701235
0.70203
0.700919
0.698771
0.696734
0.695828
0.696806
0.699219
0.702067
0.704295
0.704837
0.703314
0.700472
0.696839
0.692306
0.688522
0.679862
0.682562
0.685282
0.687591
0.689235
0.690559
0.691465
0.691666
0.691401
0.691369
0.692134
0.693307
0.69411
0.69406
0.693274
0.692086
0.690343
0.687847
0.685425
0.683894
0.674662
0.676084
0.677883
0.679936
0.681686
0.682989
0.684012
0.684883
0.68556
0.686161
0.68682
0.687291
0.687336
0.686996
0.686309
0.685113
0.683422
0.681547
0.680227
0.679404
0.669646
0.670559
0.671794
0.673374
0.675024
0.676546
0.677814
0.678889
0.679886
0.680813
0.681514
0.681832
0.681785
0.681362
0.680501
0.679293
0.677948
0.676685
0.675866
0.675322
0.664767
0.665432
0.666388
0.667686
0.669098
0.670568
0.672013
0.673333
0.674539
0.675665
0.676505
0.676888
0.67682
0.676321
0.675509
0.674553
0.673543
0.672623
0.67204
0.67164
0.66
0.660512
0.661291
0.662415
0.663689
0.665064
0.666518
0.667996
0.669431
0.670783
0.671811
0.672302
0.672289
0.671905
0.6713
0.670577
0.669809
0.669126
0.668694
0.668381
0.65528
0.655688
0.656339
0.657341
0.658542
0.659865
0.661312
0.662875
0.664508
0.666123
0.667391
0.668065
0.668237
0.668071
0.667691
0.667178
0.66661
0.666118
0.665797
0.665543
0.650526
0.650858
0.651421
0.652343
0.653494
0.654803
0.656281
0.657938
0.659755
0.661657
0.663236
0.664197
0.664641
0.664725
0.664572
0.664278
0.663901
0.663568
0.66333
0.663117
0.64565
0.645926
0.646428
0.647302
0.648435
0.649767
0.651318
0.653111
0.655151
0.657381
0.659354
0.660688
0.661459
0.661826
0.661918
0.661844
0.661656
0.661462
0.661292
0.661107
0.640566
0.640797
0.641261
0.642119
0.643273
0.644671
0.646335
0.648317
0.650647
0.653283
0.65574
0.657522
0.658673
0.659364
0.659732
0.659885
0.659884
0.659818
0.659702
0.659539
0.635183
0.63538
0.635824
0.636695
0.637912
0.63942
0.641252
0.643492
0.646189
0.64934
0.652382
0.654695
0.656291
0.657351
0.658024
0.658417
0.658623
0.658673
0.658604
0.658454
0.629403
0.629572
0.630013
0.630927
0.632246
0.633916
0.635985
0.638561
0.641728
0.645515
0.649267
0.652214
0.654332
0.655815
0.656837
0.657518
0.657923
0.658087
0.658058
0.657917
0.623109
0.623254
0.623708
0.624693
0.626163
0.628054
0.630435
0.633443
0.637202
0.641774
0.646386
0.65009
0.652825
0.654805
0.656222
0.657214
0.657849
0.658132
0.65814
0.658004
0.616166
0.616286
0.616767
0.617857
0.619528
0.621711
0.624491
0.628046
0.632541
0.638072
0.643726
0.648337
0.651805
0.654371
0.656254
0.657605
0.658493
0.658899
0.65894
0.658805
0.608396
0.608495
0.609018
0.610248
0.612178
0.61473
0.618021
0.622267
0.627675
0.634379
0.64129
0.646986
0.65132
0.654575
0.657015
0.658785
0.659957
0.660491
0.660564
0.660426
0.599574
0.599677
0.600254
0.60164
0.6039
0.606932
0.610875
0.615989
0.622533
0.630674
0.639096
0.646078
0.651435
0.655499
0.658598
0.660857
0.662348
0.663019
0.663122
0.662978
0.589396
0.589479
0.590147
0.591758
0.59445
0.598098
0.602867
0.609075
0.617032
0.62693
0.637164
0.645664
0.65222
0.657238
0.661093
0.663926
0.665782
0.666598
0.666729
0.666575
0.577492
0.577559
0.578327
0.580252
0.583501
0.587941
0.593766
0.601359
0.611078
0.623119
0.635517
0.645797
0.653751
0.659883
0.664615
0.668119
0.670373
0.671337
0.671491
0.671324
0.563321
0.563378
0.564288
0.566626
0.570609
0.576092
0.583293
0.592664
0.604587
0.619235
0.634198
0.646552
0.656112
0.663521
0.669275
0.673531
0.676214
0.677324
0.677493
0.677309
0.54612
0.546165
0.547289
0.55021
0.555199
0.562092
0.571129
0.58282
0.59753
0.615345
0.633306
0.648025
0.659399
0.668251
0.675143
0.680238
0.683366
0.684606
0.684779
0.684575
0.524749
0.524793
0.52626
0.530056
0.536494
0.545373
0.556929
0.571683
0.589906
0.611529
0.632942
0.65031
0.6637
0.67415
0.682267
0.688276
0.69183
0.693166
0.693326
0.6931
0.497477
0.49754
0.499593
0.504801
0.513476
0.525276
0.540383
0.559209
0.581823
0.607947
0.633259
0.653522
0.66908
0.681242
0.690696
0.697606
0.701518
0.702893
0.703018
0.70277
0.461277
0.461442
0.4647
0.472511
0.484967
0.501233
0.521401
0.545578
0.573568
0.604882
0.634476
0.657799
0.675615
0.689557
0.70038
0.708106
0.71224
0.713563
0.71363
0.713362
0.41039
0.411372
0.417855
0.431018
0.450049
0.473216
0.500367
0.531305
0.565633
0.602715
0.636826
0.66328
0.683362
0.699049
0.711178
0.719536
0.723679
0.724846
0.724836
0.724555
0.336122
0.343382
0.358316
0.38139
0.41023
0.442629
0.478293
0.516995
0.558346
0.601697
0.640693
0.670547
0.693113
0.710732
0.724196
0.733051
0.737095
0.738086
0.738026
0.73778
0.256538
0.273241
0.297424
0.331179
0.370258
0.412027
0.456288
0.502978
0.551793
0.602141
0.646955
0.68108
0.706772
0.726753
0.741843
0.751082
0.754768
0.755504
0.755465
0.755314
0.18957
0.209411
0.241348
0.284218
0.332375
0.382987
0.435604
0.490136
0.546261
0.603399
0.65378
0.691904
0.720505
0.742574
0.758782
0.768001
0.771377
0.77202
0.772024
0.771925
0.134688
0.156384
0.193781
0.2431
0.298396
0.356459
0.416482
0.478234
0.54126
0.604892
0.660572
0.70245
0.733694
0.757556
0.774811
0.784262
0.787697
0.78839
0.78842
0.788357
0.0891006
0.112026
0.153195
0.207627
0.268647
0.332863
0.399239
0.467411
0.536758
0.606467
0.667168
0.712602
0.746349
0.771975
0.790288
0.800408
0.804105
0.804752
0.804816
0.804783
0.0503833
0.0740191
0.118053
0.176533
0.242382
0.311833
0.383716
0.457579
0.532676
0.608047
0.673501
0.722336
0.758513
0.785891
0.805327
0.816143
0.820161
0.820864
0.820949
0.820943
0.016521
0.0406248
0.0869421
0.148754
0.218684
0.292692
0.369464
0.448466
0.52885
0.609509
0.67946
0.731531
0.770014
0.799065
0.819546
0.831032
0.835402
0.836262
0.836394
0.836408
-0.0139707
0.0105408
0.0587213
0.123389
0.196833
0.274841
0.356005
0.439698
0.524983
0.610627
0.684852
0.740006
0.780649
0.811191
0.832679
0.844748
0.849456
0.850508
0.850638
0.850647
-0.0420554
-0.017173
0.0325962
0.0997212
0.176265
0.257822
0.342935
0.430931
0.520806
0.611196
0.689546
0.747641
0.790315
0.82221
0.844554
0.857126
0.862117
0.863305
0.863436
0.863434
-0.0685195
-0.0432261
0.00807018
0.0772314
0.156566
0.241282
0.329966
0.421925
0.516112
0.61106
0.693441
0.754413
0.799023
0.832193
0.855193
0.868131
0.873303
0.87458
0.874707
0.874689
-0.0937405
-0.0680189
-0.0155279
0.0556374
0.137431
0.224979
0.316903
0.41251
0.510751
0.610108
0.69648
0.760334
0.806838
0.841178
0.864756
0.877904
0.883129
0.884459
0.884559
0.884517
-0.118134
-0.0918377
-0.0383482
0.0346812
0.118657
0.208746
0.30361
0.402575
0.504626
0.608251
0.698626
0.765432
0.813869
0.849315
0.873362
0.886579
0.891849
0.893166
0.893243
0.893176
-0.141829
-0.115137
-0.0604716
0.0141907
0.100116
0.192488
0.29001
0.392058
0.497675
0.605431
0.69985
0.769746
0.820228
0.856805
0.881243
0.894442
0.899627
0.900882
0.900946
0.900858
-0.164967
-0.137739
-0.0820365
-0.0059203
0.0817544
0.176165
0.276075
0.380929
0.489867
0.601598
0.700113
0.773309
0.826026
0.863813
0.888568
0.901618
0.906632
0.907788
0.907794
0.907679
-0.187657
-0.159838
-0.103133
-0.0256827
0.0635458
0.159774
0.261818
0.369207
0.481198
0.596719
0.699366
0.776114
0.83136
0.87049
0.895478
0.908226
0.912919
0.913909
0.913855
0.913719
-0.209924
-0.181434
-0.12379
-0.0450974
0.0455179
0.14334
0.247279
0.356929
0.471696
0.590772
0.697551
0.778118
0.836282
0.87701
0.902173
0.91438
0.918565
0.919314
0.919201
0.919047
-0.231613
-0.202489
-0.143939
-0.0641447
0.0277001
0.126926
0.232517
0.344167
0.461414
0.583775
0.694599
0.779242
0.840781
0.883533
0.90895
0.920347
0.923697
0.924067
0.923884
0.923731
-0.252696
-0.222972
-0.163569
-0.082777
0.0101462
0.110588
0.217619
0.330995
0.450428
0.575755
0.690461
0.779361
0.844768
0.890144
0.916206
0.926642
0.928638
0.928261
0.927955
0.927851
-0.273245
-0.242844
-0.182659
-0.100963
-0.00708237
0.0944085
0.202672
0.317516
0.438828
0.566772
0.685083
0.778331
0.848055
0.896744
0.924291
0.934143
0.934292
0.93229
0.931526
0.931669
-0.293084
-0.262091
-0.201147
-0.118643
-0.0239285
0.0784694
0.187769
0.303838
0.426728
0.556919
0.678448
0.775984
0.85036
0.90296
0.933169
0.943839
0.942622
0.938168
0.93535
0.9348
-0.312306
-0.28071
-0.219049
-0.135846
-0.0404258
0.0627302
0.172858
0.289904
0.414059
0.546125
0.670417
0.772049
0.851376
0.908256
0.942168
0.955963
0.955991
0.949679
0.940762
0.931827
-0.330837
-0.298681
-0.236491
-0.152769
-0.0568608
0.0468616
0.157526
0.275237
0.40029
0.533762
0.660348
0.765745
0.850556
0.911903
0.949549
0.968235
0.970381
0.959014
0.938926
0.932759
-0.348499
-0.316014
-0.253293
-0.169222
-0.0729195
0.031187
0.141992
0.260161
0.385724
0.520083
0.648317
0.756541
0.847112
0.912763
0.951082
0.969791
0.974763
0.950115
0.884272
0.855392
-0.364821
-0.333961
-0.269068
-0.184699
-0.0877903
0.0162205
0.126565
0.244927
0.370607
0.505234
0.634305
0.744066
0.839785
0.910101
0.942169
0.955225
0.944262
0.890061
0.821707
0.780324
-0.414808
-0.350769
-0.283402
-0.200118
-0.102796
0.000683703
0.111271
0.229312
0.354622
0.488788
0.617756
0.727777
0.824679
0.901416
0.913004
0.909491
0.860485
0.790959
0.714719
0.672674
-0.381796
-0.364901
-0.304943
-0.220787
-0.125398
-0.0220495
0.0876347
0.204994
0.329276
0.461913
0.58894
0.697139
0.785312
0.867955
0.855566
0.742539
0.639716
0.567348
0.494986
0.526656
-0.413254
-0.383002
-0.321776
-0.238507
-0.142993
-0.0397708
0.0701181
0.18683
0.310049
0.440886
0.565114
0.66934
0.748013
0.79265
0.744685
0.596753
0.471933
0.382393
0.285832
0.336114
-0.437143
-0.404481
-0.341508
-0.258107
-0.162525
-0.0593644
0.0504289
0.166316
0.288134
0.416554
0.536999
0.635043
0.704438
0.713295
0.607763
0.438701
0.290563
0.174755
0.0480733
0.0834499
-0.460568
-0.426515
-0.362217
-0.277946
-0.182283
-0.0792636
0.0300247
0.14495
0.265166
0.390777
0.506507
0.596725
0.65046
0.628125
0.470521
0.278631
0.0957929
-0.066292
-0.248994
-0.258203
-0.483512
-0.448983
-0.383766
-0.298746
-0.202911
-0.100099
0.00855471
0.122392
0.240748
0.363158
0.47345
0.555938
0.590113
0.53134
0.33996
0.132262
-0.076323
-0.252996
-0.497536
-0.757691
-0.506804
-0.472222
-0.406464
-0.320941
-0.224896
-0.122229
-0.0141383
0.098582
0.214973
0.333938
0.438451
0.512626
0.525472
0.415797
0.225614
0.0157592
-0.18628
-0.349105
-0.42586
-0.532576
-0.531416
-0.496702
-0.430642
-0.344852
-0.248738
-0.146306
-0.0388676
0.0725686
0.186677
0.301684
0.400062
0.463156
0.451057
0.30712
0.123095
-0.0702722
-0.236443
-0.327195
-0.350266
-0.366458
-0.557614
-0.522739
-0.45647
-0.370569
-0.274569
-0.172542
-0.0659916
0.0438637
0.155271
0.265668
0.357457
0.40611
0.375997
0.205765
0.0297933
-0.138889
-0.266018
-0.304292
-0.316202
-0.317431
-0.585615
-0.550501
-0.484011
-0.398092
-0.302342
-0.200942
-0.0955296
0.0124183
0.120695
0.225882
0.310194
0.344137
0.293048
0.112593
-0.0544864
-0.204034
-0.280037
-0.297315
-0.298115
-0.297858
-0.615483
-0.580053
-0.513284
-0.427422
-0.332076
-0.231498
-0.127487
-0.0217819
0.0829604
0.182407
0.258269
0.280047
0.193703
0.027625
-0.131198
-0.252739
-0.289935
-0.287581
-0.286901
-0.286244
-0.646927
-0.611225
-0.544194
-0.458474
-0.363683
-0.264155
-0.161832
-0.0587102
0.042115
0.135356
0.202597
0.207602
0.103262
-0.0512191
-0.191602
-0.266033
-0.276647
-0.279245
-0.279737
-0.279423
-0.679408
-0.64356
-0.576499
-0.491022
-0.396982
-0.298758
-0.198413
-0.0982373
-0.0016423
0.0850827
0.143696
0.133623
0.0211139
-0.117904
-0.232989
-0.271731
-0.27516
-0.274905
-0.274525
-0.274255
-0.712451
-0.676475
-0.60976
-0.52467
-0.431631
-0.334989
-0.236948
-0.140077
-0.0480253
0.0323221
0.0803707
0.0621917
-0.0550019
-0.171325
-0.259656
-0.270478
-0.26935
-0.270015
-0.27022
-0.270032
-0.745184
-0.709264
-0.643062
-0.558834
-0.467092
-0.372377
-0.276986
-0.183743
-0.0965967
-0.0221964
0.0156332
-0.00468818
-0.124061
-0.211981
-0.258783
-0.27195
-0.270319
-0.269142
-0.268533
-0.268275
-0.776013
-0.740831
-0.675433
-0.592601
-0.502599
-0.410228
-0.317879
-0.228527
-0.146572
-0.0778784
-0.0438079
-0.078116
-0.185295
-0.258423
-0.255622
-0.269022
-0.271382
-0.26948
-0.268424
-0.267906
-0.803333
-0.769274
-0.705789
-0.624757
-0.537108
-0.447619
-0.358773
-0.273563
-0.19676
-0.133869
-0.100348
-0.145545
-0.242627
-0.312469
-0.317858
-0.299107
-0.28189
-0.271814
-0.268728
-0.267688
-0.82503
-0.79267
-0.732101
-0.653911
-0.569366
-0.4834
-0.398596
-0.31784
-0.245934
-0.188742
-0.157324
-0.196474
-0.283485
-0.387726
-0.405227
-0.34184
-0.299669
-0.281733
-0.275598
-0.273028
-0.838868
-0.809214
-0.752344
-0.678195
-0.597871
-0.516294
-0.436148
-0.360217
-0.292983
-0.240476
-0.209384
-0.229375
-0.27174
-0.377228
-0.354792
-0.336116
-0.329292
-0.32028
-0.311386
-0.308677
-0.842179
-0.816561
-0.764658
-0.695786
-0.620931
-0.544901
-0.470164
-0.399549
-0.336834
-0.287891
-0.250529
-0.236698
-0.181982
-0.216494
-0.243222
-0.280666
-0.308032
-0.311888
-0.311938
-0.312597
-0.832835
-0.812146
-0.766869
-0.705082
-0.637101
-0.567781
-0.499384
-0.434573
-0.376771
-0.331346
-0.282606
-0.240839
-0.0917603
0.142518
-0.0262174
-0.197424
-0.269934
-0.295348
-0.306076
-0.30964
-0.808542
-0.793014
-0.757133
-0.704873
-0.64539
-0.583892
-0.52264
-0.46411
-0.412134
-0.371057
-0.318572
-0.307227
-0.252921
-0.142752
-0.242657
-0.351137
-0.385624
-0.398071
-0.404752
-0.408538
-0.771999
-0.761989
-0.736221
-0.695285
-0.645735
-0.5929
-0.539193
-0.487121
-0.441271
-0.407328
-0.390507
-0.498244
-0.808437
-1.21405
-1.21458
-0.88752
-0.672659
-0.592671
-0.572375
-0.567903
-0.729969
-0.724315
-0.708952
-0.679077
-0.639909
-0.595414
-0.548722
-0.502569
-0.46107
-0.434973
-0.425262
-0.58652
-0.78796
-0.941619
-0.836528
-0.633417
-0.556432
-0.545346
-0.533172
-0.524329
-0.692155
-0.688831
-0.681458
-0.661558
-0.630704
-0.593065
-0.552064
-0.509227
-0.46938
-0.437603
-0.426952
-0.413169
-0.313932
-0.161743
-0.135472
-0.262537
-0.380084
-0.373455
-0.346324
-0.347877
-0.665078
-0.663087
-0.659415
-0.646912
-0.622292
-0.588945
-0.550611
-0.508532
-0.465195
-0.424941
-0.407585
-0.369639
-0.329997
-0.344298
-0.421721
-0.548988
-0.632512
-0.588704
-0.516064
-0.470866
-0.644424
-0.643689
-0.642569
-0.63632
-0.617132
-0.586106
-0.547316
-0.503349
-0.454789
-0.40933
-0.381756
-0.36503
-0.25095
-0.155159
-0.0769673
-0.0490103
-0.057203
-0.0628901
-0.0471592
-0.0322596
-0.63241
-0.632065
-0.631486
-0.628822
-0.614954
-0.584784
-0.543192
-0.494269
-0.440748
-0.379969
-0.326447
-0.268452
-0.127137
0.0350998
0.151214
0.221786
0.273066
0.332921
0.381513
0.402088
-0.624907
-0.624663
-0.624117
-0.623787
-0.615288
-0.585316
-0.539585
-0.484901
-0.420424
-0.343472
-0.263275
-0.147676
0.0393596
0.234297
0.402037
0.53095
0.661497
0.802094
0.90138
0.942611
-0.620564
-0.62082
-0.621461
-0.622889
-0.617043
-0.58742
-0.53768
-0.476085
-0.400936
-0.310807
-0.203411
-0.084864
0.153302
0.432562
0.722171
0.996621
1.22697
1.3935
1.4883
1.52065
-0.613805
-0.614684
-0.616667
-0.618611
-0.613865
-0.587011
-0.538302
-0.472164
-0.388436
-0.286508
-0.172656
-0.0684367
0.154923
0.461752
0.832521
1.16755
1.43414
1.60424
1.6831
1.70478
-0.611466
-0.610148
-0.603322
-0.591774
-0.586955
-0.581265
-0.545762
-0.476713
-0.384461
-0.276344
-0.158972
-0.0411101
0.119901
0.433777
0.758744
1.05328
1.28605
1.42548
1.48673
1.50201
-0.646659
-0.641041
-0.623911
-0.601695
-0.596166
-0.605681
-0.572739
-0.490257
-0.385762
-0.271047
-0.157368
-0.0437284
0.0783973
0.306946
0.586881
0.821269
1.00216
1.10392
1.14594
1.15524
-0.735991
-0.737304
-0.746744
-0.76322
-0.758794
-0.733633
-0.634869
-0.511239
-0.387824
-0.267667
-0.159199
-0.0616782
0.026944
0.184551
0.393859
0.568622
0.702872
0.775135
0.803882
0.808212
-0.854988
-0.874205
-0.91288
-0.939362
-0.929589
-0.857917
-0.692315
-0.524272
-0.383104
-0.262415
-0.164905
-0.084972
-0.0235795
0.0924247
0.240273
0.36026
0.449419
0.495864
0.513669
0.515364
-0.86247
-0.882774
-0.917857
-0.942929
-0.930075
-0.842045
-0.665339
-0.496272
-0.358927
-0.248409
-0.166368
-0.104341
-0.060394
0.0156237
0.115791
0.198086
0.254318
0.282165
0.291888
0.292718
-0.661778
-0.682061
-0.714856
-0.741768
-0.73319
-0.652865
-0.527421
-0.407965
-0.305102
-0.220313
-0.157963
-0.112414
-0.0784462
-0.0270258
0.0319351
0.0799164
0.112272
0.128189
0.133909
0.133861
-0.333998
-0.345897
-0.367454
-0.391378
-0.40068
-0.377974
-0.334208
-0.281741
-0.230422
-0.180754
-0.140521
-0.111474
-0.0894901
-0.0538089
-0.01835
0.0078767
0.0232725
0.0290817
0.0309585
0.0305466
-0.0485239
-0.0537157
-0.0675896
-0.0918843
-0.121504
-0.147336
-0.161831
-0.163676
-0.15437
-0.137251
-0.121416
-0.110071
-0.10028
-0.0808001
-0.057792
-0.0407333
-0.0326972
-0.0294954
-0.0286581
-0.0290967
0.107247
0.104634
0.0945378
0.0709872
0.0329046
-0.0109488
-0.0492084
-0.0768976
-0.0922994
-0.0979151
-0.101266
-0.1066
-0.110971
-0.0941941
-0.0767121
-0.0658146
-0.0603749
-0.0587939
-0.0584834
-0.0590154
0.159006
0.15717
0.149299
0.129746
0.0966227
0.0556153
0.0146938
-0.0201178
-0.0459775
-0.0636137
-0.0791441
-0.0981914
-0.110092
-0.0935412
-0.0768688
-0.0690787
-0.0668425
-0.0672058
-0.0676186
-0.0681441
0.160057
0.158716
0.153087
0.138994
0.114572
0.0828868
0.0484181
0.0159078
-0.0117227
-0.03403
-0.0538965
-0.0758009
-0.087127
-0.0731374
-0.0627871
-0.0594404
-0.0593744
-0.0603695
-0.0608896
-0.0613208
0.143282
0.142399
0.138673
0.129223
0.112445
0.0896765
0.0632082
0.0367081
0.0127273
-0.00718289
-0.0231643
-0.037813
-0.0421731
-0.0328551
-0.0302592
-0.0325489
-0.0367541
-0.0395818
-0.0406629
-0.0410671
0.122636
0.122121
0.1198
0.113761
0.102713
0.0871674
0.068327
0.0486584
0.0306183
0.0166741
0.00935149
0.00696299
0.0119012
0.0129442
0.00692884
0.000194314
-0.00572305
-0.00880028
-0.00994102
-0.0103965
0.102757
0.10254
0.101199
0.0975256
0.0905399
0.0803931
0.0677511
0.0543557
0.0425083
0.0354237
0.0376127
0.0483071
0.0612751
0.057039
0.0446383
0.0348041
0.0283808
0.0255768
0.0244062
0.0238113
0.0848784
0.0847671
0.0840517
0.0819451
0.0777477
0.0714621
0.0635208
0.0553167
0.0490058
0.0483119
0.0584258
0.0773148
0.0939463
0.0865761
0.0729817
0.0631216
0.0581921
0.0559107
0.0548974
0.0541827
0.0686941
0.0686962
0.0683898
0.0673172
0.0649724
0.061389
0.0568748
0.0525439
0.050305
0.0540377
0.0686355
0.0907675
0.107168
0.0989323
0.0870988
0.0805153
0.0774453
0.076547
0.0753598
0.0744317
0.0537406
0.0538008
0.0537341
0.0533053
0.0522292
0.0504484
0.0482433
0.046492
0.0468518
0.0527309
0.0680343
0.0886536
0.101773
0.0944118
0.0862911
0.082364
0.0816046
0.081528
0.0806593
0.0798656
0.0397146
0.0397903
0.0398472
0.0398138
0.0394965
0.0388799
0.0381119
0.0378455
0.0394049
0.0454908
0.0584196
0.074199
0.0818076
0.0761107
0.072824
0.0731316
0.0747109
0.0751022
0.0743583
0.0735688
0.0264683
0.0265288
0.0266208
0.0267775
0.0268932
0.0268899
0.0268586
0.0272433
0.0290062
0.0337702
0.0426135
0.0513613
0.0543104
0.050037
0.0506332
0.0542146
0.0572642
0.0581721
0.0575627
0.056859
0.0140597
0.0140913
0.0141672
0.0143684
0.0146174
0.0148278
0.0150474
0.0154977
0.0165885
0.0192851
0.0233698
0.0250565
0.0211462
0.0205799
0.0252198
0.0298988
0.0335998
0.034272
0.0335939
0.0329539
0.00257908
0.00259205
0.00259357
0.00265838
0.00285042
0.00300489
0.00309965
0.00318476
0.00333031
0.00340519
0.00372571
0.00315844
0.0032752
0.00334587
0.00408642
0.00585831
0.00505197
0.00338851
0.00403872
0.00484865
-0.06221
0.125253
0.325421
0.49338
0.627276
0.732653
0.820188
0.893827
0.924102
0.907944
0.261975
0.384989
0.513656
0.62467
0.718061
0.795394
0.857649
0.901311
0.923992
0.936882
0.480802
0.564124
0.651586
0.729326
0.795984
0.851666
0.895785
0.928292
0.952197
0.970105
0.640069
0.699295
0.760534
0.817338
0.86654
0.908234
0.942513
0.97023
0.992773
1.01106
0.764842
0.807259
0.854172
0.897208
0.935642
0.969217
0.998004
1.02228
1.04208
1.06004
0.868384
0.901349
0.939713
0.975034
1.00743
1.03658
1.06214
1.08382
1.10086
1.11846
0.960753
0.989577
1.02354
1.05567
1.08552
1.11267
1.13648
1.15631
1.17092
1.18837
1.04922
1.0786
1.11252
1.14462
1.17419
1.20077
1.22367
1.2421
1.25474
1.2722
1.14446
1.17801
1.2144
1.24807
1.27808
1.3042
1.32609
1.34316
1.35459
1.37239
1.2593
1.29784
1.33603
1.37021
1.39944
1.42409
1.44435
1.46004
1.47136
1.4897
1.40397
1.44343
1.47896
1.50934
1.53489
1.55693
1.57592
1.59143
1.60407
1.62219
1.57867
1.61071
1.63648
1.6588
1.67884
1.69757
1.71518
1.73173
1.74746
1.76565
1.76625
1.78381
1.79932
1.8159
1.83205
1.84658
1.8596
1.87357
1.89065
1.91033
1.94783
1.9588
1.97094
1.98172
1.99097
2.00053
2.0114
2.02299
2.03293
2.0481
2.15884
2.16085
2.1457
2.13047
2.12408
2.12974
2.14834
2.17875
2.21089
2.24163
2.46475
2.32771
2.25141
2.2093
2.19185
2.19589
2.22324
2.27939
2.38284
2.59812
0.772056
0.768681
0.762754
0.752949
0.740007
0.727586
0.717277
0.709337
0.70369
0.70042
0.700065
0.702819
0.707952
0.715215
0.724661
0.736355
0.74949
0.761483
0.768941
0.773662
0.690065
0.695951
0.702855
0.708095
0.710942
0.710615
0.707713
0.703795
0.700237
0.697958
0.697811
0.700025
0.703725
0.70809
0.712045
0.714051
0.712942
0.708854
0.702962
0.695918
0.682401
0.684748
0.688098
0.691005
0.693222
0.695023
0.695985
0.695733
0.694708
0.69382
0.693997
0.695433
0.697258
0.698545
0.698596
0.697429
0.695623
0.693283
0.690129
0.687166
0.677247
0.678333
0.680199
0.68258
0.684539
0.685931
0.687028
0.687889
0.688363
0.688617
0.689116
0.689911
0.690463
0.690438
0.68992
0.689051
0.687649
0.685594
0.683483
0.68207
0.672136
0.672791
0.673899
0.675618
0.677423
0.679038
0.680304
0.681332
0.682258
0.683087
0.683828
0.684359
0.684512
0.684315
0.683759
0.682732
0.681296
0.679725
0.678402
0.67762
0.667192
0.667648
0.66843
0.669724
0.671216
0.672747
0.674213
0.675499
0.676636
0.677705
0.678628
0.679188
0.679328
0.679061
0.678369
0.677366
0.676226
0.675089
0.674179
0.673658
0.662375
0.662715
0.663324
0.664388
0.665675
0.66705
0.668496
0.669945
0.671313
0.672592
0.673705
0.6744
0.674581
0.674305
0.673695
0.672908
0.672055
0.67119
0.67052
0.670139
0.657642
0.657907
0.658397
0.659302
0.660465
0.661757
0.66315
0.664642
0.666183
0.667703
0.669052
0.669923
0.670222
0.670094
0.669694
0.66913
0.66848
0.667841
0.66735
0.667059
0.652916
0.653127
0.653534
0.654329
0.655412
0.656655
0.658035
0.659568
0.661241
0.662998
0.664631
0.665755
0.666286
0.666397
0.666227
0.665881
0.665435
0.664985
0.664633
0.664405
0.648112
0.648282
0.648631
0.649352
0.650388
0.651609
0.653016
0.65463
0.656454
0.658463
0.660433
0.661907
0.662756
0.663149
0.663226
0.663106
0.662869
0.662589
0.662352
0.66217
0.643143
0.64328
0.643588
0.644264
0.645283
0.646527
0.647999
0.649737
0.651768
0.654079
0.656461
0.658373
0.659603
0.660323
0.660681
0.660799
0.66077
0.660653
0.660513
0.660367
0.637922
0.638032
0.638313
0.638969
0.640005
0.641317
0.642899
0.644813
0.647117
0.649816
0.652706
0.655143
0.656821
0.657919
0.658593
0.658972
0.65915
0.659201
0.659146
0.659027
0.632353
0.632441
0.632706
0.633367
0.634457
0.635878
0.637624
0.639784
0.642438
0.645628
0.649145
0.652211
0.654419
0.655953
0.656982
0.657664
0.658079
0.658282
0.658302
0.658204
0.626332
0.626399
0.626657
0.627346
0.628527
0.630106
0.632079
0.634563
0.637667
0.641474
0.645755
0.649578
0.652415
0.654459
0.655897
0.656914
0.657587
0.657957
0.658048
0.657968
0.61973
0.619777
0.620037
0.620776
0.622089
0.623881
0.626155
0.629055
0.632728
0.637296
0.642508
0.647243
0.650829
0.653476
0.655392
0.656785
0.657757
0.658306
0.658467
0.658401
0.612395
0.612426
0.61269
0.613503
0.614993
0.617063
0.619721
0.623149
0.627536
0.633041
0.639386
0.645217
0.649694
0.653053
0.655535
0.657375
0.658685
0.659427
0.659657
0.659602
0.604139
0.604156
0.604423
0.605334
0.607055
0.609469
0.612623
0.616722
0.621999
0.628659
0.636379
0.643523
0.649056
0.653253
0.656403
0.658781
0.660474
0.661426
0.661727
0.66168
0.594653
0.594641
0.594969
0.596018
0.598021
0.600889
0.604678
0.609625
0.616018
0.624106
0.633493
0.642199
0.648977
0.654158
0.658092
0.661096
0.663229
0.664416
0.66479
0.664748
0.583653
0.583616
0.583989
0.585232
0.587605
0.59106
0.595655
0.601675
0.609468
0.619316
0.630719
0.641278
0.649514
0.655852
0.660707
0.664432
0.667075
0.668513
0.668958
0.668917
0.570663
0.5706
0.57105
0.572544
0.575403
0.579622
0.585262
0.592661
0.60222
0.61424
0.628067
0.64081
0.650744
0.658417
0.664345
0.668902
0.672116
0.673819
0.67433
0.674286
0.555041
0.554949
0.555524
0.557367
0.560874
0.566114
0.57314
0.582341
0.594155
0.608864
0.62559
0.640875
0.652752
0.661942
0.6691
0.674596
0.678437
0.68041
0.680975
0.680921
0.535851
0.535734
0.536508
0.538863
0.543284
0.549945
0.558867
0.570474
0.585198
0.603231
0.623387
0.641579
0.655638
0.666528
0.675037
0.681581
0.686083
0.688307
0.688907
0.688836
0.511693
0.511562
0.512668
0.515815
0.521612
0.53035
0.541959
0.556838
0.57532
0.597422
0.621575
0.643028
0.659487
0.672234
0.682196
0.689883
0.695032
0.697457
0.698059
0.697963
0.480268
0.480162
0.481873
0.486386
0.494474
0.506444
0.521996
0.541373
0.564664
0.591653
0.620363
0.645382
0.664398
0.679112
0.690623
0.69946
0.705165
0.707698
0.708257
0.708129
0.437444
0.437503
0.440539
0.4479
0.460248
0.477499
0.498888
0.524324
0.553612
0.586313
0.620053
0.648835
0.670474
0.687192
0.70026
0.710181
0.716251
0.718733
0.719197
0.719034
0.375515
0.376705
0.38411
0.397896
0.418025
0.443671
0.47327
0.506409
0.542773
0.581827
0.620891
0.653517
0.67777
0.696423
0.710931
0.721707
0.727888
0.730089
0.730388
0.730202
0.301773
0.303814
0.318085
0.341785
0.372712
0.408259
0.446801
0.488149
0.532107
0.578194
0.623455
0.660855
0.68853
0.709709
0.726038
0.737745
0.743952
0.745974
0.746235
0.746142
0.225879
0.232227
0.253449
0.287284
0.328603
0.373792
0.421265
0.470897
0.52256
0.575801
0.627435
0.669774
0.700973
0.724799
0.743096
0.755585
0.761447
0.763043
0.763235
0.763204
0.163911
0.172384
0.198122
0.238995
0.288456
0.341867
0.397407
0.4548
0.513819
0.573955
0.631714
0.678721
0.713186
0.739357
0.759105
0.772077
0.777897
0.779346
0.7796
0.779633
0.113388
0.122473
0.151742
0.19783
0.253414
0.313432
0.375797
0.440056
0.505814
0.572426
0.635994
0.687424
0.724932
0.753262
0.774507
0.788086
0.793937
0.795698
0.79604
0.796118
0.0710876
0.0804454
0.112152
0.16224
0.222851
0.288362
0.356503
0.42675
0.498552
0.571128
0.640161
0.695792
0.736217
0.766649
0.7893
0.803769
0.810116
0.812168
0.812542
0.812628
0.0346206
0.0440895
0.0776286
0.130924
0.195697
0.265898
0.339072
0.414616
0.491887
0.569971
0.644143
0.703772
0.746988
0.779458
0.803521
0.818904
0.825871
0.828081
0.828505
0.828575
0.00232025
0.0118331
0.0467818
0.102791
0.171054
0.245298
0.322932
0.403255
0.485539
0.568747
0.647767
0.71119
0.757056
0.791412
0.816798
0.833059
0.840591
0.843006
0.843463
0.843529
-0.0270792
-0.0175123
0.0185936
0.0769572
0.148201
0.225992
0.307595
0.392256
0.479164
0.567194
0.650837
0.71789
0.766265
0.802348
0.828915
0.845883
0.853977
0.856578
0.857052
0.8571
-0.0544405
-0.0448174
-0.00766425
0.0526864
0.126599
0.207539
0.292688
0.381296
0.472504
0.565103
0.653208
0.723786
0.77455
0.812276
0.839856
0.857403
0.865875
0.868617
0.869111
0.869138
-0.0803276
-0.0706236
-0.0324947
0.0295262
0.105867
0.189608
0.277951
0.370163
0.465367
0.562312
0.654769
0.728837
0.781945
0.82121
0.849715
0.867707
0.876328
0.879175
0.879681
0.879675
-0.105219
-0.0953466
-0.0563707
0.00724533
0.0857413
0.171972
0.263201
0.358702
0.457624
0.558712
0.655447
0.733032
0.788515
0.829272
0.85859
0.876879
0.885577
0.888432
0.888934
0.888909
-0.129365
-0.119264
-0.0795514
-0.0143652
0.0660313
0.154487
0.248319
0.346824
0.449193
0.554228
0.655188
0.736367
0.794324
0.836607
0.866661
0.885156
0.893838
0.896645
0.897107
0.897049
-0.152869
-0.142561
-0.10204
-0.0354607
0.0466284
0.137085
0.23325
0.334479
0.44003
0.548802
0.653936
0.738848
0.799449
0.843369
0.874154
0.892743
0.901291
0.903988
0.904393
0.904314
-0.175885
-0.165282
-0.123982
-0.0561163
0.0274905
0.11973
0.217977
0.321662
0.430127
0.542412
0.651644
0.740452
0.803954
0.849695
0.881212
0.899759
0.90807
0.910575
0.910888
0.910773
-0.198383
-0.187496
-0.145447
-0.0763681
0.00861149
0.102432
0.202531
0.308405
0.419506
0.535049
0.648269
0.741128
0.807862
0.855711
0.888014
0.90635
0.914214
0.916429
0.916625
0.916487
-0.220419
-0.209211
-0.166371
-0.0962021
-0.00998965
0.0852223
0.18695
0.294767
0.40822
0.526734
0.643774
0.740804
0.811143
0.861518
0.894781
0.912743
0.919872
0.921614
0.921662
0.921501
-0.24181
-0.23036
-0.18674
-0.115577
-0.0282683
0.0681707
0.171302
0.280816
0.396339
0.517524
0.638137
0.739392
0.813709
0.867145
0.90177
0.919335
0.92534
0.92626
0.926059
0.925889
-0.262692
-0.250895
-0.206542
-0.134472
-0.0461928
0.0513156
0.155677
0.266635
0.38395
0.507498
0.631364
0.736788
0.815409
0.872495
0.909169
0.926708
0.931286
0.930715
0.929891
0.929727
-0.282906
-0.270787
-0.225747
-0.152841
-0.0636838
0.0347416
0.140157
0.252342
0.371162
0.496721
0.623492
0.732888
0.816044
0.877311
0.916899
0.935479
0.939021
0.936196
0.933705
0.932823
-0.302504
-0.290082
-0.244301
-0.170631
-0.0807061
0.0185178
0.124827
0.238019
0.358085
0.485329
0.614587
0.727591
0.815385
0.881185
0.924412
0.945678
0.950077
0.945848
0.939464
0.930582
-0.321406
-0.308742
-0.262283
-0.187999
-0.0974717
0.00236997
0.109355
0.223267
0.344276
0.472822
0.604128
0.720333
0.812953
0.883746
0.931003
0.956524
0.964698
0.960764
0.950461
0.946446
-0.339561
-0.326757
-0.279686
-0.204906
-0.113973
-0.0136798
0.0937627
0.208069
0.329696
0.459085
0.591927
0.710703
0.807984
0.884195
0.934676
0.96362
0.974359
0.974219
0.936679
0.889583
-0.35667
-0.34346
-0.296437
-0.221258
-0.130264
-0.029734
0.0780184
0.192546
0.314402
0.444164
0.577902
0.698444
0.799341
0.881852
0.933401
0.957648
0.968369
0.949436
0.892674
0.831893
-0.374546
-0.358683
-0.312243
-0.236417
-0.145953
-0.0454463
0.0618408
0.176745
0.298516
0.428211
0.56204
0.683347
0.785588
0.877326
0.924915
0.957147
0.927416
0.878794
0.808106
0.741362
-0.361795
-0.341363
-0.290336
-0.210026
-0.113506
-0.0100303
0.102593
0.220424
0.345436
0.479189
0.607812
0.717679
0.81302
0.906878
0.9378
0.864197
0.811381
0.744845
0.671836
0.623844
-0.381495
-0.368321
-0.330987
-0.259973
-0.169951
-0.0705414
0.0370325
0.151451
0.27259
0.401258
0.533584
0.65377
0.753415
0.840267
0.910185
0.894399
0.777041
0.691808
0.627524
0.546372
-0.40267
-0.388254
-0.346047
-0.273879
-0.183234
-0.0841607
0.0223243
0.135805
0.256013
0.383324
0.514012
0.632403
0.728895
0.803223
0.830172
0.748227
0.609015
0.513661
0.438437
0.352342
-0.424093
-0.411548
-0.365182
-0.291907
-0.201223
-0.101721
0.00476923
0.117986
0.237334
0.363196
0.49113
0.605066
0.692562
0.751223
0.728313
0.596204
0.446446
0.331117
0.234609
0.103673
-0.447497
-0.434837
-0.38634
-0.311798
-0.220971
-0.121391
-0.0150166
0.0976512
0.215915
0.339903
0.464431
0.572771
0.651034
0.687867
0.6279
0.447281
0.27139
0.123708
-0.0127366
-0.199088
-0.470285
-0.457821
-0.408142
-0.332371
-0.2411
-0.141572
-0.0355824
0.0762558
0.193172
0.314879
0.435488
0.537491
0.607855
0.610149
0.500417
0.304995
0.0989919
-0.0908911
-0.261185
-0.638501
-0.493246
-0.481012
-0.430757
-0.35413
-0.262468
-0.162906
-0.0573117
0.0536684
0.169105
0.288263
0.404539
0.499203
0.558103
0.527991
0.376569
0.177358
-0.0360504
-0.234698
-0.402165
-0.694269
-0.517145
-0.505041
-0.454466
-0.377301
-0.28537
-0.185766
-0.080526
0.029613
0.1435
0.259903
0.371561
0.458496
0.502143
0.453782
0.264877
0.0712225
-0.127272
-0.29276
-0.361072
-0.399454
-0.542528
-0.530547
-0.47966
-0.402186
-0.310189
-0.210724
-0.105995
0.00306991
0.115072
0.228207
0.334598
0.413107
0.439816
0.355695
0.1645
-0.018385
-0.185137
-0.290846
-0.326083
-0.334621
-0.569658
-0.557629
-0.506504
-0.42881
-0.336876
-0.237734
-0.133739
-0.026014
0.0837285
0.19307
0.293446
0.363294
0.363821
0.250248
0.0727406
-0.095981
-0.235904
-0.291097
-0.302389
-0.30618
-0.598626
-0.58649
-0.535075
-0.457198
-0.365436
-0.266804
-0.163766
-0.0576833
0.0494341
0.15452
0.24814
0.308549
0.284784
0.151388
-0.0115855
-0.16945
-0.268395
-0.294006
-0.292013
-0.292039
-0.629199
-0.617262
-0.565333
-0.487319
-0.395836
-0.297891
-0.196064
-0.091926
0.012207
0.112577
0.198981
0.247747
0.214626
0.0609232
-0.0880117
-0.225723
-0.268364
-0.278636
-0.282474
-0.282616
-0.661219
-0.649293
-0.59707
-0.519012
-0.427945
-0.330896
-0.230543
-0.128666
-0.0278868
0.0674286
0.146191
0.183814
0.14292
-0.0165095
-0.154378
-0.249747
-0.288769
-0.278806
-0.277229
-0.277038
-0.694174
-0.682192
-0.629975
-0.551954
-0.461477
-0.365572
-0.266972
-0.167692
-0.0706387
0.0194571
0.0901521
0.118756
0.0572312
-0.0842671
-0.205979
-0.255215
-0.271528
-0.272594
-0.272441
-0.272241
-0.727354
-0.715344
-0.663219
-0.58558
-0.495979
-0.401503
-0.304993
-0.208639
-0.115685
-0.0309174
0.0321787
0.0458757
-0.0250703
-0.142205
-0.23488
-0.26304
-0.265996
-0.269038
-0.269219
-0.269227
-0.759467
-0.747842
-0.695862
-0.619199
-0.530759
-0.43808
-0.34404
-0.250944
-0.162386
-0.0832173
-0.0256652
-0.0253156
-0.098844
-0.197538
-0.252886
-0.294625
-0.275803
-0.270212
-0.268788
-0.268246
-0.789007
-0.777896
-0.72694
-0.651412
-0.564859
-0.474454
-0.383346
-0.293863
-0.209848
-0.136469
-0.0830243
-0.0874485
-0.167211
-0.252492
-0.284827
-0.27385
-0.276353
-0.272257
-0.269399
-0.268411
-0.814336
-0.803904
-0.754463
-0.681088
-0.597027
-0.509516
-0.421905
-0.336466
-0.257025
-0.189252
-0.1407
-0.14262
-0.22059
-0.312376
-0.356445
-0.341038
-0.304404
-0.280876
-0.271827
-0.269497
-0.833042
-0.82354
-0.776454
-0.706251
-0.625789
-0.542051
-0.458527
-0.377633
-0.302841
-0.240144
-0.196525
-0.189815
-0.248674
-0.343786
-0.401579
-0.364832
-0.324493
-0.304811
-0.294658
-0.289099
-0.84302
-0.834384
-0.790845
-0.724993
-0.649339
-0.570513
-0.491983
-0.416101
-0.346211
-0.287939
-0.246128
-0.224351
-0.235126
-0.262331
-0.313005
-0.312855
-0.324563
-0.329731
-0.324184
-0.319608
-0.840184
-0.833053
-0.795856
-0.735461
-0.665973
-0.593393
-0.520872
-0.45072
-0.386085
-0.331596
-0.287899
-0.250214
-0.190955
-0.0595193
-0.0926159
-0.183936
-0.266804
-0.288746
-0.298568
-0.302052
-0.822843
-0.81799
-0.788807
-0.736242
-0.674402
-0.609405
-0.543938
-0.480203
-0.421464
-0.371467
-0.327837
-0.283807
-0.204118
0.0153683
0.0653554
-0.142396
-0.270738
-0.317275
-0.333838
-0.340392
-0.791622
-0.788121
-0.768227
-0.726451
-0.674173
-0.617918
-0.560334
-0.503524
-0.450839
-0.406916
-0.379392
-0.372512
-0.43996
-0.585407
-0.68901
-0.653309
-0.564645
-0.507182
-0.495133
-0.493915
-0.751142
-0.748944
-0.737615
-0.708135
-0.666276
-0.619375
-0.569801
-0.519928
-0.472902
-0.43559
-0.4141
-0.478188
-0.747983
-1.2017
-1.35301
-1.07587
-0.800798
-0.668523
-0.615325
-0.599445
-0.709958
-0.70869
-0.703181
-0.685696
-0.654335
-0.615231
-0.573101
-0.528766
-0.486134
-0.450326
-0.438583
-0.458283
-0.51416
-0.462151
-0.306627
-0.179939
-0.251954
-0.369477
-0.414167
-0.41911
-0.677109
-0.676451
-0.673819
-0.663663
-0.641227
-0.609149
-0.571854
-0.530968
-0.488336
-0.449369
-0.424302
-0.383536
-0.338072
-0.278054
-0.313976
-0.447812
-0.606864
-0.626905
-0.557724
-0.491186
-0.653923
-0.653198
-0.651845
-0.647727
-0.631832
-0.604394
-0.568804
-0.528083
-0.483429
-0.438599
-0.400565
-0.395252
-0.342628
-0.278748
-0.247821
-0.266452
-0.315906
-0.336287
-0.304716
-0.251132
-0.637741
-0.637457
-0.636855
-0.635068
-0.625974
-0.60197
-0.566216
-0.522898
-0.474572
-0.421006
-0.374738
-0.35486
-0.264321
-0.117238
0.0018498
0.101571
0.143164
0.149316
0.166903
0.185367
-0.628191
-0.628066
-0.627618
-0.626896
-0.622915
-0.602013
-0.56438
-0.516543
-0.460468
-0.398202
-0.327916
-0.256416
-0.140036
0.0386702
0.196528
0.294517
0.373361
0.474109
0.571613
0.630879
-0.622628
-0.62259
-0.622417
-0.622555
-0.621689
-0.604309
-0.563836
-0.510077
-0.446725
-0.371287
-0.278773
-0.184018
0.00376863
0.236825
0.471661
0.683489
0.868993
1.04443
1.17825
1.24608
-0.617598
-0.618036
-0.619233
-0.621338
-0.621597
-0.606048
-0.564158
-0.507093
-0.435786
-0.346936
-0.241872
-0.134884
0.0236364
0.303453
0.632105
0.97329
1.2709
1.48652
1.61445
1.66623
-0.609888
-0.610609
-0.610416
-0.608714
-0.605757
-0.596459
-0.565328
-0.510241
-0.431389
-0.33483
-0.225137
-0.103749
0.0323123
0.289917
0.638784
0.978573
1.27141
1.48003
1.59006
1.6296
-0.622778
-0.6221
-0.613639
-0.592795
-0.57515
-0.581917
-0.577583
-0.523012
-0.435749
-0.330434
-0.216502
-0.0960546
0.0133903
0.228599
0.534166
0.818678
1.05869
1.22203
1.30397
1.33169
-0.685517
-0.681724
-0.675393
-0.664739
-0.660852
-0.664373
-0.638093
-0.552263
-0.44451
-0.328331
-0.213432
-0.103691
-0.00262232
0.130167
0.369228
0.594165
0.779084
0.900327
0.957726
0.975931
-0.802508
-0.80223
-0.823018
-0.858196
-0.867573
-0.843566
-0.745279
-0.593226
-0.451016
-0.325097
-0.212054
-0.116192
-0.0348467
0.0554035
0.227443
0.388705
0.5193
0.603572
0.641879
0.653229
-0.880901
-0.889642
-0.922159
-0.956188
-0.963845
-0.927017
-0.78907
-0.600935
-0.440777
-0.313882
-0.209645
-0.128894
-0.0662934
-0.00670693
0.115283
0.227989
0.313799
0.366645
0.389632
0.39646
-0.784331
-0.793435
-0.825354
-0.85877
-0.870219
-0.825197
-0.687421
-0.530764
-0.393439
-0.283266
-0.197265
-0.134977
-0.0874512
-0.0466284
0.0291273
0.1047
0.157539
0.189155
0.202469
0.206419
-0.499567
-0.509507
-0.532287
-0.560984
-0.577207
-0.55187
-0.476457
-0.388883
-0.306162
-0.234349
-0.173636
-0.130016
-0.0960425
-0.0651679
-0.0165724
0.0235536
0.0524633
0.0687787
0.0750232
0.0764385
-0.174976
-0.18021
-0.192636
-0.214132
-0.238375
-0.251274
-0.248224
-0.231499
-0.206114
-0.175101
-0.144152
-0.120289
-0.101346
-0.0824013
-0.0533773
-0.0273776
-0.0121741
-0.00572359
-0.00372266
-0.00343679
0.0470261
0.0447437
0.0379219
0.0203695
-0.0105303
-0.0492961
-0.0844663
-0.108854
-0.120183
-0.119797
-0.114192
-0.109599
-0.106698
-0.0984068
-0.0799456
-0.0630145
-0.053024
-0.0482795
-0.0467468
-0.046547
0.143291
0.141823
0.137183
0.122354
0.0927168
0.0508737
0.00716622
-0.0305229
-0.05793
-0.0747756
-0.0851895
-0.09673
-0.109518
-0.104861
-0.0858411
-0.072308
-0.0664702
-0.0651302
-0.065296
-0.0655771
0.163719
0.162768
0.159304
0.148071
0.12507
0.091562
0.0535268
0.0165245
-0.014821
-0.0385975
-0.0573973
-0.0780126
-0.0989713
-0.0949117
-0.0786181
-0.0689388
-0.0655354
-0.0653108
-0.0658214
-0.0661512
0.15295
0.152375
0.149976
0.142261
0.126232
0.102093
0.0728409
0.0422803
0.0139415
-0.00995376
-0.0297571
-0.0487573
-0.0653561
-0.0597538
-0.0498813
-0.0472365
-0.0484455
-0.0507731
-0.0521804
-0.0526419
0.133114
0.132825
0.131291
0.126302
0.115682
0.0991628
0.0781506
0.0549436
0.0324937
0.0132759
-0.00121337
-0.0115342
-0.0172328
-0.0121784
-0.0101068
-0.0139569
-0.0195245
-0.0237699
-0.0257732
-0.0264293
0.112503
0.112436
0.111521
0.108453
0.101714
0.0908861
0.0766209
0.0603626
0.0443736
0.0311425
0.024431
0.025816
0.0326882
0.0372569
0.0310733
0.0218609
0.0139827
0.0095409
0.00771352
0.00695736
0.0935469
0.0935376
0.0930643
0.0913123
0.087242
0.0804362
0.0712213
0.0606002
0.0504282
0.0433619
0.0444791
0.0563517
0.0732636
0.0783167
0.066761
0.0551217
0.0466686
0.0425884
0.0410607
0.0401651
0.0765553
0.0766297
0.0764085
0.0754769
0.0731643
0.0691426
0.0636158
0.0573193
0.0518619
0.0499216
0.0569705
0.0748933
0.0960047
0.101526
0.0876602
0.0767983
0.0710648
0.0688618
0.0674654
0.06638
0.0610229
0.0611237
0.0610799
0.0606983
0.0596112
0.0573993
0.0544488
0.0511938
0.0490503
0.0504492
0.0605011
0.0802104
0.101135
0.105623
0.09309
0.0851158
0.0817676
0.0808271
0.0800789
0.0791315
0.0465583
0.0466604
0.0467039
0.0466379
0.0462382
0.0453585
0.0440422
0.0427446
0.0426064
0.0456534
0.0559381
0.0734488
0.0915852
0.0917451
0.0833009
0.0797824
0.0793705
0.0798734
0.0793799
0.0785076
0.0329352
0.0330258
0.0331014
0.0331842
0.0332152
0.0330608
0.0327371
0.0325429
0.0333037
0.0365275
0.0449417
0.0578584
0.0684657
0.0684138
0.0625625
0.0635293
0.0660131
0.0676167
0.0674977
0.0667624
0.0200984
0.020165
0.020229
0.0204025
0.0206062
0.020776
0.020906
0.0211589
0.0220273
0.0244633
0.0298598
0.0366532
0.0388136
0.0353631
0.0361851
0.0404867
0.044757
0.0467271
0.0467018
0.0460482
0.00259166
0.00258776
0.00261409
0.00274652
0.00293646
0.00305844
0.00314187
0.00323417
0.00337529
0.0035721
0.00356725
0.00251077
0.00362842
0.00344012
0.00517576
0.00572679
0.00384715
0.00348993
0.00465082
0.019924
-0.96651
-0.355018
0.0667439
0.317716
0.501237
0.641452
0.750479
0.840013
0.935812
1.01282
-0.0223121
0.176509
0.349465
0.497778
0.621297
0.722012
0.804089
0.870759
0.911208
0.916773
0.310496
0.426346
0.535457
0.635109
0.720627
0.792693
0.851574
0.89598
0.925286
0.94342
0.518387
0.596771
0.672412
0.742749
0.804339
0.856773
0.899862
0.933754
0.960212
0.979116
0.670721
0.723958
0.782449
0.833919
0.880115
0.92021
0.954252
0.98266
1.00629
1.02305
0.791735
0.832454
0.877268
0.917176
0.953917
0.986932
1.01589
1.0408
1.0617
1.07574
0.893429
0.928136
0.964055
0.998321
1.03031
1.05973
1.08599
1.10865
1.12723
1.13887
0.986088
1.01748
1.05045
1.08307
1.11371
1.14195
1.16705
1.18836
1.20502
1.21475
1.07675
1.10968
1.14409
1.17814
1.20941
1.23761
1.26211
1.28234
1.2974
1.30624
1.17845
1.21636
1.25399
1.29017
1.32218
1.34991
1.37325
1.39205
1.40586
1.41526
1.3051
1.34785
1.38679
1.42225
1.45247
1.47799
1.49946
1.51693
1.53032
1.54155
1.4664
1.50794
1.54149
1.57048
1.59487
1.61634
1.63588
1.65323
1.66818
1.6819
1.65683
1.68625
1.70785
1.72697
1.74521
1.76254
1.77866
1.79434
1.81103
1.82827
1.85339
1.864
1.87627
1.89079
1.90532
1.91822
1.9295
1.94032
1.95303
1.96859
2.04034
2.04992
2.05953
2.06156
2.06212
2.06631
2.07712
2.09345
2.11079
2.11548
2.34497
2.2861
2.23438
2.19435
2.17196
2.16787
2.18142
2.21512
2.2711
2.35043
0.906794
0.849686
0.807294
0.77376
0.749434
0.732024
0.719535
0.710579
0.704437
0.700934
0.700538
0.703411
0.708875
0.716842
0.727775
0.742756
0.763531
0.792273
0.830718
0.878806
0.711168
0.720197
0.726341
0.726954
0.722977
0.716585
0.710002
0.704468
0.700596
0.698928
0.700103
0.703716
0.709037
0.715603
0.722599
0.728319
0.730365
0.727034
0.71868
0.711493
0.686701
0.688798
0.693395
0.697148
0.700155
0.701906
0.701683
0.699899
0.697663
0.696068
0.696076
0.697909
0.700657
0.703327
0.704815
0.704289
0.701984
0.698766
0.694659
0.690223
0.680497
0.681397
0.683901
0.686538
0.688476
0.689934
0.691095
0.69166
0.691554
0.691303
0.691649
0.692724
0.693793
0.694193
0.693728
0.692722
0.691306
0.689164
0.686559
0.684535
0.67502
0.675485
0.676893
0.678939
0.680872
0.682392
0.683524
0.684472
0.685248
0.685854
0.686485
0.6871
0.687366
0.687204
0.686701
0.685778
0.684306
0.68246
0.680795
0.67977
0.669896
0.670185
0.671098
0.672567
0.674208
0.675816
0.677217
0.678369
0.679397
0.680363
0.681199
0.68172
0.68185
0.681622
0.680982
0.679924
0.678618
0.67729
0.676209
0.675582
0.664954
0.665158
0.665843
0.667009
0.668385
0.669832
0.671305
0.672694
0.673949
0.675117
0.67613
0.676752
0.676907
0.676616
0.67594
0.675038
0.674054
0.673061
0.672281
0.67184
0.660144
0.660299
0.660842
0.66182
0.663038
0.664368
0.665786
0.667262
0.668726
0.670123
0.671348
0.672123
0.672349
0.67213
0.67162
0.670947
0.670198
0.669448
0.668873
0.668541
0.655394
0.655516
0.655961
0.656804
0.657924
0.659191
0.660575
0.662083
0.66369
0.665329
0.666814
0.667799
0.668201
0.668185
0.6679
0.667445
0.666894
0.666349
0.665932
0.665676
0.650616
0.650715
0.65109
0.651843
0.6529
0.65413
0.655522
0.65709
0.658832
0.66071
0.662503
0.663791
0.664471
0.664718
0.66467
0.664436
0.664091
0.663725
0.663433
0.66323
0.645722
0.645803
0.646129
0.646823
0.647847
0.649078
0.650515
0.652185
0.654104
0.656254
0.658419
0.660102
0.661132
0.661682
0.661899
0.661894
0.661756
0.661557
0.66137
0.661208
0.640622
0.640689
0.640981
0.641643
0.642666
0.643944
0.645468
0.647286
0.649443
0.651935
0.654558
0.65672
0.658165
0.659065
0.659581
0.659825
0.659896
0.659858
0.659761
0.65963
0.635226
0.635282
0.635553
0.636207
0.637265
0.638632
0.640292
0.642319
0.644786
0.647715
0.650903
0.653639
0.655571
0.656876
0.657728
0.658249
0.658543
0.658664
0.658647
0.65854
0.629433
0.62948
0.629739
0.630409
0.63154
0.63304
0.634895
0.637206
0.64007
0.643551
0.64743
0.650857
0.653365
0.65514
0.656375
0.657219
0.657753
0.658032
0.658088
0.658
0.623128
0.623167
0.623423
0.624131
0.625371
0.627057
0.629176
0.631855
0.635225
0.639392
0.644115
0.648373
0.651566
0.653896
0.655574
0.656771
0.657576
0.658031
0.658158
0.658086
0.616171
0.6162
0.616461
0.61723
0.618623
0.620556
0.623017
0.626163
0.630171
0.635182
0.640933
0.646191
0.650201
0.653186
0.655388
0.656991
0.658109
0.658751
0.658948
0.658889
0.608394
0.608411
0.608684
0.609534
0.611129
0.613376
0.616272
0.620014
0.624818
0.630869
0.637868
0.644327
0.649309
0.653066
0.655886
0.657976
0.659451
0.660295
0.660563
0.660513
0.599552
0.599578
0.599882
0.600827
0.602672
0.605317
0.608776
0.613272
0.619073
0.626408
0.634921
0.642813
0.648943
0.653608
0.657155
0.659823
0.661705
0.662773
0.663114
0.663071
0.589357
0.589371
0.589718
0.59081
0.592982
0.596153
0.600326
0.605774
0.612825
0.621745
0.632091
0.641685
0.649165
0.654898
0.659297
0.662627
0.664987
0.666301
0.666714
0.666675
0.577433
0.577442
0.577826
0.579115
0.581724
0.585572
0.59066
0.597321
0.605942
0.616818
0.629377
0.640983
0.65004
0.657017
0.662413
0.666512
0.669415
0.670989
0.671473
0.671432
0.563238
0.563241
0.56369
0.565243
0.568423
0.573164
0.579453
0.587686
0.598298
0.611587
0.6268
0.64077
0.651648
0.660051
0.666606
0.671581
0.675083
0.676928
0.677474
0.677427
0.546006
0.546005
0.546547
0.548482
0.552454
0.558413
0.566314
0.576623
0.589796
0.606079
0.624449
0.641142
0.654085
0.664098
0.67195
0.677908
0.682062
0.684171
0.684764
0.684704
0.524592
0.524585
0.52529
0.527816
0.53295
0.540643
0.550786
0.563894
0.580374
0.60034
0.622421
0.642202
0.657441
0.669243
0.678497
0.685546
0.690367
0.692708
0.693321
0.69324
0.497257
0.497248
0.498239
0.501745
0.508712
0.519012
0.532393
0.549337
0.570077
0.594515
0.620879
0.644081
0.661809
0.675531
0.686293
0.694494
0.699933
0.702436
0.703031
0.70292
0.460957
0.460962
0.462576
0.467986
0.478217
0.492649
0.510833
0.533022
0.559157
0.588901
0.620076
0.646961
0.667291
0.683008
0.695346
0.704668
0.710599
0.713142
0.713667
0.713518
0.409914
0.41014
0.413824
0.423626
0.439933
0.461162
0.486336
0.515426
0.548132
0.583944
0.62032
0.651021
0.673983
0.691687
0.705556
0.715877
0.72208
0.7245
0.724901
0.724714
0.336692
0.338999
0.349809
0.36896
0.395332
0.426063
0.460128
0.497355
0.537455
0.579914
0.621904
0.656734
0.682573
0.702466
0.718007
0.729241
0.735583
0.737815
0.738103
0.737913
0.258822
0.264931
0.28406
0.313312
0.350394
0.390906
0.433932
0.479432
0.527252
0.576932
0.625404
0.665308
0.694785
0.717387
0.734966
0.747231
0.753465
0.75532
0.755513
0.755403
0.191693
0.19816
0.223854
0.261765
0.308005
0.357519
0.409155
0.462756
0.518152
0.574874
0.629601
0.674304
0.707173
0.732262
0.751487
0.764252
0.770223
0.771859
0.772045
0.771988
0.136743
0.143639
0.173281
0.217348
0.270398
0.327278
0.386362
0.447295
0.509764
0.573195
0.633898
0.683143
0.719154
0.746444
0.767091
0.780451
0.786509
0.788235
0.788423
0.788405
0.0911421
0.0983677
0.13053
0.179286
0.237721
0.300587
0.365936
0.433281
0.502138
0.571787
0.638126
0.691681
0.73066
0.760067
0.78211
0.796318
0.802853
0.804576
0.804805
0.804805
0.0523975
0.0598004
0.0937467
0.146031
0.208981
0.276915
0.347638
0.420601
0.495195
0.570573
0.642212
0.699866
0.741706
0.773184
0.79666
0.811728
0.818816
0.820655
0.820932
0.82095
0.0185001
0.026013
0.0612557
0.116478
0.183172
0.255456
0.330914
0.408903
0.488726
0.569413
0.646039
0.707588
0.752145
0.785587
0.810405
0.82636
0.833883
0.836011
0.836368
0.836407
-0.0120239
-0.00440418
0.0318899
0.0896372
0.159496
0.23556
0.315225
0.397765
0.482402
0.568051
0.649404
0.714659
0.761797
0.797038
0.823083
0.83983
0.847785
0.850201
0.850617
0.850641
-0.0401255
-0.0324151
0.00481318
0.0647119
0.137316
0.21672
0.300138
0.386813
0.475908
0.566249
0.652138
0.720962
0.770541
0.807459
0.834594
0.851979
0.860317
0.862954
0.863421
0.863432
-0.066556
-0.0587298
-0.0206052
0.0410041
0.116182
0.198559
0.285337
0.375786
0.469026
0.563822
0.654114
0.726437
0.778373
0.816884
0.844946
0.86284
0.871425
0.874202
0.874696
0.874694
-0.0917731
-0.0837984
-0.0447889
0.0183149
0.0957758
0.180792
0.270609
0.364503
0.461596
0.560635
0.655238
0.731057
0.785345
0.82536
0.854303
0.872516
0.881209
0.88407
0.884561
0.884535
-0.116136
-0.107999
-0.0682642
-0.00361186
0.0758709
0.163241
0.255801
0.352838
0.453514
0.5566
0.655454
0.734823
0.791525
0.833039
0.862736
0.881177
0.889939
0.892781
0.893255
0.893209
-0.139806
-0.131406
-0.0910725
-0.0249532
0.0563195
0.145801
0.240826
0.340727
0.444719
0.551648
0.654702
0.73773
0.796982
0.840067
0.870495
0.889072
0.897755
0.900523
0.900962
0.900907
-0.162885
-0.154365
-0.11322
-0.0458273
0.0370508
0.128419
0.225652
0.328143
0.435187
0.54574
0.652936
0.739774
0.801789
0.846595
0.877749
0.896346
0.90483
0.907469
0.907837
0.907737
-0.185485
-0.176765
-0.134876
-0.0662841
0.0180382
0.111089
0.210288
0.315101
0.424913
0.538857
0.650104
0.74092
0.805995
0.852749
0.884651
0.903126
0.911259
0.913656
0.913918
0.913784
-0.207614
-0.198692
-0.156054
-0.0863336
-0.000712632
0.0938301
0.194761
0.301641
0.413948
0.531018
0.646172
0.741105
0.809595
0.858652
0.891404
0.909577
0.917129
0.919149
0.919282
0.919122
-0.229215
-0.220091
-0.176683
-0.105945
-0.0191618
0.0766833
0.179141
0.287831
0.402356
0.522247
0.641107
0.74025
0.812535
0.86437
0.898249
0.916005
0.922634
0.924036
0.923981
0.923804
-0.250229
-0.240901
-0.196755
-0.125088
-0.0372688
0.0597178
0.163493
0.273755
0.390208
0.512617
0.634896
0.738253
0.814691
0.86988
0.90543
0.922902
0.928218
0.928503
0.928072
0.927897
-0.270656
-0.261111
-0.216253
-0.143728
-0.0549893
0.043004
0.147905
0.259507
0.377603
0.502198
0.62757
0.735013
0.815886
0.875007
0.91303
0.930911
0.934854
0.933234
0.931759
0.931524
-0.290425
-0.280671
-0.235136
-0.161818
-0.0722577
0.0265948
0.132462
0.245178
0.364651
0.491095
0.619163
0.730426
0.815906
0.87941
0.920754
0.940461
0.944117
0.940341
0.936468
0.934789
-0.309561
-0.299607
-0.253382
-0.179362
-0.0891023
0.0104742
0.117143
0.230739
0.351325
0.479274
0.609607
0.724268
0.814465
0.882691
0.927931
0.951165
0.957127
0.953167
0.945411
0.930146
-0.328077
-0.317952
-0.271084
-0.196537
-0.105765
-0.00565964
0.101571
0.215729
0.337084
0.466106
0.598253
0.715836
0.810871
0.88431
0.933367
0.960828
0.970994
0.966041
0.956516
0.919482
-0.346215
-0.335445
-0.288188
-0.213192
-0.122121
-0.0216719
0.0859342
0.200368
0.322155
0.451788
0.585159
0.704926
0.80425
0.883424
0.934809
0.962512
0.972872
0.969544
0.918079
0.860619
-0.36527
-0.350841
-0.304498
-0.229181
-0.138374
-0.0377783
0.0699709
0.184657
0.306509
0.436282
0.570169
0.691236
0.793199
0.879767
0.929824
0.945157
0.95328
0.920788
0.855894
0.792119
-0.385252
-0.384569
-0.325183
-0.242122
-0.151509
-0.0512667
0.0541856
0.169253
0.290877
0.420383
0.553911
0.675118
0.777118
0.875467
0.895258
0.911175
0.887595
0.82648
0.753083
0.683148
-0.36113
-0.357838
-0.299474
-0.216466
-0.120856
-0.0174475
0.0928701
0.210522
0.3352
0.468439
0.596442
0.705695
0.798219
0.891849
0.90337
0.808501
0.726876
0.660566
0.589189
0.449746
-0.40063
-0.373363
-0.312766
-0.229008
-0.133567
-0.0302725
0.0794734
0.196532
0.320344
0.452175
0.577912
0.684439
0.767356
0.83123
0.801723
0.672553
0.556466
0.476206
0.393981
0.23745
-0.425446
-0.393702
-0.331489
-0.248307
-0.152728
-0.0495534
0.0603579
0.176673
0.299219
0.428889
0.551353
0.652674
0.727069
0.75437
0.67759
0.518333
0.383999
0.283924
0.172478
-0.0493057
-0.44929
-0.415587
-0.351817
-0.267978
-0.172362
-0.0692571
0.0403279
0.15575
0.276788
0.403847
0.52203
0.616224
0.678615
0.67094
0.538748
0.357821
0.193879
0.0571758
-0.096105
-0.455427
-0.472362
-0.4378
-0.372899
-0.288185
-0.192443
-0.0895201
0.019449
0.133843
0.253161
0.377214
0.490295
0.576541
0.620712
0.583953
0.404042
0.202632
-0.000529296
-0.169742
-0.413265
-0.927336
-0.4953
-0.460643
-0.395011
-0.309679
-0.213729
-0.111
-0.0026424
0.110628
0.228009
0.348703
0.456106
0.534547
0.55891
0.473191
0.28047
0.0697216
-0.139027
-0.32245
-0.495001
-1.05038
-0.51926
-0.484456
-0.418414
-0.332685
-0.23657
-0.133998
-0.0262187
0.0858998
0.201197
0.318262
0.419735
0.488555
0.488809
0.360258
0.17312
-0.0303936
-0.217517
-0.341142
-0.374192
-0.418754
-0.544662
-0.509721
-0.443418
-0.357506
-0.261409
-0.159159
-0.0521307
0.0585554
0.171358
0.284135
0.37928
0.435295
0.413394
0.255476
0.0754653
-0.105005
-0.250492
-0.309764
-0.330653
-0.335803
-0.571812
-0.536626
-0.470117
-0.384133
-0.28822
-0.186478
-0.0804626
0.0284743
0.138373
0.246224
0.334392
0.375216
0.337478
0.158043
-0.013254
-0.171486
-0.279127
-0.303045
-0.305383
-0.305933
-0.600863
-0.56531
-0.498556
-0.412559
-0.316973
-0.21596
-0.111216
-0.00434847
0.10221
0.204584
0.284694
0.312709
0.243653
0.0691566
-0.0935129
-0.231157
-0.279467
-0.291872
-0.292167
-0.291657
-0.631681
-0.595724
-0.528696
-0.442777
-0.347659
-0.247581
-0.144378
-0.0399184
0.062901
0.159293
0.230669
0.244775
0.146658
-0.0130687
-0.161877
-0.268145
-0.280292
-0.281421
-0.282728
-0.282319
-0.663813
-0.627651
-0.560365
-0.47462
-0.380144
-0.28124
-0.17987
-0.0781758
0.0205685
0.110558
0.173332
0.170473
0.0615212
-0.0856758
-0.214288
-0.256552
-0.274364
-0.277073
-0.277159
-0.276902
-0.696907
-0.66044
-0.59323
-0.507784
-0.414176
-0.316709
-0.217478
-0.118908
-0.0245447
0.0589368
0.112283
0.0973625
-0.0181403
-0.14553
-0.246547
-0.287686
-0.275499
-0.272602
-0.272324
-0.272139
-0.730034
-0.693494
-0.62674
-0.541782
-0.449313
-0.353592
-0.256836
-0.161741
-0.0720982
0.00522981
0.0472638
0.029437
-0.0906292
-0.190201
-0.261578
-0.262998
-0.267792
-0.269148
-0.269256
-0.269147
-0.762132
-0.726103
-0.659667
-0.575889
-0.484909
-0.391316
-0.297396
-0.206066
-0.121498
-0.0499478
-0.0151709
-0.0409772
-0.155299
-0.233546
-0.250312
-0.271038
-0.270999
-0.269367
-0.268452
-0.268059
-0.79163
-0.756631
-0.691244
-0.609047
-0.52006
-0.42907
-0.338415
-0.251101
-0.171745
-0.105913
-0.0724099
-0.113656
-0.214338
-0.280291
-0.278518
-0.277245
-0.274884
-0.270504
-0.268776
-0.268105
-0.816828
-0.783308
-0.7198
-0.639933
-0.553614
-0.465822
-0.378921
-0.295894
-0.221579
-0.161594
-0.129208
-0.173406
-0.265879
-0.349761
-0.364257
-0.324732
-0.290328
-0.274911
-0.270344
-0.268684
-0.835365
-0.804071
-0.743246
-0.666892
-0.584217
-0.500312
-0.417762
-0.339368
-0.269826
-0.215168
-0.184954
-0.215338
-0.286948
-0.399244
-0.390649
-0.342659
-0.312737
-0.298926
-0.291392
-0.28755
-0.844935
-0.816464
-0.759715
-0.688022
-0.610198
-0.531258
-0.453712
-0.380359
-0.315378
-0.264782
-0.231672
-0.237174
-0.232822
-0.319329
-0.30948
-0.317258
-0.32919
-0.327858
-0.321528
-0.31894
-0.842723
-0.818394
-0.767366
-0.701536
-0.629965
-0.557164
-0.485492
-0.417701
-0.357309
-0.310108
-0.267775
-0.234764
-0.125799
-0.0449944
-0.130803
-0.231014
-0.278044
-0.294942
-0.300717
-0.303027
-0.825004
-0.806976
-0.764454
-0.706084
-0.642246
-0.576748
-0.511845
-0.450147
-0.395179
-0.351567
-0.299644
-0.261831
-0.106365
0.152504
-0.0392214
-0.221271
-0.300017
-0.327295
-0.338082
-0.34174
-0.793456
-0.781018
-0.749382
-0.701155
-0.646407
-0.589301
-0.531806
-0.476519
-0.427807
-0.390402
-0.362042
-0.393821
-0.509814
-0.631489
-0.698195
-0.608235
-0.527409
-0.498569
-0.493849
-0.494493
-0.752707
-0.74503
-0.725085
-0.688176
-0.643232
-0.59491
-0.544847
-0.495903
-0.452508
-0.423572
-0.41433
-0.581418
-0.963983
-1.34897
-1.27984
-0.910379
-0.722827
-0.634667
-0.604649
-0.59706
-0.711154
-0.706937
-0.696221
-0.671389
-0.635462
-0.594706
-0.551084
-0.50713
-0.466773
-0.43967
-0.428126
-0.509593
-0.484103
-0.411114
-0.208487
-0.201009
-0.312427
-0.403327
-0.416598
-0.418722
-0.677837
-0.67566
-0.670118
-0.653876
-0.626194
-0.590904
-0.551873
-0.509569
-0.468648
-0.432119
-0.418714
-0.368155
-0.296873
-0.275477
-0.378395
-0.530158
-0.631779
-0.600514
-0.514671
-0.493768
-0.653607
-0.652626
-0.650635
-0.641408
-0.61934
-0.587356
-0.549124
-0.506552
-0.460307
-0.417738
-0.397364
-0.376093
-0.305816
-0.261137
-0.248388
-0.293223
-0.330759
-0.328679
-0.269871
-0.251465
-0.637659
-0.637159
-0.636444
-0.63209
-0.615692
-0.585355
-0.545497
-0.498989
-0.448387
-0.396667
-0.356453
-0.329397
-0.186768
-0.0549839
0.0564762
0.132422
0.145535
0.156826
0.177876
0.189757
-0.628163
-0.627877
-0.627276
-0.626057
-0.614894
-0.584934
-0.541126
-0.489542
-0.43123
-0.361257
-0.294895
-0.202195
-0.055885
0.126088
0.251683
0.333109
0.420005
0.526395
0.607923
0.64253
-0.622614
-0.622516
-0.622343
-0.622732
-0.616037
-0.586198
-0.538271
-0.480219
-0.409987
-0.327039
-0.231575
-0.10487
0.121434
0.351601
0.581104
0.77746
0.95906
1.1186
1.22099
1.25849
-0.617766
-0.618492
-0.620199
-0.62255
-0.617108
-0.587495
-0.537495
-0.473253
-0.393653
-0.296482
-0.184319
-0.0805911
0.157901
0.458293
0.803913
1.13141
1.38956
1.5616
1.64844
1.67458
-0.61035
-0.610674
-0.609697
-0.607593
-0.60334
-0.583689
-0.540884
-0.47337
-0.385478
-0.280441
-0.16441
-0.0501948
0.13941
0.459089
0.812958
1.13258
1.38871
1.54629
1.61677
1.63507
-0.622917
-0.619324
-0.604614
-0.581505
-0.574658
-0.58474
-0.555797
-0.482338
-0.384762
-0.273207
-0.157088
-0.0404952
0.100868
0.377205
0.680813
0.946051
1.1518
1.27185
1.32299
1.33491
-0.683991
-0.679034
-0.669894
-0.662312
-0.660794
-0.659875
-0.599431
-0.500228
-0.387019
-0.269451
-0.157982
-0.0509543
0.0530215
0.24084
0.487424
0.691528
0.849419
0.935456
0.970471
0.976977
-0.799612
-0.809995
-0.842263
-0.866859
-0.86026
-0.80681
-0.669422
-0.520777
-0.38696
-0.265482
-0.161884
-0.0735895
0.000954243
0.136318
0.312025
0.457956
0.56853
0.62735
0.65
0.653763
-0.881618
-0.903476
-0.940777
-0.964751
-0.954618
-0.872811
-0.69359
-0.517208
-0.374489
-0.257135
-0.166564
-0.0954609
-0.0444261
0.0511142
0.174791
0.274005
0.345402
0.380931
0.394276
0.395942
-0.786153
-0.808987
-0.842829
-0.868992
-0.857117
-0.765891
-0.607645
-0.459506
-0.335574
-0.236001
-0.163806
-0.110185
-0.0712884
-0.0102121
0.0667223
0.133487
0.176154
0.197793
0.205511
0.20578
-0.503225
-0.519463
-0.546734
-0.572254
-0.571094
-0.517966
-0.432961
-0.346524
-0.269218
-0.201689
-0.149665
-0.112258
-0.0842151
-0.0400343
0.00465743
0.0393809
0.0622705
0.0725075
0.0762197
0.0759289
-0.177199
-0.185279
-0.202368
-0.226599
-0.247124
-0.250996
-0.241479
-0.219503
-0.191331
-0.158807
-0.131137
-0.110842
-0.0947906
-0.0681014
-0.0393345
-0.0185446
-0.00781316
-0.00439114
-0.00341889
-0.00386869
0.0458071
0.0423176
0.0307318
0.00646547
-0.0294774
-0.0678922
-0.0980059
-0.116048
-0.121165
-0.116907
-0.111476
-0.108858
-0.105706
-0.0895365
-0.0707172
-0.0572039
-0.0501373
-0.0472573
-0.0464866
-0.0469677
0.142481
0.14035
0.131372
0.10944
0.0728148
0.0287123
-0.0126263
-0.045401
-0.0674464
-0.0801605
-0.0905189
-0.103351
-0.111872
-0.0954257
-0.0778883
-0.0687279
-0.0653932
-0.0651807
-0.065394
-0.0659314
0.163249
0.161665
0.154932
0.13812
0.109308
0.0728231
0.0346177
0.000129865
-0.0274596
-0.048331
-0.0670737
-0.0892471
-0.102262
-0.0864545
-0.0725781
-0.066754
-0.0651611
-0.0655927
-0.0659695
-0.0664497
0.152705
0.151601
0.146982
0.135367
0.115011
0.0879615
0.0574796
0.0277879
0.00150496
-0.0203345
-0.0392146
-0.0582516
-0.066043
-0.0545295
-0.0478433
-0.0474854
-0.0496545
-0.0516391
-0.0524617
-0.0528559
0.133015
0.13233
0.129368
0.121769
0.10808
0.0891564
0.0666288
0.0435323
0.0223934
0.00522457
-0.00658302
-0.0154815
-0.0157457
-0.0099095
-0.0118853
-0.0166471
-0.0219419
-0.0250265
-0.0261943
-0.0266228
0.112492
0.11214
0.110351
0.105603
0.0967743
0.0841497
0.0686155
0.0522089
0.0373069
0.0268394
0.0241736
0.028418
0.038791
0.0357079
0.0261533
0.0175653
0.0113496
0.00839442
0.00726222
0.00674377
0.0935761
0.0933974
0.0924142
0.0896124
0.0841646
0.0761124
0.0659863
0.0553335
0.0463875
0.042677
0.0492599
0.0646932
0.0798041
0.0739561
0.0606028
0.0503228
0.0440762
0.0417491
0.0405748
0.0399092
0.0766147
0.0765647
0.0760701
0.0745277
0.071359
0.0665527
0.060474
0.0543763
0.0503092
0.0521066
0.0648537
0.0857767
0.102848
0.0949272
0.0817794
0.0730964
0.069867
0.0679961
0.0668897
0.0660422
0.0610855
0.0611264
0.0609553
0.0602597
0.0585558
0.0560148
0.0527919
0.049882
0.0491316
0.0541934
0.0694698
0.0912872
0.10652
0.0988963
0.0885123
0.0830722
0.0811339
0.0805353
0.0796055
0.0787824
0.0466182
0.0466879
0.0466914
0.0464961
0.0458584
0.0447387
0.043344
0.0424497
0.0435642
0.0497717
0.0641443
0.0821452
0.0930352
0.086529
0.08094
0.0793075
0.0797146
0.0797432
0.0789446
0.0781563
0.0329877
0.0330584
0.0331517
0.0332088
0.0331666
0.0329129
0.032585
0.0327413
0.0344939
0.0400611
0.0511654
0.0637954
0.0695259
0.0640828
0.0626709
0.0647528
0.0670613
0.067634
0.0671451
0.0664098
0.0201392
0.0201879
0.0203011
0.0205111
0.0206975
0.0208404
0.0209926
0.0214896
0.0230269
0.0267815
0.0333775
0.0386521
0.0371981
0.033208
0.0376887
0.0429744
0.0461329
0.0468712
0.0463771
0.0457089
0.00820034
0.00824749
0.00829026
0.00841711
0.00855362
0.00875561
0.00895058
0.00921171
0.00975956
0.0105004
0.0127895
0.0143895
0.0111323
0.00749701
0.0102019
0.0151288
0.0194243
0.0199652
0.0200639
0.0196628
-0.61683
-0.10768
0.202738
0.413855
0.575414
0.698344
0.79766
0.884189
0.986676
0.978746
0.111357
0.266231
0.426955
0.562691
0.674374
0.765006
0.83958
0.895379
0.917982
0.924295
0.380932
0.481375
0.587092
0.679611
0.7583
0.823814
0.875729
0.912266
0.935894
0.953045
0.566451
0.635382
0.708612
0.774698
0.83171
0.879495
0.917903
0.947739
0.971217
0.989849
0.705837
0.756406
0.808634
0.8578
0.900925
0.937968
0.969119
0.995024
1.01624
1.03465
0.818611
0.855584
0.897626
0.93598
0.970923
1.00191
1.02885
1.05176
1.07013
1.08811
0.915649
0.946018
0.981487
1.01461
1.04538
1.07329
1.0978
1.1185
1.13428
1.15196
1.00497
1.0336
1.067
1.09865
1.12817
1.15493
1.17822
1.19734
1.21091
1.22845
1.09526
1.12649
1.16142
1.19413
1.22393
1.25035
1.2728
1.29058
1.30255
1.32023
1.19875
1.23499
1.27254
1.30671
1.33658
1.36214
1.38324
1.39958
1.41084
1.42903
1.32761
1.36756
1.40515
1.43799
1.46576
1.48921
1.50871
1.52406
1.53588
1.55431
1.48843
1.52522
1.55666
1.58314
1.60588
1.62635
1.64487
1.66095
1.67502
1.69302
1.67242
1.69769
1.71756
1.73619
1.75401
1.77077
1.78647
1.8025
1.81971
1.83881
1.85818
1.86987
1.88335
1.89822
1.91199
1.92404
1.93485
1.94628
1.96061
1.97919
2.04144
2.05596
2.06112
2.06167
2.0635
2.07083
2.08471
2.10267
2.11528
2.12879
2.31389
2.25953
2.21234
2.18084
2.16773
2.17231
2.19558
2.24029
2.30764
2.40314
0.770579
0.765897
0.758503
0.746614
0.733635
0.722168
0.713049
0.706253
0.70176
0.699849
0.701085
0.705093
0.711289
0.719622
0.730203
0.742812
0.755882
0.765772
0.771745
0.775145
0.692585
0.699669
0.705649
0.709866
0.711151
0.709392
0.705789
0.70192
0.698901
0.697576
0.698663
0.701726
0.705868
0.710205
0.713402
0.713937
0.711239
0.70611
0.699267
0.6934
0.683408
0.686414
0.68967
0.692164
0.69418
0.695639
0.695993
0.695264
0.694192
0.693734
0.6946
0.696352
0.698027
0.698756
0.698139
0.696585
0.694547
0.691769
0.688494
0.686156
0.677702
0.679156
0.681391
0.683633
0.685286
0.6865
0.687494
0.688171
0.688489
0.688816
0.68951
0.690249
0.690531
0.690229
0.689537
0.688439
0.686697
0.684473
0.682692
0.681608
0.672432
0.673252
0.674719
0.676519
0.678265
0.679709
0.680833
0.681804
0.682681
0.683475
0.684139
0.684485
0.684456
0.684092
0.683312
0.682056
0.68052
0.67899
0.677973
0.677315
0.667407
0.667964
0.66904
0.670455
0.671979
0.673493
0.674877
0.676077
0.677175
0.678205
0.678967
0.679309
0.67925
0.678768
0.677897
0.676808
0.675647
0.674579
0.673894
0.673432
0.662539
0.662956
0.663817
0.665022
0.666349
0.667765
0.669223
0.670638
0.67196
0.673192
0.674122
0.674554
0.674497
0.674034
0.673318
0.672486
0.671608
0.670814
0.670313
0.66996
0.65777
0.658098
0.658808
0.659864
0.661096
0.662438
0.663883
0.665407
0.666947
0.668428
0.669568
0.670138
0.670203
0.669922
0.66943
0.66881
0.668149
0.667568
0.667195
0.666914
0.653017
0.653283
0.653887
0.654844
0.656016
0.657324
0.65878
0.660387
0.662111
0.663866
0.66528
0.666085
0.666386
0.666341
0.666072
0.665667
0.665202
0.664792
0.664515
0.664283
0.648192
0.648414
0.648945
0.64984
0.650975
0.652286
0.653794
0.655514
0.657437
0.659495
0.661261
0.662399
0.663001
0.663221
0.663186
0.663004
0.662726
0.662464
0.662262
0.662064
0.643207
0.643396
0.643877
0.64474
0.645876
0.647231
0.648831
0.650712
0.652889
0.655311
0.657514
0.659063
0.660018
0.66054
0.660764
0.660804
0.660715
0.660586
0.660445
0.660272
0.637971
0.638135
0.638588
0.63945
0.640627
0.642069
0.643809
0.645911
0.648415
0.651294
0.65403
0.656066
0.657433
0.658301
0.658816
0.659076
0.65919
0.659186
0.659095
0.658939
0.63239
0.632536
0.632978
0.633869
0.635128
0.636703
0.638644
0.641043
0.643961
0.647414
0.650795
0.653411
0.655259
0.65652
0.657359
0.657899
0.658206
0.658314
0.658265
0.658121
0.626356
0.626489
0.626936
0.627885
0.62927
0.631034
0.633248
0.636029
0.639476
0.643637
0.647799
0.651107
0.653524
0.655241
0.656448
0.657286
0.657811
0.658035
0.658024
0.657886
0.619742
0.619864
0.620333
0.621371
0.62293
0.624948
0.627515
0.630783
0.634891
0.63992
0.645028
0.649166
0.652256
0.654512
0.656141
0.65732
0.658087
0.65843
0.658454
0.658319
0.612396
0.61251
0.613011
0.614174
0.615961
0.618306
0.621325
0.625208
0.630137
0.636226
0.64248
0.647609
0.651496
0.654388
0.656521
0.658095
0.65913
0.659597
0.659653
0.659518
0.604126
0.604239
0.604776
0.606107
0.608178
0.610939
0.614537
0.619195
0.625141
0.632528
0.640161
0.646473
0.651301
0.65494
0.657677
0.659714
0.661046
0.661644
0.661731
0.661591
0.594621
0.594746
0.59538
0.596905
0.599349
0.602653
0.606986
0.612618
0.619833
0.628809
0.638098
0.645806
0.651742
0.656256
0.659706
0.662272
0.663946
0.664685
0.664801
0.664653
0.583604
0.583727
0.584478
0.586278
0.5892
0.593197
0.598462
0.605324
0.614115
0.625034
0.636303
0.645655
0.652891
0.658434
0.662703
0.665895
0.667949
0.668833
0.668974
0.668814
0.570592
0.570733
0.57164
0.5738
0.577345
0.582244
0.588712
0.597141
0.607901
0.621184
0.634812
0.646088
0.654824
0.661565
0.666783
0.670691
0.673157
0.674189
0.674348
0.674173
0.554942
0.555121
0.556257
0.558906
0.563279
0.56938
0.577434
0.58789
0.601127
0.617286
0.633692
0.647189
0.657633
0.665732
0.67204
0.676746
0.679652
0.680822
0.680991
0.680798
0.535719
0.535973
0.537456
0.540803
0.546337
0.554097
0.564296
0.577415
0.593784
0.61342
0.633051
0.649056
0.661416
0.671035
0.678535
0.684121
0.687467
0.688751
0.688916
0.688702
0.511521
0.511918
0.513951
0.518361
0.525618
0.535768
0.548952
0.565602
0.585906
0.609693
0.633003
0.651789
0.666246
0.677523
0.686306
0.692815
0.696558
0.697913
0.698054
0.697819
0.480048
0.48074
0.483734
0.48996
0.499989
0.513747
0.531176
0.552508
0.577686
0.606323
0.633738
0.655514
0.672194
0.685217
0.695374
0.702747
0.706784
0.708137
0.708233
0.707978
0.43719
0.438583
0.443626
0.453444
0.468314
0.487661
0.511077
0.538468
0.569524
0.603666
0.6355
0.66038
0.679325
0.694126
0.705636
0.713736
0.717869
0.719118
0.719148
0.718882
0.375317
0.379662
0.390209
0.407174
0.430266
0.45797
0.489363
0.524157
0.56194
0.602049
0.638465
0.66648
0.68765
0.704142
0.716828
0.725403
0.72938
0.730368
0.730316
0.73006
0.301475
0.30962
0.328922
0.356414
0.39002
0.427105
0.467053
0.509738
0.554828
0.601704
0.643642
0.675662
0.699778
0.718435
0.732538
0.741535
0.745348
0.746206
0.7462
0.746078
0.227392
0.240901
0.269246
0.30713
0.350792
0.397167
0.445712
0.496389
0.548905
0.602685
0.650318
0.686476
0.713634
0.734591
0.750202
0.759277
0.762582
0.76321
0.763224
0.763191
0.165989
0.18311
0.217176
0.262876
0.314736
0.369289
0.425759
0.484006
0.543652
0.60409
0.657158
0.697188
0.727125
0.75001
0.766545
0.775797
0.778926
0.779533
0.779621
0.779639
0.115496
0.134714
0.173214
0.224697
0.282939
0.344237
0.40757
0.472641
0.53891
0.60564
0.663869
0.707547
0.740043
0.764746
0.782365
0.79183
0.79512
0.79595
0.796084
0.796144
0.0731705
0.0936232
0.135455
0.191543
0.255066
0.322012
0.391241
0.462344
0.534635
0.607228
0.670342
0.717498
0.752466
0.778925
0.797652
0.807806
0.811482
0.812441
0.812591
0.812674
0.0366592
0.0579124
0.102403
0.162225
0.230197
0.302017
0.37642
0.452918
0.530716
0.608778
0.676514
0.726988
0.764333
0.792541
0.812353
0.823287
0.827329
0.828401
0.828547
0.82863
0.00431213
0.0261334
0.0727904
0.135757
0.207511
0.283593
0.362627
0.44403
0.526913
0.610099
0.682212
0.735845
0.775425
0.805218
0.826114
0.837767
0.842194
0.843368
0.843501
0.843578
-0.0250857
-0.00283273
0.0456463
0.111329
0.186369
0.266215
0.349409
0.435304
0.522923
0.610968
0.687273
0.743912
0.785582
0.816796
0.838635
0.85092
0.855712
0.856951
0.85708
0.857135
-0.0524836
-0.029783
0.0203318
0.0883063
0.166288
0.249476
0.336423
0.426445
0.518511
0.611205
0.69158
0.751115
0.794768
0.827305
0.849932
0.862625
0.867711
0.869008
0.869131
0.869159
-0.0784048
-0.0552278
-0.00373557
0.0663014
0.146908
0.233085
0.323431
0.417255
0.513503
0.610673
0.695053
0.757461
0.803017
0.836776
0.860041
0.873016
0.878234
0.87958
0.879687
0.879673
-0.103277
-0.0795539
-0.0269716
0.0450648
0.127978
0.216836
0.310271
0.407595
0.507771
0.609282
0.69765
0.762967
0.81043
0.845318
0.869126
0.882238
0.887499
0.888829
0.888938
0.888893
-0.127369
-0.103184
-0.049452
0.0243625
0.109337
0.200605
0.296833
0.397376
0.50124
0.606952
0.699343
0.767672
0.81711
0.85311
0.877346
0.890521
0.895735
0.897024
0.897088
0.897014
-0.150855
-0.126158
-0.0713024
0.00407367
0.0908932
0.184317
0.283067
0.386557
0.493869
0.603632
0.700092
0.771609
0.823175
0.860343
0.884941
0.898054
0.903125
0.904331
0.904365
0.904263
-0.173812
-0.148547
-0.0926404
-0.0158562
0.0726114
0.167961
0.268972
0.37513
0.485629
0.599279
0.699858
0.774794
0.828732
0.867164
0.89204
0.90495
0.909794
0.910862
0.910837
0.910707
-0.196222
-0.17046
-0.113525
-0.0354455
0.054493
0.151546
0.254567
0.363125
0.476536
0.59387
0.698583
0.777206
0.833858
0.873742
0.898816
0.911313
0.91577
0.916639
0.916557
0.916419
-0.218144
-0.191841
-0.133932
-0.0546762
0.0365662
0.135113
0.239909
0.350593
0.466639
0.587398
0.696211
0.778785
0.838575
0.880248
0.90551
0.917333
0.921142
0.92172
0.921578
0.921435
-0.239484
-0.212653
-0.153821
-0.0735222
0.0188725
0.118731
0.22507
0.337614
0.455999
0.579881
0.692675
0.779425
0.842836
0.886812
0.912474
0.923381
0.926121
0.926183
0.925959
0.925834
-0.260252
-0.232853
-0.173187
-0.0919318
0.00147624
0.102465
0.210139
0.324286
0.44469
0.571371
0.687922
0.778991
0.846503
0.893446
0.920116
0.930148
0.931248
0.930204
0.929754
0.929742
-0.280358
-0.252439
-0.191981
-0.109864
-0.0155698
0.0863955
0.195193
0.310685
0.432823
0.561945
0.681916
0.777322
0.849338
0.899921
0.928647
0.938645
0.937933
0.934734
0.933084
0.932934
-0.299865
-0.271393
-0.210152
-0.127267
-0.0321924
0.0706076
0.180354
0.296948
0.420521
0.551693
0.674659
0.774249
0.851029
0.905717
0.937663
0.949538
0.948503
0.942796
0.935952
0.919714
-0.318705
-0.289708
-0.227838
-0.144341
-0.0486858
0.0547764
0.165209
0.28262
0.407274
0.5401
0.665614
0.769203
0.851225
0.910354
0.946291
0.96241
0.963877
0.956984
0.943563
0.958765
-0.336975
-0.307317
-0.244994
-0.161053
-0.0649854
0.0389539
0.149764
0.267724
0.393073
0.52706
0.654569
0.761519
0.849184
0.912705
0.951289
0.970897
0.976088
0.965621
0.907523
0.895075
-0.355309
-0.324643
-0.261349
-0.177088
-0.0805726
0.0235607
0.134218
0.25253
0.37821
0.512779
0.641549
0.750697
0.844027
0.9119
0.947787
0.966546
0.96271
0.925346
0.858895
0.819424
-0.375044
-0.343216
-0.276424
-0.192049
-0.094863
0.00886571
0.118993
0.23726
0.36282
0.497304
0.626464
0.736521
0.833609
0.906766
0.952613
0.935386
0.907637
0.84343
0.771994
0.729372
0.0475788
0.162526
0.283993
0.413221
0.546085
0.666562
0.767111
0.610262
-0.392949
-0.377241
-0.338057
-0.266653
-0.17634
-0.0772936
0.0296006
0.14342
0.264081
0.392083
0.523739
0.64344
0.742123
0.823602
0.875493
0.827414
0.689023
0.601666
0.532768
-0.412656
-0.399774
-0.35512
-0.28242
-0.19171
-0.0923966
0.0140341
0.127366
0.247162
0.373782
0.503198
0.619589
0.712303
0.779382
0.777708
0.671936
0.529063
0.424752
0.336872
-0.435634
-0.42315
-0.375596
-0.301761
-0.211059
-0.111492
-0.00500525
0.107998
0.226841
0.351826
0.478123
0.589364
0.671896
0.720447
0.681213
0.521465
0.360115
0.230229
0.115189
-0.458821
-0.446246
-0.397093
-0.321955
-0.230926
-0.13138
-0.0251806
0.0870956
0.204702
0.327594
0.450234
0.555494
0.630411
0.651545
0.564875
0.374958
0.183785
0.0126196
-0.149461
-0.481482
-0.469219
-0.419247
-0.343059
-0.251605
-0.152062
-0.0462879
0.0651116
0.181298
0.301747
0.420215
0.51867
0.584107
0.567498
0.43711
0.238188
0.0253159
-0.168632
-0.349114
-0.504721
-0.492696
-0.442337
-0.365477
-0.273674
-0.174068
-0.0686436
0.0419347
0.156638
0.274488
0.388544
0.479477
0.530945
0.491818
0.319471
0.122634
-0.0869273
-0.277795
-0.393501
-0.46245
-0.529317
-0.517431
-0.466739
-0.389497
-0.297542
-0.197979
-0.0929739
0.0166642
0.129651
0.244491
0.353614
0.436487
0.471995
0.407856
0.213325
0.0237387
-0.15867
-0.294282
-0.337755
-0.361403
-0.555463
-0.543661
-0.492721
-0.415244
-0.323291
-0.223975
-0.119572
-0.0111432
0.0997735
0.211079
0.314569
0.388946
0.403693
0.302074
0.117827
-0.0579249
-0.211654
-0.292238
-0.312593
-0.317508
-0.58342
-0.571582
-0.520401
-0.442737
-0.350913
-0.25201
-0.148458
-0.0415231
0.066957
0.174235
0.271316
0.336912
0.323379
0.200232
0.0297948
-0.134689
-0.254227
-0.298494
-0.297435
-0.298232
-0.613105
-0.601349
-0.549801
-0.471986
-0.380404
-0.282089
-0.179629
-0.0744756
0.0311959
0.133985
0.224049
0.279199
0.248299
0.104394
-0.0511461
-0.203289
-0.268591
-0.285554
-0.287093
-0.286653
-0.644387
-0.632648
-0.580816
-0.502909
-0.411677
-0.314158
-0.21303
-0.109978
-0.0074817
0.0903991
0.17306
0.216186
0.180662
0.0215818
-0.124266
-0.239006
-0.287535
-0.279761
-0.27962
-0.279644
-0.676767
-0.664947
-0.613188
-0.535259
-0.44454
-0.348039
-0.248519
-0.147896
-0.048929
0.0437889
0.118593
0.15211
0.100887
-0.0518365
-0.182646
-0.26096
-0.277414
-0.275128
-0.274672
-0.2744
-0.70976
-0.697824
-0.646332
-0.56861
-0.478624
-0.3834
-0.285799
-0.187939
-0.0928886
-0.00543207
0.061367
0.0834913
0.0147898
-0.114468
-0.226103
-0.247691
-0.264072
-0.269556
-0.270207
-0.270154
-0.742371
-0.730371
-0.679352
-0.602323
-0.513366
-0.419744
-0.324411
-0.229644
-0.138859
-0.0568514
0.00327034
0.00918986
-0.0622936
-0.171218
-0.241343
-0.289369
-0.274009
-0.270128
-0.268715
-0.268405
-0.772709
-0.76156
-0.711329
-0.635356
-0.547944
-0.45634
-0.363693
-0.272356
-0.186063
-0.109793
-0.0541885
-0.0574106
-0.133627
-0.226257
-0.269808
-0.272682
-0.272892
-0.270309
-0.26884
-0.268147
-0.8
-0.78916
-0.74096
-0.666462
-0.581234
-0.492207
-0.402762
-0.315243
-0.23351
-0.162997
-0.111695
-0.115823
-0.196362
-0.283854
-0.313404
-0.303445
-0.289211
-0.275788
-0.269709
-0.268187
-0.821654
-0.811476
-0.76572
-0.694204
-0.611892
-0.526181
-0.4405
-0.357275
-0.280142
-0.214973
-0.168942
-0.167473
-0.238496
-0.337831
-0.403957
-0.36494
-0.317354
-0.288632
-0.277779
-0.274237
-0.835607
-0.826492
-0.784008
-0.716424
-0.63829
-0.556863
-0.47571
-0.397247
-0.324874
-0.264463
-0.222106
-0.208798
-0.247204
-0.323287
-0.365427
-0.344634
-0.332114
-0.324919
-0.31558
-0.309157
-0.839279
-0.831768
-0.793705
-0.731376
-0.658587
-0.582722
-0.50705
-0.433924
-0.366624
-0.310301
-0.26753
-0.237209
-0.215351
-0.170575
-0.247162
-0.26081
-0.298802
-0.311094
-0.311895
-0.31207
-0.830812
-0.824757
-0.792574
-0.737156
-0.671319
-0.602296
-0.53317
-0.466144
-0.404372
-0.352101
-0.306981
-0.264456
-0.181206
0.0211289
0.0710378
-0.125508
-0.243948
-0.285517
-0.301856
-0.308483
-0.80672
-0.802432
-0.777879
-0.732348
-0.675486
-0.614583
-0.552971
-0.492661
-0.43694
-0.389517
-0.351997
-0.310429
-0.290397
-0.201098
-0.181444
-0.303556
-0.374596
-0.392969
-0.401915
-0.406801
-0.770398
-0.767731
-0.751599
-0.717156
-0.671166
-0.619466
-0.565892
-0.512611
-0.46283
-0.42247
-0.395969
-0.424522
-0.624815
-1.04198
-1.26085
-1.05055
-0.761642
-0.619836
-0.579461
-0.568912
-0.728538
-0.726877
-0.718816
-0.695421
-0.660473
-0.617933
-0.572111
-0.525263
-0.480663
-0.444813
-0.429725
-0.490721
-0.684076
-0.886869
-0.917598
-0.728919
-0.577901
-0.549236
-0.53954
-0.528155
-0.691141
-0.690081
-0.686466
-0.673252
-0.647272
-0.61223
-0.572887
-0.530515
-0.488616
-0.451524
-0.434945
-0.408828
-0.38143
-0.241331
-0.125744
-0.18485
-0.342111
-0.382563
-0.359339
-0.342439
-0.664471
-0.663896
-0.661645
-0.654916
-0.635887
-0.606455
-0.570349
-0.529947
-0.48623
-0.445013
-0.412022
-0.383386
-0.349729
-0.330951
-0.373065
-0.478701
-0.607126
-0.623873
-0.549953
-0.48449
-0.644581
-0.644127
-0.643268
-0.640816
-0.628492
-0.602909
-0.567221
-0.525594
-0.479801
-0.430582
-0.389437
-0.391951
-0.309274
-0.199187
-0.112994
-0.0584963
-0.0498324
-0.0626487
-0.0566271
-0.0375568
-0.632459
-0.632277
-0.631818
-0.630469
-0.624189
-0.601611
-0.564988
-0.519905
-0.467913
-0.410156
-0.35378
-0.303598
-0.21152
-0.0415935
0.0992879
0.18876
0.247528
0.303013
0.360346
0.394778
-0.624929
-0.62483
-0.624421
-0.624224
-0.622006
-0.60292
-0.563965
-0.513185
-0.453241
-0.385045
-0.302343
-0.218203
-0.05799
0.13733
0.326162
0.471793
0.593259
0.734547
0.858728
0.928824
-0.620524
-0.620658
-0.62108
-0.621988
-0.621947
-0.605846
-0.564256
-0.507954
-0.440815
-0.358031
-0.257686
-0.154941
0.0242724
0.293457
0.578294
0.863937
1.11893
1.31889
1.44975
1.51011
-0.61347
-0.61417
-0.615555
-0.617732
-0.617767
-0.604052
-0.564667
-0.507596
-0.432393
-0.339282
-0.231839
-0.118504
0.0303568
0.297319
0.650249
1.00624
1.31167
1.53177
1.65291
1.69808
-0.611016
-0.611331
-0.607518
-0.597704
-0.587982
-0.587075
-0.568195
-0.514924
-0.432717
-0.332234
-0.219972
-0.0961343
0.0215187
0.26983
0.599036
0.91142
1.18017
1.36713
1.46373
1.49757
-0.647187
-0.644956
-0.63425
-0.611658
-0.596644
-0.601407
-0.598176
-0.535272
-0.439864
-0.32918
-0.214692
-0.0992738
0.00774452
0.177339
0.452979
0.709552
0.920812
1.0621
1.13045
1.15278
-0.738284
-0.735207
-0.740639
-0.757292
-0.762882
-0.752633
-0.692317
-0.573351
-0.44862
-0.327251
-0.212391
-0.109427
-0.0178077
0.0904149
0.293044
0.485212
0.643217
0.745821
0.793361
0.808421
-0.856745
-0.860907
-0.892518
-0.929926
-0.93935
-0.906782
-0.782388
-0.604878
-0.449386
-0.321168
-0.211639
-0.12297
-0.0513884
0.0229009
0.169361
0.303963
0.409552
0.477287
0.507579
0.515219
-0.859649
-0.869751
-0.900505
-0.933685
-0.943005
-0.89936
-0.757046
-0.576889
-0.422642
-0.301261
-0.205059
-0.133243
-0.0787369
-0.0304812
0.0669169
0.160622
0.229915
0.270884
0.288821
0.293386
-0.658206
-0.669693
-0.697813
-0.730958
-0.744353
-0.704312
-0.590491
-0.465856
-0.353569
-0.260744
-0.186562
-0.133603
-0.0926353
-0.0569448
0.00346665
0.0580563
0.0981771
0.121929
0.131769
0.134413
-0.331072
-0.338599
-0.355762
-0.379872
-0.399578
-0.393311
-0.357718
-0.308137
-0.255681
-0.20516
-0.15926
-0.125367
-0.0987826
-0.0731824
-0.0352902
-0.00369582
0.0168419
0.02678
0.0303674
0.0310155
-0.0468915
-0.0503298
-0.0593186
-0.0785494
-0.106686
-0.13574
-0.156325
-0.164336
-0.160362
-0.146244
-0.129008
-0.115172
-0.104041
-0.0914814
-0.0691952
-0.0480906
-0.0356417
-0.0306939
-0.0289371
-0.0286805
0.10824
0.106392
0.100994
0.0847475
0.0534252
0.0107519
-0.0312948
-0.0648023
-0.0861936
-0.0960515
-0.0996173
-0.103645
-0.107317
-0.103206
-0.0848932
-0.0703806
-0.0624741
-0.0592924
-0.0585699
-0.0586193
0.159622
0.158448
0.15441
0.1413
0.114682
0.0764807
0.0346569
-0.00390784
-0.03441
-0.0556724
-0.0710492
-0.0884378
-0.106947
-0.103026
-0.0843399
-0.0720043
-0.0674453
-0.0669215
-0.0674547
-0.0678156
0.160404
0.159651
0.156738
0.147346
0.127984
0.0993028
0.0656453
0.031609
0.00118269
-0.0234589
-0.0438019
-0.0647233
-0.0849281
-0.0800346
-0.0669127
-0.0605996
-0.0591096
-0.0598888
-0.0607001
-0.0610637
0.143444
0.143025
0.14109
0.134845
0.121727
0.101652
0.0766558
0.0497319
0.0241524
0.0022753
-0.0155596
-0.0307382
-0.0423823
-0.0364571
-0.0303691
-0.0309971
-0.0346947
-0.038407
-0.0402858
-0.0408722
0.122686
0.122501
0.12131
0.117374
0.108872
0.095426
0.0780076
0.0584122
0.0392324
0.0229341
0.0124691
0.00751396
0.00844784
0.0121451
0.0103211
0.0037736
-0.00314463
-0.00758864
-0.00950567
-0.0102
0.102756
0.102731
0.102078
0.0997445
0.0944653
0.0858257
0.0742794
0.0610099
0.0480279
0.0379163
0.0351208
0.0422802
0.0544498
0.0603375
0.0505458
0.0395569
0.0310713
0.0266238
0.0248873
0.0240433
0.084828
0.0848588
0.0845375
0.0832297
0.0801275
0.0748439
0.0676269
0.0593361
0.0516998
0.0473947
0.0518404
0.0673662
0.0870733
0.0921495
0.0791315
0.0675694
0.0599996
0.0568528
0.0553695
0.0544621
0.068633
0.0687233
0.0686063
0.0679818
0.0663136
0.0633198
0.0592048
0.0545757
0.0509585
0.0508941
0.0598657
0.0794434
0.100993
0.106085
0.0922923
0.0830067
0.0788094
0.0768802
0.0759746
0.0748074
0.0536784
0.0537824
0.0537916
0.0535866
0.052864
0.051419
0.0493632
0.0472115
0.0462378
0.0486636
0.0591631
0.0783743
0.097891
0.100579
0.0899257
0.0838725
0.0817
0.0816395
0.081132
0.0802051
0.0396574
0.0397566
0.0398249
0.0398588
0.039692
0.0392262
0.0384878
0.0378444
0.038264
0.0415744
0.0511203
0.0665651
0.0806456
0.0799817
0.0743428
0.0727193
0.0738971
0.0751613
0.0747944
0.073927
0.0264212
0.026501
0.026568
0.026684
0.0268552
0.0269028
0.0268639
0.0269514
0.0278515
0.0307858
0.0378004
0.0474101
0.0543593
0.0524793
0.0498652
0.0522036
0.0560079
0.0580939
0.0579518
0.057203
0.0140263
0.014078
0.0141169
0.0142546
0.0144943
0.0147282
0.014929
0.0152115
0.0158934
0.0176541
0.0213592
0.0249921
0.023413
0.0189839
0.0228381
0.0277225
0.031882
0.0340839
0.0339736
0.0332699
0.00823111
0.0082612
0.0083442
0.0084837
0.00865366
0.00885184
0.00906603
0.00947347
0.00996208
0.011514
0.0137724
0.0132565
0.00907715
0.0082441
0.0125122
0.0178835
0.0195346
0.0201684
0.0200313
0.004916
-0.321543
0.00736081
0.226283
0.41314
0.563494
0.682844
0.778088
0.859323
0.916539
0.911664
0.1628
0.315973
0.451353
0.571455
0.673511
0.758589
0.828481
0.882182
0.915014
0.928609
0.422626
0.518284
0.608657
0.691883
0.76402
0.825207
0.875226
0.913357
0.941179
0.960111
0.599159
0.66327
0.729536
0.789919
0.842879
0.888318
0.92628
0.957068
0.982295
1
0.734006
0.780112
0.831262
0.876214
0.91703
0.953034
0.984191
1.01067
1.03293
1.04818
0.844108
0.881514
0.920926
0.957741
0.991608
1.02244
1.04983
1.07347
1.09316
1.10581
0.940503
0.973075
1.0067
1.03988
1.07089
1.09947
1.12503
1.14693
1.16452
1.17498
1.03088
1.06245
1.09563
1.12889
1.15974
1.18789
1.21272
1.2335
1.24933
1.25832
1.12525
1.16039
1.19632
1.2317
1.26354
1.29165
1.3157
1.33528
1.34967
1.35843
1.23775
1.27845
1.31721
1.35377
1.38542
1.41231
1.43477
1.4528
1.46622
1.4763
1.38126
1.42429
1.46172
1.49484
1.52263
1.54628
1.56683
1.58412
1.59803
1.61023
1.55902
1.59602
1.62404
1.64801
1.66903
1.68834
1.70652
1.72357
1.73972
1.75505
1.75634
1.77572
1.79141
1.80755
1.82413
1.83955
1.85315
1.86626
1.88176
1.89963
1.94531
1.95305
1.96492
1.97658
1.98644
1.99561
2.00584
2.01716
2.02849
2.03578
2.16415
2.16241
2.15431
2.13731
2.12591
2.1253
2.13746
2.16229
2.19597
2.22356
2.57267
2.38585
2.28429
2.22686
2.19782
2.19117
2.20644
2.24707
2.32283
2.46912
-0.362795
-0.364103
-0.323642
-0.250797
-0.160095
-0.0602222
0.861172
0.923315
0.914485
0.837117
0.763121
0.690119
0.464701
0.246988
-0.0139554
-0.359144
-0.711347
)
;

boundaryField
{
    wall-4
    {
        type            zeroGradient;
    }
    pressure-outlet-7
    {
        type            fixedValue;
        value           uniform 0;
    }
    velocity-inlet-6
    {
        type            zeroGradient;
    }
    velocity-inlet-5
    {
        type            zeroGradient;
    }
    frontAndBackPlanes
    {
        type            empty;
    }
}


// ************************************************************************* //
