/*--------------------------------*- C++ -*----------------------------------*\
| =========                 |                                                 |
| \\      /  F ield         | OpenFOAM: The Open Source CFD Toolbox           |
|  \\    /   O peration     | Version:  v2012                                 |
|   \\  /    A nd           | Website:  www.openfoam.com                      |
|    \\/     M anipulation  |                                                 |
\*---------------------------------------------------------------------------*/
FoamFile
{
    version     2.0;
    format      ascii;
    class       volScalarField;
    location    "64";
    object      p;
}
// * * * * * * * * * * * * * * * * * * * * * * * * * * * * * * * * * * * * * //

dimensions      [0 2 -2 0 0 0 0];


internalField   nonuniform List<scalar> 
8800
(
0.867972
0.819922
0.781547
0.752906
0.732284
0.717534
0.706937
0.699442
0.694618
0.692576
0.693882
0.69812
0.704814
0.714171
0.726941
0.74454
0.768991
0.802609
0.84506
0.902186
0.700499
0.707705
0.716145
0.719562
0.717649
0.712128
0.705419
0.699264
0.694518
0.69168
0.691429
0.693979
0.698523
0.704546
0.711474
0.718107
0.722248
0.72174
0.715683
0.70671
0.677197
0.683375
0.687575
0.690938
0.693441
0.694242
0.693138
0.691002
0.68898
0.688094
0.689095
0.691527
0.694389
0.696629
0.697179
0.695661
0.692823
0.689193
0.684663
0.680878
0.672047
0.674748
0.67747
0.679783
0.681432
0.682763
0.683678
0.683891
0.683644
0.683634
0.684425
0.685618
0.686439
0.686401
0.685625
0.684444
0.682706
0.680214
0.677794
0.676263
0.666833
0.668255
0.670057
0.672114
0.67387
0.675181
0.676215
0.6771
0.677797
0.678424
0.679113
0.679608
0.679672
0.679348
0.678673
0.677485
0.675801
0.673931
0.672613
0.67179
0.661797
0.662711
0.66395
0.665534
0.667191
0.668722
0.670003
0.671096
0.672116
0.673074
0.673808
0.674157
0.674132
0.673728
0.672882
0.671684
0.670348
0.669092
0.668275
0.66773
0.656894
0.657559
0.658519
0.659823
0.661243
0.662724
0.664184
0.665524
0.666758
0.667921
0.668801
0.66922
0.669181
0.668705
0.667911
0.666969
0.66597
0.665058
0.664478
0.664077
0.652097
0.65261
0.653393
0.654524
0.655807
0.657195
0.658666
0.660169
0.661636
0.663031
0.664109
0.664644
0.664666
0.66431
0.663729
0.663023
0.662269
0.661596
0.661168
0.660854
0.647341
0.647749
0.648405
0.649414
0.650626
0.651965
0.653432
0.655023
0.656694
0.658361
0.659689
0.660416
0.660633
0.660503
0.660152
0.659661
0.659111
0.658632
0.658314
0.658059
0.642543
0.642875
0.643443
0.644373
0.645538
0.646864
0.648366
0.650056
0.651919
0.653883
0.655534
0.656561
0.65706
0.657189
0.657072
0.656807
0.656452
0.656133
0.6559
0.655686
0.637613
0.637889
0.638396
0.639281
0.640429
0.641781
0.64336
0.645192
0.647287
0.649591
0.651651
0.653066
0.653904
0.654327
0.654465
0.654427
0.654268
0.654092
0.653926
0.65374
0.632464
0.632696
0.633164
0.634034
0.635205
0.636626
0.638324
0.640353
0.642746
0.645474
0.648034
0.649914
0.651148
0.651909
0.652333
0.652532
0.65257
0.652524
0.652414
0.652248
0.627003
0.6272
0.627649
0.628533
0.629768
0.631304
0.633175
0.635469
0.638243
0.6415
0.644667
0.6471
0.648797
0.649944
0.650689
0.65114
0.651392
0.651469
0.651406
0.651254
0.621128
0.621297
0.621744
0.622671
0.624012
0.625713
0.627824
0.630463
0.633719
0.637632
0.641535
0.644626
0.646869
0.64846
0.649572
0.650328
0.650792
0.650987
0.650964
0.65082
0.614719
0.614864
0.615324
0.616324
0.617817
0.619743
0.622173
0.625252
0.629113
0.633832
0.638624
0.642504
0.645394
0.647508
0.649038
0.650125
0.650831
0.651151
0.651165
0.651025
0.607639
0.607759
0.608246
0.609351
0.611047
0.613268
0.616104
0.619742
0.624357
0.630061
0.635927
0.640747
0.644402
0.647133
0.649157
0.650627
0.651604
0.652051
0.652099
0.651959
0.599698
0.599799
0.60033
0.601576
0.603535
0.606128
0.609483
0.613823
0.61937
0.626275
0.633435
0.639378
0.643937
0.647394
0.650008
0.651926
0.653206
0.653787
0.653867
0.653723
0.590677
0.590778
0.591363
0.592768
0.595057
0.598136
0.60215
0.60737
0.61407
0.622442
0.631155
0.63843
0.644055
0.648364
0.651678
0.654117
0.65574
0.656465
0.656573
0.656421
0.580256
0.580339
0.581015
0.582644
0.585368
0.589068
0.593914
0.600239
0.608371
0.618531
0.629101
0.637943
0.644821
0.650135
0.654245
0.657307
0.659314
0.660187
0.66032
0.660157
0.56806
0.568128
0.568904
0.570847
0.57413
0.578626
0.584536
0.592261
0.602176
0.614513
0.627293
0.637969
0.646299
0.652781
0.657825
0.661596
0.664023
0.665045
0.665197
0.665019
0.553534
0.553591
0.554511
0.556871
0.560891
0.566436
0.573732
0.583249
0.595395
0.610375
0.625764
0.638565
0.648557
0.656375
0.662496
0.667067
0.669939
0.671101
0.671262
0.671066
0.535909
0.535956
0.537088
0.540032
0.545063
0.552025
0.561168
0.573018
0.587969
0.606148
0.624581
0.639805
0.651668
0.660996
0.668299
0.673766
0.677087
0.678365
0.678522
0.678305
0.514021
0.514066
0.515544
0.519369
0.525855
0.534813
0.546487
0.561419
0.579905
0.601921
0.623849
0.641772
0.655702
0.66669
0.675291
0.681687
0.685421
0.686771
0.686904
0.686666
0.486106
0.486172
0.488245
0.493493
0.502239
0.514133
0.529379
0.548409
0.571316
0.597861
0.623718
0.644568
0.66071
0.673454
0.683444
0.690749
0.6948
0.69615
0.696237
0.69598
0.449127
0.449298
0.452588
0.460458
0.473016
0.489405
0.509745
0.534155
0.562463
0.59422
0.624373
0.648308
0.66674
0.6813
0.692679
0.700765
0.704966
0.706217
0.706237
0.705965
0.39725
0.398254
0.404804
0.418072
0.437257
0.460597
0.487963
0.519166
0.553832
0.591367
0.626041
0.653112
0.673825
0.690125
0.702801
0.711432
0.715537
0.716587
0.716528
0.716249
0.321711
0.329078
0.344166
0.367444
0.396504
0.429142
0.465077
0.504087
0.545797
0.589592
0.629103
0.659514
0.682681
0.700869
0.714752
0.723698
0.727552
0.72838
0.728273
0.728029
0.240855
0.257769
0.282188
0.316223
0.355604
0.397671
0.442232
0.489229
0.538362
0.589069
0.634283
0.668814
0.694932
0.715328
0.730542
0.739447
0.742708
0.743264
0.743188
0.74303
0.172796
0.192874
0.225103
0.26833
0.316841
0.367795
0.420738
0.47558
0.531999
0.589421
0.640058
0.678416
0.70725
0.729482
0.745426
0.753939
0.756732
0.757216
0.757203
0.757092
0.117026
0.138969
0.176685
0.226402
0.282099
0.340544
0.400923
0.462993
0.526283
0.590109
0.645905
0.687857
0.719154
0.742968
0.759595
0.76811
0.770713
0.771181
0.771193
0.771112
0.0707454
0.0939119
0.135405
0.19027
0.251726
0.316355
0.383103
0.451587
0.521167
0.591015
0.65174
0.697131
0.730794
0.756203
0.773656
0.782356
0.785102
0.785508
0.78554
0.785477
0.0315151
0.0553744
0.0997501
0.158663
0.224978
0.294867
0.367144
0.441337
0.516672
0.592154
0.657574
0.706286
0.742279
0.769264
0.787654
0.79682
0.799687
0.800123
0.800161
0.800127
-0.00269792
0.0216049
0.0682557
0.130521
0.200944
0.275423
0.352621
0.431974
0.5126
0.593363
0.663265
0.715198
0.753476
0.782026
0.801361
0.811111
0.814234
0.814723
0.814815
0.814778
-0.0333959
-0.00871188
0.0397942
0.104924
0.178893
0.257404
0.33902
0.423086
0.508638
0.594416
0.66863
0.723679
0.764153
0.794245
0.814489
0.824769
0.828164
0.828725
0.828784
0.828776
-0.0615631
-0.0365421
0.0135537
0.0811544
0.158239
0.240328
0.325927
0.414332
0.504517
0.595087
0.673475
0.731545
0.774124
0.805616
0.826775
0.837562
0.841203
0.841866
0.8419
0.84189
-0.0880027
-0.0626037
-0.0110618
0.0586688
0.138549
0.223836
0.313043
0.40545
0.499987
0.595167
0.677649
0.738679
0.783295
0.81615
0.838094
0.849249
0.853086
0.853805
0.853819
0.853796
-0.113106
-0.0873228
-0.0345015
0.0371239
0.11951
0.207665
0.300143
0.396239
0.49488
0.594529
0.681071
0.745048
0.79165
0.825759
0.848235
0.859727
0.863702
0.864445
0.864443
0.864404
-0.137311
-0.111056
-0.0572144
0.0162871
0.100896
0.191623
0.287077
0.386574
0.48908
0.59306
0.683669
0.75065
0.799223
0.834474
0.857462
0.869085
0.873065
0.873819
0.873774
0.873713
-0.160755
-0.134033
-0.0791883
-0.00401781
0.0825675
0.175604
0.273753
0.376378
0.482506
0.590685
0.6854
0.755501
0.806117
0.842467
0.865814
0.877407
0.88135
0.882067
0.881996
0.881915
-0.183588
-0.156399
-0.100516
-0.0238989
0.0644571
0.159558
0.260129
0.365604
0.475109
0.587341
0.686213
0.759623
0.812436
0.849893
0.873465
0.884904
0.888684
0.889324
0.889237
0.889137
-0.205937
-0.178207
-0.121331
-0.0433995
0.0465278
0.143469
0.246205
0.354256
0.466877
0.58298
0.686055
0.763023
0.818297
0.856949
0.880617
0.891696
0.895197
0.895724
0.895598
0.89548
-0.227841
-0.199479
-0.141691
-0.0625316
0.0287979
0.127352
0.232011
0.342365
0.457822
0.577568
0.684862
0.765673
0.823784
0.86383
0.88748
0.89795
0.900976
0.901325
0.901168
0.901044
-0.249157
-0.220196
-0.161525
-0.0812774
0.0112885
0.111263
0.217598
0.32999
0.447988
0.571115
0.682561
0.767504
0.828918
0.870748
0.894397
0.903928
0.906169
0.906225
0.906029
0.905911
-0.269862
-0.240332
-0.180834
-0.0995953
-0.00595238
0.0952505
0.203047
0.317201
0.437445
0.563636
0.679092
0.768397
0.833641
0.877859
0.901817
0.910174
0.911103
0.910534
0.910275
0.910219
-0.290028
-0.259852
-0.199598
-0.117465
-0.0228687
0.0793926
0.188438
0.304093
0.426275
0.555184
0.674396
0.768203
0.837791
0.885133
0.910176
0.917608
0.91666
0.914657
0.914053
0.914274
-0.30949
-0.278748
-0.217762
-0.134833
-0.0394085
0.063768
0.173863
0.290771
0.414587
0.545845
0.668444
0.766739
0.841097
0.892259
0.919556
0.927304
0.9248
0.920383
0.917947
0.917726
-0.328338
-0.297019
-0.235345
-0.151729
-0.0556059
0.048336
0.159268
0.27718
0.402313
0.535551
0.661097
0.763733
0.843275
0.898756
0.929404
0.939666
0.937935
0.930968
0.922646
0.91405
-0.346502
-0.314646
-0.252472
-0.168353
-0.071744
0.032773
0.144246
0.26285
0.388935
0.523687
0.651739
0.758436
0.843842
0.904022
0.938167
0.952725
0.95241
0.940295
0.919743
0.914397
-0.363813
-0.331648
-0.268968
-0.184526
-0.0875035
0.0173983
0.129014
0.2481
0.374746
0.510492
0.640414
0.750273
0.841939
0.906882
0.941747
0.956427
0.958285
0.932482
0.866908
0.838263
-0.379804
-0.349309
-0.284462
-0.199772
-0.10205
0.00272342
0.113882
0.233182
0.359993
0.496109
0.627085
0.738847
0.836194
0.906484
0.935388
0.944737
0.930851
0.875224
0.806647
0.765194
-0.429084
-0.365867
-0.298482
-0.215039
-0.116733
-0.0125485
0.0988761
0.217868
0.344351
0.480097
0.611161
0.723552
0.822555
0.899472
0.908654
0.902435
0.850124
0.778628
0.701639
0.659174
-0.396335
-0.37955
-0.319522
-0.234962
-0.138945
-0.0348748
0.0756421
0.19397
0.319477
0.453816
0.583161
0.694141
0.784976
0.868616
0.853236
0.736435
0.631152
0.557125
0.483808
0.514419
-0.427237
-0.397295
-0.336055
-0.25244
-0.156303
-0.0523216
0.0584079
0.176094
0.300556
0.433144
0.559787
0.666909
0.747789
0.793045
0.74264
0.591181
0.464001
0.37286
0.275442
0.324733
-0.450685
-0.418361
-0.355469
-0.271772
-0.175553
-0.071634
0.0389906
0.15585
0.278917
0.409109
0.531988
0.632888
0.704389
0.713319
0.604902
0.433208
0.28298
0.165559
0.0378112
0.0727941
-0.473633
-0.439972
-0.375803
-0.291249
-0.194989
-0.0912322
0.0188663
0.134754
0.256214
0.383597
0.501709
0.594605
0.650463
0.6274
0.466933
0.272703
0.0881014
-0.0754532
-0.259192
-0.269027
-0.496094
-0.461993
-0.396941
-0.311657
-0.215269
-0.111752
-0.00231463
0.112463
0.232044
0.356203
0.46879
0.553716
0.589427
0.529379
0.335498
0.12562
-0.0845862
-0.262561
-0.508046
-0.768226
-0.518896
-0.484765
-0.419208
-0.333455
-0.236895
-0.133556
-0.024715
0.0889146
0.206496
0.32716
0.433874
0.510174
0.523928
0.412675
0.220264
0.00830064
-0.19537
-0.359396
-0.436992
-0.543831
-0.542996
-0.508756
-0.442928
-0.356948
-0.260358
-0.157292
-0.0491434
0.0631602
0.17841
0.29504
0.395461
0.460362
0.448802
0.303089
0.116828
-0.0785637
-0.246401
-0.338222
-0.361527
-0.377703
-0.568658
-0.534272
-0.468264
-0.382216
-0.285783
-0.18317
-0.0759575
0.0347124
0.147197
0.259117
0.352763
0.402983
0.372899
0.20071
0.0226645
-0.147968
-0.276618
-0.315424
-0.327413
-0.328637
-0.596092
-0.56148
-0.49528
-0.409259
-0.313125
-0.211195
-0.105176
0.00352159
0.112792
0.219382
0.305367
0.340594
0.289095
0.106479
-0.0626196
-0.214034
-0.29127
-0.308433
-0.309372
-0.309153
-0.625356
-0.590441
-0.523997
-0.438079
-0.342401
-0.241355
-0.136805
-0.0304268
0.0752075
0.17592
0.253261
0.27589
0.188878
0.0206257
-0.140341
-0.263554
-0.301054
-0.298985
-0.298408
-0.297811
-0.656158
-0.620987
-0.554317
-0.46859
-0.373526
-0.273599
-0.170814
-0.0671059
0.0344905
0.128853
0.197345
0.203283
0.0977698
-0.0588771
-0.201596
-0.278223
-0.288543
-0.290906
-0.291291
-0.291007
-0.68796
-0.652651
-0.585997
-0.500566
-0.406316
-0.307771
-0.207051
-0.106387
-0.00915601
0.0785205
0.138216
0.12909
0.0156206
-0.126018
-0.24378
-0.282695
-0.286991
-0.286729
-0.286248
-0.285921
-0.720289
-0.684855
-0.618597
-0.533611
-0.440431
-0.343551
-0.245232
-0.147985
-0.0554371
0.0256671
0.0748191
0.0575892
-0.0596203
-0.179591
-0.270628
-0.284059
-0.281493
-0.282294
-0.282543
-0.282291
-0.752268
-0.716904
-0.651199
-0.567147
-0.47533
-0.380467
-0.284903
-0.191416
-0.103907
-0.0289582
0.00991617
-0.00890768
-0.126361
-0.218199
-0.271575
-0.282863
-0.281859
-0.281294
-0.280961
-0.280815
-0.782334
-0.747704
-0.682842
-0.60024
-0.510248
-0.417824
-0.325412
-0.235971
-0.1538
-0.0847686
-0.0499211
-0.0818162
-0.183312
-0.257445
-0.261869
-0.276831
-0.280862
-0.280211
-0.279902
-0.279736
-0.808869
-0.77534
-0.712456
-0.631696
-0.544144
-0.454694
-0.365903
-0.280767
-0.203946
-0.140925
-0.106575
-0.150098
-0.236554
-0.291993
-0.303258
-0.295534
-0.287714
-0.282855
-0.281688
-0.281237
-0.829773
-0.797921
-0.737941
-0.660134
-0.575753
-0.489934
-0.405301
-0.324771
-0.253093
-0.19608
-0.164179
-0.204601
-0.280903
-0.351343
-0.367383
-0.333816
-0.307357
-0.29749
-0.293972
-0.292309
-0.842807
-0.813631
-0.757376
-0.683653
-0.60359
-0.522242
-0.442402
-0.366821
-0.300088
-0.248311
-0.218444
-0.244815
-0.299692
-0.377177
-0.353953
-0.341615
-0.337337
-0.330124
-0.323123
-0.321257
-0.845317
-0.820134
-0.768849
-0.700468
-0.625969
-0.550274
-0.475903
-0.405726
-0.343787
-0.296121
-0.261023
-0.268173
-0.264738
-0.326151
-0.311107
-0.303686
-0.303731
-0.303484
-0.30407
-0.304668
-0.835188
-0.814855
-0.77021
-0.708989
-0.641443
-0.572528
-0.504573
-0.440239
-0.383139
-0.338857
-0.292706
-0.268847
-0.191555
-0.152644
-0.189778
-0.234061
-0.263159
-0.274844
-0.280132
-0.281268
-0.810153
-0.794915
-0.759621
-0.707999
-0.649053
-0.588055
-0.527282
-0.469186
-0.417336
-0.376398
-0.322841
-0.282157
-0.160682
0.0259563
-0.0993307
-0.221668
-0.281565
-0.305101
-0.313601
-0.316859
-0.772945
-0.763121
-0.737896
-0.69765
-0.648783
-0.596607
-0.54343
-0.491636
-0.445379
-0.409033
-0.378757
-0.369047
-0.407522
-0.463731
-0.528115
-0.498137
-0.460277
-0.441916
-0.436741
-0.436709
-0.730362
-0.724784
-0.709873
-0.680748
-0.642505
-0.598929
-0.552997
-0.507159
-0.465188
-0.435261
-0.416278
-0.501458
-0.737044
-1.03175
-1.02433
-0.781063
-0.607224
-0.528042
-0.508201
-0.502246
-0.692159
-0.688835
-0.681723
-0.662646
-0.633099
-0.596702
-0.556845
-0.51523
-0.475481
-0.444138
-0.426058
-0.459554
-0.442934
-0.403224
-0.285864
-0.243706
-0.294557
-0.345694
-0.356164
-0.357248
-0.664833
-0.662842
-0.659211
-0.647461
-0.624292
-0.592837
-0.556651
-0.516454
-0.475278
-0.434484
-0.409622
-0.355211
-0.275131
-0.210438
-0.251567
-0.376943
-0.485546
-0.491638
-0.417404
-0.393253
-0.643961
-0.643232
-0.642053
-0.636196
-0.618636
-0.590376
-0.554601
-0.514118
-0.468408
-0.422784
-0.393337
-0.354305
-0.266854
-0.208112
-0.186178
-0.209539
-0.257828
-0.278308
-0.236683
-0.219843
-0.631723
-0.631442
-0.63082
-0.62811
-0.615743
-0.589041
-0.552256
-0.508688
-0.459061
-0.404612
-0.357649
-0.322895
-0.192638
-0.0675681
0.0474379
0.107825
0.104387
0.104023
0.113182
0.120518
-0.623478
-0.623316
-0.62281
-0.621908
-0.61447
-0.589739
-0.551065
-0.502503
-0.446478
-0.377539
-0.310696
-0.224425
-0.0880119
0.0632252
0.160926
0.208601
0.279964
0.382528
0.467388
0.50561
-0.618716
-0.618459
-0.617741
-0.617367
-0.614069
-0.59321
-0.551466
-0.49757
-0.432115
-0.354891
-0.262606
-0.153532
0.0489674
0.265835
0.48884
0.671197
0.84024
0.99787
1.10313
1.14259
-0.617602
-0.617827
-0.618434
-0.619132
-0.619369
-0.59984
-0.553863
-0.494138
-0.422133
-0.332997
-0.226094
-0.124318
0.0960166
0.385947
0.721466
1.04283
1.30078
1.47256
1.55837
1.58389
-0.614043
-0.61559
-0.619508
-0.625681
-0.628177
-0.605302
-0.556807
-0.496329
-0.419761
-0.322144
-0.213146
-0.10445
0.0726312
0.384732
0.731609
1.04484
1.29811
1.45343
1.52106
1.53813
-0.614623
-0.615334
-0.612502
-0.603634
-0.594626
-0.586051
-0.559528
-0.506935
-0.424757
-0.323227
-0.215139
-0.109137
0.0204453
0.293733
0.592394
0.852234
1.05374
1.16879
1.21667
1.22736
-0.649432
-0.646272
-0.626771
-0.583973
-0.551978
-0.568514
-0.578184
-0.52671
-0.436012
-0.329953
-0.22528
-0.124595
-0.0279085
0.170877
0.40948
0.606237
0.756002
0.836206
0.868085
0.872839
-0.723876
-0.722213
-0.724602
-0.729683
-0.722728
-0.713936
-0.667974
-0.564753
-0.452081
-0.337216
-0.235664
-0.149937
-0.0778475
0.065448
0.237568
0.378836
0.484082
0.537563
0.55785
0.559802
-0.864199
-0.882555
-0.931084
-0.975383
-0.976167
-0.928595
-0.786289
-0.614581
-0.466035
-0.341976
-0.246535
-0.172979
-0.119533
-0.0150491
0.102697
0.195499
0.26108
0.294234
0.305574
0.306414
-0.955938
-0.98062
-1.02356
-1.05712
-1.05493
-0.996351
-0.826168
-0.624532
-0.461332
-0.335924
-0.248676
-0.186659
-0.143091
-0.0746534
-0.00469824
0.0506036
0.0849554
0.099414
0.10514
0.104955
-0.861053
-0.884702
-0.92028
-0.952249
-0.953522
-0.888918
-0.724112
-0.557097
-0.417027
-0.31043
-0.239196
-0.190826
-0.155662
-0.111717
-0.0767413
-0.0550063
-0.0450689
-0.0423546
-0.0415642
-0.0413976
-0.575033
-0.594002
-0.628622
-0.664584
-0.676967
-0.630532
-0.529588
-0.425652
-0.336155
-0.266299
-0.217866
-0.186134
-0.162941
-0.13665
-0.119535
-0.114636
-0.119142
-0.123215
-0.122885
-0.122179
-0.221134
-0.232027
-0.254574
-0.286229
-0.312258
-0.315464
-0.302343
-0.273828
-0.242249
-0.210843
-0.189653
-0.17975
-0.170987
-0.152891
-0.139651
-0.137481
-0.1406
-0.142179
-0.14132
-0.140863
0.0409432
0.0356948
0.0204508
-0.00791469
-0.048574
-0.0916616
-0.123568
-0.14494
-0.153989
-0.154429
-0.15715
-0.167495
-0.172883
-0.15108
-0.13365
-0.124723
-0.12269
-0.121527
-0.120489
-0.120503
0.165997
0.162979
0.151879
0.126731
0.0853564
0.0336266
-0.0163007
-0.05679
-0.0846681
-0.102921
-0.118994
-0.140726
-0.151344
-0.127723
-0.107725
-0.096608
-0.0903728
-0.0873557
-0.0863551
-0.0868645
0.196605
0.194641
0.186613
0.167167
0.133567
0.0899261
0.0435587
0.00111727
-0.0326337
-0.0566783
-0.0743051
-0.0914558
-0.0949831
-0.0783003
-0.0666633
-0.0600797
-0.0553189
-0.0529716
-0.0526236
-0.0532728
0.184608
0.183342
0.177946
0.164506
0.140748
0.108542
0.0717196
0.035919
0.00542186
-0.0164835
-0.0273423
-0.0303575
-0.0230648
-0.0181652
-0.0181386
-0.0193235
-0.0197657
-0.0199544
-0.0205327
-0.0212426
0.159031
0.158306
0.154937
0.146279
0.130508
0.108254
0.0814551
0.0542249
0.0306877
0.0158095
0.0144857
0.025373
0.0392645
0.0329459
0.0226192
0.0158645
0.0124523
0.010872
0.0098414
0.00905979
0.13132
0.131044
0.129089
0.12382
0.11385
0.0992657
0.0810882
0.062107
0.0460245
0.0381639
0.044903
0.0632537
0.0790476
0.0678181
0.0528655
0.0433603
0.0385619
0.0362259
0.0347263
0.0339239
0.105433
0.10526
0.104209
0.101164
0.0951358
0.085993
0.0743122
0.062093
0.052417
0.0503278
0.0617333
0.0816591
0.0948844
0.0832926
0.070025
0.0616036
0.0565749
0.0535557
0.0517316
0.0509291
0.081718
0.0817004
0.0811939
0.0795594
0.0761137
0.0706786
0.0636218
0.056392
0.0515293
0.0534097
0.0665157
0.0847078
0.0937148
0.0829741
0.072424
0.0660303
0.0628637
0.0607188
0.0591952
0.0585061
0.0599835
0.0600403
0.0598661
0.0591075
0.0573661
0.0544259
0.0505141
0.0466633
0.0448787
0.0486588
0.0610837
0.0764719
0.0811396
0.0721362
0.0653468
0.062247
0.0608971
0.0593397
0.0582541
0.0576459
0.0399514
0.0400263
0.040011
0.0397904
0.0390242
0.0376439
0.0356863
0.0338792
0.0337333
0.0378634
0.0477179
0.0588374
0.0620753
0.0544417
0.0503084
0.0501321
0.0507055
0.0504735
0.0495864
0.0489479
0.0213427
0.02142
0.0214813
0.0214797
0.0212742
0.0207651
0.0200278
0.0193919
0.0197911
0.0225933
0.0284348
0.0339741
0.0329281
0.027673
0.0283623
0.0301456
0.0325284
0.0330166
0.0322861
0.0316008
0.00389792
0.00394274
0.00392314
0.00401536
0.00423508
0.00431556
0.0042478
0.00412904
0.00407568
0.00388448
0.00434401
0.0043731
0.00653772
0.00715844
0.00629907
0.00733163
0.00647428
0.00446792
0.00483919
0.00530559
-0.0739782
0.113154
0.312801
0.480129
0.613181
0.717493
0.803935
0.876685
0.906696
0.890593
0.248747
0.37142
0.499588
0.610026
0.702754
0.7794
0.841072
0.884356
0.906861
0.919807
0.466506
0.549485
0.636541
0.713862
0.780078
0.835365
0.879181
0.911491
0.935293
0.953234
0.625046
0.684002
0.744923
0.801437
0.850369
0.891835
0.925945
0.953547
0.976028
0.99433
0.749283
0.791509
0.838244
0.881079
0.919351
0.952793
0.981479
1.00568
1.02545
1.04342
0.852499
0.885351
0.923585
0.958789
0.991083
1.02016
1.04565
1.06729
1.0843
1.10191
0.944664
0.97342
1.0073
1.03935
1.06915
1.09625
1.12002
1.13982
1.15441
1.17186
1.033
1.06235
1.09621
1.12827
1.15781
1.18435
1.20723
1.22564
1.23827
1.25573
1.12818
1.1617
1.19805
1.23171
1.26169
1.28779
1.30967
1.32672
1.33815
1.35595
1.24297
1.28149
1.31967
1.35383
1.38305
1.40768
1.42794
1.44362
1.45493
1.47327
1.38761
1.42706
1.46259
1.49296
1.51849
1.54052
1.55951
1.57501
1.58765
1.60577
1.56229
1.59433
1.6201
1.64241
1.66244
1.68116
1.69878
1.71532
1.73105
1.74924
1.74987
1.76742
1.78293
1.7995
1.81565
1.83018
1.8432
1.85717
1.87425
1.89392
1.93144
1.9424
1.95454
1.96533
1.97458
1.98413
1.995
2.00659
2.01653
2.0317
2.14244
2.14445
2.1293
2.11407
2.10768
2.11334
2.13194
2.16235
2.19449
2.22523
2.44835
2.31131
2.23501
2.1929
2.17545
2.17949
2.20684
2.26299
2.36644
2.58172
0.764261
0.760886
0.754961
0.745157
0.732218
0.719801
0.709499
0.701567
0.695932
0.692678
0.692342
0.695116
0.700264
0.707538
0.716992
0.728691
0.74183
0.753826
0.761285
0.766007
0.682265
0.688151
0.695057
0.700299
0.703149
0.702826
0.699931
0.696022
0.692476
0.690215
0.690089
0.692323
0.696039
0.700416
0.704379
0.706392
0.705287
0.701202
0.695312
0.688269
0.674592
0.676939
0.680291
0.683201
0.685421
0.687228
0.688197
0.687955
0.686944
0.686074
0.686275
0.687733
0.689576
0.690876
0.690937
0.689777
0.687978
0.685641
0.68249
0.679528
0.669425
0.670512
0.672379
0.674763
0.676727
0.678125
0.679231
0.680104
0.680593
0.680868
0.681394
0.682215
0.682787
0.682777
0.682271
0.681411
0.680016
0.677966
0.675859
0.674447
0.664298
0.664952
0.666062
0.667786
0.669595
0.671218
0.672494
0.673536
0.67448
0.675334
0.676106
0.676667
0.676844
0.676665
0.676124
0.675109
0.673681
0.672117
0.670798
0.670017
0.659332
0.659787
0.660572
0.66187
0.663369
0.664909
0.666386
0.667689
0.668847
0.669946
0.670905
0.671501
0.67167
0.671426
0.670751
0.669763
0.668634
0.667505
0.6666
0.666081
0.654488
0.654828
0.655438
0.656508
0.657802
0.659188
0.660648
0.662115
0.66351
0.664823
0.66598
0.666717
0.666934
0.666687
0.6661
0.665331
0.664491
0.663637
0.662973
0.662593
0.649722
0.649986
0.650479
0.651389
0.652562
0.653865
0.655275
0.656789
0.658361
0.659921
0.661323
0.662246
0.662589
0.662498
0.662125
0.661585
0.660953
0.660326
0.659843
0.659552
0.644956
0.645166
0.645576
0.646377
0.64747
0.648727
0.650127
0.651686
0.653394
0.6552
0.656895
0.658084
0.65867
0.658825
0.658691
0.658374
0.657951
0.657517
0.657174
0.656947
0.640103
0.640272
0.640624
0.641352
0.6424
0.643637
0.645067
0.646711
0.648578
0.650644
0.65269
0.654243
0.655158
0.655607
0.655729
0.655646
0.655437
0.655178
0.654951
0.65477
0.635075
0.635212
0.635522
0.636206
0.637238
0.638501
0.64
0.641774
0.643854
0.646236
0.648709
0.650715
0.652027
0.652816
0.65323
0.653395
0.653399
0.65331
0.653182
0.653037
0.629782
0.629892
0.630175
0.63084
0.631891
0.633225
0.634836
0.636794
0.639156
0.641939
0.644939
0.647489
0.649268
0.65045
0.651194
0.651632
0.651858
0.65194
0.651899
0.65178
0.624128
0.624215
0.624482
0.625152
0.626259
0.627705
0.629485
0.631693
0.634417
0.637706
0.641352
0.644556
0.646887
0.648525
0.649642
0.650398
0.650873
0.651116
0.651151
0.651054
0.618002
0.618068
0.618329
0.619028
0.620227
0.621833
0.623845
0.626385
0.629568
0.633489
0.637924
0.641914
0.644901
0.647074
0.648622
0.649733
0.650482
0.650901
0.651009
0.650929
0.611274
0.61132
0.611583
0.612333
0.613666
0.615488
0.617805
0.620768
0.624534
0.629235
0.634629
0.639563
0.64333
0.646136
0.648189
0.649699
0.650766
0.651374
0.651555
0.651488
0.603788
0.603818
0.604085
0.604908
0.60642
0.608523
0.61123
0.614731
0.619224
0.624885
0.631443
0.63751
0.642203
0.645755
0.648406
0.650396
0.651821
0.652631
0.652884
0.652827
0.595344
0.595358
0.595633
0.596554
0.598301
0.600749
0.603959
0.60814
0.613539
0.620379
0.628346
0.635767
0.641559
0.645988
0.649347
0.651907
0.653739
0.654776
0.655101
0.655051
0.585639
0.585625
0.585956
0.58702
0.589047
0.591955
0.595804
0.600841
0.60737
0.615659
0.625331
0.634361
0.641448
0.64691
0.651098
0.654325
0.656632
0.657913
0.65831
0.658264
0.574372
0.574334
0.574711
0.575969
0.578368
0.581865
0.586525
0.592646
0.60059
0.610666
0.622392
0.633325
0.641924
0.648595
0.653758
0.65775
0.660598
0.662143
0.66261
0.662562
0.561059
0.560995
0.561451
0.562962
0.565848
0.570112
0.575824
0.583336
0.593065
0.605342
0.619534
0.632701
0.64305
0.651112
0.657406
0.662282
0.665733
0.667549
0.668077
0.668022
0.545045
0.544953
0.545535
0.547399
0.550936
0.556227
0.563333
0.572659
0.584662
0.599655
0.616785
0.632546
0.644893
0.654534
0.662112
0.667986
0.672092
0.674174
0.674747
0.67468
0.525386
0.525269
0.526054
0.528432
0.532885
0.539602
0.548613
0.560357
0.575287
0.593627
0.614226
0.632944
0.647531
0.658932
0.667913
0.674904
0.679684
0.682001
0.682593
0.682504
0.500651
0.500521
0.501644
0.504819
0.510658
0.519463
0.531176
0.546212
0.564924
0.58736
0.61199
0.634009
0.65104
0.664349
0.674857
0.683014
0.688438
0.690922
0.691493
0.691375
0.468519
0.468415
0.470149
0.474704
0.482851
0.494913
0.510594
0.530154
0.553705
0.581058
0.610266
0.635875
0.655494
0.670812
0.682909
0.692237
0.698177
0.700712
0.701215
0.701063
0.42482
0.424886
0.427958
0.435387
0.447833
0.465209
0.486767
0.512422
0.541992
0.575073
0.609323
0.638709
0.660977
0.67832
0.691988
0.702383
0.708601
0.711015
0.7114
0.711214
0.361753
0.362969
0.370458
0.384377
0.404677
0.43051
0.460336
0.493742
0.530425
0.569879
0.609452
0.642659
0.667529
0.686808
0.701887
0.713043
0.719236
0.721297
0.721516
0.721312
0.286765
0.288856
0.303285
0.327207
0.358392
0.394199
0.43302
0.474665
0.518948
0.565401
0.611094
0.648972
0.677143
0.698841
0.715567
0.727404
0.733364
0.73513
0.735305
0.73519
0.209661
0.216101
0.237549
0.271692
0.313335
0.35885
0.40664
0.45658
0.508545
0.562093
0.614056
0.656724
0.688241
0.71239
0.730889
0.743045
0.748347
0.749626
0.749736
0.749694
0.146695
0.155286
0.181263
0.222491
0.272336
0.326117
0.38201
0.439733
0.499054
0.559453
0.617421
0.664589
0.699196
0.725466
0.745071
0.757339
0.762392
0.763559
0.76369
0.763706
0.0953768
0.104581
0.134107
0.180574
0.236578
0.29701
0.359758
0.42436
0.490399
0.557213
0.620893
0.672352
0.709855
0.738121
0.758957
0.771598
0.776464
0.777647
0.777861
0.77792
0.0524703
0.0619429
0.0939083
0.144384
0.205446
0.271399
0.339945
0.410544
0.482625
0.555383
0.624472
0.680044
0.720359
0.75058
0.772607
0.785736
0.79083
0.79225
0.792454
0.792545
0.0155688
0.0251417
0.0589277
0.112613
0.177868
0.24854
0.322148
0.398072
0.475638
0.553898
0.628094
0.687616
0.730673
0.762845
0.786201
0.800002
0.805483
0.806991
0.807216
0.807293
-0.0170113
-0.00740907
0.0277716
0.0841749
0.152943
0.227692
0.305793
0.386519
0.469111
0.552506
0.631564
0.694896
0.74061
0.774677
0.799231
0.81389
0.819799
0.821446
0.821693
0.821761
-0.0465542
-0.0369149
-0.000590158
0.0581592
0.129936
0.20826
0.290359
0.375451
0.462702
0.550958
0.63468
0.701698
0.749981
0.785836
0.811607
0.826953
0.833333
0.835099
0.835343
0.835391
-0.0739475
-0.0642695
-0.0269444
0.0338418
0.10829
0.189786
0.275467
0.364546
0.456137
0.549004
0.63724
0.70785
0.758618
0.796187
0.823022
0.839061
0.845842
0.847693
0.847921
0.847938
-0.0997715
-0.090024
-0.0517662
0.0107302
0.0875944
0.171929
0.26084
0.353559
0.449186
0.54645
0.639103
0.713271
0.766475
0.805684
0.833523
0.849999
0.857064
0.859003
0.859218
0.859196
-0.124503
-0.114618
-0.0754859
-0.0114764
0.0675756
0.154442
0.246269
0.342314
0.441707
0.543172
0.640167
0.717917
0.773552
0.814324
0.843034
0.859862
0.867062
0.868976
0.869208
0.869164
-0.148425
-0.138328
-0.0984781
-0.0329592
0.0480404
0.137158
0.231621
0.33071
0.433601
0.539074
0.640357
0.721758
0.779892
0.822201
0.851664
0.868705
0.875871
0.877803
0.877989
0.877914
-0.171649
-0.161358
-0.12078
-0.0538524
0.0288607
0.120001
0.216829
0.318682
0.424803
0.534077
0.639608
0.724782
0.785559
0.829462
0.859568
0.876669
0.883728
0.885563
0.885703
0.885612
-0.194356
-0.183787
-0.142454
-0.0742558
0.00997977
0.102924
0.201862
0.306207
0.415293
0.528151
0.637859
0.726968
0.790617
0.836251
0.866958
0.883952
0.890749
0.89243
0.892516
0.892404
-0.216503
-0.205676
-0.163627
-0.0942309
-0.00861657
0.0859248
0.18674
0.29331
0.405083
0.52127
0.635056
0.728266
0.795117
0.842731
0.87403
0.890709
0.897058
0.898499
0.898503
0.898369
-0.238167
-0.227036
-0.184238
-0.113768
-0.0269189
0.069027
0.171493
0.280037
0.394212
0.513446
0.631152
0.728609
0.799052
0.849032
0.881042
0.897193
0.902774
0.903819
0.903725
0.903581
-0.25918
-0.247825
-0.20428
-0.132828
-0.0448884
0.0522928
0.156181
0.266452
0.382743
0.504726
0.626117
0.727907
0.802351
0.855236
0.888317
0.903824
0.908226
0.908549
0.90828
0.90815
-0.279678
-0.267993
-0.223747
-0.151403
-0.062499
0.0357554
0.140888
0.252628
0.370757
0.495181
0.619946
0.726052
0.804876
0.861296
0.896117
0.911237
0.914085
0.913018
0.912268
0.912182
-0.299509
-0.287518
-0.242616
-0.169453
-0.0796792
0.019495
0.125693
0.238681
0.358358
0.48487
0.612669
0.72293
0.80643
0.866999
0.904459
0.920134
0.921683
0.91845
0.916171
0.915479
-0.318728
-0.306449
-0.260837
-0.186927
-0.0963975
0.00357707
0.110677
0.224689
0.345651
0.473921
0.604345
0.718422
0.80677
0.87196
0.912868
0.93068
0.93261
0.927748
0.921497
0.912995
-0.337258
-0.324749
-0.278489
-0.203984
-0.112865
-0.0122664
0.0955141
0.210262
0.332206
0.461853
0.594474
0.711996
0.805466
0.87591
0.920764
0.942321
0.947331
0.942173
0.931384
0.927991
-0.355051
-0.34241
-0.295568
-0.220591
-0.12908
-0.0280119
0.0802229
0.195381
0.317979
0.448542
0.582855
0.703226
0.801725
0.878055
0.926229
0.950938
0.95827
0.956045
0.918198
0.871284
-0.371819
-0.358766
-0.311993
-0.236658
-0.145098
-0.0437663
0.0647656
0.180163
0.303021
0.434028
0.569388
0.691822
0.794347
0.877653
0.927181
0.947718
0.954534
0.933508
0.876358
0.815788
-0.389355
-0.373711
-0.3275
-0.251582
-0.160493
-0.0591899
0.0488614
0.164654
0.287455
0.418462
0.554053
0.677543
0.781843
0.875113
0.921216
0.949941
0.91715
0.86604
0.794268
0.727302
-0.376569
-0.356266
-0.305134
-0.224773
-0.127321
-0.0231595
0.0903226
0.209109
0.33531
0.470686
0.601475
0.713857
0.811458
0.906413
0.933628
0.857582
0.802081
0.733564
0.65958
0.611038
-0.396142
-0.382899
-0.345772
-0.274551
-0.18395
-0.0839117
0.02445
0.139758
0.261963
0.392023
0.526285
0.649008
0.751271
0.840006
0.909515
0.889758
0.769308
0.682048
0.616349
0.534477
-0.416901
-0.402564
-0.360557
-0.288169
-0.196945
-0.0972631
0.0100316
0.124401
0.24569
0.374432
0.507161
0.62825
0.727541
0.803558
0.829853
0.743944
0.60188
0.504524
0.428067
0.341307
-0.437907
-0.42548
-0.379339
-0.305961
-0.214691
-0.11453
-0.00723306
0.106873
0.227312
0.354632
0.484659
0.601351
0.691546
0.751793
0.727611
0.592129
0.439772
0.322539
0.224713
0.0933927
-0.460855
-0.448327
-0.400121
-0.325507
-0.234143
-0.133896
-0.0267362
0.0868124
0.206164
0.331621
0.458243
0.569286
0.64981
0.688209
0.626255
0.442804
0.264699
0.11529
-0.02246
-0.209667
-0.483159
-0.470863
-0.421518
-0.345681
-0.253923
-0.153754
-0.0470077
0.0656926
0.183681
0.306848
0.429522
0.534082
0.606588
0.609625
0.497638
0.299784
0.0918858
-0.0995069
-0.271033
-0.648978
-0.505633
-0.49358
-0.4437
-0.367025
-0.274922
-0.174749
-0.0684314
0.0433836
0.159866
0.280453
0.39874
0.495845
0.55642
0.526684
0.372814
0.171308
-0.0439456
-0.243981
-0.412579
-0.705278
-0.52903
-0.517112
-0.46695
-0.38977
-0.297443
-0.197258
-0.0913323
0.019606
0.1345
0.252286
0.365866
0.455026
0.500016
0.451521
0.260212
0.0643322
-0.136017
-0.302959
-0.372155
-0.410693
-0.55389
-0.542098
-0.491653
-0.414198
-0.321854
-0.221843
-0.116474
-0.00665433
0.106303
0.220756
0.328942
0.409452
0.437182
0.352118
0.15895
-0.0260983
-0.194704
-0.301706
-0.337293
-0.345851
-0.580467
-0.568634
-0.517973
-0.440334
-0.348102
-0.248461
-0.143878
-0.0354514
0.0751808
0.185754
0.287779
0.359375
0.360573
0.245621
0.066208
-0.104578
-0.246197
-0.302126
-0.313543
-0.317404
-0.608848
-0.596916
-0.545985
-0.468203
-0.376194
-0.277114
-0.173549
-0.0668302
0.0410968
0.14731
0.242402
0.304357
0.280885
0.145872
-0.0192112
-0.178983
-0.279337
-0.305415
-0.303363
-0.303468
-0.638799
-0.627068
-0.57565
-0.497773
-0.406097
-0.307764
-0.205479
-0.10078
0.00406983
0.105442
0.193135
0.243359
0.209941
0.0545283
-0.0964641
-0.236402
-0.279974
-0.290254
-0.294026
-0.294211
-0.67016
-0.658434
-0.606757
-0.528883
-0.43768
-0.340309
-0.239575
-0.137224
-0.0358332
0.0603346
0.140239
0.179068
0.13812
-0.0233606
-0.163479
-0.260911
-0.301296
-0.290658
-0.288874
-0.288637
-0.702418
-0.69064
-0.639003
-0.561209
-0.470656
-0.374501
-0.275607
-0.175954
-0.0784013
0.0123754
0.0840697
0.113727
0.052823
-0.091072
-0.215449
-0.268221
-0.283354
-0.284674
-0.28451
-0.284233
-0.734858
-0.723063
-0.67152
-0.594181
-0.504575
-0.409927
-0.313214
-0.216603
-0.123271
-0.038001
0.0259238
0.0411077
-0.0285885
-0.147693
-0.245148
-0.273384
-0.277741
-0.28146
-0.281796
-0.28179
-0.766213
-0.754796
-0.70343
-0.627116
-0.538741
-0.445974
-0.351828
-0.258602
-0.169811
-0.0903121
-0.0321356
-0.0303654
-0.100588
-0.198602
-0.259824
-0.305448
-0.286399
-0.281509
-0.280497
-0.280324
-0.79497
-0.784061
-0.733739
-0.658608
-0.572195
-0.481792
-0.390681
-0.301199
-0.217132
-0.143605
-0.0896654
-0.0930341
-0.167677
-0.243689
-0.281366
-0.275971
-0.281928
-0.281374
-0.280509
-0.280306
-0.819497
-0.809259
-0.760453
-0.687535
-0.603697
-0.516274
-0.428768
-0.343457
-0.264165
-0.196455
-0.147588
-0.149358
-0.223278
-0.292945
-0.317869
-0.322674
-0.304206
-0.290869
-0.286356
-0.285311
-0.837394
-0.828071
-0.781622
-0.711924
-0.631752
-0.548193
-0.464897
-0.384251
-0.309806
-0.247456
-0.204063
-0.199939
-0.26108
-0.335984
-0.373669
-0.352699
-0.32931
-0.319104
-0.312296
-0.308073
-0.846558
-0.838081
-0.795172
-0.729862
-0.654569
-0.576036
-0.49781
-0.422292
-0.352929
-0.29535
-0.25477
-0.242137
-0.273362
-0.322398
-0.349222
-0.332058
-0.331264
-0.330567
-0.326014
-0.322343
-0.842909
-0.835921
-0.799323
-0.739512
-0.67047
-0.598268
-0.526116
-0.456403
-0.392363
-0.33895
-0.298188
-0.269782
-0.252675
-0.222681
-0.268818
-0.2641
-0.275532
-0.282272
-0.286817
-0.288635
-0.824812
-0.820044
-0.791379
-0.73949
-0.67818
-0.613627
-0.548611
-0.485333
-0.42697
-0.377784
-0.337528
-0.297117
-0.218646
-0.0725262
-0.0555377
-0.166566
-0.239595
-0.271523
-0.283409
-0.287483
-0.792879
-0.78944
-0.769963
-0.728875
-0.677239
-0.621562
-0.564514
-0.508116
-0.455619
-0.410996
-0.379085
-0.334406
-0.28248
-0.193607
-0.163507
-0.264165
-0.329095
-0.353015
-0.362073
-0.365745
-0.751774
-0.749607
-0.738559
-0.709772
-0.668699
-0.62257
-0.573738
-0.524276
-0.477288
-0.438297
-0.411287
-0.41594
-0.506937
-0.745202
-0.882556
-0.804742
-0.641562
-0.543828
-0.509808
-0.501777
-0.710132
-0.708867
-0.703492
-0.686618
-0.656206
-0.618384
-0.577138
-0.533665
-0.491196
-0.454733
-0.434238
-0.457374
-0.581514
-0.724516
-0.7484
-0.590971
-0.482559
-0.469396
-0.464927
-0.456844
-0.676984
-0.676324
-0.673678
-0.663992
-0.642736
-0.61224
-0.576399
-0.53714
-0.496255
-0.457573
-0.433068
-0.39298
-0.361692
-0.251318
-0.16405
-0.165213
-0.253148
-0.311718
-0.31098
-0.302498
-0.65356
-0.65286
-0.651472
-0.647501
-0.632702
-0.607279
-0.57413
-0.536323
-0.493806
-0.450693
-0.411077
-0.37771
-0.318385
-0.243201
-0.229563
-0.303205
-0.403291
-0.456867
-0.401718
-0.352395
-0.637201
-0.636944
-0.636347
-0.634439
-0.626141
-0.604555
-0.572558
-0.533139
-0.488762
-0.43881
-0.392342
-0.376693
-0.293321
-0.189446
-0.100708
-0.0227313
-0.0215586
-0.0572983
-0.0612712
-0.0452538
-0.627188
-0.627142
-0.626793
-0.626065
-0.622029
-0.603841
-0.571669
-0.529523
-0.479943
-0.422767
-0.363377
-0.309009
-0.221855
-0.0677148
0.055933
0.113217
0.147358
0.18984
0.243016
0.280615
-0.620573
-0.620542
-0.620146
-0.619538
-0.618112
-0.605158
-0.572742
-0.526138
-0.469823
-0.4056
-0.325691
-0.24627
-0.102873
0.0709344
0.233608
0.361115
0.465015
0.59267
0.716459
0.791078
-0.617908
-0.617807
-0.617442
-0.616719
-0.615912
-0.609435
-0.576119
-0.524675
-0.463128
-0.387264
-0.293179
-0.19363
-0.037756
0.214598
0.496044
0.77375
1.01993
1.21877
1.35013
1.41067
-0.616292
-0.616836
-0.618502
-0.621892
-0.625825
-0.618431
-0.58119
-0.526189
-0.459354
-0.374701
-0.274164
-0.164431
-0.0218804
0.234619
0.57514
0.921946
1.22506
1.44415
1.56375
1.60713
-0.611162
-0.612454
-0.614336
-0.617804
-0.621997
-0.613435
-0.581137
-0.532213
-0.463581
-0.374066
-0.269109
-0.154842
-0.0489911
0.186774
0.515128
0.822347
1.08674
1.27033
1.36286
1.39435
-0.626704
-0.627158
-0.6223
-0.60092
-0.569244
-0.559852
-0.572501
-0.546104
-0.47547
-0.379871
-0.27319
-0.165787
-0.0690428
0.100006
0.372902
0.621065
0.826405
0.961262
1.02551
1.04613
-0.680706
-0.678367
-0.669636
-0.644923
-0.612637
-0.604275
-0.620546
-0.583473
-0.495501
-0.389174
-0.281433
-0.182354
-0.0960947
0.0151107
0.222446
0.407965
0.559428
0.654212
0.697326
0.710124
-0.791168
-0.789158
-0.809038
-0.848899
-0.869558
-0.850279
-0.794217
-0.660033
-0.524072
-0.39803
-0.288793
-0.199986
-0.12937
-0.0497273
0.0976874
0.226269
0.329102
0.391586
0.418977
0.426443
-0.928619
-0.934836
-0.975129
-1.02501
-1.04743
-1.02204
-0.915752
-0.720752
-0.542508
-0.401182
-0.292321
-0.212567
-0.153571
-0.0975997
0.0010071
0.0859828
0.146813
0.182111
0.196328
0.200268
-0.93405
-0.944459
-0.976506
-1.01357
-1.03219
-1.00552
-0.889774
-0.692202
-0.517571
-0.380673
-0.28183
-0.215807
-0.167428
-0.1229
-0.0696462
-0.0252702
0.00468612
0.0180047
0.0233069
0.0247196
-0.733885
-0.745934
-0.776838
-0.816146
-0.841419
-0.818181
-0.708065
-0.563329
-0.434585
-0.331973
-0.257034
-0.208351
-0.171872
-0.141051
-0.111132
-0.0934759
-0.088881
-0.0904209
-0.0916178
-0.0906179
-0.391216
-0.400237
-0.422089
-0.454493
-0.483936
-0.486795
-0.44499
-0.38235
-0.317716
-0.263093
-0.219932
-0.192725
-0.174299
-0.1562
-0.13903
-0.130151
-0.13242
-0.137846
-0.139039
-0.138007
-0.0708482
-0.0755909
-0.088139
-0.112523
-0.146673
-0.177097
-0.197241
-0.204951
-0.201691
-0.189358
-0.177102
-0.173625
-0.176216
-0.164105
-0.145488
-0.13737
-0.135166
-0.13574
-0.134654
-0.133847
0.120339
0.11781
0.110191
0.090631
0.055704
0.00679323
-0.042141
-0.0813523
-0.10812
-0.123073
-0.132854
-0.147062
-0.165484
-0.155313
-0.131204
-0.115028
-0.108404
-0.10561
-0.104165
-0.103957
0.190155
0.188679
0.183583
0.168217
0.137764
0.092994
0.0430965
-0.00441598
-0.0422871
-0.0691507
-0.0879352
-0.107671
-0.126864
-0.115573
-0.0972017
-0.0844482
-0.0762546
-0.0714318
-0.0691916
-0.0693462
0.193965
0.193105
0.189615
0.178644
0.156211
0.122183
0.0817335
0.0399849
0.00342831
-0.0249607
-0.0439988
-0.0566233
-0.0628871
-0.0517048
-0.0439326
-0.0405843
-0.0381289
-0.0366425
-0.0362956
-0.0368642
0.172663
0.172243
0.170017
0.162833
0.147725
0.124138
0.0944442
0.062038
0.0321927
0.00877069
-0.00381763
-0.00409052
0.00429268
0.0104637
0.00657454
0.001007
-0.00221128
-0.00358156
-0.0043767
-0.00525882
0.145139
0.145043
0.143727
0.139305
0.129684
0.114149
0.0936976
0.0705289
0.0486027
0.0323908
0.0280019
0.0380156
0.0554092
0.0580334
0.0454237
0.0345225
0.0280554
0.0250653
0.0236103
0.0225835
0.118042
0.118034
0.117356
0.114828
0.109019
0.0992521
0.0859376
0.070574
0.055978
0.0463443
0.0482864
0.0639651
0.0840943
0.0852803
0.0697749
0.0578747
0.050842
0.0473683
0.0451223
0.0438854
0.093233
0.093344
0.0929879
0.0916028
0.0882405
0.0823541
0.0740873
0.0644676
0.0556826
0.0513999
0.0576193
0.0748077
0.0927631
0.0924366
0.0780813
0.0684588
0.0628409
0.0596505
0.057347
0.0561776
0.0705274
0.0706645
0.0705505
0.0698979
0.0681428
0.0648551
0.0600837
0.054551
0.049917
0.0490979
0.0572411
0.0736918
0.087609
0.0850703
0.0737148
0.0672649
0.0639515
0.0620767
0.0602578
0.0593102
0.0496952
0.0498312
0.0498399
0.0496219
0.0488308
0.047207
0.0447074
0.0418343
0.0397649
0.0407441
0.0487175
0.0626685
0.0730192
0.069883
0.0608528
0.0579528
0.0570623
0.0563087
0.0554313
0.0546386
0.0304304
0.0305546
0.0306116
0.0305773
0.0303169
0.029653
0.0285555
0.0272981
0.0266042
0.027804
0.0342774
0.043742
0.04981
0.0461785
0.0392143
0.0402369
0.0421628
0.0429625
0.0425347
0.0417941
0.00393634
0.00392783
0.0039453
0.00413319
0.00429732
0.00429607
0.0041907
0.00410632
0.00392863
0.00412533
0.00440447
0.00421704
0.00750869
0.00650967
0.0066378
0.0072207
0.00488702
0.00448215
0.00524577
0.0201605
-0.976891
-0.366182
0.0553599
0.305787
0.488489
0.627674
0.735436
0.823492
0.918192
0.995125
-0.0344168
0.16385
0.336325
0.484083
0.606907
0.706787
0.787996
0.853958
0.894008
0.899475
0.29699
0.412402
0.521069
0.620258
0.705239
0.776758
0.835162
0.879223
0.90833
0.926393
0.503862
0.581934
0.65722
0.727214
0.788445
0.84055
0.883377
0.917082
0.943424
0.962285
0.65554
0.708477
0.766826
0.817998
0.863975
0.903876
0.937766
0.966065
0.989623
1.00635
0.776074
0.816671
0.861302
0.901057
0.937655
0.970554
0.999418
1.02426
1.04512
1.05914
0.877489
0.912109
0.947913
0.982083
1.01399
1.04334
1.06954
1.09216
1.11071
1.12233
0.969962
1.0013
1.03421
1.06677
1.09735
1.12555
1.15061
1.1719
1.18855
1.19826
1.06051
1.09341
1.12778
1.16179
1.19304
1.22121
1.24569
1.2659
1.28095
1.28978
1.16215
1.20004
1.23765
1.27381
1.3058
1.33351
1.35683
1.37562
1.38942
1.39882
1.28876
1.33149
1.37043
1.40587
1.43608
1.46159
1.48305
1.50051
1.5139
1.52513
1.45004
1.49157
1.52511
1.5541
1.57848
1.59994
1.61948
1.63682
1.65177
1.66548
1.64045
1.66987
1.69146
1.71058
1.72881
1.74614
1.76225
1.77794
1.79463
1.81186
1.837
1.84761
1.85987
1.8744
1.88892
1.90182
1.9131
1.92392
1.93663
1.95219
2.02394
2.03352
2.04314
2.04516
2.04572
2.04991
2.06072
2.07705
2.09439
2.09908
2.32857
2.2697
2.21798
2.17795
2.15556
2.15147
2.16502
2.19872
2.2547
2.33403
0.899001
0.841893
0.799502
0.76597
0.741647
0.724241
0.711758
0.70281
0.69668
0.693192
0.692816
0.695708
0.701187
0.709164
0.720105
0.735092
0.75587
0.784615
0.823062
0.871151
0.703371
0.712401
0.718547
0.719162
0.715188
0.708802
0.702226
0.696702
0.692844
0.691195
0.69239
0.696021
0.701355
0.707932
0.714935
0.720659
0.722708
0.719379
0.711029
0.703843
0.678897
0.680994
0.685593
0.689348
0.692359
0.694115
0.693898
0.692123
0.689901
0.688324
0.688353
0.690207
0.692972
0.695655
0.697153
0.696634
0.694333
0.69112
0.687014
0.68258
0.672682
0.673582
0.676087
0.678728
0.680671
0.682134
0.683302
0.683879
0.683787
0.683556
0.683927
0.685026
0.686114
0.686528
0.686074
0.685076
0.683666
0.681529
0.678927
0.676904
0.66719
0.667655
0.669065
0.671115
0.673053
0.67458
0.675721
0.676681
0.677475
0.678104
0.678763
0.679405
0.679694
0.679548
0.679059
0.678146
0.676682
0.674842
0.67318
0.672156
0.662047
0.662336
0.663252
0.664725
0.666372
0.667987
0.669399
0.670566
0.671614
0.672608
0.673476
0.674031
0.674187
0.67398
0.673355
0.67231
0.671014
0.669693
0.668617
0.667991
0.657081
0.657285
0.657972
0.659143
0.660526
0.661982
0.663468
0.664875
0.666153
0.667353
0.668406
0.669067
0.669255
0.66899
0.668333
0.667447
0.666475
0.665492
0.664718
0.664277
0.652241
0.652396
0.652942
0.653925
0.655151
0.656492
0.657925
0.659421
0.660913
0.662348
0.663621
0.664444
0.664709
0.664522
0.664038
0.663385
0.662651
0.661913
0.661345
0.661015
0.647455
0.647577
0.648024
0.648873
0.650002
0.651283
0.652684
0.654216
0.655856
0.657539
0.659081
0.660125
0.660576
0.6606
0.660347
0.659918
0.659387
0.658857
0.658448
0.658192
0.642633
0.642731
0.643109
0.643869
0.644936
0.646182
0.647594
0.64919
0.650971
0.652902
0.654764
0.656123
0.656864
0.657161
0.657153
0.656951
0.656632
0.656285
0.656003
0.6558
0.637684
0.637765
0.638094
0.638796
0.639832
0.64108
0.642542
0.644245
0.64621
0.648424
0.650672
0.652441
0.653545
0.654157
0.654424
0.65446
0.654355
0.65418
0.654004
0.653842
0.63252
0.632587
0.632881
0.633551
0.634589
0.635886
0.637439
0.639296
0.641507
0.644077
0.646799
0.649065
0.6506
0.651577
0.652156
0.652451
0.652566
0.652556
0.652471
0.652341
0.627045
0.627101
0.627374
0.628037
0.629112
0.630501
0.632193
0.634266
0.636797
0.639818
0.643124
0.645987
0.648028
0.649428
0.650359
0.650944
0.651291
0.65145
0.651448
0.651341
0.621158
0.621204
0.621466
0.622146
0.623294
0.62482
0.626711
0.629074
0.632012
0.635599
0.63962
0.643199
0.645842
0.647734
0.649067
0.649994
0.650595
0.65092
0.650993
0.650905
0.614738
0.614776
0.615035
0.615753
0.617013
0.618728
0.620888
0.623625
0.627081
0.631371
0.636261
0.640702
0.64406
0.646536
0.648336
0.649636
0.650526
0.651036
0.651183
0.65111
0.607643
0.607672
0.607936
0.608715
0.610128
0.612094
0.6146
0.617814
0.621921
0.627076
0.633024
0.638499
0.642707
0.645869
0.648223
0.649956
0.651181
0.651888
0.652106
0.652045
0.599694
0.599713
0.599992
0.600852
0.602469
0.60475
0.607699
0.611518
0.616437
0.622656
0.629884
0.636599
0.641816
0.645787
0.648794
0.651048
0.652652
0.653575
0.653866
0.653813
0.590654
0.590678
0.590987
0.591945
0.593813
0.596495
0.600013
0.604594
0.610524
0.61805
0.626829
0.635021
0.641433
0.646355
0.650131
0.652997
0.655041
0.656201
0.656565
0.656518
0.580216
0.58023
0.58058
0.581685
0.583881
0.587094
0.59133
0.596873
0.604067
0.613201
0.623852
0.633795
0.641609
0.647652
0.652328
0.655899
0.658455
0.659871
0.660308
0.660262
0.568
0.568009
0.568399
0.5697
0.572333
0.576226
0.581383
0.588151
0.596932
0.60805
0.620952
0.63296
0.642404
0.649745
0.655474
0.659862
0.662993
0.664679
0.665182
0.665133
0.553449
0.553453
0.553907
0.555475
0.558683
0.563475
0.56984
0.57819
0.588983
0.602545
0.618141
0.632561
0.643881
0.652704
0.659653
0.664968
0.668732
0.670691
0.671249
0.67119
0.535793
0.535792
0.53634
0.538291
0.542294
0.548309
0.556294
0.566733
0.580103
0.596681
0.615475
0.632671
0.646113
0.656611
0.664901
0.671269
0.675708
0.677924
0.678516
0.67844
0.513862
0.513856
0.514567
0.517112
0.522283
0.53004
0.540279
0.553532
0.570229
0.590515
0.613057
0.633386
0.649178
0.661516
0.671284
0.678784
0.683895
0.686318
0.686912
0.686811
0.485885
0.485877
0.486878
0.490414
0.497437
0.507817
0.521312
0.538425
0.55941
0.584198
0.61105
0.634834
0.65315
0.667453
0.678783
0.687468
0.693175
0.695714
0.696265
0.696131
0.448805
0.448811
0.450444
0.4559
0.466213
0.480753
0.499085
0.521474
0.547881
0.577999
0.609678
0.637162
0.65811
0.674446
0.687381
0.697182
0.703322
0.705835
0.706291
0.706119
0.396772
0.397004
0.400733
0.410624
0.427063
0.448451
0.473818
0.503148
0.536151
0.572351
0.60924
0.64054
0.664133
0.682463
0.696923
0.707681
0.713981
0.716293
0.716609
0.716402
0.322297
0.32464
0.335575
0.354902
0.3815
0.412453
0.446773
0.484287
0.524719
0.567574
0.610047
0.645417
0.67184
0.692326
0.708376
0.719893
0.726148
0.728174
0.728365
0.728158
0.24317
0.249363
0.2687
0.298206
0.335593
0.376401
0.419726
0.465529
0.513661
0.563673
0.612526
0.652839
0.682727
0.705765
0.723664
0.735806
0.7416
0.743144
0.743246
0.74312
0.174952
0.181504
0.20746
0.245692
0.292297
0.34216
0.394129
0.448048
0.503746
0.560756
0.615753
0.660701
0.693802
0.719105
0.738343
0.750569
0.755812
0.7571
0.757226
0.757155
0.119112
0.126092
0.15602
0.200443
0.253904
0.311175
0.370629
0.431901
0.494664
0.558324
0.619181
0.668516
0.70459
0.731907
0.752271
0.764787
0.769882
0.771062
0.771202
0.771157
0.0728156
0.0801209
0.112581
0.161711
0.220584
0.283879
0.349621
0.417311
0.486442
0.55628
0.6227
0.676235
0.715155
0.744436
0.766012
0.778965
0.784203
0.785417
0.785533
0.785515
0.0335553
0.0410305
0.0752667
0.12792
0.191347
0.259736
0.330877
0.404205
0.479087
0.554644
0.626319
0.683882
0.725578
0.756799
0.779583
0.793217
0.798797
0.800007
0.800155
0.800147
-0.000695683
0.0068799
0.0423917
0.0979883
0.165187
0.237958
0.313866
0.392248
0.472372
0.553235
0.629885
0.691329
0.735726
0.768868
0.792951
0.807268
0.813243
0.814579
0.814784
0.814792
-0.0314295
-0.0237579
0.0127874
0.0709067
0.141294
0.217878
0.298024
0.380979
0.465939
0.551792
0.633203
0.698391
0.745401
0.780385
0.805645
0.820719
0.827056
0.828571
0.828776
0.828779
-0.0596167
-0.0518667
-0.0144313
0.0458623
0.119018
0.198965
0.282896
0.370022
0.45948
0.550068
0.636061
0.704883
0.754416
0.79114
0.817526
0.833312
0.839985
0.841689
0.841906
0.841893
-0.0860289
-0.078177
-0.0398926
0.022187
0.097882
0.180832
0.268162
0.359099
0.452742
0.54783
0.638285
0.710674
0.762663
0.801067
0.828406
0.844832
0.851781
0.853621
0.853837
0.853803
-0.111132
-0.103154
-0.0640319
-0.000445837
0.0775477
0.163181
0.253581
0.347999
0.445539
0.544925
0.639757
0.715708
0.770125
0.810128
0.838439
0.855185
0.862343
0.864258
0.864468
0.864423
-0.135307
-0.127167
-0.0872585
-0.0222775
0.0577848
0.145805
0.238981
0.336581
0.437754
0.541247
0.640391
0.719955
0.776826
0.818367
0.847479
0.864484
0.871702
0.873644
0.873818
0.873739
-0.15872
-0.150375
-0.109913
-0.0434513
0.0384343
0.128591
0.224262
0.324768
0.429306
0.536704
0.640117
0.723388
0.78282
0.825917
0.855721
0.872836
0.880009
0.881901
0.882047
0.881952
-0.181523
-0.17302
-0.131837
-0.0640949
0.0194071
0.111471
0.209381
0.312515
0.420154
0.531244
0.638875
0.725994
0.788173
0.832921
0.863338
0.880425
0.887412
0.889189
0.889299
0.889186
-0.203797
-0.195118
-0.153205
-0.0842863
0.00066582
0.0944305
0.194334
0.299825
0.410283
0.524836
0.636602
0.727741
0.792948
0.839536
0.87054
0.887413
0.894037
0.89563
0.895674
0.895539
-0.225572
-0.216697
-0.17408
-0.104051
-0.0177923
0.0774781
0.179137
0.286728
0.399733
0.517485
0.633252
0.728571
0.79717
0.845912
0.877543
0.893991
0.900013
0.901291
0.901251
0.901107
-0.2468
-0.237737
-0.194389
-0.123356
-0.0359365
0.0606465
0.163852
0.273284
0.388555
0.509205
0.628785
0.728405
0.8008
0.852159
0.884645
0.90048
0.905537
0.906286
0.906119
0.905967
-0.267439
-0.258184
-0.214128
-0.142181
-0.0537312
0.0439992
0.148539
0.25957
0.376816
0.500061
0.623177
0.727139
0.803735
0.858306
0.892159
0.907407
0.911069
0.91081
0.910364
0.910249
-0.287486
-0.278026
-0.23329
-0.1605
-0.0711391
0.0276016
0.13328
0.245674
0.364607
0.490117
0.616452
0.724664
0.805803
0.864226
0.900254
0.915486
0.917587
0.915486
0.914206
0.914115
-0.306878
-0.29722
-0.251838
-0.178271
-0.0881
0.0115023
0.118157
0.231684
0.352034
0.479469
0.608633
0.720862
0.806784
0.869615
0.908727
0.925253
0.926707
0.922462
0.918887
0.91756
-0.325643
-0.315795
-0.269752
-0.195502
-0.104644
-0.00431435
0.103148
0.217572
0.339073
0.468085
0.599658
0.715509
0.806399
0.874114
0.91698
0.936495
0.939679
0.934777
0.926821
0.912102
-0.343794
-0.333782
-0.287126
-0.21237
-0.121013
-0.0201439
0.087882
0.202884
0.325192
0.455352
0.588892
0.707929
0.803993
0.877284
0.923966
0.94729
0.954025
0.947545
0.937509
0.90071
-0.361569
-0.350923
-0.303906
-0.228732
-0.13709
-0.0358528
0.0725398
0.187834
0.310607
0.441452
0.57637
0.697881
0.798628
0.878226
0.927432
0.951086
0.95764
0.952143
0.900539
0.843367
-0.380235
-0.365988
-0.319885
-0.244451
-0.153071
-0.0516661
0.0568556
0.172423
0.295289
0.426342
0.561922
0.685032
0.788844
0.876575
0.924861
0.936395
0.941265
0.906474
0.840886
0.777078
-0.399803
-0.399597
-0.340474
-0.257247
-0.165854
-0.0648586
0.0413435
0.157304
0.279972
0.410824
0.54618
0.669706
0.773974
0.874268
0.891539
0.905841
0.878694
0.81494
0.740255
0.669925
-0.375944
-0.372611
-0.314218
-0.230854
-0.134535
-0.0304354
0.0807157
0.199329
0.325212
0.46011
0.590347
0.702261
0.797283
0.892336
0.900172
0.802277
0.718082
0.649993
0.577594
0.437887
-0.414846
-0.38785
-0.32719
-0.24305
-0.147
-0.0429574
0.0676262
0.185657
0.310705
0.444268
0.572381
0.681762
0.767244
0.831717
0.799788
0.666721
0.548225
0.466357
0.383245
0.226448
-0.439211
-0.407792
-0.345618
-0.26212
-0.165903
-0.0619664
0.0487831
0.166072
0.289865
0.421299
0.546198
0.65042
0.726774
0.754685
0.675037
0.512886
0.376301
0.274598
0.16224
-0.059871
-0.462594
-0.429258
-0.365597
-0.28147
-0.185233
-0.0813783
0.0290285
0.145418
0.267706
0.396539
0.517138
0.614099
0.678695
0.670618
0.535567
0.352153
0.186286
0.0480528
-0.106356
-0.466198
-0.485183
-0.451036
-0.386284
-0.301294
-0.204978
-0.101332
0.00843415
0.12378
0.244335
0.370152
0.485572
0.574415
0.620416
0.582719
0.400026
0.196368
-0.00838754
-0.179058
-0.4235
-0.937923
-0.507636
-0.473421
-0.407974
-0.322393
-0.225909
-0.122491
-0.0133654
0.100831
0.219421
0.341842
0.451502
0.532202
0.557806
0.47055
0.275568
0.0626668
-0.147694
-0.332289
-0.505901
-1.06102
-0.531095
-0.496757
-0.430933
-0.344994
-0.248382
-0.145157
-0.0366459
0.0763618
0.192827
0.311556
0.415158
0.485957
0.486909
0.356693
0.167315
-0.0382475
-0.227043
-0.351872
-0.385404
-0.42996
-0.555974
-0.521517
-0.455463
-0.369381
-0.272829
-0.169968
-0.0622523
0.0492757
0.16319
0.277544
0.374639
0.43231
0.410753
0.250939
0.0687485
-0.113688
-0.260809
-0.320897
-0.341896
-0.347033
-0.582573
-0.547884
-0.481655
-0.395544
-0.299221
-0.19692
-0.0902695
0.0194505
0.130386
0.239703
0.329627
0.371871
0.333956
0.152463
-0.0208988
-0.180927
-0.289965
-0.314269
-0.316598
-0.317156
-0.611036
-0.575996
-0.509553
-0.423475
-0.32753
-0.226017
-0.120699
-0.0131188
0.0943839
0.198092
0.279767
0.308901
0.239275
0.0625459
-0.102141
-0.241543
-0.290654
-0.303099
-0.303562
-0.303105
-0.64123
-0.6058
-0.53912
-0.453168
-0.357746
-0.257234
-0.153529
-0.0484382
0.0552153
0.152802
0.225539
0.24063
0.141403
-0.0204122
-0.171413
-0.279362
-0.292041
-0.293007
-0.294299
-0.293944
-0.672699
-0.637089
-0.57018
-0.484454
-0.389736
-0.29047
-0.188681
-0.0864482
0.0130038
0.104035
0.16798
0.166028
0.0559112
-0.0936303
-0.224574
-0.268953
-0.286573
-0.288807
-0.288765
-0.2885
-0.705091
-0.669175
-0.602399
-0.517031
-0.423246
-0.325498
-0.22594
-0.126937
-0.0320039
0.052334
0.1068
0.0927149
-0.0233915
-0.153739
-0.257482
-0.298393
-0.287624
-0.284644
-0.284361
-0.284088
-0.737482
-0.701512
-0.635241
-0.55041
-0.457836
-0.361919
-0.264938
-0.169533
-0.0794574
-0.00147803
0.0416988
0.0248016
-0.0943702
-0.197967
-0.273634
-0.27473
-0.279869
-0.281695
-0.281826
-0.281711
-0.768826
-0.733368
-0.667439
-0.583876
-0.492856
-0.399161
-0.305124
-0.213628
-0.128766
-0.0567784
-0.0211551
-0.0447764
-0.155748
-0.236938
-0.260994
-0.28127
-0.281356
-0.28077
-0.280387
-0.280258
-0.797543
-0.763109
-0.698282
-0.616338
-0.527405
-0.436408
-0.34575
-0.258427
-0.178951
-0.112895
-0.0785949
-0.117465
-0.209952
-0.27156
-0.276969
-0.28066
-0.282314
-0.280809
-0.280386
-0.280174
-0.821945
-0.788976
-0.726044
-0.646523
-0.560332
-0.472621
-0.385844
-0.302965
-0.228749
-0.168777
-0.135585
-0.179477
-0.260054
-0.316854
-0.336597
-0.316369
-0.29609
-0.287818
-0.285728
-0.284795
-0.839677
-0.808909
-0.748687
-0.672738
-0.590271
-0.506558
-0.424244
-0.346144
-0.276954
-0.222716
-0.192772
-0.226657
-0.294948
-0.373398
-0.366651
-0.339599
-0.32338
-0.315359
-0.309819
-0.307009
-0.848435
-0.820454
-0.764335
-0.693093
-0.61558
-0.53692
-0.459713
-0.386768
-0.322438
-0.272849
-0.241782
-0.258912
-0.289029
-0.358096
-0.337523
-0.329813
-0.331983
-0.328471
-0.323659
-0.322335
-0.845412
-0.821526
-0.771148
-0.705825
-0.634658
-0.562221
-0.490944
-0.423637
-0.364092
-0.318162
-0.278476
-0.272368
-0.229488
-0.256996
-0.258603
-0.269656
-0.279291
-0.284803
-0.288013
-0.288809
-0.826944
-0.809238
-0.767374
-0.709608
-0.646248
-0.581196
-0.516735
-0.455497
-0.401007
-0.358235
-0.312767
-0.270381
-0.150431
-0.0208975
-0.10662
-0.209406
-0.259212
-0.278884
-0.286126
-0.287923
-0.794698
-0.782486
-0.751457
-0.703909
-0.64975
-0.593226
-0.536207
-0.481248
-0.432253
-0.39323
-0.354442
-0.311281
-0.241529
-0.114498
-0.213574
-0.304328
-0.343988
-0.358547
-0.364314
-0.366717
-0.753331
-0.745788
-0.726343
-0.690202
-0.64605
-0.598489
-0.54904
-0.50034
-0.456432
-0.423364
-0.403698
-0.444236
-0.608879
-0.845381
-0.877447
-0.712937
-0.583936
-0.520853
-0.504249
-0.5012
-0.711318
-0.707136
-0.696772
-0.672758
-0.637962
-0.598319
-0.555553
-0.512249
-0.471762
-0.442772
-0.423542
-0.517357
-0.649102
-0.773473
-0.679548
-0.521156
-0.470823
-0.467912
-0.460909
-0.454124
-0.677695
-0.675509
-0.670124
-0.654732
-0.628483
-0.594638
-0.55725
-0.516636
-0.47674
-0.440845
-0.421127
-0.389818
-0.306116
-0.199009
-0.148845
-0.202586
-0.293568
-0.31505
-0.304495
-0.307541
-0.653263
-0.652275
-0.650253
-0.641619
-0.621085
-0.591506
-0.555885
-0.515747
-0.472129
-0.428254
-0.401869
-0.351555
-0.274437
-0.227534
-0.25653
-0.354561
-0.443854
-0.438267
-0.370815
-0.345605
-0.63713
-0.636662
-0.635883
-0.631676
-0.616898
-0.589673
-0.553656
-0.511694
-0.463974
-0.415425
-0.377775
-0.349407
-0.237507
-0.14626
-0.0530487
-0.0101727
-0.0426723
-0.0632971
-0.0539912
-0.0427533
-0.62719
-0.627006
-0.626453
-0.624969
-0.614971
-0.589198
-0.551645
-0.505306
-0.453198
-0.391269
-0.334892
-0.272612
-0.146359
0.00215167
0.0931567
0.130946
0.166092
0.216042
0.265921
0.288786
-0.620594
-0.620395
-0.619781
-0.619344
-0.613862
-0.591095
-0.550687
-0.49971
-0.439097
-0.365611
-0.28675
-0.186432
-0.0141789
0.152851
0.299949
0.413014
0.524314
0.658872
0.761486
0.805921
-0.617873
-0.617669
-0.617114
-0.616552
-0.615221
-0.595882
-0.552039
-0.495396
-0.42637
-0.343652
-0.240942
-0.13383
0.0810554
0.351384
0.637909
0.900598
1.12696
1.29367
1.38876
1.42141
-0.616495
-0.617462
-0.620049
-0.623676
-0.624776
-0.603199
-0.555264
-0.494244
-0.419948
-0.325585
-0.217383
-0.113582
0.0960871
0.393881
0.751873
1.08181
1.34705
1.51602
1.59289
1.6135
-0.611816
-0.613245
-0.615844
-0.619859
-0.620628
-0.599794
-0.558558
-0.500796
-0.421433
-0.321737
-0.212684
-0.104457
0.0434481
0.349562
0.673015
0.961613
1.19103
1.32667
1.38432
1.39822
-0.627173
-0.62615
-0.613786
-0.584615
-0.560177
-0.568177
-0.565669
-0.515129
-0.429624
-0.326062
-0.219692
-0.115309
-0.00199831
0.231478
0.502138
0.72997
0.904369
1.00065
1.03986
1.0478
-0.679641
-0.67535
-0.659893
-0.627335
-0.605968
-0.612732
-0.611591
-0.542926
-0.443782
-0.33394
-0.230508
-0.136698
-0.0538361
0.11468
0.31976
0.488348
0.614934
0.680956
0.706646
0.710485
-0.788375
-0.796867
-0.82621
-0.864144
-0.863352
-0.830864
-0.73118
-0.590783
-0.459935
-0.339976
-0.241511
-0.16256
-0.100395
0.022841
0.165307
0.281077
0.365979
0.408729
0.423885
0.425882
-0.926964
-0.951793
-1.00182
-1.04072
-1.0403
-0.988109
-0.820422
-0.627757
-0.467798
-0.341255
-0.248873
-0.180834
-0.133508
-0.0479064
0.0461868
0.119339
0.167957
0.191083
0.199623
0.19941
-0.936987
-0.957868
-0.995494
-1.02658
-1.02569
-0.963187
-0.791958
-0.600929
-0.444657
-0.325565
-0.245792
-0.190287
-0.151018
-0.0955838
-0.0459977
-0.00841684
0.0126938
0.0215154
0.0243502
0.0243316
-0.737488
-0.759373
-0.796417
-0.832196
-0.837916
-0.77494
-0.634779
-0.496932
-0.379841
-0.290489
-0.229589
-0.188934
-0.159314
-0.124597
-0.100533
-0.0896671
-0.0894028
-0.0914885
-0.0911481
-0.0906032
-0.394596
-0.409446
-0.437554
-0.471006
-0.48957
-0.470681
-0.415169
-0.349224
-0.289437
-0.239249
-0.204471
-0.183254
-0.16699
-0.147062
-0.132485
-0.130502
-0.135396
-0.138941
-0.138525
-0.137917
-0.0728988
-0.0805073
-0.0988792
-0.128772
-0.163428
-0.188073
-0.202673
-0.204491
-0.196418
-0.182271
-0.173922
-0.174426
-0.173535
-0.154017
-0.1407
-0.135391
-0.135626
-0.13531
-0.134119
-0.133863
0.119139
0.115111
0.102171
0.0751186
0.0326433
-0.0185859
-0.0629679
-0.0962826
-0.11669
-0.12793
-0.138908
-0.156753
-0.16629
-0.142774
-0.12135
-0.110978
-0.106785
-0.104694
-0.103955
-0.104232
0.189412
0.187009
0.177503
0.154996
0.116788
0.0682261
0.0186451
-0.0246039
-0.0568833
-0.0792027
-0.097189
-0.11856
-0.126873
-0.106055
-0.0897948
-0.0800554
-0.0733968
-0.0699397
-0.0691178
-0.0697281
0.193574
0.191978
0.185323
0.168977
0.14043
0.102516
0.0606225
0.0210079
-0.0118543
-0.0356517
-0.0511184
-0.0610719
-0.0593057
-0.0478233
-0.0418158
-0.0393317
-0.0372573
-0.0363184
-0.0365145
-0.0372022
0.172508
0.171531
0.167232
0.15637
0.136894
0.109943
0.0782512
0.046704
0.0194436
0.000839058
-0.00472284
-0.00060426
0.010215
0.0090459
0.00339848
-0.000880888
-0.00307996
-0.00398276
-0.00481977
-0.0055797
0.145161
0.144626
0.142033
0.135229
0.122619
0.104489
0.0822285
0.0592381
0.0395
0.0282953
0.0312741
0.0465994
0.062154
0.0528094
0.0392975
0.0307154
0.0262617
0.0242364
0.023052
0.0222846
0.118083
0.117839
0.116412
0.112398
0.104621
0.0930109
0.0783575
0.0629951
0.0502816
0.045441
0.0547919
0.0743905
0.0895464
0.0779353
0.0632594
0.0535871
0.0489195
0.0460978
0.0443967
0.0435845
0.0933239
0.0932339
0.0924784
0.0902182
0.0856118
0.0785062
0.0693363
0.0597959
0.0527674
0.0529191
0.0653208
0.0845439
0.0959946
0.0847058
0.0728476
0.0652904
0.0611045
0.0583668
0.0566397
0.0558926
0.0706173
0.0706492
0.0703266
0.0691882
0.0666974
0.062647
0.0573342
0.0519642
0.0488685
0.0519079
0.0648453
0.0817276
0.0887172
0.0785248
0.0699632
0.0653633
0.0629867
0.0609926
0.0596832
0.0590501
0.0497793
0.049851
0.0497703
0.0493204
0.0481275
0.0460653
0.0432535
0.0405814
0.0397386
0.0438869
0.0553946
0.0689144
0.0733562
0.0643147
0.0588769
0.0574263
0.0567107
0.0559289
0.0549819
0.0543616
0.0305052
0.0305853
0.0306202
0.0304814
0.0300472
0.0291528
0.0279036
0.0267974
0.026993
0.030825
0.0390728
0.0476113
0.0487246
0.0410934
0.0391336
0.0413384
0.0427463
0.0428729
0.0421567
0.0414754
0.0125385
0.0126333
0.0126635
0.012724
0.0126708
0.0125498
0.0122468
0.0119236
0.0118365
0.0124514
0.0153631
0.0191686
0.018587
0.0160892
0.0148405
0.0169194
0.0198269
0.0205319
0.0204982
0.0198609
-0.627713
-0.118972
0.191099
0.401526
0.562215
0.683961
0.781896
0.867012
0.968986
0.961403
0.0988359
0.253343
0.413548
0.548668
0.659582
0.749338
0.823103
0.87833
0.900713
0.90709
0.367116
0.467217
0.572482
0.664497
0.742635
0.807628
0.859126
0.895394
0.918885
0.936079
0.551757
0.620379
0.693247
0.758983
0.815645
0.863132
0.901315
0.931
0.9544
0.973057
0.690536
0.740845
0.792849
0.841765
0.884684
0.921553
0.952574
0.978388
0.999561
1.01798
0.802859
0.839698
0.881585
0.919785
0.9546
0.985488
1.01235
1.0352
1.05354
1.07153
0.899647
0.929931
0.965295
0.998331
1.02902
1.05686
1.08133
1.10199
1.11775
1.13544
0.988805
1.01739
1.05072
1.08232
1.1118
1.13851
1.16178
1.18087
1.19442
1.21197
1.07901
1.1102
1.14509
1.17777
1.20754
1.23394
1.25637
1.27413
1.28609
1.30377
1.18244
1.21866
1.25619
1.29033
1.32019
1.34573
1.36682
1.38315
1.39441
1.41259
1.31126
1.3512
1.38878
1.42161
1.44937
1.4728
1.4923
1.50765
1.51946
1.53789
1.47206
1.50884
1.54028
1.56675
1.58949
1.60994
1.62847
1.64454
1.65861
1.67661
1.65604
1.68131
1.70117
1.71979
1.73762
1.75437
1.77007
1.78609
1.80331
1.8224
1.84179
1.85348
1.86695
1.88182
1.8956
1.90765
1.91845
1.92988
1.94421
1.96278
2.02504
2.03956
2.04472
2.04528
2.0471
2.05443
2.06831
2.08627
2.09888
2.11239
2.29749
2.24313
2.19594
2.16444
2.15134
2.15591
2.17918
2.22389
2.29124
2.38674
0.762784
0.758103
0.75071
0.738823
0.725848
0.714385
0.705274
0.698489
0.694009
0.692117
0.693373
0.697398
0.703607
0.711949
0.722537
0.735151
0.748223
0.758116
0.764089
0.767491
0.684784
0.69187
0.697852
0.702071
0.70336
0.701606
0.698011
0.694153
0.691148
0.689843
0.690951
0.694033
0.698189
0.702536
0.70574
0.70628
0.703586
0.69846
0.691617
0.685751
0.675599
0.678605
0.681864
0.684361
0.686381
0.687847
0.688209
0.687493
0.686436
0.686
0.686889
0.688661
0.690353
0.691092
0.690484
0.688936
0.686903
0.684129
0.680856
0.678518
0.66988
0.671335
0.673572
0.675818
0.677477
0.678698
0.679703
0.680393
0.680729
0.681081
0.681801
0.682564
0.682864
0.682574
0.681893
0.680803
0.679067
0.676847
0.675069
0.673984
0.664593
0.665414
0.666884
0.668689
0.670441
0.671894
0.67303
0.674016
0.674915
0.675738
0.676433
0.676806
0.676798
0.67645
0.675684
0.674437
0.672908
0.671384
0.67037
0.669712
0.659547
0.660104
0.661184
0.662604
0.664135
0.66566
0.667058
0.668276
0.6694
0.670464
0.671263
0.671637
0.671605
0.671143
0.670288
0.669211
0.668059
0.666998
0.666317
0.665854
0.654652
0.65507
0.655934
0.657145
0.658482
0.659909
0.661383
0.66282
0.664172
0.665445
0.666419
0.66689
0.666866
0.666428
0.665732
0.664916
0.664051
0.663265
0.662767
0.662414
0.649849
0.650178
0.650892
0.651956
0.653199
0.654554
0.656018
0.657569
0.659143
0.660671
0.661866
0.662484
0.66259
0.66234
0.661873
0.661274
0.660628
0.660057
0.659688
0.659406
0.645057
0.645324
0.645932
0.646897
0.648081
0.649405
0.650884
0.65252
0.654286
0.656099
0.657578
0.658443
0.658794
0.658788
0.658552
0.658172
0.657727
0.65733
0.657057
0.656823
0.640183
0.640406
0.640941
0.641845
0.642994
0.644325
0.645859
0.647615
0.649588
0.651714
0.653559
0.65477
0.655433
0.655702
0.655708
0.655559
0.655306
0.65506
0.654862
0.654663
0.635138
0.635328
0.635814
0.636688
0.63784
0.639217
0.640848
0.642772
0.645008
0.647512
0.64981
0.651448
0.652478
0.653062
0.653338
0.653419
0.653361
0.653251
0.653115
0.65294
0.629831
0.629996
0.630453
0.631327
0.632523
0.63399
0.635766
0.637919
0.640493
0.643471
0.646321
0.648464
0.649923
0.650868
0.651446
0.651763
0.651916
0.651935
0.651849
0.651691
0.624163
0.62431
0.624758
0.625662
0.626942
0.628546
0.630527
0.632984
0.635986
0.639555
0.643073
0.64582
0.647782
0.649138
0.650058
0.650665
0.651023
0.651159
0.651116
0.650969
0.618025
0.618158
0.618612
0.619575
0.620983
0.62278
0.625039
0.627886
0.631429
0.635726
0.640053
0.64352
0.646078
0.647913
0.649222
0.650146
0.650734
0.650991
0.650986
0.650845
0.611286
0.611409
0.611883
0.612937
0.614521
0.616574
0.619194
0.622538
0.626758
0.631945
0.637249
0.641578
0.64484
0.647243
0.648999
0.650285
0.65113
0.651512
0.651542
0.651403
0.603789
0.603904
0.60441
0.605589
0.607404
0.609788
0.612867
0.616838
0.621896
0.628172
0.634655
0.640012
0.644105
0.647176
0.64947
0.65118
0.652307
0.652818
0.652881
0.652739
0.595329
0.595444
0.595992
0.59734
0.59944
0.602245
0.605911
0.610669
0.616763
0.624367
0.632268
0.638848
0.643923
0.64778
0.650719
0.652915
0.654363
0.655012
0.655105
0.654958
0.585606
0.585731
0.586373
0.587918
0.590393
0.593746
0.598152
0.603896
0.611275
0.620498
0.630099
0.638124
0.644358
0.649138
0.652827
0.655597
0.657407
0.658201
0.65832
0.658164
0.574322
0.574447
0.575206
0.577026
0.579981
0.584031
0.589377
0.596363
0.60534
0.616536
0.628164
0.637885
0.645471
0.651335
0.655893
0.659326
0.661539
0.662481
0.662623
0.662453
0.560986
0.561129
0.562048
0.56423
0.56781
0.572766
0.579324
0.587892
0.598862
0.612458
0.62649
0.638188
0.64733
0.654442
0.660012
0.664202
0.666847
0.667934
0.66809
0.667904
0.544946
0.545127
0.546278
0.548951
0.553364
0.559529
0.567683
0.578292
0.591761
0.608268
0.625123
0.639095
0.650003
0.658537
0.665247
0.670288
0.673381
0.674598
0.674756
0.674551
0.525253
0.525511
0.527012
0.530386
0.535963
0.543793
0.554104
0.567391
0.584011
0.604025
0.62415
0.640686
0.653568
0.663682
0.671645
0.677606
0.681135
0.682447
0.682591
0.682365
0.500477
0.500883
0.502939
0.507384
0.514693
0.524927
0.538239
0.55508
0.575661
0.599856
0.623698
0.643055
0.658081
0.669912
0.679219
0.686115
0.690015
0.691365
0.691475
0.691228
0.468298
0.469002
0.472028
0.478305
0.488408
0.502275
0.519858
0.541408
0.566894
0.595965
0.623933
0.646307
0.663591
0.677212
0.68793
0.695679
0.699817
0.701121
0.701174
0.700912
0.424566
0.42598
0.431074
0.440976
0.455958
0.475449
0.499059
0.526697
0.558079
0.592669
0.625066
0.650566
0.670145
0.685555
0.697637
0.706056
0.7102
0.711353
0.711333
0.711064
0.361559
0.365962
0.376617
0.393738
0.417007
0.444918
0.476557
0.511641
0.549778
0.590346
0.627314
0.655925
0.677727
0.694812
0.708023
0.716787
0.720656
0.721525
0.72143
0.721174
0.286477
0.294731
0.314225
0.341963
0.375827
0.413182
0.453416
0.496412
0.541844
0.589121
0.631518
0.664021
0.688656
0.707761
0.722208
0.731094
0.734616
0.735303
0.735256
0.735124
0.211203
0.224872
0.253495
0.291698
0.335686
0.382384
0.431241
0.482223
0.535041
0.589141
0.637107
0.673584
0.701064
0.722329
0.737897
0.746451
0.749279
0.749733
0.749715
0.74967
0.148809
0.166117
0.200485
0.246564
0.298802
0.353717
0.41053
0.469093
0.529024
0.5897
0.64295
0.683129
0.713197
0.736096
0.752244
0.760615
0.763248
0.763663
0.763697
0.763696
0.0975199
0.116938
0.155755
0.207651
0.266311
0.32801
0.391708
0.457092
0.523606
0.590496
0.648789
0.692476
0.72495
0.749471
0.766425
0.774823
0.777276
0.777805
0.77789
0.777927
0.0545855
0.075236
0.117394
0.17391
0.237885
0.305256
0.374866
0.446286
0.518812
0.591529
0.654634
0.7017
0.736523
0.762635
0.780412
0.789049
0.791804
0.792388
0.792499
0.792564
0.0176365
0.0390736
0.0838886
0.144153
0.212606
0.28488
0.359693
0.436534
0.514571
0.592736
0.660423
0.710758
0.7479
0.775646
0.794349
0.803565
0.806526
0.807161
0.807233
0.807329
-0.0149944
0.00699116
0.0539656
0.11739
0.189655
0.266225
0.345698
0.427461
0.510594
0.593896
0.665976
0.719481
0.758864
0.788175
0.807826
0.817701
0.820922
0.82164
0.821723
0.821802
-0.0445389
-0.0221479
0.0266554
0.0927941
0.168373
0.248736
0.332397
0.418682
0.506589
0.594791
0.671108
0.727679
0.769215
0.799999
0.820599
0.831053
0.834544
0.835298
0.835363
0.835428
-0.0719742
-0.049166
0.00122726
0.0697306
0.148254
0.231994
0.319445
0.409897
0.502293
0.595191
0.675633
0.735187
0.778791
0.81096
0.832433
0.843396
0.847131
0.847887
0.847926
0.84797
-0.0978287
-0.0745903
-0.0227895
0.0477556
0.12893
0.215696
0.30658
0.400873
0.497495
0.594926
0.679442
0.741943
0.787555
0.821047
0.843196
0.854487
0.858424
0.859198
0.859204
0.85922
-0.122552
-0.0988171
-0.0458881
0.0265991
0.11013
0.19961
0.293617
0.39145
0.492054
0.593889
0.68246
0.747927
0.795514
0.830193
0.852914
0.864434
0.868439
0.869194
0.869182
0.86917
-0.146428
-0.122223
-0.0682501
0.00605168
0.0916766
0.183595
0.280432
0.381531
0.485877
0.591977
0.684633
0.753154
0.802732
0.838531
0.861704
0.873265
0.877237
0.877982
0.877941
0.877905
-0.16964
-0.14494
-0.0899064
-0.0140263
0.0734661
0.167567
0.266962
0.371051
0.478901
0.589125
0.685912
0.757639
0.809327
0.846219
0.869682
0.881184
0.885037
0.885722
0.885653
0.885591
-0.192283
-0.167065
-0.110981
-0.0337078
0.0554506
0.151503
0.25319
0.359989
0.471088
0.585277
0.686249
0.7614
0.815403
0.853437
0.877068
0.888335
0.891964
0.892551
0.892454
0.892373
-0.214361
-0.188667
-0.131578
-0.0530227
0.037622
0.135398
0.239126
0.348366
0.462437
0.580396
0.685579
0.76443
0.821072
0.86038
0.884043
0.894846
0.898127
0.898565
0.898428
0.898331
-0.235914
-0.209717
-0.151678
-0.071961
0.0199993
0.119286
0.224815
0.336223
0.45299
0.574466
0.683844
0.766685
0.826384
0.867256
0.890886
0.900918
0.903591
0.903812
0.903643
0.903542
-0.256881
-0.230187
-0.171247
-0.0904978
0.00261689
0.10323
0.210325
0.32363
0.442796
0.567492
0.68097
0.768065
0.831326
0.874259
0.897995
0.906943
0.908599
0.908406
0.908196
0.908117
-0.277271
-0.250036
-0.190289
-0.108592
-0.0144658
0.0872891
0.195737
0.310679
0.431924
0.55952
0.676893
0.768436
0.83579
0.881472
0.905842
0.913645
0.913678
0.912523
0.912181
0.912232
-0.296999
-0.26927
-0.208758
-0.12621
-0.0312019
0.0715378
0.181125
0.297442
0.420478
0.550616
0.671571
0.767629
0.839556
0.888732
0.914745
0.922094
0.920186
0.917066
0.915662
0.915666
-0.316132
-0.287874
-0.226607
-0.143303
-0.0475221
0.0560597
0.166606
0.284053
0.408577
0.540868
0.664992
0.765456
0.842316
0.895567
0.924417
0.933083
0.930585
0.924683
0.918192
0.902283
-0.334604
-0.305843
-0.243975
-0.160072
-0.0637167
0.0405356
0.151776
0.270065
0.395726
0.529777
0.656649
0.761384
0.84379
0.901614
0.934143
0.946426
0.945717
0.937982
0.92491
0.940555
-0.352512
-0.323113
-0.260819
-0.176493
-0.0797204
0.0250159
0.136636
0.255501
0.381908
0.517229
0.646314
0.754728
0.843221
0.905781
0.940838
0.956316
0.958554
0.947195
0.889104
0.877044
-0.370476
-0.340126
-0.276877
-0.192268
-0.0949979
0.00991898
0.121387
0.240628
0.367416
0.503423
0.633991
0.744954
0.839639
0.907142
0.939722
0.954465
0.947528
0.909054
0.842663
0.803299
-0.389807
-0.35843
-0.291679
-0.207039
-0.108955
-0.00449298
0.106456
0.225667
0.352381
0.488402
0.619565
0.73181
0.830733
0.90421
0.947852
0.926676
0.895955
0.829953
0.757976
0.715105
0.0348879
0.150728
0.273255
0.403861
0.53862
0.661543
0.764566
0.597925
-0.407398
-0.391687
-0.352717
-0.281048
-0.190186
-0.0905377
0.017158
0.131866
0.2536
0.383013
0.516662
0.63899
0.74041
0.823663
0.875171
0.822938
0.681572
0.592201
0.522001
-0.426681
-0.41391
-0.369457
-0.296605
-0.205301
-0.105352
0.0018892
0.116111
0.236994
0.365062
0.496551
0.615682
0.711314
0.779874
0.777125
0.667861
0.522209
0.415932
0.326819
-0.449227
-0.436865
-0.389568
-0.315653
-0.224387
-0.12415
-0.0168671
0.0970234
0.216956
0.343408
0.471802
0.585789
0.670703
0.720948
0.68021
0.517239
0.353492
0.221783
0.105381
-0.471937
-0.459515
-0.410674
-0.335468
-0.243928
-0.143726
-0.036755
0.076394
0.195082
0.31944
0.444163
0.552061
0.629219
0.651545
0.562565
0.370148
0.176926
0.00415026
-0.159207
-0.494114
-0.482028
-0.432408
-0.356162
-0.264245
-0.164076
-0.0575614
0.0546879
0.171936
0.293831
0.414341
0.515311
0.582642
0.566535
0.433849
0.232556
0.0178395
-0.177601
-0.359204
-0.516861
-0.505019
-0.455054
-0.378162
-0.285941
-0.185738
-0.0796087
0.0317879
0.14752
0.266777
0.382806
0.476066
0.529061
0.490149
0.315256
0.116161
-0.0952344
-0.28752
-0.4043
-0.473674
-0.540946
-0.529247
-0.478981
-0.401741
-0.309414
-0.209288
-0.103619
0.00679787
0.120768
0.23696
0.347945
0.432931
0.469626
0.404909
0.208218
0.016414
-0.167833
-0.30488
-0.348948
-0.37265
-0.566556
-0.554945
-0.504457
-0.427015
-0.33474
-0.234901
-0.129883
-0.0207247
0.0911174
0.2037
0.308916
0.385181
0.400726
0.297948
0.111816
-0.0660787
-0.221566
-0.30333
-0.323779
-0.328718
-0.593946
-0.582303
-0.531594
-0.454004
-0.361908
-0.262532
-0.158421
-0.050816
0.0585163
0.166978
0.265625
0.332884
0.319757
0.195149
0.0226865
-0.143754
-0.264934
-0.309424
-0.308623
-0.309519
-0.623029
-0.61147
-0.560418
-0.482717
-0.390917
-0.292184
-0.18923
-0.0834763
0.0229597
0.126818
0.218265
0.274902
0.243968
0.0984611
-0.0592362
-0.213371
-0.280213
-0.297129
-0.298554
-0.298195
-0.653671
-0.642126
-0.590824
-0.513073
-0.421678
-0.323804
-0.222255
-0.118684
-0.0155233
0.0832875
0.167162
0.211607
0.175854
0.0148634
-0.133083
-0.250042
-0.298705
-0.291365
-0.291184
-0.291212
-0.685376
-0.673751
-0.62255
-0.544823
-0.454001
-0.357213
-0.257355
-0.156305
-0.0567836
0.0367008
0.112572
0.147132
0.096311
-0.0586769
-0.19207
-0.272572
-0.289647
-0.286987
-0.286445
-0.286093
-0.717649
-0.705916
-0.655
-0.577541
-0.487515
-0.392081
-0.294229
-0.196051
-0.100561
-0.0125188
0.0551968
0.0785226
0.0107905
-0.120774
-0.236157
-0.260132
-0.276335
-0.281815
-0.282524
-0.282447
-0.749517
-0.737726
-0.687289
-0.610588
-0.52166
-0.427906
-0.332418
-0.237454
-0.146359
-0.0639415
-0.00308125
0.00457337
-0.06501
-0.174834
-0.251204
-0.299497
-0.285146
-0.281983
-0.28107
-0.280884
-0.779096
-0.768134
-0.718517
-0.642916
-0.555604
-0.46396
-0.371259
-0.279853
-0.193414
-0.116899
-0.0607249
-0.0628403
-0.134641
-0.223059
-0.274049
-0.283122
-0.282191
-0.280507
-0.28
-0.279835
-0.805603
-0.794945
-0.747345
-0.673285
-0.588239
-0.499258
-0.409865
-0.322406
-0.240726
-0.170155
-0.118399
-0.121837
-0.197316
-0.268934
-0.295155
-0.293578
-0.290887
-0.284691
-0.282004
-0.281503
-0.82646
-0.816452
-0.771281
-0.700271
-0.618214
-0.532633
-0.447124
-0.364081
-0.287202
-0.222241
-0.176078
-0.17533
-0.244402
-0.31957
-0.355216
-0.346734
-0.318071
-0.301249
-0.295259
-0.293123
-0.839603
-0.830641
-0.788743
-0.721701
-0.643888
-0.562696
-0.481829
-0.403659
-0.331724
-0.27185
-0.230148
-0.222363
-0.271413
-0.340233
-0.370006
-0.346903
-0.339402
-0.333735
-0.326243
-0.321674
-0.842463
-0.835088
-0.79759
-0.735839
-0.663452
-0.587927
-0.512591
-0.43989
-0.373145
-0.317711
-0.277022
-0.25757
-0.26682
-0.286489
-0.328923
-0.30563
-0.304243
-0.303679
-0.303707
-0.304358
-0.833191
-0.82725
-0.795588
-0.7408
-0.675455
-0.606837
-0.538125
-0.471582
-0.410307
-0.358923
-0.317442
-0.28013
-0.234552
-0.155715
-0.176265
-0.214148
-0.25315
-0.270008
-0.278092
-0.281103
-0.808349
-0.804145
-0.780048
-0.735163
-0.678899
-0.6185
-0.557377
-0.497524
-0.442105
-0.395047
-0.356824
-0.302972
-0.229953
-0.0790961
-0.0397655
-0.168134
-0.257913
-0.296215
-0.310304
-0.315556
-0.771347
-0.768725
-0.752969
-0.719171
-0.673885
-0.622848
-0.569899
-0.517031
-0.46729
-0.425722
-0.394631
-0.368558
-0.382162
-0.441775
-0.502778
-0.52044
-0.478185
-0.448181
-0.438494
-0.436268
-0.728939
-0.727289
-0.71945
-0.696696
-0.66259
-0.621005
-0.576022
-0.529787
-0.48521
-0.447913
-0.423529
-0.446415
-0.600729
-0.903384
-1.05961
-0.909637
-0.680558
-0.558495
-0.516344
-0.504398
-0.691158
-0.690098
-0.686525
-0.673871
-0.648927
-0.615371
-0.577099
-0.535923
-0.494835
-0.457777
-0.439015
-0.430652
-0.462445
-0.428703
-0.349653
-0.248651
-0.268007
-0.323504
-0.354377
-0.357806
-0.664243
-0.663671
-0.661382
-0.654969
-0.637094
-0.609405
-0.57522
-0.536986
-0.495409
-0.454807
-0.421405
-0.374463
-0.323578
-0.235519
-0.215203
-0.310472
-0.438595
-0.502413
-0.455717
-0.394616
-0.644102
-0.643673
-0.642796
-0.640342
-0.629047
-0.605606
-0.573074
-0.534721
-0.491751
-0.445473
-0.402036
-0.384539
-0.311482
-0.231055
-0.191446
-0.195283
-0.230994
-0.274713
-0.26596
-0.222055
-0.631755
-0.631624
-0.631206
-0.629713
-0.623946
-0.603954
-0.571617
-0.531344
-0.484964
-0.431195
-0.380155
-0.346857
-0.264038
-0.128917
-0.00916239
0.0867253
0.108826
0.102916
0.107421
0.117655
-0.623449
-0.623439
-0.623117
-0.622753
-0.620161
-0.604333
-0.571815
-0.528
-0.474704
-0.414222
-0.343944
-0.275748
-0.163414
-0.00661807
0.119724
0.185648
0.240534
0.330356
0.429417
0.492389
-0.618722
-0.618639
-0.618163
-0.617326
-0.616188
-0.607001
-0.574307
-0.525535
-0.466102
-0.396501
-0.308739
-0.217355
-0.0596751
0.156425
0.383086
0.584457
0.7552
0.923542
1.05891
1.12949
-0.617586
-0.617675
-0.618088
-0.6188
-0.619711
-0.613858
-0.57909
-0.525207
-0.460552
-0.379426
-0.281422
-0.177243
-0.028003
0.235465
0.554868
0.886296
1.18213
1.39773
1.52495
1.57575
-0.613568
-0.614633
-0.61714
-0.622473
-0.628825
-0.621284
-0.582747
-0.528392
-0.460276
-0.373211
-0.270283
-0.155835
-0.0301426
0.218261
0.561872
0.893184
1.18194
1.38833
1.49571
1.53307
-0.613905
-0.615107
-0.614769
-0.608649
-0.59917
-0.592431
-0.575273
-0.537475
-0.468694
-0.376427
-0.27021
-0.159191
-0.0610787
0.145279
0.448321
0.727183
0.963007
1.12133
1.19894
1.22447
-0.649435
-0.648673
-0.639564
-0.607423
-0.563294
-0.551865
-0.580838
-0.559661
-0.484329
-0.384276
-0.277366
-0.173754
-0.0807818
0.0554451
0.296239
0.512274
0.689779
0.803686
0.856458
0.87317
-0.726347
-0.721854
-0.724072
-0.725216
-0.729939
-0.715412
-0.702972
-0.618464
-0.509144
-0.393856
-0.285065
-0.191163
-0.112923
-0.0194323
0.155807
0.311599
0.43803
0.515967
0.551192
0.559267
-0.867483
-0.86917
-0.903102
-0.957318
-0.983187
-0.959522
-0.869799
-0.698013
-0.536801
-0.401242
-0.291855
-0.207563
-0.1431
-0.0761938
0.0465197
0.152454
0.233081
0.280727
0.30161
0.307459
-0.954888
-0.964951
-1.00182
-1.04318
-1.06324
-1.03574
-0.925955
-0.721294
-0.537098
-0.394748
-0.289007
-0.215174
-0.16152
-0.11278
-0.0384816
0.0254954
0.0704478
0.0939965
0.103241
0.105538
-0.859349
-0.868267
-0.901547
-0.938381
-0.95893
-0.933137
-0.813098
-0.636917
-0.482697
-0.359588
-0.271224
-0.213648
-0.170514
-0.133248
-0.0928193
-0.0642657
-0.0490659
-0.0429134
-0.0421101
-0.0412014
-0.570573
-0.582395
-0.609865
-0.64822
-0.675891
-0.663534
-0.582519
-0.476472
-0.377925
-0.299053
-0.239641
-0.200999
-0.172735
-0.148778
-0.12688
-0.115428
-0.115898
-0.121999
-0.123375
-0.122289
-0.218464
-0.225168
-0.241877
-0.26969
-0.301749
-0.316411
-0.311164
-0.289124
-0.258031
-0.226013
-0.198813
-0.183793
-0.175942
-0.161601
-0.145108
-0.137653
-0.138623
-0.141888
-0.141875
-0.140916
0.0425151
0.0392197
0.029647
0.00797647
-0.0270423
-0.0713321
-0.109123
-0.135734
-0.151135
-0.154652
-0.155064
-0.161709
-0.173483
-0.162798
-0.14138
-0.128073
-0.123322
-0.122194
-0.120894
-0.12034
0.167025
0.165048
0.158899
0.14138
0.10795
0.0598292
0.00781925
-0.0382932
-0.0723212
-0.0947933
-0.110438
-0.129143
-0.15036
-0.139575
-0.116903
-0.101259
-0.0929934
-0.0884417
-0.0866836
-0.0865174
0.197157
0.196016
0.191776
0.178637
0.152092
0.112356
0.0667058
0.0212479
-0.0171252
-0.0458083
-0.065765
-0.083148
-0.0969245
-0.0848207
-0.0717353
-0.0631586
-0.0573463
-0.0538987
-0.052584
-0.0529058
0.184867
0.184247
0.181435
0.172478
0.153918
0.125384
0.090421
0.0532065
0.0196843
-0.00677373
-0.023323
-0.0297318
-0.0283463
-0.0191894
-0.0174546
-0.0188442
-0.0195903
-0.0198301
-0.0201788
-0.020926
0.159109
0.158849
0.157126
0.151447
0.13931
0.120049
0.0952138
0.0675332
0.0416379
0.0218009
0.0135106
0.0187005
0.032492
0.036531
0.0275892
0.0188907
0.013794
0.0114835
0.0103502
0.00937479
0.131317
0.131305
0.130367
0.126995
0.119457
0.107071
0.0904774
0.0714617
0.053358
0.0405609
0.0396475
0.0533172
0.0729107
0.0743514
0.0595288
0.0475612
0.0403798
0.0374776
0.0353945
0.0342241
0.105354
0.105396
0.104925
0.103015
0.0985563
0.090929
0.0803611
0.0681025
0.0566318
0.0498578
0.0543032
0.0713679
0.0907436
0.0909207
0.0759089
0.0651417
0.0588911
0.0546983
0.0524889
0.0512266
0.0816283
0.0817554
0.0815438
0.0805635
0.0780908
0.0736284
0.0672745
0.0598991
0.0534047
0.0510931
0.0586257
0.0757456
0.091776
0.0902804
0.077217
0.0687
0.0641633
0.0618345
0.0598392
0.058778
0.0598962
0.0600341
0.0599949
0.0595858
0.0583829
0.0560344
0.0525361
0.0485028
0.0453275
0.0455981
0.0538556
0.0691215
0.0817864
0.0774696
0.068583
0.0634774
0.0614461
0.0602277
0.058753
0.0579081
0.0398737
0.0400007
0.0400372
0.039957
0.0394845
0.0384075
0.0366924
0.0347136
0.0334565
0.0348129
0.0420945
0.0535633
0.0625145
0.0583741
0.0516212
0.0499202
0.0505125
0.0507088
0.0500089
0.0492403
0.0212795
0.0213871
0.0214549
0.0214817
0.0214212
0.0210542
0.0204143
0.0196738
0.0193015
0.0205525
0.0251362
0.031748
0.0341353
0.0303603
0.0280579
0.0291372
0.0312128
0.0329283
0.0326922
0.0319179
0.0126006
0.0126474
0.0126911
0.0127117
0.0126354
0.0124161
0.0120696
0.0118811
0.0119441
0.0137882
0.0171922
0.019152
0.018219
0.01472
0.0156662
0.0183034
0.0203754
0.0206299
0.0203636
0.00540051
-0.332809
-0.00448959
0.213953
0.400228
0.549848
0.668243
0.762373
0.842575
0.899187
0.894226
0.149975
0.302608
0.437545
0.557109
0.658545
0.742935
0.812174
0.86539
0.897947
0.911456
0.408578
0.503866
0.593799
0.676637
0.748332
0.809095
0.858761
0.896641
0.924314
0.943192
0.584273
0.648031
0.714141
0.774156
0.826839
0.872026
0.90979
0.940436
0.965574
0.983245
0.718569
0.764475
0.815437
0.86018
0.900816
0.936673
0.967712
0.994102
1.01631
1.03154
0.828288
0.865598
0.90486
0.941554
0.97531
1.00605
1.03337
1.05696
1.07661
1.08924
0.924458
0.956961
0.990496
1.02361
1.05455
1.08307
1.10859
1.13046
1.14802
1.15847
1.01469
1.04622
1.07935
1.11256
1.14338
1.17149
1.19629
1.21706
1.23287
1.24185
1.10897
1.14409
1.17999
1.21535
1.24716
1.27525
1.29929
1.31885
1.33323
1.34198
1.22142
1.26211
1.30085
1.33739
1.36903
1.39591
1.41836
1.43638
1.4498
1.45988
1.3649
1.40793
1.44534
1.47846
1.50624
1.52988
1.55042
1.56771
1.58162
1.59381
1.54265
1.57964
1.60766
1.63162
1.65263
1.67194
1.69012
1.70717
1.72331
1.73864
1.73995
1.75933
1.77502
1.79116
1.80773
1.82315
1.83675
1.84986
1.86536
1.88323
1.92892
1.93666
1.94852
1.96019
1.97005
1.97921
1.98944
2.00076
2.01208
2.01938
2.14775
2.14601
2.13791
2.12091
2.10951
2.1089
2.12106
2.14589
2.17957
2.20716
2.55628
2.36945
2.26789
2.21046
2.18142
2.17477
2.19004
2.23067
2.30643
2.45272
-0.377539
-0.37889
-0.338544
-0.265777
-0.174238
-0.0736882
0.860769
0.921494
0.909173
0.829004
0.752756
0.678378
0.453212
0.236364
-0.0243588
-0.369676
-0.722039
)
;

boundaryField
{
    wall-4
    {
        type            zeroGradient;
    }
    pressure-outlet-7
    {
        type            fixedValue;
        value           uniform 0;
    }
    velocity-inlet-6
    {
        type            zeroGradient;
    }
    velocity-inlet-5
    {
        type            zeroGradient;
    }
    frontAndBackPlanes
    {
        type            empty;
    }
}


// ************************************************************************* //
