/*--------------------------------*- C++ -*----------------------------------*\
| =========                 |                                                 |
| \\      /  F ield         | OpenFOAM: The Open Source CFD Toolbox           |
|  \\    /   O peration     | Version:  v2012                                 |
|   \\  /    A nd           | Website:  www.openfoam.com                      |
|    \\/     M anipulation  |                                                 |
\*---------------------------------------------------------------------------*/
FoamFile
{
    version     2.0;
    format      ascii;
    class       volScalarField;
    location    "75";
    object      p;
}
// * * * * * * * * * * * * * * * * * * * * * * * * * * * * * * * * * * * * * //

dimensions      [0 2 -2 0 0 0 0];


internalField   nonuniform List<scalar> 
8800
(
0.841766
0.793717
0.755344
0.726707
0.706089
0.691345
0.680757
0.673275
0.668468
0.66645
0.667781
0.67204
0.67875
0.68812
0.700898
0.718503
0.742958
0.776578
0.819031
0.876158
0.674288
0.681496
0.689937
0.693357
0.691447
0.685932
0.679232
0.673088
0.668357
0.66554
0.665316
0.667891
0.672454
0.678491
0.68543
0.692069
0.696215
0.69571
0.689657
0.680687
0.650978
0.657156
0.661359
0.664726
0.667235
0.668043
0.66695
0.664828
0.662826
0.661967
0.662996
0.665452
0.668332
0.670586
0.671145
0.669635
0.666803
0.663177
0.658648
0.654864
0.645813
0.648516
0.651241
0.653559
0.655214
0.656553
0.65748
0.657711
0.657485
0.657505
0.658327
0.659548
0.660389
0.660368
0.659603
0.658431
0.656699
0.654213
0.651795
0.650265
0.64058
0.642004
0.643809
0.645872
0.647636
0.648957
0.650005
0.650909
0.651632
0.652293
0.653018
0.653545
0.653634
0.653328
0.652667
0.651491
0.649815
0.647951
0.646637
0.645813
0.635519
0.636434
0.637677
0.639268
0.640935
0.642478
0.643776
0.644891
0.645941
0.646939
0.647717
0.648103
0.648108
0.647727
0.646898
0.645714
0.644388
0.64314
0.642327
0.641782
0.630585
0.631251
0.632215
0.633527
0.634959
0.636455
0.637934
0.639301
0.64057
0.641781
0.642713
0.643177
0.643174
0.642727
0.641954
0.64103
0.640045
0.639142
0.638566
0.638164
0.625749
0.626263
0.62705
0.628192
0.629488
0.630893
0.632388
0.633922
0.635432
0.636884
0.638024
0.638614
0.63868
0.638361
0.637806
0.637122
0.636385
0.635724
0.6353
0.634985
0.620946
0.621354
0.622016
0.623036
0.624264
0.625623
0.627118
0.628747
0.630469
0.632204
0.633606
0.634402
0.634673
0.634588
0.634271
0.633807
0.63328
0.632814
0.632501
0.632245
0.61609
0.616422
0.616996
0.617939
0.619122
0.620473
0.622009
0.623743
0.625667
0.627711
0.629454
0.630564
0.631131
0.631316
0.631242
0.631011
0.630684
0.630383
0.630155
0.629939
0.611091
0.611366
0.61188
0.61278
0.613949
0.615331
0.616948
0.618833
0.621001
0.623402
0.625573
0.627088
0.62801
0.628503
0.628696
0.628703
0.628579
0.628422
0.628262
0.628074
0.605858
0.606089
0.606565
0.607451
0.608647
0.610103
0.611846
0.613938
0.616417
0.619261
0.621955
0.623958
0.625295
0.626141
0.626634
0.626884
0.62697
0.62695
0.626846
0.626679
0.600296
0.600492
0.600949
0.601852
0.603116
0.604691
0.606615
0.608983
0.611857
0.615255
0.618583
0.621164
0.622988
0.624241
0.625073
0.625595
0.625903
0.62601
0.625954
0.625799
0.594299
0.594467
0.594923
0.595872
0.597245
0.598991
0.601164
0.603887
0.607262
0.611341
0.615437
0.61871
0.62111
0.622833
0.624054
0.624901
0.625432
0.625663
0.625648
0.6255
0.587745
0.587889
0.588359
0.589383
0.590912
0.592888
0.595388
0.598565
0.602565
0.607478
0.612502
0.616602
0.619684
0.621962
0.623629
0.624829
0.62562
0.625982
0.626004
0.62586
0.58049
0.58061
0.581108
0.582237
0.583974
0.586251
0.589166
0.592916
0.597692
0.603624
0.609765
0.614852
0.618741
0.621674
0.623868
0.62548
0.626561
0.627058
0.627114
0.626968
0.572342
0.572452
0.572988
0.574254
0.576256
0.578911
0.582356
0.586826
0.59256
0.599732
0.607217
0.613477
0.618318
0.622022
0.62485
0.626943
0.62835
0.628988
0.629076
0.628925
0.563065
0.563164
0.563763
0.565193
0.56753
0.570678
0.574793
0.58016
0.587075
0.595758
0.604851
0.612501
0.618467
0.623077
0.626652
0.629311
0.631086
0.631873
0.631988
0.631828
0.552338
0.552418
0.553103
0.554765
0.55754
0.561315
0.566272
0.572762
0.581139
0.591656
0.602671
0.611956
0.619242
0.62492
0.629349
0.632678
0.634863
0.635804
0.635941
0.635768
0.53977
0.539836
0.540623
0.542598
0.545933
0.550512
0.556545
0.564454
0.574645
0.58739
0.600686
0.611882
0.620692
0.627611
0.633039
0.637134
0.639762
0.640852
0.641003
0.640814
0.524793
0.524848
0.52578
0.528172
0.532248
0.537881
0.545311
0.555036
0.567495
0.582941
0.59892
0.612323
0.622872
0.631209
0.637787
0.642734
0.645826
0.647049
0.647202
0.646993
0.506609
0.506653
0.507801
0.510783
0.515873
0.522931
0.532223
0.544307
0.559613
0.578318
0.59742
0.613329
0.62584
0.635767
0.643604
0.649498
0.653041
0.654362
0.6545
0.654271
0.48403
0.484073
0.485571
0.489441
0.495992
0.505056
0.516901
0.532098
0.550984
0.573591
0.596269
0.614965
0.629632
0.64131
0.650511
0.657375
0.66131
0.66267
0.662773
0.662524
0.455245
0.45531
0.457411
0.462717
0.47155
0.483565
0.499014
0.518349
0.541705
0.568908
0.595601
0.617315
0.634279
0.647802
0.658457
0.666235
0.670431
0.671742
0.671787
0.671523
0.41714
0.417316
0.420658
0.428615
0.441298
0.457856
0.478448
0.50322
0.53204
0.564522
0.595588
0.620471
0.639811
0.655205
0.667324
0.675838
0.680084
0.681237
0.681205
0.680933
0.36375
0.364788
0.371457
0.384898
0.404288
0.427875
0.455569
0.487206
0.522448
0.560773
0.596421
0.62452
0.646225
0.663457
0.676879
0.685827
0.689839
0.690733
0.690623
0.690354
0.286122
0.293695
0.309083
0.332708
0.362088
0.395075
0.431429
0.47094
0.513271
0.557886
0.598395
0.629888
0.654128
0.673303
0.68788
0.696975
0.700567
0.701188
0.70103
0.700801
0.203039
0.220413
0.245316
0.279852
0.319683
0.362188
0.40722
0.454737
0.504472
0.555933
0.602046
0.637553
0.664723
0.686096
0.701812
0.710516
0.7133
0.71363
0.713498
0.713341
0.133053
0.1537
0.186551
0.230388
0.279441
0.330915
0.384376
0.439745
0.496717
0.554769
0.60613
0.645272
0.674953
0.697959
0.714031
0.721937
0.724138
0.72439
0.724299
0.724177
0.0756874
0.0982253
0.136654
0.187066
0.243363
0.302371
0.363288
0.425864
0.489626
0.553922
0.610199
0.652654
0.68449
0.708688
0.724877
0.732312
0.734249
0.734499
0.734456
0.734359
0.0280917
0.0518746
0.0941364
0.149746
0.21184
0.277057
0.34435
0.413317
0.483293
0.553441
0.614374
0.659962
0.69381
0.71916
0.735556
0.742706
0.744483
0.744748
0.744748
0.744672
-0.0121759
0.0122935
0.0574707
0.11717
0.184157
0.254659
0.327489
0.402138
0.477789
0.553417
0.618807
0.667418
0.703264
0.729762
0.746477
0.753535
0.755351
0.755608
0.755636
0.755576
-0.0471755
-0.0222786
0.0251902
0.0882772
0.159406
0.234521
0.312278
0.392072
0.472967
0.553768
0.623466
0.675079
0.712933
0.740608
0.757823
0.765114
0.766912
0.767171
0.767217
0.767171
-0.078431
-0.0531797
-0.00384559
0.0621328
0.136843
0.216016
0.298216
0.382733
0.468535
0.55429
0.628188
0.682782
0.722676
0.751649
0.769547
0.777102
0.778987
0.779239
0.779274
0.779247
-0.106954
-0.0813994
-0.0304739
0.0380105
0.115869
0.198659
0.284876
0.373755
0.464199
0.554731
0.632767
0.690337
0.732307
0.762594
0.7812
0.789094
0.791096
0.791355
0.79138
0.791347
-0.13357
-0.107679
-0.0553676
0.0153404
0.0960254
0.18206
0.271928
0.364851
0.459686
0.554855
0.637005
0.697565
0.741598
0.773209
0.7925
0.800709
0.802814
0.803037
0.803018
0.803003
-0.158691
-0.132463
-0.0787882
-0.00627831
0.0769756
0.165931
0.259124
0.355793
0.454791
0.554491
0.640752
0.704313
0.75038
0.783266
0.803176
0.811682
0.813872
0.814073
0.81402
0.813995
-0.1828
-0.15615
-0.101433
-0.0270568
0.0584735
0.150055
0.246284
0.346423
0.449365
0.553485
0.643885
0.710505
0.7586
0.792653
0.813066
0.821737
0.823959
0.824134
0.824045
0.824009
-0.206041
-0.178918
-0.123303
-0.0471978
0.0403532
0.134299
0.233288
0.336634
0.443293
0.551721
0.646321
0.716105
0.766248
0.801368
0.822091
0.830824
0.832999
0.833133
0.833011
0.832962
-0.228568
-0.201084
-0.144439
-0.0668374
0.0225234
0.11859
0.22007
0.326349
0.436492
0.549105
0.647976
0.721102
0.773388
0.809475
0.83033
0.838915
0.841005
0.841097
0.840945
0.840883
-0.250552
-0.222578
-0.16497
-0.0860394
0.00493054
0.102894
0.206606
0.315548
0.428924
0.545561
0.64877
0.725485
0.780132
0.817182
0.837953
0.846169
0.848057
0.84807
0.847906
0.847835
-0.272036
-0.243483
-0.184995
-0.10483
-0.0124211
0.0872065
0.192907
0.30424
0.420576
0.541024
0.64862
0.729237
0.786591
0.824699
0.84517
0.852725
0.854253
0.854177
0.853991
0.853916
-0.292911
-0.263807
-0.204462
-0.123205
-0.0295253
0.0715675
0.179006
0.292466
0.41147
0.53548
0.647436
0.732296
0.792825
0.832302
0.852357
0.85885
0.859717
0.859477
0.859304
0.859235
-0.313153
-0.283525
-0.223377
-0.141134
-0.0463476
0.056015
0.164973
0.28028
0.401657
0.528924
0.645137
0.734541
0.798831
0.840249
0.86004
0.865099
0.864751
0.864102
0.863974
0.863978
-0.332843
-0.302612
-0.241737
-0.158603
-0.0628408
0.0406158
0.150876
0.267765
0.391205
0.52139
0.641638
0.735811
0.804482
0.848634
0.868825
0.872508
0.870212
0.868444
0.868262
0.868643
-0.351829
-0.321069
-0.259493
-0.175565
-0.0789598
0.0254422
0.1368
0.255016
0.380211
0.512946
0.636889
0.735895
0.80952
0.857251
0.879031
0.882373
0.878228
0.874144
0.872698
0.872967
-0.370202
-0.338899
-0.276667
-0.19206
-0.0947424
0.0104518
0.122689
0.24198
0.368611
0.503526
0.630747
0.734518
0.813678
0.865708
0.890375
0.895451
0.891201
0.883734
0.875814
0.867969
-0.387897
-0.356089
-0.293385
-0.208284
-0.110469
-0.00467347
0.108147
0.2282
0.3559
0.49254
0.622632
0.730985
0.816569
0.873576
0.901631
0.910319
0.906363
0.892996
0.871379
0.867474
-0.404755
-0.372677
-0.309478
-0.224065
-0.125821
-0.0196179
0.0933784
0.213982
0.342359
0.480201
0.61253
0.724637
0.817199
0.879568
0.908763
0.917922
0.914891
0.88696
0.821921
0.793739
-0.420319
-0.389992
-0.324594
-0.238931
-0.13995
-0.033864
0.0787009
0.199581
0.328231
0.466644
0.600376
0.715007
0.814005
0.882604
0.906692
0.91051
0.892555
0.834999
0.765509
0.724104
-0.468942
-0.406229
-0.33823
-0.253842
-0.15425
-0.0487423
0.0641366
0.184759
0.313178
0.451404
0.585527
0.701379
0.802739
0.87859
0.884019
0.873436
0.816197
0.74208
0.66426
0.62119
-0.436018
-0.419185
-0.358639
-0.273126
-0.17589
-0.0704677
0.0415157
0.161545
0.289113
0.426172
0.55893
0.673965
0.768116
0.851532
0.831378
0.709233
0.600895
0.524716
0.450208
0.47903
-0.466323
-0.43649
-0.374749
-0.290189
-0.192865
-0.0875251
0.0247077
0.144132
0.270718
0.406143
0.536364
0.647586
0.731586
0.776225
0.721936
0.565559
0.435519
0.342491
0.243958
0.291539
-0.489245
-0.457059
-0.393747
-0.309121
-0.211721
-0.106446
0.00570072
0.124321
0.249552
0.382645
0.509173
0.614067
0.688253
0.696303
0.583561
0.408568
0.255932
0.13681
0.00821531
0.0413739
-0.511611
-0.478147
-0.413617
-0.328163
-0.23073
-0.125624
-0.0140049
0.103653
0.227296
0.357605
0.479366
0.575854
0.634077
0.609944
0.445196
0.248239
0.0618412
-0.102884
-0.287091
-0.298518
-0.533461
-0.499607
-0.434242
-0.348091
-0.250553
-0.145702
-0.0347582
0.0817858
0.203546
0.330614
0.446769
0.534735
0.572589
0.510407
0.313115
0.100874
-0.110684
-0.289512
-0.534892
-0.793048
-0.555627
-0.521782
-0.455958
-0.369379
-0.271701
-0.167056
-0.0567323
0.058643
0.178378
0.301891
0.411958
0.491272
0.506065
0.392101
0.197071
-0.0170807
-0.222065
-0.386911
-0.465385
-0.570551
-0.579051
-0.545136
-0.479088
-0.392332
-0.294662
-0.190328
-0.0807303
0.0332846
0.150638
0.27001
0.37348
0.441264
0.430024
0.281431
0.0926333
-0.10493
-0.274284
-0.367036
-0.390554
-0.406582
-0.603999
-0.569975
-0.503796
-0.417027
-0.319562
-0.215727
-0.10711
0.00522006
0.119734
0.234242
0.330678
0.383149
0.353053
0.177784
-0.00266464
-0.175379
-0.305482
-0.344808
-0.356696
-0.357891
-0.630678
-0.596464
-0.530142
-0.443464
-0.346353
-0.243256
-0.135893
-0.0256036
0.0856015
0.194595
0.28309
0.319939
0.267196
0.0823232
-0.0891535
-0.242443
-0.320501
-0.337746
-0.338769
-0.338562
-0.659141
-0.624656
-0.558153
-0.471644
-0.375055
-0.27291
-0.167087
-0.0592037
0.0482521
0.151161
0.23068
0.254724
0.16545
-0.00476591
-0.167921
-0.292675
-0.33066
-0.328582
-0.328014
-0.32745
-0.689097
-0.654403
-0.587731
-0.501486
-0.405585
-0.304637
-0.200665
-0.0955556
0.00773083
0.104058
0.174432
0.181007
0.0732483
-0.0853647
-0.230074
-0.308048
-0.318387
-0.320867
-0.321337
-0.321053
-0.720009
-0.685197
-0.618636
-0.532771
-0.437762
-0.338285
-0.236478
-0.134531
-0.035761
0.0536601
0.114978
0.106298
-0.00994795
-0.153771
-0.273361
-0.312261
-0.31719
-0.317343
-0.316981
-0.316669
-0.751409
-0.71649
-0.650411
-0.565107
-0.471247
-0.373538
-0.274247
-0.175845
-0.0819256
0.000741352
0.0512736
0.0345511
-0.0855995
-0.209116
-0.301734
-0.316255
-0.31279
-0.313448
-0.313707
-0.313518
-0.782418
-0.747628
-0.682181
-0.597891
-0.505503
-0.409928
-0.31352
-0.219015
-0.130311
-0.0539469
-0.0138228
-0.0315062
-0.151691
-0.249623
-0.305695
-0.31543
-0.313656
-0.312475
-0.312005
-0.311872
-0.811516
-0.777504
-0.712985
-0.630197
-0.539774
-0.446759
-0.353643
-0.263336
-0.180141
-0.109806
-0.0738314
-0.102902
-0.205312
-0.288651
-0.297905
-0.311974
-0.313289
-0.311576
-0.311094
-0.310808
-0.837073
-0.804118
-0.741789
-0.660883
-0.57303
-0.483103
-0.393759
-0.307934
-0.230248
-0.16603
-0.130445
-0.169211
-0.250019
-0.312673
-0.331206
-0.322632
-0.317932
-0.316183
-0.315352
-0.314789
-0.856997
-0.825751
-0.766265
-0.688595
-0.603992
-0.51784
-0.432786
-0.351782
-0.279408
-0.221382
-0.187806
-0.222275
-0.282113
-0.339507
-0.36588
-0.339522
-0.328927
-0.326206
-0.324624
-0.323841
-0.869096
-0.840533
-0.784846
-0.711328
-0.631179
-0.549666
-0.469552
-0.393695
-0.326517
-0.274159
-0.242217
-0.264114
-0.293284
-0.332731
-0.325119
-0.325091
-0.326504
-0.32636
-0.325995
-0.32618
-0.870746
-0.846156
-0.795471
-0.727375
-0.652913
-0.577175
-0.50274
-0.432464
-0.370463
-0.323031
-0.286838
-0.297976
-0.28917
-0.293373
-0.298916
-0.312271
-0.317039
-0.318959
-0.320055
-0.320341
-0.859777
-0.839952
-0.795999
-0.735178
-0.667773
-0.598914
-0.53104
-0.466824
-0.41016
-0.367007
-0.323833
-0.32699
-0.302932
-0.290288
-0.307077
-0.317297
-0.322167
-0.324284
-0.324996
-0.32516
-0.834121
-0.819316
-0.784663
-0.733509
-0.674782
-0.613928
-0.553314
-0.495476
-0.444335
-0.405163
-0.359176
-0.352863
-0.348191
-0.346758
-0.342159
-0.339723
-0.338158
-0.337403
-0.336937
-0.336916
-0.796523
-0.786989
-0.762329
-0.722529
-0.673947
-0.621973
-0.568931
-0.517399
-0.471386
-0.436245
-0.405588
-0.385988
-0.378663
-0.407307
-0.403304
-0.36952
-0.351314
-0.343779
-0.341285
-0.340584
-0.753725
-0.748284
-0.733785
-0.705079
-0.667179
-0.623839
-0.578023
-0.532104
-0.489853
-0.457155
-0.42848
-0.398514
-0.370229
-0.37672
-0.38015
-0.360885
-0.335032
-0.321175
-0.317583
-0.316379
-0.715305
-0.71202
-0.705087
-0.686469
-0.657384
-0.62137
-0.581688
-0.539839
-0.499131
-0.46423
-0.436072
-0.389316
-0.319245
-0.241817
-0.164314
-0.155075
-0.201635
-0.24358
-0.26414
-0.267633
-0.687639
-0.685608
-0.682052
-0.670825
-0.648343
-0.617619
-0.581827
-0.542158
-0.500081
-0.460387
-0.42916
-0.381154
-0.336512
-0.310225
-0.385883
-0.534172
-0.63769
-0.635486
-0.574162
-0.564517
-0.66685
-0.666105
-0.664937
-0.659378
-0.642613
-0.615292
-0.580759
-0.540567
-0.495795
-0.448641
-0.409979
-0.383536
-0.431342
-0.605021
-0.829908
-0.931204
-0.954796
-0.914026
-0.832154
-0.793596
-0.654746
-0.654489
-0.65388
-0.651322
-0.639753
-0.614317
-0.579176
-0.537097
-0.488841
-0.432903
-0.389331
-0.350424
-0.367912
-0.440192
-0.574988
-0.682941
-0.663059
-0.558995
-0.448074
-0.392582
-0.646467
-0.646296
-0.645785
-0.64491
-0.638
-0.614826
-0.578475
-0.533773
-0.479867
-0.415737
-0.352559
-0.284793
-0.180185
-0.041824
0.120625
0.256337
0.410639
0.540432
0.617795
0.650409
-0.641287
-0.641245
-0.641095
-0.641216
-0.636872
-0.61707
-0.579783
-0.531022
-0.471513
-0.398801
-0.311493
-0.224039
-0.0367407
0.273138
0.62618
0.97263
1.25046
1.40638
1.47304
1.49281
-0.63711
-0.637139
-0.637104
-0.636871
-0.635602
-0.620484
-0.583208
-0.530399
-0.465561
-0.383587
-0.284682
-0.181781
0.0266609
0.379459
0.779431
1.15017
1.44443
1.60838
1.6678
1.68002
-0.63433
-0.634263
-0.633799
-0.632438
-0.631585
-0.625068
-0.58967
-0.532988
-0.463196
-0.377847
-0.2758
-0.17088
-0.0028557
0.325292
0.66401
0.972331
1.21432
1.34403
1.38779
1.39557
-0.634173
-0.634982
-0.637056
-0.640316
-0.644235
-0.638164
-0.59867
-0.537893
-0.46735
-0.382267
-0.284037
-0.185891
-0.0588838
0.203209
0.465376
0.68325
0.843643
0.926407
0.955627
0.961826
-0.630954
-0.633242
-0.640348
-0.656048
-0.67433
-0.658486
-0.604706
-0.545192
-0.479359
-0.395596
-0.303416
-0.214623
-0.117348
0.0738734
0.261111
0.403684
0.502608
0.553622
0.574892
0.581759
-0.640191
-0.641623
-0.642591
-0.634048
-0.617923
-0.602178
-0.585058
-0.554646
-0.495892
-0.413617
-0.329937
-0.252144
-0.178066
-0.0372102
0.101815
0.20425
0.275401
0.313952
0.332063
0.337711
-0.679736
-0.678817
-0.669463
-0.61639
-0.537625
-0.511123
-0.56267
-0.569274
-0.516901
-0.434603
-0.355847
-0.287107
-0.228364
-0.120941
-0.0114173
0.0730089
0.134431
0.170279
0.18575
0.189521
-0.733624
-0.730881
-0.73288
-0.719599
-0.703112
-0.675211
-0.681218
-0.633545
-0.548413
-0.45626
-0.378292
-0.319913
-0.274642
-0.184463
-0.091879
-0.0191985
0.0369673
0.0708612
0.0840382
0.0855653
-0.865973
-0.881905
-0.934308
-1.00126
-1.02533
-0.990495
-0.899499
-0.73831
-0.593182
-0.476473
-0.394037
-0.340343
-0.303425
-0.227356
-0.148448
-0.0880359
-0.0408332
-0.0135297
-0.00294945
-0.00240413
-1.0227
-1.05186
-1.11018
-1.16364
-1.185
-1.14343
-1.02178
-0.804377
-0.620101
-0.483656
-0.397049
-0.347646
-0.311876
-0.25109
-0.188015
-0.137517
-0.0997828
-0.0776457
-0.0693171
-0.0691728
-1.03265
-1.05351
-1.0935
-1.13244
-1.14935
-1.11323
-0.977538
-0.767903
-0.592698
-0.462441
-0.382703
-0.337709
-0.305294
-0.258625
-0.210625
-0.171035
-0.142122
-0.125672
-0.120275
-0.121057
-0.837771
-0.858667
-0.89593
-0.936867
-0.958186
-0.925053
-0.79896
-0.643719
-0.510654
-0.411609
-0.34826
-0.311047
-0.286356
-0.253972
-0.219516
-0.191734
-0.171364
-0.160224
-0.15699
-0.158216
-0.500513
-0.516568
-0.548094
-0.587726
-0.617567
-0.611002
-0.551326
-0.472944
-0.399299
-0.341743
-0.300487
-0.275137
-0.258492
-0.238485
-0.218514
-0.203677
-0.192982
-0.187957
-0.18686
-0.188154
-0.160733
-0.17007
-0.191383
-0.224985
-0.263884
-0.290254
-0.300016
-0.297062
-0.284856
-0.264831
-0.246044
-0.232713
-0.225352
-0.217429
-0.211733
-0.209215
-0.209391
-0.211435
-0.212504
-0.213333
0.0638441
0.0588177
0.0442057
0.0154664
-0.0279975
-0.0806049
-0.128085
-0.163041
-0.184874
-0.193022
-0.19204
-0.187686
-0.186018
-0.188868
-0.196045
-0.205233
-0.21471
-0.221651
-0.223935
-0.224286
0.158631
0.155654
0.145057
0.121131
0.0805902
0.0269632
-0.0289666
-0.0778355
-0.113774
-0.135992
-0.14413
-0.143942
-0.145315
-0.156589
-0.172848
-0.188982
-0.202637
-0.210976
-0.213284
-0.213431
0.172342
0.17026
0.162459
0.144241
0.112421
0.0690182
0.0206703
-0.0266471
-0.0659906
-0.0936402
-0.1068
-0.108569
-0.11096
-0.127329
-0.146552
-0.162989
-0.175571
-0.18198
-0.183669
-0.183905
0.151076
0.14969
0.144266
0.131414
0.10866
0.0765676
0.0384659
-0.000899528
-0.0362478
-0.0648601
-0.0818717
-0.0883528
-0.0934788
-0.108492
-0.122981
-0.134353
-0.142057
-0.145191
-0.146113
-0.1465
0.119627
0.118809
0.115259
0.106645
0.0910837
0.0685308
0.0403413
0.00924879
-0.0207729
-0.04746
-0.0680651
-0.0830163
-0.0930185
-0.0995212
-0.1051
-0.108617
-0.110131
-0.110333
-0.11067
-0.1112
0.0875519
0.0872354
0.0850864
0.0796075
0.0693924
0.0540991
0.0342287
0.0115232
-0.0121978
-0.0359768
-0.0596051
-0.0828699
-0.0963126
-0.0933048
-0.0899452
-0.086509
-0.0843304
-0.0832228
-0.0832424
-0.0837383
0.0580875
0.0579437
0.0568166
0.0535981
0.0473171
0.0376126
0.0245998
0.00923615
-0.00767981
-0.0265571
-0.0482676
-0.0732064
-0.0849626
-0.0772011
-0.0681905
-0.0647211
-0.0630303
-0.0625451
-0.0625688
-0.0628622
0.0312049
0.0312281
0.0308061
0.0292547
0.0259995
0.0208778
0.0138617
0.00547742
-0.00425458
-0.015324
-0.0299057
-0.0466828
-0.0525822
-0.0460236
-0.0412862
-0.040163
-0.040619
-0.041327
-0.0413856
-0.0413727
0.00570543
0.00579904
0.00586497
0.00609845
0.00595468
0.00523229
0.00394756
0.00227942
0.000357476
-0.00149622
-0.00393052
-0.00798837
-0.0104803
-0.0104594
-0.010989
-0.0111369
-0.0115466
-0.0117144
-0.0111847
-0.0104362
-0.105498
0.0800461
0.277613
0.443314
0.574496
0.676701
0.761038
0.832008
0.86138
0.845366
0.213189
0.334682
0.461508
0.57058
0.661871
0.737103
0.79757
0.840028
0.862119
0.87517
0.428242
0.510382
0.596431
0.672784
0.738032
0.792469
0.835621
0.867475
0.891038
0.909048
0.585085
0.643334
0.703604
0.759437
0.807765
0.848726
0.882452
0.909789
0.932123
0.950469
0.708108
0.74986
0.796202
0.838581
0.876482
0.909622
0.938076
0.96212
0.981791
0.999789
0.810575
0.843159
0.881086
0.916026
0.948089
0.976977
1.00233
1.02387
1.04082
1.05844
0.902266
0.930863
0.964548
0.99644
1.0261
1.05308
1.07676
1.0965
1.11105
1.12851
0.990322
1.01956
1.05332
1.08527
1.11472
1.1412
1.16402
1.18239
1.19499
1.21245
1.08532
1.11878
1.15507
1.18866
1.21859
1.24465
1.26649
1.28352
1.29492
1.31272
1.20001
1.23849
1.27663
1.31076
1.33994
1.36454
1.38478
1.40044
1.41174
1.43007
1.34459
1.38402
1.41952
1.44986
1.47538
1.49739
1.51636
1.53186
1.54448
1.5626
1.51923
1.55126
1.57701
1.59931
1.61932
1.63804
1.65564
1.67217
1.6879
1.70609
1.70678
1.72432
1.73983
1.75639
1.77253
1.78706
1.80007
1.81403
1.83111
1.85078
1.88834
1.8993
1.91143
1.92221
1.93146
1.94101
1.95188
1.96346
1.9734
1.98857
2.09933
2.10134
2.08618
2.07095
2.06456
2.07022
2.08882
2.11923
2.15136
2.1821
2.40524
2.2682
2.19189
2.14977
2.13233
2.13637
2.16371
2.21986
2.32331
2.53859
0.738053
0.734679
0.728755
0.718954
0.706019
0.693607
0.683313
0.675392
0.669772
0.666539
0.666229
0.669027
0.674194
0.681481
0.690945
0.702652
0.715795
0.727795
0.735255
0.739979
0.65605
0.661937
0.668845
0.67409
0.676944
0.676628
0.67374
0.669844
0.666314
0.664074
0.663975
0.666235
0.669971
0.674364
0.678338
0.680358
0.679258
0.675178
0.66929
0.662247
0.648366
0.650714
0.654067
0.656981
0.659207
0.66102
0.661998
0.66177
0.660776
0.659931
0.660161
0.661648
0.663514
0.664831
0.664904
0.663754
0.661961
0.659629
0.656482
0.653522
0.643183
0.644269
0.646139
0.648527
0.650498
0.651904
0.653021
0.653909
0.654419
0.654721
0.655281
0.656134
0.656732
0.656742
0.656251
0.655402
0.654015
0.651972
0.649869
0.648458
0.638033
0.638688
0.6398
0.641529
0.643346
0.644978
0.646268
0.647328
0.648296
0.649182
0.649993
0.650592
0.650799
0.650645
0.650121
0.64912
0.647703
0.646146
0.644833
0.644053
0.63304
0.633494
0.634281
0.635586
0.637094
0.638645
0.640138
0.641462
0.642649
0.643786
0.644792
0.645433
0.645638
0.645423
0.644771
0.6438
0.642684
0.641566
0.640667
0.640149
0.62816
0.6285
0.629113
0.63019
0.631495
0.632895
0.634373
0.635865
0.637294
0.638652
0.639865
0.640657
0.640919
0.640707
0.640148
0.639401
0.638579
0.637736
0.637079
0.636701
0.623351
0.623615
0.62411
0.625029
0.626214
0.627534
0.628967
0.63051
0.632122
0.633736
0.635204
0.636194
0.636593
0.636545
0.636208
0.635695
0.635084
0.634474
0.633999
0.63371
0.618533
0.618742
0.619155
0.619965
0.621073
0.62235
0.623776
0.62537
0.627126
0.628996
0.630772
0.632042
0.632696
0.632906
0.632815
0.632534
0.632138
0.631724
0.631391
0.631165
0.613617
0.613785
0.61414
0.614878
0.615943
0.617204
0.618664
0.62035
0.622274
0.624417
0.626559
0.628211
0.629211
0.629728
0.629905
0.629866
0.629691
0.629457
0.629242
0.629062
0.608513
0.608648
0.608962
0.609657
0.610709
0.611999
0.613534
0.615357
0.617506
0.619979
0.622569
0.624695
0.626109
0.626982
0.627464
0.627687
0.627733
0.627676
0.627561
0.627417
0.603128
0.603236
0.603523
0.604201
0.605275
0.606639
0.608293
0.610308
0.612751
0.615642
0.618783
0.621479
0.623383
0.624668
0.625497
0.626005
0.62629
0.626409
0.626383
0.626266
0.597363
0.597448
0.597719
0.598404
0.599536
0.601018
0.602846
0.605122
0.607939
0.611358
0.615172
0.618552
0.621037
0.622801
0.624026
0.62487
0.625419
0.625708
0.625761
0.625664
0.591105
0.59117
0.591434
0.592148
0.593376
0.595023
0.59709
0.599707
0.602999
0.607072
0.611707
0.615909
0.619085
0.621415
0.623097
0.62432
0.625159
0.625634
0.625764
0.625684
0.58422
0.584264
0.584529
0.585295
0.58666
0.588528
0.590907
0.593958
0.597849
0.602728
0.608359
0.613548
0.617545
0.620545
0.622765
0.624416
0.625594
0.626271
0.626475
0.626408
0.576552
0.576573
0.576839
0.577681
0.579227
0.581379
0.584156
0.587758
0.592397
0.598264
0.605101
0.611471
0.616441
0.62023
0.623091
0.625255
0.626816
0.627711
0.62799
0.627932
0.567864
0.567876
0.568162
0.569102
0.57088
0.573383
0.576671
0.580967
0.586533
0.593613
0.601908
0.609686
0.615809
0.620526
0.624141
0.626922
0.628921
0.630055
0.630409
0.630356
0.557879
0.557863
0.558197
0.559285
0.561353
0.564318
0.568253
0.573419
0.580137
0.588704
0.598756
0.608207
0.615688
0.6215
0.626001
0.629497
0.632006
0.6334
0.633827
0.633775
0.546276
0.546235
0.546619
0.547899
0.550337
0.553897
0.558653
0.564916
0.573074
0.583465
0.595631
0.607056
0.616121
0.623213
0.628752
0.633072
0.636164
0.637833
0.638326
0.638271
0.532553
0.532486
0.532951
0.534485
0.53741
0.541741
0.547557
0.555227
0.565198
0.577833
0.592528
0.606267
0.617158
0.625715
0.632466
0.637734
0.641464
0.643411
0.643959
0.643894
0.516039
0.515943
0.516537
0.518425
0.522003
0.527365
0.534584
0.544087
0.556363
0.571763
0.589465
0.605879
0.618853
0.629072
0.637186
0.643514
0.647935
0.650144
0.650725
0.650642
0.495759
0.495639
0.496439
0.498845
0.503343
0.510137
0.519274
0.531218
0.546455
0.565255
0.586498
0.605954
0.621258
0.633325
0.642923
0.650428
0.655543
0.657965
0.658545
0.658438
0.47025
0.470119
0.471261
0.474471
0.480363
0.489255
0.501115
0.516382
0.535441
0.558391
0.583741
0.606588
0.624424
0.638488
0.649695
0.658424
0.664166
0.666708
0.667242
0.667103
0.437127
0.437024
0.438788
0.443393
0.451617
0.463797
0.479659
0.499492
0.523443
0.551371
0.581375
0.607899
0.628408
0.644562
0.657431
0.667368
0.673568
0.676087
0.676523
0.676348
0.392125
0.392202
0.395338
0.402863
0.415431
0.432987
0.454788
0.48078
0.510815
0.544536
0.579648
0.610025
0.63327
0.651521
0.666047
0.677028
0.683388
0.685689
0.685982
0.685777
0.327256
0.328524
0.336186
0.350312
0.370853
0.396971
0.427134
0.460962
0.49818
0.538335
0.578823
0.613084
0.639014
0.659287
0.675269
0.686936
0.693106
0.694962
0.695083
0.694867
0.250164
0.252344
0.267125
0.291446
0.323038
0.359226
0.398463
0.440584
0.485422
0.532565
0.57914
0.618034
0.64727
0.670008
0.687609
0.699771
0.70547
0.706933
0.706996
0.706861
0.17093
0.177557
0.199535
0.234244
0.276413
0.322418
0.370696
0.421145
0.473661
0.52784
0.580566
0.624099
0.656544
0.681653
0.700851
0.71294
0.717678
0.718606
0.718612
0.71854
0.106171
0.115031
0.141599
0.183511
0.233963
0.288304
0.344735
0.402984
0.462817
0.523738
0.582287
0.63009
0.665367
0.692297
0.712296
0.724001
0.728234
0.729038
0.729074
0.729047
0.0533936
0.0628773
0.093051
0.140271
0.196937
0.257967
0.321274
0.386395
0.452899
0.520121
0.584158
0.635962
0.673836
0.702392
0.722996
0.734496
0.73843
0.739181
0.739262
0.739283
0.00930324
0.0190603
0.0517089
0.102981
0.164742
0.231325
0.300447
0.371561
0.444059
0.517104
0.586337
0.641956
0.68231
0.712448
0.733772
0.745221
0.74891
0.749702
0.749853
0.749916
-0.0285167
-0.0186648
0.0158196
0.0703271
0.136324
0.207657
0.281856
0.358287
0.436224
0.514677
0.588846
0.648175
0.690993
0.722719
0.744787
0.756353
0.760107
0.760949
0.761126
0.761227
-0.061773
-0.0519061
-0.0160238
0.041218
0.11077
0.186208
0.264919
0.34616
0.429111
0.512644
0.591559
0.654533
0.699812
0.733169
0.756123
0.768101
0.77202
0.772879
0.77304
0.773151
-0.0917728
-0.0818885
-0.0448716
0.0147314
0.0873328
0.166378
0.249122
0.334753
0.422369
0.510741
0.594264
0.660837
0.708596
0.743641
0.767588
0.780079
0.7842
0.785097
0.785236
0.785327
-0.119438
-0.109534
-0.0715457
-0.00984431
0.0654361
0.147692
0.23406
0.323711
0.415696
0.508698
0.596734
0.666895
0.717145
0.753895
0.77884
0.791852
0.79618
0.797051
0.797085
0.797199
-0.145371
-0.135408
-0.0965237
-0.0330778
0.0446355
0.129781
0.219427
0.312769
0.408841
0.506287
0.598779
0.672543
0.725267
0.763684
0.789607
0.803088
0.807659
0.808549
0.808578
0.808612
-0.170054
-0.159997
-0.12024
-0.0553031
0.0246416
0.112374
0.204991
0.30172
0.401624
0.503344
0.600251
0.67765
0.732868
0.772898
0.799701
0.813547
0.818266
0.819148
0.819138
0.819137
-0.193823
-0.183587
-0.143083
-0.0767032
0.00524661
0.0952798
0.190591
0.290432
0.393913
0.499738
0.601028
0.682144
0.739901
0.781489
0.809043
0.823116
0.827883
0.828704
0.828657
0.828625
-0.21679
-0.206375
-0.165226
-0.0974183
-0.0137077
0.0783958
0.176134
0.278812
0.385616
0.495353
0.601009
0.685974
0.746376
0.7895
0.817615
0.831729
0.836418
0.83719
0.837117
0.837058
-0.239166
-0.228507
-0.18666
-0.117564
-0.0323003
0.0616554
0.161568
0.266814
0.37668
0.490127
0.600105
0.689087
0.752339
0.797051
0.825588
0.839546
0.844005
0.844688
0.844563
0.844487
-0.260936
-0.250035
-0.207512
-0.137224
-0.050559
0.0450417
0.14689
0.254436
0.367092
0.484011
0.598232
0.691422
0.757844
0.804322
0.833159
0.846681
0.850737
0.851252
0.851084
0.850996
-0.282159
-0.270991
-0.227766
-0.15641
-0.0684877
0.0285602
0.132114
0.24171
0.356873
0.476987
0.595321
0.692908
0.762907
0.811482
0.840619
0.853392
0.856746
0.856991
0.856781
0.856688
-0.302724
-0.291346
-0.24742
-0.175094
-0.0860611
0.0122594
0.117286
0.228681
0.346065
0.469082
0.591318
0.693445
0.767483
0.818685
0.848362
0.86013
0.862304
0.862
0.861737
0.861679
-0.322751
-0.31107
-0.266478
-0.193274
-0.103264
-0.00383875
0.102479
0.21541
0.334735
0.46035
0.586195
0.692904
0.771451
0.825967
0.856787
0.867636
0.868093
0.866613
0.866097
0.866192
-0.342102
-0.330137
-0.28493
-0.21092
-0.120033
-0.0196619
0.0877616
0.202005
0.322974
0.450834
0.579961
0.691148
0.774609
0.833181
0.866091
0.876815
0.875537
0.872011
0.870291
0.870065
-0.360839
-0.348609
-0.30273
-0.227991
-0.136342
-0.0351508
0.0732108
0.188534
0.310881
0.440651
0.572656
0.688027
0.776689
0.839969
0.875956
0.888114
0.886593
0.880891
0.875051
0.867337
-0.378895
-0.366453
-0.319963
-0.244646
-0.152402
-0.0505681
0.0585079
0.174621
0.298042
0.429345
0.563818
0.683068
0.777338
0.846201
0.886038
0.901383
0.90198
0.894958
0.883407
0.880713
-0.396221
-0.383659
-0.336629
-0.260853
-0.168218
-0.0658947
0.0436669
0.160241
0.284405
0.41678
0.55322
0.675803
0.775702
0.851057
0.894488
0.912897
0.915221
0.909665
0.87121
0.824746
-0.412549
-0.399557
-0.352652
-0.276526
-0.183853
-0.0812471
0.0286423
0.145508
0.270013
0.402981
0.540732
0.665879
0.770478
0.853669
0.899099
0.914262
0.915521
0.891126
0.833014
0.773058
-0.429651
-0.414135
-0.367825
-0.291073
-0.198865
-0.0962772
0.0131489
0.13046
0.254984
0.388093
0.526323
0.652989
0.760088
0.854182
0.897425
0.92045
0.883148
0.828643
0.755494
0.688319
-0.416598
-0.396202
-0.34463
-0.263403
-0.164704
-0.0592085
0.0557712
0.176211
0.30439
0.442324
0.576295
0.69234
0.792597
0.887545
0.908951
0.82927
0.769914
0.698738
0.62361
0.574386
-0.435991
-0.422566
-0.385381
-0.313482
-0.221767
-0.120448
-0.010677
0.106194
0.230224
0.362561
0.499787
0.626161
0.732298
0.822137
0.89001
0.864212
0.739652
0.649745
0.582183
0.499555
-0.456277
-0.441924
-0.399762
-0.326657
-0.234337
-0.133384
-0.0246693
0.0912901
0.214457
0.345573
0.481462
0.606408
0.709799
0.787094
0.81148
0.719469
0.573862
0.474049
0.396029
0.308665
-0.47679
-0.464404
-0.418119
-0.344027
-0.25167
-0.150236
-0.0415081
0.0742168
0.196575
0.326344
0.459651
0.580257
0.674322
0.735633
0.709318
0.56886
0.413278
0.293852
0.194574
0.0628513
-0.499191
-0.486704
-0.438438
-0.363147
-0.270713
-0.169193
-0.0606005
0.05458
0.175877
0.303821
0.433775
0.548638
0.63266
0.671859
0.606938
0.419746
0.239069
0.0878787
-0.0509662
-0.238827
-0.520885
-0.508694
-0.459327
-0.382847
-0.290045
-0.188615
-0.0804467
0.0338821
0.153822
0.279484
0.405482
0.513733
0.589548
0.592323
0.477089
0.276375
0.0664962
-0.126123
-0.298411
-0.674665
-0.54273
-0.530811
-0.480961
-0.403676
-0.310563
-0.209152
-0.101433
0.0119943
0.130416
0.253476
0.375018
0.475467
0.539138
0.508938
0.351355
0.147254
-0.0696505
-0.270704
-0.439894
-0.730255
-0.565471
-0.553696
-0.503625
-0.425874
-0.332579
-0.231189
-0.123893
-0.0113697
0.105434
0.225638
0.342339
0.434264
0.482023
0.432556
0.237853
0.0393699
-0.162612
-0.330737
-0.40083
-0.439691
-0.58964
-0.578001
-0.527697
-0.44972
-0.356456
-0.255282
-0.148583
-0.0372178
0.0776011
0.194384
0.305497
0.388547
0.418129
0.330951
0.135546
-0.0520359
-0.222454
-0.330623
-0.366568
-0.374992
-0.61548
-0.603815
-0.553343
-0.475239
-0.382141
-0.281387
-0.175524
-0.065608
0.0468179
0.159604
0.264324
0.338219
0.340164
0.223145
0.0415177
-0.131557
-0.274879
-0.331455
-0.342891
-0.346733
-0.64308
-0.631345
-0.580636
-0.502454
-0.409639
-0.309509
-0.204726
-0.0965875
0.0130454
0.121333
0.218869
0.282776
0.25967
0.122083
-0.0451938
-0.206983
-0.308617
-0.334727
-0.332813
-0.332973
-0.672208
-0.660689
-0.609544
-0.531336
-0.438923
-0.33961
-0.236181
-0.130147
-0.0237007
0.0795902
0.169455
0.221152
0.187833
0.0295602
-0.123475
-0.265304
-0.309551
-0.319937
-0.323802
-0.324006
-0.702706
-0.691172
-0.639855
-0.561726
-0.469864
-0.371591
-0.269802
-0.166214
-0.0633557
0.0345667
0.116342
0.156423
0.114619
-0.0494393
-0.19158
-0.290346
-0.331593
-0.321079
-0.319201
-0.318998
-0.734059
-0.722484
-0.671297
-0.593312
-0.502177
-0.405209
-0.305361
-0.204581
-0.105706
-0.0133448
0.0599464
0.0908275
0.0285837
-0.118341
-0.244984
-0.29902
-0.313724
-0.3154
-0.315534
-0.315297
-0.765543
-0.75399
-0.702883
-0.625547
-0.535408
-0.440052
-0.342501
-0.244887
-0.150382
-0.063706
0.00161035
0.0180648
-0.0525962
-0.176053
-0.277061
-0.305137
-0.309412
-0.312824
-0.31288
-0.312907
-0.795929
-0.78475
-0.733932
-0.657617
-0.568867
-0.475513
-0.380654
-0.286567
-0.19675
-0.11603
-0.0565727
-0.0530231
-0.122873
-0.22659
-0.294525
-0.340104
-0.31971
-0.312872
-0.311484
-0.311242
-0.82371
-0.813032
-0.763318
-0.688275
-0.601614
-0.510747
-0.419053
-0.32887
-0.243931
-0.169366
-0.11414
-0.115467
-0.185927
-0.265843
-0.315693
-0.308553
-0.31327
-0.313203
-0.31257
-0.312283
-0.847249
-0.837245
-0.789071
-0.716382
-0.632428
-0.54465
-0.456695
-0.370858
-0.290873
-0.222308
-0.172029
-0.171314
-0.236076
-0.297734
-0.333699
-0.336089
-0.326769
-0.322516
-0.320564
-0.319592
-0.864177
-0.855077
-0.809308
-0.739957
-0.659772
-0.575996
-0.492394
-0.411411
-0.33649
-0.27351
-0.228649
-0.22207
-0.269956
-0.31623
-0.33846
-0.336364
-0.332222
-0.329924
-0.328405
-0.327317
-0.872432
-0.864144
-0.821972
-0.757073
-0.68186
-0.603258
-0.524904
-0.449212
-0.379654
-0.321765
-0.280342
-0.266586
-0.290782
-0.297264
-0.308665
-0.314028
-0.319202
-0.320842
-0.321761
-0.322286
-0.867845
-0.861078
-0.825277
-0.765931
-0.697069
-0.624908
-0.552784
-0.483091
-0.419155
-0.365904
-0.326482
-0.303324
-0.307049
-0.280919
-0.292257
-0.307046
-0.316125
-0.319725
-0.321187
-0.321633
-0.849051
-0.844412
-0.816456
-0.765183
-0.704142
-0.639703
-0.574806
-0.511732
-0.453677
-0.405329
-0.369179
-0.344855
-0.328543
-0.302758
-0.315861
-0.323405
-0.328067
-0.33016
-0.33088
-0.331033
-0.816617
-0.813278
-0.794362
-0.753904
-0.702585
-0.647091
-0.590196
-0.534055
-0.48188
-0.438389
-0.410511
-0.37837
-0.362901
-0.366632
-0.370133
-0.356859
-0.350896
-0.345421
-0.342941
-0.342052
-0.775216
-0.773109
-0.762394
-0.734204
-0.693506
-0.647577
-0.598923
-0.549545
-0.502633
-0.463297
-0.436532
-0.410942
-0.382863
-0.40076
-0.408162
-0.382532
-0.356141
-0.340329
-0.335137
-0.3338
-0.733406
-0.732167
-0.726921
-0.710482
-0.680544
-0.643005
-0.601948
-0.558443
-0.515437
-0.4774
-0.450521
-0.417556
-0.368725
-0.321128
-0.323925
-0.315647
-0.297484
-0.300798
-0.301992
-0.302153
-0.699969
-0.699305
-0.696635
-0.687286
-0.666612
-0.636679
-0.601202
-0.562004
-0.520602
-0.481058
-0.45001
-0.406844
-0.354542
-0.247876
-0.109382
-0.0882067
-0.179428
-0.25493
-0.304752
-0.315933
-0.676335
-0.675618
-0.674192
-0.670401
-0.656294
-0.63168
-0.599413
-0.561978
-0.520526
-0.476224
-0.436626
-0.395647
-0.380476
-0.437476
-0.600491
-0.772318
-0.868099
-0.887487
-0.811869
-0.747335
-0.660236
-0.659991
-0.659421
-0.657526
-0.649714
-0.62908
-0.598298
-0.560348
-0.516592
-0.466809
-0.41894
-0.382884
-0.388
-0.489223
-0.675859
-0.868737
-0.926274
-0.885895
-0.797351
-0.72247
-0.650166
-0.650114
-0.649754
-0.649072
-0.645332
-0.628369
-0.597823
-0.55814
-0.510698
-0.455839
-0.395371
-0.352979
-0.295168
-0.2641
-0.237427
-0.242428
-0.205786
-0.0961591
0.0114831
0.0846854
-0.643535
-0.643508
-0.64324
-0.642831
-0.641255
-0.628883
-0.598933
-0.556387
-0.505278
-0.443215
-0.368965
-0.29716
-0.188767
0.0121984
0.277779
0.548838
0.798897
0.988527
1.0907
1.13439
-0.639133
-0.639174
-0.639192
-0.6392
-0.638269
-0.63045
-0.601748
-0.556972
-0.500703
-0.431368
-0.345716
-0.248732
-0.11162
0.164273
0.552786
0.940715
1.28925
1.5208
1.62893
1.66306
-0.635351
-0.635417
-0.635298
-0.634869
-0.634649
-0.630712
-0.60672
-0.560377
-0.498717
-0.424536
-0.33141
-0.223469
-0.0949277
0.18301
0.558098
0.919509
1.23715
1.45201
1.54689
1.57138
-0.634079
-0.634225
-0.63435
-0.634181
-0.633372
-0.633937
-0.615556
-0.566269
-0.501274
-0.424148
-0.330449
-0.22548
-0.123816
0.107619
0.422537
0.705426
0.944089
1.09783
1.16305
1.17998
-0.632848
-0.633902
-0.636803
-0.644354
-0.656103
-0.659952
-0.630476
-0.57295
-0.50857
-0.432298
-0.341716
-0.244325
-0.156071
0.0167483
0.25667
0.45471
0.606485
0.700414
0.74121
0.754641
-0.630619
-0.632133
-0.63545
-0.643294
-0.659014
-0.661282
-0.624787
-0.575277
-0.521175
-0.447356
-0.360842
-0.273087
-0.19828
-0.0740593
0.0984309
0.237931
0.338473
0.400037
0.429357
0.441569
-0.657549
-0.658363
-0.658534
-0.640147
-0.589992
-0.542892
-0.556091
-0.569475
-0.53765
-0.466445
-0.383234
-0.305284
-0.239692
-0.147891
-0.0166581
0.0910224
0.168646
0.218517
0.243568
0.253348
-0.70352
-0.702127
-0.698102
-0.672518
-0.607726
-0.557016
-0.572204
-0.602588
-0.56669
-0.489267
-0.404888
-0.334229
-0.280067
-0.208368
-0.103471
-0.0135588
0.0549331
0.10376
0.127994
0.135604
-0.789816
-0.784638
-0.801914
-0.838073
-0.873009
-0.85806
-0.819477
-0.744769
-0.626253
-0.516395
-0.423948
-0.358353
-0.312364
-0.253561
-0.162863
-0.0866333
-0.0283826
0.0136739
0.0329971
0.0389491
-0.957581
-0.961263
-1.00702
-1.07914
-1.1256
-1.11983
-1.05295
-0.879219
-0.690145
-0.541506
-0.435671
-0.370288
-0.328617
-0.27875
-0.204346
-0.141343
-0.0919443
-0.0574475
-0.0409072
-0.0372526
-1.05095
-1.06201
-1.10197
-1.15066
-1.18527
-1.17983
-1.10326
-0.909764
-0.700511
-0.538753
-0.429672
-0.366251
-0.328614
-0.284388
-0.227439
-0.177046
-0.137893
-0.111364
-0.0991614
-0.096466
-0.955976
-0.964408
-0.996803
-1.0361
-1.06669
-1.06225
-0.985499
-0.8029
-0.630697
-0.493026
-0.39974
-0.344514
-0.311844
-0.278983
-0.236519
-0.198584
-0.169229
-0.149704
-0.141172
-0.140081
-0.675911
-0.687389
-0.715422
-0.757232
-0.795487
-0.802504
-0.738728
-0.621252
-0.506062
-0.414308
-0.349056
-0.308102
-0.283098
-0.261132
-0.23259
-0.20855
-0.189783
-0.177789
-0.172885
-0.172881
-0.318458
-0.325946
-0.344891
-0.376377
-0.414457
-0.438981
-0.431236
-0.402585
-0.361166
-0.322143
-0.287373
-0.263129
-0.248215
-0.236661
-0.221751
-0.210828
-0.204383
-0.200994
-0.200477
-0.201094
-0.0290901
-0.033186
-0.0446856
-0.0690034
-0.106349
-0.150691
-0.189289
-0.214659
-0.229499
-0.230704
-0.223311
-0.214096
-0.207509
-0.205246
-0.204112
-0.207026
-0.21121
-0.216646
-0.220141
-0.220908
0.126327
0.123776
0.116534
0.0977007
0.0628201
0.012503
-0.0446087
-0.0947804
-0.132575
-0.155833
-0.165951
-0.16631
-0.164515
-0.168193
-0.178489
-0.191681
-0.205248
-0.215633
-0.220847
-0.221507
0.172957
0.171476
0.166411
0.151913
0.123192
0.0794834
0.0272943
-0.0250192
-0.0698748
-0.102203
-0.119936
-0.124953
-0.124347
-0.132831
-0.150752
-0.168621
-0.184263
-0.19509
-0.199629
-0.200236
0.164403
0.163514
0.159923
0.149434
0.128325
0.0954402
0.0543497
0.0101713
-0.0309812
-0.064849
-0.0867178
-0.0955832
-0.0967493
-0.107001
-0.125416
-0.141618
-0.154425
-0.162096
-0.16479
-0.16535
0.135915
0.135475
0.133089
0.125954
0.111352
0.0881681
0.0577911
0.022922
-0.0115102
-0.0421266
-0.0654783
-0.0799124
-0.0877053
-0.0975251
-0.108819
-0.117551
-0.123734
-0.126534
-0.127329
-0.127856
0.103387
0.103305
0.101841
0.0972517
0.0875757
0.0718119
0.0503804
0.0247497
-0.00251878
-0.0289556
-0.0528781
-0.0740881
-0.0908452
-0.0966952
-0.0969847
-0.097616
-0.0970961
-0.0961689
-0.0957572
-0.0961743
0.0724245
0.0724209
0.0716541
0.0689364
0.0628701
0.052649
0.0382612
0.0204893
0.000679206
-0.0202561
-0.0425637
-0.06745
-0.0894907
-0.0914788
-0.0831947
-0.0768642
-0.074204
-0.0726445
-0.0722019
-0.0724957
0.0443328
0.0444676
0.0440988
0.0426826
0.0392359
0.0332198
0.0245392
0.0135843
0.000870323
-0.0132565
-0.030178
-0.0512348
-0.0692674
-0.0671456
-0.0589327
-0.0543768
-0.0526808
-0.0524951
-0.0525876
-0.0525811
0.00577063
0.0058145
0.00602599
0.00609413
0.00567116
0.00467641
0.00309018
0.00135477
-0.000537944
-0.00252935
-0.00574593
-0.0100498
-0.00995061
-0.0110407
-0.0108629
-0.0114198
-0.0117063
-0.0115632
-0.0107439
-0.0274028
-1.00187
-0.396451
0.0230245
0.271712
0.452407
0.5894
0.694732
0.780124
0.872582
0.949267
-0.0666348
0.129587
0.300392
0.446617
0.567828
0.665975
0.745462
0.809978
0.849148
0.854363
0.260723
0.374898
0.48243
0.580478
0.664266
0.734621
0.792016
0.835324
0.863974
0.881859
0.465084
0.542378
0.61686
0.686016
0.746445
0.79783
0.840077
0.873357
0.899429
0.918185
0.615238
0.667542
0.725468
0.77597
0.821445
0.860909
0.894456
0.922503
0.9459
0.962557
0.734665
0.77498
0.819169
0.858579
0.894852
0.927486
0.956143
0.980831
1.00159
1.01556
0.835439
0.869856
0.905387
0.939334
0.97105
1.00023
1.02631
1.04883
1.06732
1.0789
0.927482
0.958694
0.991445
1.02387
1.05433
1.08243
1.10741
1.12864
1.14524
1.15494
1.01777
1.05059
1.08487
1.11881
1.14998
1.17808
1.20252
1.22269
1.23771
1.24652
1.11925
1.1571
1.19466
1.23077
1.26271
1.29039
1.31368
1.33244
1.34623
1.35561
1.24578
1.28848
1.32739
1.3628
1.39298
1.41847
1.43991
1.45736
1.47073
1.48195
1.40699
1.44852
1.48204
1.51101
1.53537
1.55682
1.57634
1.59368
1.60862
1.62233
1.59737
1.62678
1.64837
1.66748
1.6857
1.70302
1.71913
1.7348
1.75149
1.76872
1.7939
1.80451
1.81677
1.83129
1.84581
1.8587
1.86997
1.88079
1.8935
1.90905
1.98083
1.99041
2.00002
2.00205
2.0026
2.0068
2.0176
2.03392
2.05126
2.05595
2.28545
2.22658
2.17486
2.13483
2.11245
2.10835
2.12189
2.1556
2.21157
2.29091
0.872795
0.815688
0.773299
0.739769
0.715449
0.698048
0.685572
0.676635
0.67052
0.667053
0.666702
0.669618
0.675115
0.683106
0.694058
0.709052
0.729835
0.758582
0.797032
0.845123
0.677161
0.686192
0.69234
0.692958
0.688989
0.682609
0.676043
0.670533
0.666694
0.665068
0.66629
0.669943
0.675294
0.681882
0.688894
0.694625
0.696678
0.69335
0.685005
0.67782
0.652677
0.654775
0.659376
0.663135
0.66615
0.667912
0.667704
0.665942
0.663736
0.662183
0.66224
0.664121
0.666907
0.669606
0.671115
0.670604
0.66831
0.665101
0.660999
0.656566
0.646448
0.647349
0.649856
0.652501
0.654449
0.65592
0.657099
0.657689
0.657617
0.657411
0.657813
0.658942
0.660055
0.660487
0.660047
0.659059
0.657657
0.655525
0.652927
0.650906
0.640937
0.641402
0.642815
0.64487
0.646814
0.64835
0.649503
0.65048
0.651295
0.651954
0.65265
0.653327
0.653644
0.65352
0.653047
0.652146
0.650692
0.648859
0.647202
0.64618
0.635769
0.636058
0.636976
0.638455
0.64011
0.641737
0.643162
0.644349
0.645423
0.646452
0.647363
0.647959
0.648148
0.647968
0.647363
0.646334
0.64505
0.643738
0.642667
0.642043
0.630771
0.630975
0.631665
0.632843
0.634236
0.635705
0.637207
0.638637
0.639946
0.641188
0.642292
0.643003
0.643231
0.642998
0.642367
0.6415
0.640543
0.639572
0.638804
0.638365
0.625893
0.626048
0.626596
0.627587
0.628825
0.630181
0.631634
0.633158
0.634686
0.636171
0.637504
0.638388
0.638703
0.638556
0.638103
0.637474
0.63676
0.636036
0.635476
0.635147
0.621059
0.62118
0.62163
0.622489
0.623631
0.62493
0.626355
0.62792
0.629603
0.631345
0.632961
0.634078
0.63459
0.634664
0.634451
0.634052
0.633545
0.633033
0.632634
0.63238
0.616179
0.616277
0.616658
0.617428
0.618511
0.619778
0.621219
0.622853
0.624686
0.626687
0.628638
0.630087
0.630903
0.631261
0.631303
0.631139
0.630851
0.630527
0.630256
0.630055
0.611161
0.611242
0.611573
0.612286
0.613341
0.614614
0.616109
0.617858
0.619885
0.622183
0.624537
0.626415
0.627612
0.6283
0.628628
0.628714
0.628651
0.628502
0.628338
0.628177
0.605912
0.605979
0.606277
0.606959
0.608018
0.609345
0.610936
0.612847
0.615132
0.617801
0.620652
0.62305
0.624697
0.625769
0.626424
0.62678
0.626944
0.626971
0.626903
0.626773
0.600337
0.600392
0.600669
0.601346
0.602444
0.603867
0.605605
0.60774
0.610358
0.613497
0.616958
0.61998
0.622159
0.623676
0.624702
0.625367
0.625777
0.625979
0.625994
0.625888
0.594328
0.594374
0.59464
0.595334
0.596509
0.598074
0.600018
0.602453
0.605491
0.609219
0.613423
0.617196
0.620007
0.622045
0.623496
0.624525
0.625205
0.625582
0.625675
0.625587
0.587762
0.587799
0.588063
0.588798
0.590088
0.591846
0.594064
0.596884
0.600457
0.604912
0.61002
0.614694
0.618258
0.620912
0.622861
0.624287
0.625277
0.625851
0.62602
0.625947
0.580492
0.580521
0.580792
0.581587
0.583033
0.585046
0.587618
0.590926
0.595169
0.600516
0.60672
0.612475
0.616933
0.620314
0.622852
0.624743
0.626092
0.626877
0.62712
0.627058
0.572334
0.57236
0.572646
0.573518
0.575168
0.5775
0.580523
0.58445
0.589525
0.595967
0.603498
0.610543
0.616061
0.620297
0.623533
0.625981
0.627741
0.628755
0.629074
0.62902
0.56304
0.563062
0.563377
0.564355
0.56626
0.569
0.5726
0.577304
0.583412
0.591196
0.600328
0.608908
0.61568
0.620924
0.624979
0.628087
0.630322
0.631587
0.63198
0.63193
0.552295
0.552309
0.552662
0.553787
0.556026
0.5593
0.563628
0.569306
0.5767
0.586131
0.597191
0.607591
0.615831
0.622261
0.627278
0.631144
0.63393
0.635466
0.63593
0.635878
0.539708
0.539715
0.54011
0.541433
0.544107
0.548066
0.553324
0.560242
0.569249
0.580703
0.594076
0.606617
0.616562
0.624363
0.630505
0.635248
0.63865
0.640466
0.640992
0.640934
0.524705
0.524708
0.525168
0.526758
0.530009
0.534872
0.541344
0.549863
0.560911
0.574855
0.590989
0.606023
0.617923
0.627285
0.634728
0.64046
0.644533
0.646623
0.647196
0.647124
0.50649
0.506488
0.507042
0.50902
0.513069
0.519163
0.527266
0.537893
0.551551
0.568562
0.587964
0.605857
0.619967
0.63109
0.639949
0.646805
0.651579
0.653914
0.654505
0.654411
0.483867
0.48386
0.484581
0.48716
0.492382
0.500225
0.510597
0.524064
0.541087
0.56186
0.585084
0.606197
0.622748
0.635798
0.646213
0.654267
0.659715
0.662224
0.662794
0.662672
0.45502
0.455011
0.456026
0.459607
0.466701
0.477179
0.490834
0.508198
0.529554
0.554885
0.582496
0.607154
0.626318
0.641419
0.653477
0.662757
0.668769
0.671334
0.671832
0.671675
0.416812
0.41682
0.418482
0.424013
0.434426
0.449112
0.46765
0.490342
0.51718
0.547906
0.580416
0.608855
0.630738
0.647943
0.66168
0.672093
0.678452
0.680903
0.681277
0.681084
0.363267
0.363508
0.367318
0.377362
0.393988
0.415597
0.441249
0.470956
0.504458
0.54133
0.579109
0.611437
0.636049
0.655334
0.670668
0.681983
0.688358
0.690505
0.69072
0.690497
0.286737
0.289148
0.300331
0.319987
0.34693
0.378204
0.412907
0.450878
0.491865
0.535427
0.578816
0.615247
0.642763
0.664278
0.681211
0.693175
0.699311
0.701062
0.701135
0.700918
0.205445
0.211798
0.231577
0.261588
0.299456
0.340697
0.384475
0.43077
0.479457
0.530135
0.57982
0.621084
0.65199
0.67607
0.694746
0.707056
0.712415
0.71359
0.713574
0.713425
0.135286
0.142043
0.168584
0.207457
0.254635
0.305021
0.357509
0.411949
0.468183
0.525773
0.581449
0.627159
0.661076
0.687235
0.706985
0.71891
0.723464
0.72436
0.724353
0.724239
0.0778419
0.0850264
0.115629
0.160776
0.214877
0.272726
0.33273
0.394525
0.457775
0.5219
0.583228
0.633057
0.669659
0.697488
0.717901
0.729528
0.733659
0.734453
0.734491
0.734414
0.0302278
0.0377425
0.070924
0.120833
0.180388
0.244294
0.310603
0.378811
0.448383
0.518569
0.585235
0.638965
0.678091
0.707482
0.728584
0.740084
0.743944
0.744684
0.744765
0.744721
-0.0100736
-0.00239318
0.032587
0.0860514
0.150198
0.219231
0.290956
0.364794
0.440067
0.515858
0.587584
0.645065
0.686654
0.717615
0.739433
0.750967
0.754798
0.75554
0.755634
0.75562
-0.0451144
-0.037342
-0.00108201
0.0553399
0.123303
0.196749
0.273257
0.352146
0.432631
0.513656
0.590214
0.651373
0.695424
0.727977
0.750588
0.762449
0.766395
0.7671
0.767209
0.767207
-0.0764101
-0.0685539
-0.0312682
0.0276856
0.0988816
0.17617
0.256943
0.340423
0.425743
0.511719
0.59295
0.657727
0.704243
0.73846
0.761997
0.774327
0.778444
0.77917
0.779268
0.779272
-0.104956
-0.0970359
-0.0588875
0.00227119
0.0762701
0.156956
0.241552
0.329233
0.419066
0.509775
0.595563
0.663928
0.712933
0.748841
0.77338
0.786182
0.790516
0.79128
0.79141
0.791365
-0.131553
-0.123546
-0.0845814
-0.0215521
0.0549595
0.138694
0.226732
0.318266
0.412327
0.507569
0.59784
0.6698
0.721287
0.758885
0.784387
0.797691
0.802197
0.802996
0.803035
0.80301
-0.156682
-0.148574
-0.108831
-0.0442785
0.0345866
0.121059
0.21222
0.307291
0.405306
0.504908
0.599612
0.675185
0.729153
0.768389
0.794805
0.808545
0.81322
0.814053
0.81405
0.814004
-0.180761
-0.172509
-0.131961
-0.0660733
0.0149093
0.103821
0.197815
0.296132
0.397854
0.501648
0.600749
0.679994
0.736472
0.77729
0.804506
0.818562
0.823306
0.824133
0.82409
0.82402
-0.203966
-0.195587
-0.154427
-0.0871176
-0.00425479
0.0868401
0.183391
0.284685
0.389858
0.497661
0.601137
0.684161
0.74322
0.78558
0.81345
0.82761
0.832342
0.833159
0.833067
0.832978
-0.226498
-0.217896
-0.176182
-0.10754
-0.0230233
0.0700278
0.16888
0.272877
0.381246
0.492861
0.600686
0.687636
0.749432
0.793338
0.82169
0.835785
0.840403
0.841135
0.841013
0.840904
-0.248412
-0.239677
-0.197258
-0.127442
-0.0414503
0.0533503
0.154257
0.260688
0.371976
0.487189
0.599304
0.690366
0.755159
0.800727
0.829432
0.84322
0.847533
0.848143
0.84798
0.84786
-0.269797
-0.260862
-0.217792
-0.146872
-0.0595512
0.0368006
0.13952
0.248126
0.362066
0.480623
0.596919
0.692287
0.760444
0.807921
0.836902
0.850097
0.853863
0.85427
0.854068
0.853943
-0.290578
-0.28148
-0.237726
-0.165813
-0.0773087
0.0203953
0.124715
0.235235
0.351547
0.473153
0.593467
0.693314
0.765275
0.815086
0.844449
0.856745
0.859585
0.859612
0.859374
0.859263
-0.310761
-0.301487
-0.257066
-0.184252
-0.0947005
0.00418533
0.109887
0.222077
0.340467
0.464825
0.588902
0.693327
0.769569
0.822334
0.852488
0.863753
0.865133
0.864344
0.864003
0.863978
-0.330339
-0.320878
-0.275813
-0.20217
-0.111698
-0.0117731
0.0951113
0.20873
0.328907
0.455687
0.583224
0.692196
0.773163
0.829614
0.861353
0.871988
0.871508
0.869114
0.868214
0.868423
-0.349256
-0.339612
-0.293941
-0.219538
-0.128247
-0.0274385
0.0804601
0.195271
0.316961
0.44582
0.576439
0.689774
0.775822
0.836671
0.87102
0.882237
0.880581
0.875896
0.873152
0.872592
-0.367549
-0.357729
-0.311434
-0.236366
-0.144384
-0.0428287
0.0659122
0.181675
0.304607
0.435197
0.568482
0.685837
0.77727
0.843195
0.881055
0.894608
0.893906
0.887643
0.87981
0.865472
-0.385234
-0.375261
-0.328391
-0.252833
-0.160348
-0.0582347
0.0511026
0.167496
0.291326
0.423221
0.55875
0.679755
0.776913
0.848876
0.890637
0.907638
0.909544
0.9006
0.889637
0.853096
-0.402545
-0.391945
-0.344762
-0.268798
-0.176033
-0.0735316
0.0362028
0.15294
0.27732
0.410052
0.547232
0.671208
0.773695
0.852695
0.897443
0.915211
0.916543
0.906905
0.855092
0.798645
-0.420731
-0.406563
-0.360349
-0.284127
-0.191637
-0.0889528
0.0209394
0.138001
0.262553
0.395638
0.533735
0.659802
0.766065
0.854122
0.898876
0.904701
0.904768
0.866668
0.799778
0.736399
-0.439811
-0.440199
-0.380835
-0.296589
-0.204001
-0.101723
0.0058358
0.123335
0.247765
0.380786
0.518898
0.645802
0.753234
0.854762
0.867695
0.879551
0.846897
0.77952
0.70317
0.632403
-0.415903
-0.412419
-0.353575
-0.269251
-0.171718
-0.0662748
0.0463394
0.166629
0.294528
0.432059
0.565584
0.681398
0.77952
0.87476
0.876655
0.774664
0.687071
0.616597
0.542941
0.403419
-0.454196
-0.427282
-0.366089
-0.280999
-0.183748
-0.0783486
0.0337194
0.153473
0.280617
0.416966
0.548588
0.662079
0.750811
0.814756
0.778899
0.640289
0.518858
0.434983
0.350747
0.19431
-0.478038
-0.446746
-0.38411
-0.299672
-0.202272
-0.096978
0.0152872
0.134328
0.260267
0.394575
0.523099
0.631383
0.710709
0.737934
0.653813
0.487888
0.348609
0.245092
0.131761
-0.0902836
-0.500865
-0.4677
-0.40365
-0.318607
-0.221192
-0.115983
-0.00405347
0.114104
0.238567
0.370318
0.494576
0.595379
0.66248
0.653375
0.514105
0.327668
0.159711
0.0199961
-0.135168
-0.494273
-0.522856
-0.488939
-0.423848
-0.337973
-0.240493
-0.135505
-0.0242244
0.0928921
0.215631
0.34437
0.463414
0.555564
0.603823
0.56481
0.377982
0.171808
-0.0344686
-0.206083
-0.45067
-0.960202
-0.544688
-0.510741
-0.445005
-0.358576
-0.260955
-0.156216
-0.0455955
0.0703592
0.191119
0.316424
0.429568
0.513176
0.540569
0.450553
0.252806
0.037638
-0.173992
-0.359332
-0.533068
-1.0804
-0.567491
-0.533462
-0.467395
-0.380653
-0.28294
-0.178427
-0.0684491
0.0462893
0.164886
0.286417
0.393221
0.467036
0.468586
0.335624
0.143638
-0.0640802
-0.254295
-0.380126
-0.414402
-0.458736
-0.591674
-0.557565
-0.491316
-0.404483
-0.306873
-0.202766
-0.0936226
0.0195936
0.135577
0.2526
0.352603
0.41285
0.391494
0.228632
0.043997
-0.140576
-0.289251
-0.350104
-0.371064
-0.376171
-0.61754
-0.583232
-0.51686
-0.430056
-0.332728
-0.22923
-0.121204
-0.00985626
0.103065
0.214879
0.307466
0.351646
0.313129
0.12894
-0.0468475
-0.208816
-0.319132
-0.343553
-0.345928
-0.346479
-0.645222
-0.610602
-0.544069
-0.457365
-0.360474
-0.257826
-0.151198
-0.0420673
0.0673169
0.173328
0.257355
0.288034
0.216502
0.0377446
-0.129216
-0.27035
-0.320022
-0.332502
-0.333045
-0.332621
-0.67459
-0.639613
-0.572912
-0.486403
-0.390105
-0.28853
-0.183593
-0.0770482
0.0283636
0.128033
0.202804
0.218795
0.117449
-0.0463446
-0.199407
-0.30881
-0.321715
-0.322765
-0.324082
-0.323745
-0.705187
-0.670105
-0.603212
-0.517008
-0.421492
-0.321246
-0.218316
-0.114741
-0.0136741
0.0792089
0.144918
0.143408
0.0308292
-0.120685
-0.253517
-0.298895
-0.316666
-0.31911
-0.31912
-0.318857
-0.736663
-0.701261
-0.634625
-0.548886
-0.45438
-0.355749
-0.255156
-0.154933
-0.0585486
0.0274393
0.0834077
0.0697732
-0.049278
-0.182312
-0.287711
-0.32809
-0.318042
-0.315621
-0.315407
-0.315178
-0.7681
-0.732705
-0.666622
-0.581536
-0.488332
-0.391644
-0.293748
-0.197253
-0.105903
-0.0264407
0.0180479
0.00181142
-0.120272
-0.228538
-0.305935
-0.306633
-0.31144
-0.312807
-0.312915
-0.31287
-0.79848
-0.763642
-0.698002
-0.614236
-0.522707
-0.428361
-0.333542
-0.241098
-0.155137
-0.0817987
-0.0449438
-0.0667679
-0.179954
-0.268827
-0.297123
-0.316143
-0.313981
-0.311934
-0.311319
-0.311155
-0.826223
-0.792408
-0.72801
-0.645909
-0.556612
-0.465083
-0.373791
-0.285684
-0.205268
-0.137975
-0.102517
-0.137582
-0.228443
-0.300166
-0.310442
-0.312881
-0.313522
-0.31282
-0.312429
-0.31205
-0.849636
-0.817302
-0.754839
-0.675357
-0.588902
-0.500774
-0.413518
-0.330052
-0.255051
-0.193965
-0.159347
-0.197584
-0.267425
-0.324361
-0.353885
-0.33514
-0.323991
-0.321372
-0.320005
-0.319217
-0.866405
-0.836272
-0.776578
-0.700812
-0.618191
-0.53423
-0.451556
-0.373099
-0.303326
-0.24824
-0.216376
-0.244443
-0.289954
-0.342271
-0.343864
-0.333496
-0.331109
-0.329099
-0.327657
-0.327234
-0.874245
-0.846875
-0.791385
-0.720379
-0.642846
-0.564091
-0.486727
-0.413595
-0.348998
-0.299179
-0.266293
-0.282031
-0.290022
-0.309925
-0.309025
-0.316761
-0.320179
-0.321371
-0.322056
-0.322466
-0.870303
-0.847063
-0.797397
-0.732359
-0.661292
-0.58887
-0.517631
-0.45034
-0.390957
-0.34573
-0.306345
-0.313048
-0.291599
-0.281178
-0.295713
-0.312243
-0.318375
-0.320631
-0.321506
-0.321622
-0.851139
-0.833915
-0.792807
-0.73546
-0.672273
-0.607324
-0.543033
-0.481992
-0.428094
-0.386801
-0.349519
-0.341721
-0.313198
-0.29548
-0.317723
-0.326345
-0.329299
-0.330647
-0.330975
-0.331075
-0.818405
-0.806539
-0.776209
-0.729121
-0.675179
-0.61883
-0.562003
-0.50736
-0.458869
-0.421876
-0.388683
-0.371719
-0.363553
-0.36562
-0.360941
-0.354418
-0.347622
-0.343908
-0.342354
-0.341969
-0.776749
-0.76942
-0.750484
-0.714845
-0.67098
-0.623598
-0.574262
-0.52566
-0.481737
-0.448435
-0.420789
-0.398533
-0.384502
-0.411542
-0.39805
-0.367813
-0.346768
-0.336798
-0.334288
-0.333524
-0.734572
-0.730467
-0.720377
-0.696872
-0.662473
-0.623025
-0.580432
-0.536738
-0.495541
-0.462435
-0.433724
-0.397487
-0.33994
-0.318595
-0.323866
-0.303216
-0.299381
-0.301468
-0.302272
-0.301712
-0.700655
-0.698467
-0.693203
-0.678314
-0.652637
-0.619343
-0.58205
-0.541507
-0.500418
-0.463493
-0.436148
-0.385566
-0.30731
-0.177048
-0.0718196
-0.1361
-0.219281
-0.286012
-0.311707
-0.320911
-0.676038
-0.675002
-0.673001
-0.66482
-0.645069
-0.616348
-0.581394
-0.541811
-0.49847
-0.455304
-0.419153
-0.381914
-0.395976
-0.507188
-0.69886
-0.827237
-0.895531
-0.855069
-0.774588
-0.742618
-0.660168
-0.659727
-0.658955
-0.654923
-0.640907
-0.614808
-0.579986
-0.539069
-0.492643
-0.441074
-0.400905
-0.374019
-0.425132
-0.571596
-0.785561
-0.913452
-0.915872
-0.843751
-0.75144
-0.710935
-0.650167
-0.649973
-0.649403
-0.647992
-0.638788
-0.614485
-0.5789
-0.535575
-0.484571
-0.424163
-0.372848
-0.319956
-0.276243
-0.249712
-0.237221
-0.236608
-0.15586
-0.0390791
0.0545279
0.10271
-0.643547
-0.643404
-0.642995
-0.642758
-0.637129
-0.615733
-0.579016
-0.532266
-0.475283
-0.407496
-0.33095
-0.251059
-0.0987724
0.139861
0.414211
0.678012
0.904174
1.04931
1.11843
1.14302
-0.639157
-0.639182
-0.639202
-0.639174
-0.636517
-0.618462
-0.581167
-0.530013
-0.468161
-0.390361
-0.295941
-0.200592
0.00691169
0.351614
0.747419
1.12517
1.42297
1.58743
1.65259
1.66816
-0.635404
-0.635381
-0.63513
-0.634453
-0.633317
-0.621996
-0.585852
-0.530951
-0.463826
-0.379413
-0.277926
-0.171595
0.0197825
0.367242
0.741743
1.08642
1.36085
1.51261
1.56457
1.57439
-0.634154
-0.634293
-0.634367
-0.633767
-0.633704
-0.628843
-0.593449
-0.535285
-0.46438
-0.378792
-0.278057
-0.176444
-0.0306026
0.266354
0.567644
0.832612
1.0342
1.13932
1.17527
1.18183
-0.633312
-0.634943
-0.63986
-0.650329
-0.661603
-0.650464
-0.60312
-0.541475
-0.472561
-0.388096
-0.292721
-0.198582
-0.0871771
0.138828
0.361478
0.536593
0.661729
0.72589
0.75015
0.756753
-0.631408
-0.633338
-0.638566
-0.650424
-0.664407
-0.645977
-0.600192
-0.549855
-0.487165
-0.404125
-0.316104
-0.233317
-0.148697
0.013767
0.173444
0.292531
0.374375
0.417533
0.437154
0.443669
-0.657985
-0.658726
-0.653498
-0.617975
-0.5625
-0.544916
-0.565993
-0.560296
-0.505427
-0.423935
-0.343395
-0.269805
-0.203798
-0.0814787
0.041329
0.132892
0.197478
0.233503
0.249976
0.254687
-0.703123
-0.70117
-0.689483
-0.643326
-0.575753
-0.553351
-0.594613
-0.591644
-0.530909
-0.445395
-0.367542
-0.304276
-0.252953
-0.155489
-0.0557814
0.0227818
0.0826185
0.118626
0.133347
0.135944
-0.786266
-0.789438
-0.818559
-0.86038
-0.870914
-0.839681
-0.792647
-0.686105
-0.570081
-0.466913
-0.387428
-0.332041
-0.291598
-0.20809
-0.122153
-0.0558478
-0.00452178
0.0258813
0.037
0.0387803
-0.954211
-0.979701
-1.043
-1.10724
-1.13091
-1.09333
-0.980383
-0.780593
-0.612027
-0.482932
-0.39708
-0.345073
-0.31065
-0.241987
-0.170784
-0.11511
-0.0722894
-0.0473862
-0.0377634
-0.0376837
-1.05239
-1.07893
-1.12656
-1.17096
-1.19013
-1.15177
-1.02007
-0.801173
-0.613987
-0.477036
-0.392447
-0.34523
-0.309988
-0.256141
-0.201011
-0.155973
-0.122863
-0.103557
-0.097054
-0.0973686
-0.957512
-0.979951
-1.01619
-1.05364
-1.07089
-1.03564
-0.899616
-0.713167
-0.55726
-0.440281
-0.367724
-0.326041
-0.297341
-0.258126
-0.21656
-0.182759
-0.158052
-0.144208
-0.139951
-0.140998
-0.680178
-0.699163
-0.735288
-0.778125
-0.804885
-0.78115
-0.681984
-0.562222
-0.456767
-0.378192
-0.325647
-0.293997
-0.272896
-0.246942
-0.219841
-0.198488
-0.182766
-0.17459
-0.1724
-0.173707
-0.321358
-0.333712
-0.35937
-0.395433
-0.429947
-0.438539
-0.418801
-0.382259
-0.341359
-0.303527
-0.273801
-0.254547
-0.242807
-0.228842
-0.215864
-0.207206
-0.202081
-0.200594
-0.200608
-0.201723
-0.030901
-0.0375566
-0.055139
-0.0862639
-0.128196
-0.171699
-0.203485
-0.223212
-0.231788
-0.227401
-0.218611
-0.210273
-0.206236
-0.204121
-0.205326
-0.208789
-0.213962
-0.21883
-0.220691
-0.221261
0.125072
0.12122
0.108859
0.0823812
0.0392829
-0.0160253
-0.0709264
-0.115289
-0.145704
-0.162582
-0.166894
-0.165248
-0.165418
-0.172542
-0.184795
-0.19873
-0.210954
-0.219043
-0.221454
-0.22166
0.172251
0.169765
0.160633
0.139505
0.102985
0.053923
0.000849818
-0.0487197
-0.0875257
-0.113042
-0.123893
-0.124632
-0.12668
-0.141218
-0.159914
-0.176856
-0.190484
-0.198094
-0.20015
-0.200334
0.164029
0.162311
0.155764
0.140355
0.11325
0.0756171
0.032407
-0.0110597
-0.0489112
-0.0775754
-0.0927683
-0.0962376
-0.0996385
-0.116106
-0.133872
-0.148515
-0.159056
-0.163883
-0.165175
-0.165481
0.135768
0.134687
0.130277
0.119701
0.100795
0.0737605
0.0407121
0.00540762
-0.0273082
-0.0549802
-0.0737898
-0.0841193
-0.0918633
-0.103681
-0.113356
-0.121032
-0.125551
-0.12703
-0.127589
-0.128058
0.103386
0.10283
0.100052
0.0931376
0.0804496
0.0617642
0.0379763
0.0111901
-0.0158566
-0.0414227
-0.0637042
-0.0834951
-0.0953535
-0.0965438
-0.0975436
-0.0973707
-0.096617
-0.0958377
-0.0959045
-0.096421
0.0724788
0.0721891
0.0706267
0.0663871
0.0582862
0.0459775
0.0297043
0.0107741
-0.00961646
-0.0312877
-0.0546186
-0.0802215
-0.0934897
-0.087515
-0.0790055
-0.0755004
-0.0732682
-0.0722927
-0.0722924
-0.0727254
0.044437
0.0443545
0.0435862
0.0412596
0.0365516
0.0292288
0.0192805
0.00743334
-0.00598714
-0.0213866
-0.0401673
-0.0619294
-0.0708219
-0.0631888
-0.0559909
-0.0532475
-0.0524624
-0.0525669
-0.0525635
-0.0527029
0.0184241
0.0185759
0.0185072
0.0180361
0.016657
0.0142641
0.0106317
0.00598162
0.000478905
-0.00550837
-0.0129929
-0.0240656
-0.0321261
-0.029584
-0.0264788
-0.0252009
-0.0260165
-0.027345
-0.0277051
-0.0273985
-0.656183
-0.150459
0.157891
0.36646
0.525125
0.644489
0.739919
0.822386
0.923077
0.916251
0.0652083
0.218242
0.376834
0.510411
0.619648
0.707645
0.779796
0.833818
0.855682
0.862171
0.330045
0.429172
0.533273
0.624125
0.701067
0.764961
0.815566
0.851234
0.874403
0.891683
0.512543
0.580459
0.652455
0.71738
0.77327
0.820103
0.857784
0.887119
0.910335
0.929046
0.649945
0.699588
0.751129
0.799472
0.841923
0.878402
0.909126
0.934734
0.955792
0.974243
0.761242
0.797757
0.839281
0.877138
0.911657
0.942312
0.968986
0.991708
1.00998
1.02798
0.857454
0.887536
0.922653
0.955482
0.985996
1.01369
1.03805
1.05862
1.07433
1.09203
0.946245
0.974707
1.00789
1.03936
1.06872
1.09535
1.11854
1.13758
1.15111
1.16865
1.03622
1.06734
1.10215
1.13475
1.16445
1.19079
1.21318
1.23091
1.24284
1.26052
1.13952
1.17569
1.21317
1.24727
1.27709
1.30259
1.32365
1.33996
1.3512
1.36938
1.26827
1.30817
1.34572
1.37852
1.40626
1.42967
1.44915
1.46448
1.47629
1.49471
1.42902
1.46578
1.4972
1.52366
1.54638
1.56682
1.58533
1.60139
1.61545
1.63345
1.61296
1.63822
1.65807
1.67669
1.6945
1.71124
1.72694
1.74295
1.76016
1.77925
1.79869
1.81038
1.82384
1.83871
1.85248
1.86452
1.87532
1.88675
1.90107
1.91965
1.98193
1.99645
2.0016
2.00216
2.00399
2.01131
2.02519
2.04314
2.05575
2.06926
2.25438
2.20002
2.15282
2.12133
2.10821
2.11279
2.13606
2.18076
2.24812
2.34361
0.736577
0.731897
0.724506
0.712622
0.699651
0.688195
0.679093
0.672321
0.667859
0.665991
0.667272
0.671319
0.677544
0.685898
0.696494
0.709114
0.722191
0.732086
0.73806
0.741462
0.65857
0.665657
0.671642
0.675864
0.677158
0.675411
0.671826
0.667982
0.664996
0.663716
0.664851
0.667956
0.67213
0.676489
0.679702
0.680249
0.67756
0.672438
0.665595
0.659729
0.649373
0.652381
0.655642
0.658144
0.66017
0.661643
0.662017
0.661316
0.66028
0.659872
0.660791
0.662588
0.664299
0.665053
0.664456
0.662916
0.660889
0.658119
0.654849
0.652511
0.643637
0.645093
0.647334
0.649585
0.651251
0.652482
0.6535
0.654208
0.654567
0.65495
0.655705
0.656496
0.656819
0.656547
0.655879
0.654799
0.65307
0.650855
0.64908
0.647996
0.638328
0.63915
0.640624
0.642435
0.644196
0.64566
0.646811
0.647819
0.648746
0.649605
0.65034
0.650747
0.650766
0.650439
0.649688
0.648454
0.646934
0.645417
0.644406
0.643748
0.633254
0.633812
0.634896
0.636324
0.637866
0.639404
0.64082
0.642063
0.64322
0.644327
0.645173
0.645588
0.645589
0.645152
0.644317
0.643255
0.642115
0.641062
0.640385
0.639921
0.628323
0.628742
0.629612
0.630832
0.632181
0.633624
0.63512
0.636586
0.637977
0.639302
0.640332
0.640853
0.64087
0.640463
0.639792
0.638995
0.638144
0.637369
0.636875
0.636521
0.623478
0.623808
0.624527
0.625602
0.626859
0.628234
0.629723
0.631308
0.632929
0.634519
0.635782
0.636462
0.636617
0.636406
0.635971
0.635396
0.634769
0.63421
0.633846
0.633563
0.618633
0.618901
0.619515
0.620492
0.621693
0.623041
0.624549
0.626227
0.628048
0.629934
0.631497
0.632436
0.632849
0.632892
0.632695
0.632347
0.631924
0.631543
0.631275
0.63104
0.613696
0.613919
0.614461
0.615379
0.616549
0.617906
0.619476
0.62128
0.62332
0.625534
0.627479
0.628782
0.629522
0.629851
0.629907
0.629797
0.629573
0.629346
0.629154
0.628953
0.608575
0.608765
0.609258
0.610148
0.611323
0.612732
0.614405
0.616387
0.618701
0.621312
0.623732
0.625481
0.626605
0.627264
0.627602
0.627733
0.627712
0.627626
0.627496
0.627319
0.603175
0.603341
0.603806
0.604698
0.605921
0.607424
0.609249
0.611471
0.614137
0.617243
0.62024
0.622519
0.624093
0.62513
0.625786
0.626169
0.626369
0.626414
0.626335
0.626174
0.597398
0.597545
0.598001
0.598925
0.600235
0.601881
0.60392
0.606456
0.609568
0.613289
0.616983
0.619895
0.621998
0.62347
0.624488
0.625177
0.625595
0.625763
0.625727
0.625577
0.591128
0.591261
0.591723
0.592708
0.594151
0.595994
0.59832
0.601258
0.60493
0.609406
0.613944
0.617612
0.620343
0.622325
0.623755
0.624782
0.625444
0.625739
0.625743
0.625597
0.58423
0.584352
0.584835
0.585913
0.587536
0.589642
0.592336
0.595785
0.600155
0.605553
0.611109
0.615681
0.619155
0.621738
0.623648
0.625063
0.625999
0.626426
0.626465
0.62632
0.576553
0.576653
0.577171
0.578378
0.580234
0.582676
0.585839
0.589931
0.595163
0.601686
0.608468
0.614115
0.618466
0.62176
0.624247
0.626111
0.627352
0.627917
0.627988
0.62784
0.567846
0.567967
0.568529
0.569899
0.572043
0.574914
0.578675
0.583571
0.589866
0.597758
0.606011
0.612936
0.618323
0.62245
0.625629
0.628019
0.629604
0.630313
0.630413
0.630258
0.557845
0.557968
0.558623
0.560202
0.562724
0.566148
0.57066
0.57656
0.584169
0.593725
0.603737
0.61217
0.618778
0.623888
0.627874
0.630877
0.632851
0.63371
0.633836
0.63367
0.546223
0.54635
0.547123
0.548974
0.551978
0.556107
0.561569
0.56873
0.577966
0.589545
0.601652
0.611853
0.619884
0.626145
0.631059
0.634783
0.637183
0.638193
0.638337
0.638156
0.532478
0.532623
0.533558
0.535771
0.539401
0.544442
0.551128
0.559892
0.571156
0.585189
0.599772
0.612029
0.621691
0.629278
0.635278
0.639811
0.642663
0.643816
0.643968
0.643769
0.515936
0.516121
0.51729
0.519995
0.524461
0.530717
0.539013
0.549843
0.563646
0.580648
0.598132
0.612744
0.624259
0.633347
0.640561
0.645996
0.64931
0.65058
0.650726
0.650508
0.495623
0.495887
0.49741
0.500818
0.506453
0.514384
0.524854
0.53839
0.555386
0.57596
0.596793
0.614055
0.627634
0.63839
0.646926
0.65333
0.657071
0.658412
0.658533
0.658294
0.470073
0.470488
0.472573
0.477058
0.484436
0.494784
0.508282
0.525407
0.546411
0.571229
0.595864
0.616037
0.631848
0.64441
0.654364
0.661723
0.665798
0.667136
0.667209
0.666953
0.436903
0.437623
0.44069
0.447027
0.457229
0.471239
0.489045
0.510928
0.536893
0.566657
0.595499
0.618778
0.636932
0.651356
0.662791
0.670988
0.675222
0.676459
0.676465
0.676198
0.39187
0.393323
0.3985
0.408508
0.42364
0.443339
0.467234
0.495269
0.527195
0.562543
0.595885
0.622372
0.642906
0.65919
0.672043
0.680824
0.684945
0.68597
0.685899
0.685633
0.327067
0.331594
0.342447
0.359785
0.383323
0.411537
0.443554
0.479112
0.517858
0.559242
0.597206
0.626878
0.64973
0.667753
0.681737
0.690724
0.694422
0.695124
0.694984
0.694738
0.249879
0.258382
0.278265
0.306407
0.340661
0.37841
0.419088
0.462595
0.508641
0.55671
0.600067
0.633607
0.659318
0.679395
0.694521
0.703369
0.706545
0.707031
0.70693
0.706799
0.172521
0.186563
0.215768
0.254522
0.29901
0.346194
0.395547
0.447057
0.500458
0.55526
0.604044
0.64141
0.669855
0.691982
0.707955
0.716075
0.71839
0.718643
0.718571
0.718507
0.108365
0.126124
0.16116
0.207903
0.260711
0.316173
0.373518
0.4326
0.493043
0.554271
0.608132
0.648957
0.679706
0.7032
0.719295
0.726851
0.728842
0.729083
0.729061
0.729023
0.0556139
0.0755256
0.11507
0.167696
0.226974
0.289249
0.353489
0.419366
0.486315
0.55359
0.612227
0.656267
0.6891
0.713745
0.729959
0.737161
0.73899
0.739245
0.739282
0.739265
0.0114938
0.0326629
0.0755857
0.132875
0.197502
0.265475
0.335634
0.407525
0.480405
0.55334
0.616527
0.663632
0.698463
0.724302
0.740776
0.747737
0.749468
0.749803
0.749898
0.74991
-0.0263772
-0.0044188
0.0411846
0.102258
0.171399
0.244299
0.319666
0.396952
0.475277
0.553528
0.621089
0.671204
0.708046
0.735036
0.751907
0.758862
0.760708
0.76106
0.761189
0.761234
-0.0596895
-0.0371928
0.010584
0.0748446
0.147835
0.225054
0.305095
0.387303
0.470693
0.553996
0.625807
0.678912
0.717776
0.746019
0.76348
0.770729
0.772646
0.77299
0.77311
0.773169
-0.089694
-0.0668185
-0.0171996
0.0497984
0.126139
0.207183
0.291445
0.37819
0.466347
0.554513
0.630487
0.686569
0.727493
0.757083
0.775228
0.782827
0.784853
0.78519
0.785288
0.785347
-0.117408
-0.0941417
-0.0429577
0.0264779
0.105787
0.190251
0.27834
0.369285
0.461955
0.554825
0.63492
0.693982
0.736989
0.767913
0.786767
0.794764
0.796822
0.7971
0.797151
0.797232
-0.143368
-0.119709
-0.067091
0.00437323
0.0863835
0.173923
0.265494
0.36033
0.457277
0.554724
0.638931
0.700988
0.746035
0.778281
0.797797
0.806155
0.808332
0.808583
0.808589
0.808639
-0.168059
-0.143957
-0.0901471
-0.0167903
0.0676368
0.157944
0.252697
0.351136
0.452134
0.554061
0.642384
0.707464
0.754548
0.788017
0.808133
0.816716
0.818951
0.819166
0.819127
0.819159
-0.191789
-0.167217
-0.112427
-0.0372226
0.0493472
0.142147
0.239792
0.34157
0.446399
0.552691
0.645182
0.713366
0.762476
0.797071
0.817634
0.826317
0.828506
0.828706
0.828628
0.828638
-0.214752
-0.189729
-0.133938
-0.0570949
0.0313837
0.126422
0.226691
0.331542
0.439976
0.550512
0.647238
0.718667
0.769861
0.805464
0.826256
0.834899
0.837057
0.83718
0.837073
0.837064
-0.237072
-0.211597
-0.154771
-0.0765042
0.0136786
0.110725
0.213355
0.321002
0.432796
0.54744
0.648474
0.723356
0.776788
0.813346
0.834182
0.84258
0.844579
0.844641
0.84451
0.844484
-0.258781
-0.232852
-0.175054
-0.095497
-0.00379072
0.0950331
0.19977
0.309946
0.424834
0.543409
0.648804
0.727427
0.78338
0.820929
0.841567
0.849484
0.851199
0.851179
0.851024
0.850988
-0.279916
-0.253525
-0.194803
-0.114077
-0.0210199
0.0793636
0.185965
0.298397
0.416106
0.538373
0.648153
0.730846
0.789721
0.828454
0.848716
0.855786
0.857026
0.856882
0.856718
0.856676
-0.300426
-0.273588
-0.213991
-0.132233
-0.037989
0.0637643
0.171992
0.286408
0.406642
0.532318
0.646424
0.733517
0.795849
0.836204
0.856076
0.86188
0.862221
0.86183
0.861693
0.861673
-0.320358
-0.293011
-0.232632
-0.149931
-0.0546498
0.0482833
0.15792
0.274056
0.396496
0.525268
0.643534
0.735299
0.801702
0.844374
0.864241
0.868549
0.867294
0.866222
0.866113
0.866279
-0.339611
-0.31181
-0.250693
-0.167145
-0.0709632
0.0329877
0.143814
0.261404
0.385758
0.517273
0.639415
0.736001
0.807085
0.852925
0.873739
0.877041
0.873689
0.870878
0.870047
0.870351
-0.358272
-0.329973
-0.268133
-0.183835
-0.086866
0.0179546
0.129785
0.248576
0.374537
0.508403
0.634031
0.735404
0.811684
0.861461
0.884526
0.888424
0.883917
0.877937
0.872147
0.856862
-0.376275
-0.347504
-0.285091
-0.200203
-0.102647
0.00287126
0.115438
0.235142
0.362359
0.498193
0.62692
0.733038
0.815324
0.869794
0.89623
0.902983
0.899203
0.890245
0.877441
0.893627
-0.393721
-0.364343
-0.301529
-0.216228
-0.118243
-0.012215
0.10077
0.221119
0.349199
0.486514
0.617822
0.728176
0.817198
0.876845
0.905932
0.915635
0.913062
0.900304
0.842237
0.83097
-0.411216
-0.38097
-0.317193
-0.231616
-0.133108
-0.0268827
0.0859801
0.206771
0.335345
0.47355
0.606702
0.720219
0.816182
0.881537
0.908915
0.91788
0.90668
0.866063
0.79956
0.760698
-0.43006
-0.398946
-0.331628
-0.246019
-0.146652
-0.0408736
0.0714983
0.192317
0.320921
0.459333
0.593411
0.708823
0.809673
0.881999
0.922258
0.895157
0.860143
0.791577
0.718908
0.675539
-0.000392275
0.117002
0.241328
0.37417
0.511802
0.638274
0.744843
0.56206
-0.447021
-0.43119
-0.392123
-0.319758
-0.227797
-0.126875
-0.0177638
0.0985193
0.222105
0.353845
0.490562
0.616658
0.72212
0.806691
0.856438
0.797805
0.652699
0.560787
0.488898
-0.465816
-0.453076
-0.408453
-0.334878
-0.242482
-0.141262
-0.0325942
0.083233
0.206017
0.3365
0.471219
0.594257
0.693964
0.763668
0.758656
0.644162
0.495014
0.386402
0.295849
-0.487844
-0.47552
-0.428121
-0.35351
-0.261165
-0.159655
-0.0509374
0.0645808
0.186448
0.315372
0.44708
0.56495
0.653468
0.704715
0.661737
0.494154
0.327516
0.193801
0.0760833
-0.50997
-0.497627
-0.448741
-0.372876
-0.280279
-0.178808
-0.0704087
0.0443725
0.16501
0.291864
0.419923
0.531569
0.612148
0.634862
0.542412
0.346973
0.151486
-0.0228037
-0.186959
-0.53153
-0.519568
-0.469947
-0.393074
-0.300129
-0.19871
-0.0907819
0.0230896
0.142285
0.266668
0.390475
0.495065
0.565597
0.548924
0.412894
0.208847
-0.00762711
-0.204175
-0.386443
-0.553637
-0.541931
-0.492026
-0.414543
-0.321332
-0.219908
-0.112392
0.000605337
0.118263
0.23997
0.359198
0.455471
0.511422
0.472166
0.293349
0.0916761
-0.121317
-0.314635
-0.432316
-0.501808
-0.57705
-0.565496
-0.515344
-0.437558
-0.344286
-0.242976
-0.135954
-0.0239708
0.0918867
0.210457
0.324476
0.412082
0.451182
0.384755
0.185363
-0.00905364
-0.195003
-0.333291
-0.377998
-0.401578
-0.601944
-0.590492
-0.540168
-0.462232
-0.369064
-0.268086
-0.161762
-0.0510838
0.0625876
0.177445
0.285477
0.364181
0.380897
0.276113
0.087789
-0.0925266
-0.24983
-0.332459
-0.353127
-0.357978
-0.628576
-0.617113
-0.566608
-0.488585
-0.395653
-0.295195
-0.189834
-0.080772
0.0303123
0.140919
0.242141
0.311502
0.298968
0.172006
-0.00268668
-0.171266
-0.293934
-0.338813
-0.338002
-0.338926
-0.656863
-0.645494
-0.594696
-0.516627
-0.424055
-0.324306
-0.220171
-0.113038
-0.00494739
0.100907
0.194668
0.253026
0.222369
0.0740791
-0.0857654
-0.241853
-0.309657
-0.326691
-0.328139
-0.327822
-0.686662
-0.675302
-0.624329
-0.546277
-0.454184
-0.35537
-0.252722
-0.147863
-0.0431655
0.0574804
0.143378
0.189149
0.153038
-0.0106251
-0.16064
-0.279193
-0.328478
-0.321345
-0.321203
-0.321261
-0.717487
-0.706042
-0.655255
-0.577294
-0.485854
-0.38821
-0.287347
-0.185116
-0.0841933
0.0109598
0.0885566
0.124356
0.0723168
-0.085339
-0.220935
-0.302411
-0.319763
-0.317416
-0.317149
-0.316834
-0.748829
-0.7373
-0.686824
-0.609275
-0.518694
-0.422497
-0.323751
-0.22451
-0.127767
-0.0382257
0.0309748
0.0555115
-0.0134548
-0.148618
-0.26685
-0.29175
-0.30754
-0.312887
-0.313683
-0.313635
-0.779706
-0.768186
-0.718223
-0.641517
-0.55214
-0.457737
-0.361475
-0.265583
-0.173384
-0.0896456
-0.0274762
-0.0182846
-0.0884025
-0.203261
-0.284661
-0.33141
-0.317054
-0.313257
-0.312164
-0.311925
-0.808351
-0.797587
-0.748561
-0.673002
-0.585371
-0.493205
-0.399856
-0.307674
-0.220281
-0.142628
-0.0852076
-0.0854321
-0.155121
-0.249124
-0.309139
-0.319194
-0.314709
-0.312231
-0.311242
-0.310981
-0.833883
-0.823434
-0.776425
-0.70252
-0.617308
-0.52792
-0.438008
-0.349943
-0.267471
-0.195942
-0.142871
-0.144046
-0.213012
-0.28371
-0.323875
-0.319051
-0.31895
-0.316969
-0.315669
-0.315087
-0.853757
-0.843967
-0.799398
-0.728721
-0.646595
-0.560719
-0.474826
-0.391355
-0.313884
-0.248159
-0.200543
-0.197325
-0.254873
-0.312183
-0.344971
-0.343167
-0.332214
-0.327301
-0.325323
-0.324139
-0.865962
-0.85722
-0.815965
-0.749328
-0.671537
-0.59021
-0.509104
-0.430682
-0.35841
-0.298038
-0.25506
-0.245135
-0.281686
-0.312468
-0.324439
-0.324906
-0.325986
-0.326578
-0.326141
-0.326013
-0.867951
-0.860782
-0.823948
-0.762654
-0.69039
-0.614854
-0.539465
-0.466665
-0.399896
-0.344366
-0.303712
-0.285558
-0.300213
-0.286452
-0.300191
-0.308719
-0.315503
-0.318138
-0.319606
-0.320284
-0.857818
-0.852049
-0.821054
-0.766835
-0.701734
-0.633195
-0.564554
-0.498087
-0.437061
-0.386216
-0.347719
-0.319713
-0.316227
-0.294692
-0.30967
-0.313425
-0.320176
-0.323481
-0.324728
-0.325122
-0.832349
-0.828279
-0.804772
-0.760473
-0.70455
-0.644305
-0.583326
-0.523683
-0.468595
-0.42276
-0.388344
-0.351873
-0.346927
-0.354958
-0.346187
-0.341163
-0.338851
-0.337752
-0.337113
-0.33688
-0.794944
-0.792396
-0.777125
-0.743853
-0.69893
-0.648125
-0.595334
-0.542637
-0.493221
-0.452067
-0.423444
-0.395874
-0.374016
-0.394205
-0.409981
-0.384465
-0.358909
-0.346518
-0.342205
-0.340795
-0.752326
-0.750713
-0.743116
-0.720831
-0.687102
-0.645807
-0.601032
-0.554754
-0.510089
-0.471845
-0.445096
-0.414077
-0.382021
-0.370362
-0.379989
-0.374878
-0.346716
-0.326425
-0.318834
-0.316874
-0.714331
-0.713286
-0.70974
-0.697464
-0.672967
-0.63992
-0.601852
-0.560798
-0.518953
-0.480408
-0.452279
-0.412009
-0.355789
-0.280636
-0.202499
-0.147958
-0.176447
-0.22456
-0.256765
-0.267198
-0.687058
-0.686472
-0.684146
-0.678017
-0.660801
-0.633809
-0.600249
-0.562303
-0.521123
-0.479502
-0.443933
-0.402175
-0.361058
-0.317291
-0.331319
-0.464409
-0.592139
-0.653469
-0.60236
-0.558816
-0.666992
-0.666556
-0.665664
-0.66328
-0.6526
-0.630043
-0.5986
-0.561216
-0.518826
-0.471794
-0.428592
-0.389111
-0.39337
-0.505157
-0.721831
-0.892079
-0.950899
-0.941774
-0.87352
-0.805996
-0.654773
-0.654655
-0.654269
-0.652827
-0.647457
-0.628545
-0.597682
-0.55915
-0.513523
-0.461433
-0.407846
-0.371826
-0.351519
-0.398207
-0.500898
-0.643546
-0.687959
-0.615687
-0.499744
-0.409722
-0.646453
-0.646421
-0.646095
-0.645709
-0.643279
-0.628495
-0.597942
-0.556988
-0.507865
-0.449819
-0.382269
-0.326513
-0.238289
-0.116454
0.0427666
0.187663
0.333338
0.482115
0.583905
0.639234
-0.641278
-0.641279
-0.641182
-0.641028
-0.639576
-0.62983
-0.60004
-0.556493
-0.502978
-0.436842
-0.356526
-0.270664
-0.14494
0.10569
0.450798
0.802967
1.12515
1.34331
1.44716
1.48617
-0.637065
-0.637134
-0.637139
-0.637023
-0.636954
-0.631104
-0.604208
-0.558661
-0.499311
-0.427244
-0.33701
-0.232503
-0.0941029
0.189745
0.58335
0.970105
1.31183
1.54205
1.64731
1.67608
-0.63428
-0.634332
-0.634105
-0.63329
-0.632145
-0.631565
-0.611163
-0.563173
-0.499374
-0.423333
-0.329329
-0.221655
-0.107826
0.151056
0.498932
0.823207
1.10537
1.29286
1.37295
1.39332
-0.633958
-0.634478
-0.635808
-0.638613
-0.641632
-0.643957
-0.623085
-0.569228
-0.504132
-0.427096
-0.334673
-0.233453
-0.139523
0.0622117
0.340655
0.580071
0.772506
0.893634
0.945429
0.96005
-0.630237
-0.631791
-0.635859
-0.647101
-0.666769
-0.672505
-0.63362
-0.574473
-0.514312
-0.439276
-0.350646
-0.257515
-0.175815
-0.0294847
0.173234
0.337796
0.459147
0.533265
0.566618
0.57951
-0.639353
-0.640826
-0.642659
-0.639928
-0.62619
-0.607118
-0.594432
-0.572924
-0.529169
-0.456415
-0.371912
-0.289595
-0.219976
-0.113491
0.0364981
0.157443
0.243954
0.298029
0.324904
0.33597
-0.679619
-0.679629
-0.677932
-0.649468
-0.57637
-0.51327
-0.537024
-0.576073
-0.549026
-0.477408
-0.394289
-0.319978
-0.259726
-0.179226
-0.0635592
0.0341781
0.106555
0.155347
0.17994
0.188548
-0.73545
-0.731636
-0.731732
-0.728963
-0.713914
-0.686209
-0.677942
-0.666122
-0.592809
-0.502142
-0.414878
-0.347484
-0.298299
-0.233482
-0.136024
-0.0528657
0.0107972
0.0570803
0.0792501
0.0858714
-0.869236
-0.868499
-0.90433
-0.970716
-1.02065
-1.01408
-0.955464
-0.819824
-0.661347
-0.530702
-0.431285
-0.366219
-0.32223
-0.268522
-0.185628
-0.116252
-0.0626565
-0.0244799
-0.0063498
-0.00218247
-1.02392
-1.03214
-1.07861
-1.13965
-1.18021
-1.17353
-1.10347
-0.911204
-0.705584
-0.545184
-0.43548
-0.370166
-0.330655
-0.283569
-0.217966
-0.161266
-0.116975
-0.0865901
-0.0721867
-0.0683709
-1.02968
-1.04008
-1.0728
-1.11445
-1.14548
-1.13997
-1.0636
-0.870489
-0.674424
-0.521095
-0.417755
-0.357708
-0.322074
-0.283152
-0.233604
-0.189631
-0.155167
-0.132272
-0.121978
-0.120112
-0.834494
-0.845749
-0.87591
-0.917287
-0.951897
-0.951356
-0.874602
-0.718905
-0.573207
-0.456552
-0.37637
-0.327506
-0.2985
-0.271512
-0.235976
-0.204652
-0.180585
-0.164641
-0.157806
-0.157336
-0.496988
-0.506586
-0.530523
-0.56812
-0.605714
-0.620676
-0.58618
-0.512945
-0.433796
-0.368869
-0.319039
-0.286427
-0.266428
-0.249516
-0.227805
-0.210636
-0.197689
-0.189803
-0.187028
-0.187404
-0.158403
-0.164086
-0.179065
-0.206868
-0.244663
-0.28021
-0.29612
-0.300339
-0.292024
-0.275437
-0.254968
-0.238741
-0.228448
-0.221916
-0.213925
-0.21017
-0.209024
-0.210427
-0.212118
-0.212851
0.0652455
0.0621612
0.0530905
0.0318117
-0.00466466
-0.0538345
-0.106038
-0.147085
-0.176123
-0.190405
-0.193314
-0.189841
-0.186087
-0.187005
-0.192108
-0.200469
-0.21014
-0.218633
-0.223325
-0.224048
0.159519
0.157693
0.151725
0.135113
0.10293
0.0547928
-0.00155489
-0.0548682
-0.0977473
-0.126755
-0.141476
-0.144433
-0.143609
-0.149944
-0.164711
-0.180998
-0.196312
-0.207581
-0.212718
-0.213328
0.172869
0.171704
0.167406
0.15496
0.13008
0.0917313
0.0450268
-0.00371362
-0.0477265
-0.0816171
-0.10185
-0.108647
-0.108361
-0.118082
-0.137301
-0.155122
-0.169931
-0.179525
-0.18322
-0.183798
0.151325
0.150675
0.147716
0.138997
0.121337
0.0935835
0.0579875
0.0184501
-0.0193073
-0.0518331
-0.074772
-0.0861939
-0.0901136
-0.100376
-0.116014
-0.129127
-0.138772
-0.144058
-0.145791
-0.146336
0.119696
0.119421
0.117529
0.111748
0.0997941
0.0806049
0.0549935
0.0248466
-0.00614576
-0.034797
-0.058401
-0.076309
-0.0884492
-0.09664
-0.102328
-0.10724
-0.109599
-0.110299
-0.110444
-0.110962
0.0875431
0.0875448
0.0864748
0.0828806
0.0751508
0.0623595
0.0446307
0.0230898
-0.0003423
-0.0241584
-0.0476828
-0.0713427
-0.0918655
-0.0955302
-0.0919377
-0.0879065
-0.0853035
-0.0836511
-0.0831146
-0.0834923
0.0580037
0.0580508
0.0575884
0.0555446
0.050888
0.0428899
0.0314634
0.0171709
0.000919849
-0.0166463
-0.0369594
-0.060781
-0.0820199
-0.0818034
-0.0722252
-0.0662573
-0.063662
-0.0626993
-0.0625181
-0.062684
0.0311065
0.0312647
0.0311321
0.0302111
0.02786
0.0236738
0.0175722
0.00984715
0.000722302
-0.00954494
-0.0219908
-0.0385389
-0.0521449
-0.0488427
-0.04306
-0.0404879
-0.0402753
-0.041034
-0.0414233
-0.0413202
0.0185187
0.0185779
0.0183409
0.0175226
0.0156144
0.0126186
0.00837169
0.00335123
-0.0024277
-0.00891348
-0.0181918
-0.0293683
-0.0319388
-0.0282484
-0.0253764
-0.0254582
-0.0267413
-0.027679
-0.0275573
-0.0104912
-0.362228
-0.0364359
0.179729
0.364281
0.512125
0.628536
0.720512
0.798708
0.854025
0.848844
0.115571
0.266518
0.400127
0.518357
0.618384
0.701333
0.769236
0.821422
0.853361
0.866651
0.370951
0.46525
0.554161
0.636052
0.706761
0.766604
0.815507
0.852827
0.880152
0.898896
0.544658
0.607664
0.673301
0.732474
0.784529
0.829156
0.866474
0.896796
0.921726
0.939312
0.677676
0.72314
0.773622
0.817899
0.858123
0.893644
0.924416
0.95061
0.97269
0.987861
0.786515
0.8236
0.862506
0.898919
0.932426
0.962956
0.990116
1.01358
1.03315
1.04574
0.882165
0.914508
0.94784
0.980771
1.01157
1.03996
1.06537
1.08717
1.10468
1.1151
0.97206
1.00349
1.03651
1.06961
1.10033
1.12837
1.15311
1.17382
1.1896
1.19856
1.06615
1.10121
1.13704
1.17233
1.20409
1.23212
1.25612
1.27566
1.29001
1.29875
1.17848
1.21913
1.25784
1.29434
1.32594
1.35279
1.37521
1.39321
1.40661
1.41668
1.32189
1.3649
1.40229
1.43538
1.46313
1.48676
1.50728
1.52456
1.53846
1.55064
1.49959
1.53657
1.56458
1.58853
1.60952
1.62882
1.64699
1.66403
1.68017
1.69549
1.69687
1.71624
1.73193
1.74805
1.76462
1.78003
1.79362
1.80673
1.82222
1.84009
1.88582
1.89356
1.90542
1.91707
1.92693
1.93609
1.94632
1.95763
1.96895
1.97624
2.10463
2.10289
2.09479
2.0778
2.0664
2.06578
2.07794
2.10277
2.13644
2.16403
2.51317
2.32634
2.22478
2.16734
2.1383
2.13164
2.14691
2.18754
2.2633
2.40959
-0.417538
-0.41889
-0.37838
-0.304907
-0.212203
-0.110367
0.842248
0.900322
0.882688
0.798563
0.719212
0.643101
0.419277
0.204712
-0.0541565
-0.397659
-0.746948
)
;

boundaryField
{
    wall-4
    {
        type            zeroGradient;
    }
    pressure-outlet-7
    {
        type            fixedValue;
        value           uniform 0;
    }
    velocity-inlet-6
    {
        type            zeroGradient;
    }
    velocity-inlet-5
    {
        type            zeroGradient;
    }
    frontAndBackPlanes
    {
        type            empty;
    }
}


// ************************************************************************* //
