0.490941 	0.857245
0.561075 	0.857245
0.63121 	0.857245
0.701344 	0.857245
0.771478 	0.857245
0.841613 	0.857245
0.911747 	0.857245
0.981881 	0.857245
1.05202 	0.857245
1.12215 	0.857245
1.19228 	0.857245
1.26242 	0.8311
1.33255 	0.8311
1.40269 	0.8311
1.47282 	0.8311
1.54296 	0.8311
1.61309 	0.8311
1.68323 	0.8311
1.75336 	0.8311
1.82349 	0.781444
1.89363 	0.781444
1.96376 	0.781444
2.0339 	0.781444
2.10403 	0.781444
2.17417 	0.781444
2.2443 	0.781444
2.31443 	0.781444
2.38457 	0.781444
2.4547 	0.781444
2.52484 	0.781444
2.59497 	0.746729
2.66511 	0.746729
2.73524 	0.746729
2.80538 	0.746729
2.87551 	0.746729
2.94564 	0.746729
3.01578 	0.746729
3.08591 	0.746729
3.15605 	0.746729
3.22618 	0.746729
3.29632 	0.714102
3.36645 	0.714102
3.43659 	0.714102
3.50672 	0.714102
3.57685 	0.714102
3.64699 	0.714102
3.71712 	0.714102
3.78726 	0.714102
3.85739 	0.714102
3.92753 	0.714102
3.99766 	0.714102
4.06779 	0.695682
4.13793 	0.695682
4.20806 	0.695682
4.2782 	0.695682
4.34833 	0.695682
4.41847 	0.695682
4.4886 	0.670574
4.55874 	0.670574
4.62887 	0.670574
4.699 	0.670574
4.76914 	0.670574
4.83927 	0.670574
4.90941 	0.670574
4.97954 	0.670574
5.04968 	0.670574
5.11981 	0.670574
5.18994 	0.648305
5.26008 	0.648305
5.33021 	0.648305
5.40035 	0.648305
5.47048 	0.648305
5.54062 	0.648305
5.61075 	0.648305
5.68089 	0.619383
5.75102 	0.619383
5.82115 	0.619383
5.89129 	0.619383
5.96142 	0.619383
6.03156 	0.619383
6.10169 	0.619383
6.17183 	0.619383
6.24196 	0.619383
6.3121 	0.590202
6.38223 	0.590202
6.45236 	0.590202
6.5225 	0.590202
6.59263 	0.590202
6.66277 	0.590202
6.7329 	0.590202
6.80304 	0.590202
6.87317 	0.564996
6.9433 	0.564996
7.01344 	0.564996
7.08357 	0.564996
7.15371 	0.564996
7.22384 	0.564996
7.29398 	0.564996
7.36411 	0.564996
7.43425 	0.564996
7.50438 	0.533052
7.57451 	0.533052
7.64465 	0.533052
7.71478 	0.533052
7.78492 	0.533052
7.85505 	0.533052
7.92519 	0.533052
7.99532 	0.533052
8.06545 	0.515068
8.13559 	0.515068
8.20572 	0.515068
8.27586 	0.515068
8.34599 	0.515068
8.41613 	0.515068
8.48626 	0.515068
8.5564 	0.515068
8.62653 	0.515068
8.69666 	0.484659
8.7668 	0.484659
8.83693 	0.484659
8.90707 	0.484659
8.9772 	0.484659
9.04734 	0.484659
9.11747 	0.484659
9.18761 	0.484659
9.25774 	0.453234
9.32787 	0.453234
9.39801 	0.453234
9.46814 	0.453234
9.53828 	0.453234
9.60841 	0.453234
9.67855 	0.453234
9.74868 	0.453234
9.81881 	0.436578
9.88895 	0.436578
9.95908 	0.436578
10.0292 	0.436578
10.0994 	0.436578
10.1695 	0.436578
10.2396 	0.436578
10.3098 	0.436578
10.3799 	0.436578
10.45 	0.436578
10.5202 	0.436578
10.5903 	0.436578
10.6604 	0.461616
10.7306 	0.405909
10.8007 	0.405909
10.8708 	0.405909
10.941 	0.405909
11.0111 	0.405909
11.0812 	0.405909
11.1514 	0.405909
11.2215 	0.405909
11.2916 	0.405909
11.3618 	0.405909
11.4319 	0.405909
11.502 	0.405909
11.5722 	0.405909
11.6423 	0.405909
11.7124 	0.414641
11.7826 	0.349227
11.8527 	0.349227
11.9228 	0.349227
11.993 	0.349227
12.0631 	0.349227
12.1332 	0.349227
12.2034 	0.244539
12.2735 	0.244539
12.3437 	0.244539
12.4138 	0.244539
12.4839 	0.244539
12.5541 	0.244539
12.6242 	0.244539
12.6943 	0.244539
12.7645 	0.244539
12.8346 	0.124715
12.9047 	0.105017
12.9749 	0.105017
13.045 	0.105017
13.1151 	0.105017
13.1853 	0.105017
13.2554 	0.105017
13.3255 	0.105017
13.3957 	0.333216
13.4658 	0.333216
13.5359 	0.333216
13.6061 	0.333216
13.6762 	0.333216
13.7463 	0.333216
13.8165 	0.403635
13.8866 	0.59033
13.9567 	0.59033
14.0269 	0.0123751
14.097 	0.0123751
14.1671 	0.0123751
14.2373 	0.0123751
14.3074 	0.0123751
14.3776 	0.0123751
14.4477 	0.0123751
14.5178 	0.0123751
14.588 	0.0123751
14.6581 	0.0123751
14.7282 	0.0123751
14.7984 	0.0123751
14.8685 	0.0123751
14.9386 	-0.168562
15.0088 	-0.168562
15.0789 	-0.168562
15.149 	-0.168562
15.2192 	-0.168562
15.2893 	-0.671261
15.3594 	-0.671261
15.4296 	-0.671261
15.4997 	-0.671261
15.5698 	-0.671261
15.64 	-0.671261
15.7101 	-1.17061
15.7802 	-1.17061
15.8504 	-1.07606
15.9205 	-1.07606
15.9906 	-1.07606
16.0608 	-1.07606
16.1309 	-1.07606
16.201 	-1.07606
16.2712 	-1.07606
16.3413 	-1.07606
16.4114 	-1.07606
16.4816 	-1.07606
16.5517 	-1.07606
16.6219 	-1.07606
16.692 	-1.07606
16.7621 	-1.07606
16.8323 	-0.630931
16.9024 	-0.630931
16.9725 	-0.630931
17.0427 	-0.630931
17.1128 	-0.630931
17.1829 	-0.630931
17.2531 	-0.630931
17.3232 	-0.630931
17.3933 	-0.630931
17.4635 	-0.630931
17.5336 	-0.542748
17.6037 	-0.542748
17.6739 	-0.542748
17.744 	-0.630438
17.8141 	-0.630438
17.8843 	-0.630438
17.9544 	-0.630438
18.0245 	-0.630438
18.0947 	-0.630438
18.1648 	-0.630438
18.2349 	-0.630438
18.3051 	-0.630438
18.3752 	-0.337477
18.4453 	-0.337477
18.5155 	-0.337477
18.5856 	-0.337477
18.6557 	-0.337477
18.7259 	-0.337477
18.796 	-0.337477
18.8662 	-0.26
18.9363 	-0.26
19.0064 	-0.26
19.0766 	-0.26
19.1467 	-0.26
19.2168 	-0.26
19.287 	-0.26
19.3571 	-0.26
19.4272 	-0.26
19.4974 	-0.26
19.5675 	-0.26
19.6376 	-0.26
19.7078 	-0.26
19.7779 	-0.107453
19.848 	-0.107453
19.9182 	-0.107453
19.9883 	-0.107453
20.0584 	-0.107453
20.1286 	-0.107453
20.1987 	-0.107453
20.2688 	-0.103859
20.339 	-0.103859
20.4091 	-0.103859
20.4792 	-0.103859
20.5494 	-0.103859
20.6195 	-0.103859
20.6896 	-0.103859
20.7598 	-0.103859
20.8299 	-0.103859
20.9 	-0.103859
20.9702 	-0.103859
21.0403 	-0.103859
21.1105 	-0.103859
21.1806 	-0.103859
21.2507 	-0.103859
21.3209 	-0.103859
21.391 	-0.103859
21.4611 	-0.084887
21.5313 	-0.084887
21.6014 	-0.084887
21.6715 	-0.193395
21.7417 	-0.193395
21.8118 	-0.193395
21.8819 	-0.193395
21.9521 	-0.193395
22.0222 	-0.346143
22.0923 	-0.346143
22.1625 	-0.346143
22.2326 	-0.346143
22.3027 	-0.346143
22.3729 	-0.346143
22.443 	-0.346143
22.5131 	-0.346143
22.5833 	-0.346143
22.6534 	-0.346143
22.7235 	-0.346143
22.7937 	-0.346143
22.8638 	-0.346143
22.9339 	-0.346143
23.0041 	-0.346143
23.0742 	-0.346143
23.1443 	-0.346143
23.2145 	-0.346143
23.2846 	-0.346143
23.3548 	-0.346143
23.4249 	-0.346143
23.495 	-0.179324
23.5652 	-0.179324
23.6353 	-0.179324
23.7054 	-0.179324
23.7756 	-0.179324
23.8457 	-0.179324
23.9158 	-0.179324
23.986 	-0.0558962
24.0561 	-0.0558962
24.1262 	-0.0558962
24.1964 	-0.0558962
24.2665 	-0.0558962
24.3366 	-0.0558962
24.4068 	-0.0558962
24.4769 	-0.0558962
24.547 	-0.0558962
24.6172 	-0.0558962
24.6873 	-0.0558962
24.7574 	-0.0558962
24.8276 	-0.0558962
24.8977 	-0.0558962
24.9678 	-0.0558962
25.038 	-0.0558962
25.1081 	-0.0558962
25.1782 	-0.0998305
25.2484 	-0.0998305
25.3185 	-0.0998305
25.3886 	-0.0998305
25.4588 	-0.0998305
25.5289 	-0.0998305
25.5991 	-0.0998305
25.6692 	-0.0998305
25.7393 	-0.0998305
25.8095 	-0.0998305
25.8796 	-0.0998305
25.9497 	-0.0998305
26.0199 	-0.0998305
26.09 	-0.0998305
26.1601 	-0.0998305
26.2303 	-0.168596
26.3004 	-0.168596
26.3705 	-0.168596
26.4407 	-0.168596
26.5108 	-0.168596
26.5809 	-0.168596
26.6511 	-0.168596
26.7212 	-0.168596
26.7913 	-0.168596
26.8615 	-0.168596
26.9316 	-0.168596
27.0017 	-0.168596
27.0719 	-0.168596
27.142 	-0.168596
27.2121 	-0.168596
27.2823 	-0.168596
27.3524 	-0.200573
27.4225 	-0.200573
27.4927 	-0.200573
27.5628 	-0.200573
27.6329 	-0.200573
27.7031 	-0.200573
27.7732 	-0.200573
27.8434 	-0.200573
27.9135 	-0.200573
27.9836 	-0.200573
28.0538 	-0.200573
28.1239 	-0.200573
28.194 	-0.200573
28.2642 	-0.200573
28.3343 	-0.200573
28.4044 	-0.200573
28.4746 	-0.200573
28.5447 	-0.200573
28.6148 	-0.200573
28.685 	-0.200573
28.7551 	-0.200573
28.8252 	-0.200573
28.8954 	-0.200573
28.9655 	-0.231283
29.0356 	-0.231283
29.1058 	-0.231283
29.1759 	-0.231283
29.246 	-0.231283
29.3162 	-0.231283
29.3863 	-0.231283
29.4564 	-0.231283
29.5266 	-0.231283
29.5967 	-0.231283
29.6668 	-0.231283
29.737 	-0.231283
29.8071 	-0.231283
29.8773 	-0.231283
29.9474 	-0.231283
30.0175 	-0.231283
30.0877 	-0.231283
30.1578 	-0.231283
30.2279 	-0.231283
30.2981 	-0.231283
30.3682 	-0.231283
30.4383 	-0.231283
30.5085 	-0.231283
30.5786 	-0.231283
30.6487 	-0.231283
30.7189 	-0.231283
30.789 	-0.235575
30.8591 	-0.235575
30.9293 	-0.235575
30.9994 	-0.235575
31.0695 	-0.235575
31.1397 	-0.235575
31.2098 	-0.235575
31.2799 	-0.235575
31.3501 	-0.235575
31.4202 	-0.235575
31.4903 	-0.235575
31.5605 	-0.235575
31.6306 	-0.235575
31.7007 	-0.235575
31.7709 	-0.235575
31.841 	-0.235575
31.9111 	-0.235575
31.9813 	-0.235575
32.0514 	-0.235575
32.1216 	-0.235575
32.1917 	-0.235575
32.2618 	-0.235575
32.332 	-0.235575
32.4021 	-0.235575
32.4722 	-0.235575
32.5424 	-0.235575
32.6125 	-0.235575
32.6826 	-0.235575
32.7528 	-0.235575
32.8229 	-0.235575
32.893 	-0.235575
32.9632 	-0.235575
33.0333 	-0.235575
33.1034 	-0.235575
33.1736 	-0.235575
33.2437 	-0.235575
33.3138 	-0.235575
33.384 	-0.235575
33.4541 	-0.235575
33.5242 	-0.235575
33.5944 	-0.235575
33.6645 	-0.235575
33.7346 	-0.34331
33.8048 	-0.34331
33.8749 	-0.34331
33.945 	-0.34331
34.0152 	-0.34331
34.0853 	-0.34331
34.1554 	-0.432072
34.2256 	-0.432072
34.2957 	-0.432072
34.3659 	-0.432072
34.436 	-0.432072
34.5061 	-0.432072
34.5763 	-0.432072
34.6464 	-0.432072
34.7165 	-0.296619
34.7867 	-0.296619
34.8568 	-0.296619
34.9269 	-0.296619
34.9971 	-0.296619
35.0672 	-0.296619
35.1373 	-0.296619
35.2075 	-0.296619
35.2776 	-0.296619
35.3477 	-0.296619
35.4179 	-0.296619
35.488 	-0.296619
35.5581 	-0.296619
35.6283 	-0.296619
35.6984 	-0.296619
35.7685 	-0.296619
35.8387 	-0.296619
35.9088 	-0.296619
35.9789 	-0.296619
36.0491 	-0.343302
36.1192 	-0.343302
36.1893 	-0.343302
36.2595 	-0.343302
36.3296 	-0.343302
36.3997 	-0.343302
36.4699 	-0.343302
36.54 	-0.343302
36.6102 	-0.343302
36.6803 	-0.343302
36.7504 	-0.343302
36.8206 	-0.343302
36.8907 	-0.593692
36.9608 	-0.593692
37.031 	-0.593692
37.1011 	-0.593692
37.1712 	-0.593692
37.2414 	-0.593692
37.3115 	-0.593692
37.3816 	-0.593692
37.4518 	-0.593692
37.5219 	-0.593692
37.592 	-0.593692
37.6622 	-0.593692
37.7323 	-0.593692
37.8024 	-0.593692
37.8726 	-0.593692
37.9427 	-0.593692
38.0128 	-0.593692
38.083 	-0.593692
38.1531 	-0.593692
38.2232 	-0.647182
38.2934 	-0.647182
38.3635 	-0.647182
38.4336 	-0.647182
38.5038 	-0.647182
38.5739 	-0.647182
38.644 	-0.647182
38.7142 	-0.647182
38.7843 	-0.647182
38.8545 	-0.647182
38.9246 	-0.647182
38.9947 	-0.647182
39.0649 	-0.647182
39.135 	-0.647182
39.2051 	-0.612087
39.2753 	-0.612087
39.3454 	-0.612087
39.4155 	-0.612087
39.4857 	-0.612087
39.5558 	-0.612087
39.6259 	-0.612087
39.6961 	-0.612087
39.7662 	-0.612087
39.8363 	-0.612087
39.9065 	-0.612087
39.9766 	-0.612087
40.0467 	-0.612087
40.1169 	-0.612087
40.187 	-0.612087
40.2571 	-0.612087
40.3273 	-0.612087
40.3974 	-0.612087
40.4675 	-0.612087
40.5377 	-0.612087
40.6078 	-0.612087
40.6779 	-0.511619
40.7481 	-0.511619
40.8182 	-0.511619
40.8883 	-0.511619
40.9585 	-0.511619
41.0286 	-0.511619
41.0988 	-0.511619
41.1689 	-0.511619
41.239 	-0.381932
41.3092 	-0.381932
41.3793 	-0.381932
41.4494 	-0.381932
41.5196 	-0.381932
41.5897 	-0.381932
41.6598 	-0.381932
41.73 	-0.381932
41.8001 	-0.381932
41.8702 	-0.381932
41.9404 	-0.381932
42.0105 	-0.381932
42.0806 	-0.381932
42.1508 	-0.381932
42.2209 	-0.381932
42.291 	-0.381932
42.3612 	-0.381932
42.4313 	-0.381932
42.5014 	-0.381932
42.5716 	-0.381932
42.6417 	-0.381932
42.7118 	-0.317434
42.782 	-0.317434
42.8521 	-0.317434
42.9222 	-0.317434
42.9924 	-0.158417
43.0625 	-0.158417
43.1327 	-0.158417
43.2028 	-0.158417
43.2729 	-0.158417
43.3431 	-0.158417
43.4132 	-0.158417
43.4833 	-0.158417
43.5535 	-0.158417
43.6236 	-0.158417
43.6937 	-0.158417
43.7639 	-0.158417
43.834 	-0.158417
43.9041 	-0.158417
43.9743 	-0.158417
44.0444 	-0.158417
44.1145 	-0.158417
44.1847 	-0.158417
44.2548 	-0.158417
44.3249 	-0.158417
44.3951 	-0.158417
44.4652 	-0.158417
44.5353 	-0.158417
44.6055 	-0.158417
44.6756 	-0.158417
44.7457 	-0.158417
44.8159 	-0.0819331
44.886 	-0.0819331
44.9561 	-0.0819331
45.0263 	-0.0819331
45.0964 	-0.0819331
45.1665 	-0.0819331
45.2367 	-0.0819331
45.3068 	-0.0819331
45.377 	-0.0819331
45.4471 	-0.0819331
45.5172 	-0.0819331
45.5874 	-0.0819331
45.6575 	-0.0819331
45.7276 	-0.0819331
45.7978 	-0.0819331
45.8679 	-0.0819331
45.938 	-0.0819331
46.0082 	-0.0819331
46.0783 	-0.0819331
46.1484 	-0.0819331
46.2186 	-0.0819331
46.2887 	-0.0819331
46.3588 	-0.0819331
46.429 	-0.0819331
46.4991 	-0.0819331
46.5692 	-0.0819331
46.6394 	-0.0573111
46.7095 	-0.0573111
46.7796 	-0.0573111
46.8498 	-0.0573111
46.9199 	-0.0573111
46.99 	-0.0573111
47.0602 	-0.0573111
47.1303 	-0.0573111
47.2004 	-0.0573111
47.2706 	-0.0573111
47.3407 	-0.0573111
47.4108 	-0.0573111
47.481 	-0.050088
47.5511 	-0.050088
47.6213 	-0.050088
47.6914 	-0.050088
47.7615 	-0.050088
47.8317 	-0.050088
47.9018 	-0.050088
47.9719 	-0.050088
48.0421 	-0.050088
48.1122 	-0.050088
48.1823 	-0.050088
48.2525 	-0.050088
48.3226 	-0.050088
48.3927 	-0.050088
48.4629 	-0.050088
48.533 	-0.050088
48.6031 	-0.050088
48.6733 	-0.050088
48.7434 	-0.00685705
48.8135 	-0.00685705
48.8837 	-0.00685705
48.9538 	-0.00685705
49.0239 	-0.00685705
49.0941 	-0.00685705
49.1642 	-0.00685705
49.2343 	-0.00685705
49.3045 	-0.00685705
49.3746 	-0.00685705
49.4447 	-0.00685705
49.5149 	-0.00685705
49.585 	-0.00685705
49.6551 	-0.00685705
49.7253 	-0.00685705
49.7954 	-0.00685705
49.8656 	-0.00685705
49.9357 	-0.00685705
50.0058 	-0.00685705
50.076 	-0.00685705
50.1461 	-0.00685705
50.2162 	-0.00685705
50.2864 	-0.00685705
50.3565 	-0.00685705
50.4266 	-0.00685705
50.4968 	0.0261934
50.5669 	0.0261934
50.637 	0.0261934
50.7072 	0.0261934
50.7773 	0.0261934
50.8474 	0.0261934
50.9176 	0.0261934
50.9877 	0.0214942
51.0578 	0.0214942
51.128 	0.0249055
51.1981 	0.0249055
51.2682 	0.0249055
51.3384 	0.0249055
51.4085 	0.0249055
51.4786 	0.0249055
51.5488 	0.0249055
51.6189 	0.0249055
51.689 	0.0249055
51.7592 	0.0249055
51.8293 	0.0249055
51.8994 	0.0249055
51.9696 	0.0249055
52.0397 	0.0249055
52.1099 	0.0249055
52.18 	0.0249055
52.2501 	0.0249055
52.3203 	0.0249055
52.3904 	0.0249055
52.4605 	0.0249055
52.5307 	0.0249055
52.6008 	0.0249055
52.6709 	0.0249055
52.7411 	0.0249055
52.8112 	0.0249055
52.8813 	0.0249055
52.9515 	0.0249055
53.0216 	0.0249055
53.0917 	0.0249055
53.1619 	0.0249055
53.232 	0.0249055
53.3021 	0.0249055
53.3723 	0.0249055
53.4424 	0.0305605
53.5125 	0.0305605
53.5827 	0.0305605
53.6528 	0.0305605
53.7229 	0.0305605
53.7931 	0.0305605
53.8632 	0.0305605
53.9333 	0.0305605
54.0035 	0.0305605
54.0736 	0.0305605
54.1437 	0.0305605
54.2139 	0.0305605
54.284 	0.0305605
54.3542 	0.0312025
54.4243 	0.0312025
54.4944 	0.0312025
54.5646 	0.0312025
54.6347 	0.0312025
54.7048 	0.0312025
54.775 	0.0312025
54.8451 	0.0312025
54.9152 	0.0312025
54.9854 	0.0312025
55.0555 	0.0312025
55.1256 	0.0289555
55.1958 	0.0289555
55.2659 	0.0289555
55.336 	0.0289555
55.4062 	0.0289555
55.4763 	0.0289555
55.5464 	0.0289555
55.6166 	0.0289555
55.6867 	0.0289555
55.7568 	0.0289555
55.827 	0.0289555
55.8971 	0.0289555
55.9672 	0.0289555
56.0374 	0.0289555
56.1075 	0.0289555
56.1776 	0.0289555
56.2478 	0.0289555
56.3179 	0.0289555
56.3881 	0.0289188
56.4582 	0.0289188
56.5283 	0.0289188
56.5985 	0.0289188
56.6686 	0.0289188
56.7387 	0.0289188
56.8089 	0.0289188
56.879 	0.0289188
56.9491 	0.0263854
57.0193 	0.0263854
57.0894 	0.0263854
57.1595 	0.0263854
57.2297 	0.0263854
57.2998 	0.0263854
57.3699 	0.0263854
57.4401 	0.0263854
57.5102 	0.0263854
57.5803 	0.0263854
57.6505 	0.0263854
57.7206 	0.0263854
57.7907 	0.0263854
57.8609 	0.0263854
57.931 	0.0263854
58.0011 	0.0263854
58.0713 	0.0263854
58.1414 	0.0263854
58.2115 	0.0263854
58.2817 	0.0263854
58.3518 	0.0263854
58.4219 	0.0263854
58.4921 	0.0263854
58.5622 	0.0223109
58.6324 	0.0223109
58.7025 	0.0223109
58.7726 	0.0223109
58.8428 	0.0223109
58.9129 	0.0220721
58.983 	0.0220721
59.0532 	0.0220721
59.1233 	0.0220721
59.1934 	0.0220721
59.2636 	0.0220721
59.3337 	0.0220721
59.4038 	0.0220721
59.474 	0.0220721
59.5441 	0.0220721
59.6142 	0.0220721
59.6844 	0.0220721
59.7545 	0.0220721
59.8246 	0.0220721
59.8948 	0.0220721
59.9649 	0.0220721
60.035 	0.0220721
60.1052 	0.0220721
60.1753 	0.0220721
60.2454 	0.0220721
60.3156 	0.0220721
60.3857 	0.0220721
60.4558 	0.0220721
60.526 	0.0220721
60.5961 	0.0220721
60.6662 	0.0188367
60.7364 	0.0188367
60.8065 	0.0188367
60.8767 	0.0188367
60.9468 	0.0188367
61.0169 	0.0188367
61.0871 	0.0188367
61.1572 	0.0188367
61.2273 	0.0188367
61.2975 	0.0188367
61.3676 	0.0188367
61.4377 	0.0188367
61.5079 	0.0188367
61.578 	0.0188367
61.6481 	0.014499
61.7183 	0.014499
61.7884 	0.00975668
61.8585 	0.00975668
61.9287 	0.00975668
61.9988 	0.00975668
62.0689 	0.00975668
62.1391 	0.00975668
62.2092 	0.0107631
62.2793 	0.0107631
62.3495 	0.0107631
62.4196 	0.0107631
62.4897 	0.0107631
62.5599 	0.0107631
62.63 	0.0107631
62.7001 	0.0107631
62.7703 	0.0107631
62.8404 	0.0107631
62.9105 	0.0107631
62.9807 	0.0107631
63.0508 	0.0107631
63.121 	0.0107631
63.1911 	0.0107631
63.2612 	0.0107631
63.3314 	0.0107631
63.4015 	0.0107631
63.4716 	0.0107631
63.5418 	0.0107631
63.6119 	0.0107631
63.682 	0.0107631
63.7522 	0.0107631
63.8223 	0.0107631
63.8924 	0.0107631
63.9626 	0.0107631
64.0327 	0.0107631
64.1028 	0.0107631
64.173 	0.00916064
64.2431 	0.00916064
64.3132 	0.00916064
64.3834 	0.00916064
64.4535 	0.00916064
64.5236 	0.00916064
64.5938 	0.00916064
64.6639 	0.00916064
64.734 	0.00916064
64.8042 	0.00916064
64.8743 	0.00762843
64.9444 	0.00762843
65.0146 	0.00762843
65.0847 	0.00762843
65.1548 	0.00762843
65.225 	0.00762843
65.2951 	0.00762843
65.3653 	0.00762843
65.4354 	0.00762843
65.5055 	0.00762843
65.5757 	0.00762843
65.6458 	0.00762843
65.7159 	0.00762843
65.7861 	0.00762843
65.8562 	0.00762843
65.9263 	0.00762843
65.9965 	0.00762843
66.0666 	0.00762843
66.1367 	0.00762843
66.2069 	0.00762843
66.277 	0.00762843
66.3471 	0.00762843
66.4173 	0.00762843
66.4874 	0.00762843
66.5575 	0.00762843
66.6277 	0.00762843
66.6978 	0.00762843
66.7679 	0.00762843
66.8381 	0.00762843
66.9082 	0.00762843
66.9783 	0.00637871
67.0485 	0.00637871
67.1186 	0.00637871
67.1887 	0.00637871
67.2589 	0.00637871
67.329 	0.00637871
67.3991 	0.00269348
67.4693 	0.00269348
67.5394 	0.000807287
67.6096 	0.000807287
67.6797 	0.000807287
67.7498 	0.000807287
67.82 	0.000807287
67.8901 	0.000807287
67.9602 	0.000807287
68.0304 	0.000807287
68.1005 	0.000807287
68.1706 	0.000807287
68.2408 	0.000807287
68.3109 	0.000807287
68.381 	0.000807287
68.4512 	0.000807287
68.5213 	0.000807287
68.5914 	0.000807287
68.6616 	0.000807287
68.7317 	0.000807287
68.8018 	0.000807287
68.872 	0.000807287
68.9421 	0.000807287
69.0122 	0.000807287
